t,x,y,z,vx,vy,vz,ax,ay,az,total_mass,fuel_mass,drag_coeff,frontal_area,total_thrust,total_mfr
0.0,4509824.089863154,-45.495160285875635,4510037.079276087,0.0,0.0,0.0,-6.9303705612147875,6.99136625376774e-05,-6.93069786789634,40632.23795018184,21924.213318684157,0.19676087423338548,2.0472243320962105,2260733.6602814426,594.7464688871885
100.0,4509824.199665415,-45.290873116921595,4510037.189054068,2.1960440455407686,4.085741171601401,2.195558451941296,21.96039333313961,40.85732341722747,21.955537407655203,39127.18375051108,21864.738671795436,0.19676087423338548,2.0472243320962105,2260733.6602814426,594.7464688871885
200.0,4509824.5292914,-44.67770194164067,4510037.51860718,4.396472098057854,8.17767568784364,4.395500224605803,22.004162243835562,40.919123603577304,21.9992994716802,39067.70910362236,21805.264024906715,0.19676087423338548,2.0472243320962105,2260733.6602814426,594.7464688871885
300.0,4509825.079179465,-43.65502781523806,4510038.068373709,6.601283257366855,12.27579572201499,6.599824418895486,22.04792156703506,40.98084452787806,22.043051959188272,39008.23445673364,21745.789378017995,0.19676087423338548,2.0472243320962105,2260733.6602814426,594.7464688871885
400.0,4509825.849767872,-42.2222325832186,4510038.83879185,8.810476546210804,16.380093295665837,8.808530058657995,22.09167054487382,41.04248469777874,22.08679411249461,38948.75980984492,21686.314731129278,0.19676087423338548,2.0472243320962105,2260733.6602814426,594.7464688871885
500.0,4509826.841494784,-40.37869889631035,4510039.830299696,11.024050912915795,20.49056028362996,11.021616093341686,22.135408446322632,41.10404267163229,22.13052520074341,38889.28516295621,21626.840084240557,0.19676087423338548,2.0472243320962105,2260733.6602814426,594.7464688871885
600.0,4509828.054798252,-38.12381022488067,4510041.043335232,13.242005234106767,24.607188419151456,13.239081400710798,22.17913456778683,41.16551705954749,22.174244520507244,38829.81051606748,21567.365437351837,0.19676087423338548,2.0472243320962105,2260733.6602814426,594.7464688871885
700.0,4509829.490116213,-35.45695087283445,4510042.478336326,15.464338317483131,28.729969299116547,15.460924789620453,22.2228482337025,41.22690652443302,22.21795139638315,38770.335869178765,21507.89079046312,0.19676087423338548,2.0472243320962105,2260733.6602814426,594.7464688871885
800.0,4509831.147886483,-32.37750599098385,4510044.135740723,17.691048904653925,32.85889438938957,17.687145002851175,22.26654879712931,41.28820978303377,22.26164518158534,38710.86122229004,21448.4161435744,0.19676087423338548,2.0472243320962105,2260733.6602814426,594.7464688871885
900.0,4509833.028546745,-28.88486158987934,4510046.015986042,19.92213567403212,36.99395503025222,19.917740720002552,22.310235640339574,41.34942560695839,22.30532525853412,38651.386575401324,21388.94149668568,0.19676087423338548,2.0472243320962105,2260733.6602814426,594.7464688871885
1000.0,4509835.13253455,-24.978404552091654,4510048.119509765,22.157597243787706,41.1351424419453,22.152710560445655,22.35390817540333,41.41055282369799,22.34899103944089,38591.9119285126,21329.466849796958,0.19676087423338548,2.0472243320962105,2260733.6602814426,594.7464688871885
1100.0,4509837.4602873055,-20.657522643934485,4510050.446749233,24.397432174859127,45.282447730311844,24.392053086333817,22.397565844769126,41.471590317635126,22.39264196688876,38532.43728162388,21269.992202908237,0.19676087423338548,2.0472243320962105,2260733.6602814426,594.7464688871885
1200.0,4509840.012242275,-15.921604526617823,4510052.99814164,26.641638974022655,49.435861892540906,26.63576680567131,22.441208121840305,41.53253703104298,22.43627751440878,38472.962634735166,21210.51755601952,0.19676087423338548,2.0472243320962105,2260733.6602814426,594.7464688871885
1300.0,4509842.7888365695,-10.77003976682196,4510055.774124029,28.89021609701921,53.595375823010755,28.88385017543946,22.484834511546413,41.593391965073785,22.47989718705119,38413.48798784645,21151.0429091308,0.19676087423338548,2.0472243320962105,2260733.6602814426,594.7464688871885
1400.0,4509845.7905071415,-5.2022188466821975,4510058.7751332875,31.143161951738115,57.76098031923052,31.13630160477972,22.528444550909587,41.65415418073648,22.52350052195168,38354.013340957725,21091.56826224208,0.19676087423338548,2.0472243320962105,2260733.6602814426,594.7464688871885
1500.0,4509849.017690783,0.7824668268254396,4510062.001606139,33.40047490145733,61.93266608787911,33.39311945823317,22.572037809605497,41.71482279986262,22.56708708889226,38294.53869406901,21032.093615353362,0.19676087423338548,2.0472243320962105,2260733.6602814426,594.7464688871885
1600.0,4509852.470824121,7.184624913107233,4510065.453979144,35.66215326813951,66.1104237509403,35.654302059035864,22.61561389051873,41.77539700606055,22.61065649085653,38235.06404718028,20972.61896846464,0.19676087423338548,2.0472243320962105,2260733.6602814426,594.7464688871885
1700.0,4509856.150343611,14.00486212979305,4510069.132688691,37.92819533578345,70.29424385193266,37.91984769246948,22.659172430292262,41.8358760456569,22.654208364579006,38175.58940029157,20913.14432157592,0.19676087423338548,2.0472243320962105,2260733.6602814426,594.7464688871885
1800.0,4509860.056685536,21.243784245205326,4510073.038170997,40.19859935383015,74.48411686223317,40.18975460926673,22.70271309987075,41.89625922862531,22.697742381088315,38116.11475340284,20853.6696746872,0.19676087423338548,2.0472243320962105,2260733.6602814426,594.7464688871885
1900.0,4509864.190286004,28.901996071465007,4510077.170862102,42.473363540623026,78.68003318749305,42.464021029070715,22.746235605037338,41.956545929501566,22.74125824624393,38056.640106514125,20794.19502779848,0.19676087423338548,2.0472243320962105,2260733.6602814426,594.7464688871885
2000.0,4509868.551580941,36.98010145824367,4510081.5311978655,44.75248608692152,82.88198317414471,44.742645143947804,22.789739686943896,42.01673558828497,22.784755701266285,37997.16545962541,20734.720380909763,0.19676087423338548,2.0472243320962105,2260733.6602814426,594.7464688871885
2100.0,4509873.141006093,45.47870328717079,4510086.119613967,47.035965159467416,87.08995711599798,47.02562512195317,22.833225122634186,42.076827711325336,22.828234523259784,37937.69081273669,20675.245734021042,0.19676087423338548,2.0472243320962105,2260733.6602814426,594.7464688871885
2200.0,4509877.958997018,54.39840346690511,4510090.9365459,49.32379890460321,91.30394526092466,49.31295911074837,22.876691725559837,42.13682187219504,22.871694525728778,37878.21616584797,20615.77108713232,0.19676087423338548,2.0472243320962105,2260733.6602814426,594.7464688871885
2300.0,4509883.0059890915,63.739802928878746,4510095.982428974,51.615985451941796,95.52393781762952,51.60464524127021,22.920139346088884,42.19671771254596,22.915135559085897,37818.74151895925,20556.296440243605,0.19676087423338548,2.0472243320962105,2260733.6602814426,594.7464688871885
2400.0,4509888.2824175,73.50350162372267,4510101.257698307,53.912522918086644,99.74992496250621,53.900681631450105,22.96356787200648,42.25651494295054,22.958557511152765,37759.266872070526,20496.821793354884,0.19676087423338548,2.0472243320962105,2260733.6602814426,594.7464688871885
2500.0,4509893.788717242,83.690098518382,4510106.762788833,56.21340941040173,103.98189684657686,56.20106638998322,23.00697722900777,42.316213343726766,23.001960307652684,37699.79222518181,20437.347146466163,0.19676087423338548,2.0472243320962105,2260733.6602814426,594.7464688871885
2600.0,4509899.525323125,94.30019159392934,4510112.498135294,58.518643030830425,108.21984360251318,58.505797620146495,23.05036738118236,42.37581276574647,23.045343912695078,37640.317578293085,20377.872499577443,0.19676087423338548,2.0472243320962105,2260733.6602814426,594.7464688871885
2700.0,4509905.492669767,105.33437784408423,4510118.464172241,60.828221879762474,112.46375535173783,60.8148734236648,23.093738331490428,42.43531313122663,23.088708329251492,37580.84293140437,20318.397852688722,0.19676087423338548,2.0472243320962105,2260733.6602814426,594.7464688871885
2800.0,4509911.691191596,116.79325327444668,4510124.661334039,63.1421440599482,116.71362221160408,63.12829190462426,23.137090122230042,42.49471443450307,23.132053599622797,37521.36828451565,20258.923205800005,0.19676087423338548,2.0472243320962105,2260733.6602814426,594.7464688871885
2900.0,4509918.121322852,128.67741290245257,4510131.09005486,65.46040768045907,120.9694343026521,65.44605117343202,23.18042283549559,42.55401674278655,23.175379805897588,37461.893637626934,20199.448558911285,0.19676087423338548,2.0472243320962105,2260733.6602814426,594.7464688871885
3000.0,4509924.783497583,140.98745075805834,4510137.75076869,67.78301086069372,125.23118175594006,67.76814935082135,23.223736593626906,42.613220196900116,23.218687070401128,37402.41899073821,20139.973912022564,0.19676087423338548,2.0472243320962105,2260733.6602814426,594.7464688871885
3100.0,4509931.6781496545,153.72395988516251,4510144.643909327,70.10995173442848,129.49885472044807,70.09458457190127,23.26703155964898,42.672325011998105,23.261975556135102,37342.94434384949,20080.499265133847,0.19676087423338548,2.0472243320962105,2260733.6602814426,594.7464688871885
3200.0,4509938.805712743,166.88753234377114,4510151.769910382,72.44122845391145,133.77244337055328,72.42535499024983,23.310307937702166,42.73133147826597,23.305245467207637,37283.46969696077,20021.024618245126,0.19676087423338548,2.0472243320962105,2260733.6602814426,594.7464688871885
3300.0,4509946.16662034,180.47875921291435,4510159.129205286,74.7768391939992,138.05193791357405,74.76045878204984,23.353565973462203,42.79023996160037,23.3484970492533,37223.99505007205,19961.549971356406,0.19676087423338548,2.0472243320962105,2260733.6602814426,594.7464688871885
3400.0,4509953.761305761,194.49823059432052,4510166.722227284,77.11678215633495,142.33732859738126,77.0998941502662,23.39680595455046,42.84905090426978,23.39173058984326,37164.52040318333,19902.075324467685,0.19676087423338548,2.0472243320962105,2260733.6602814426,594.7464688871885
3500.0,4509961.590202137,208.94653561685496,4510174.549409446,79.46105557356746,146.6286057180747,79.44365932886383,23.44002821093357,42.90776482555446,23.434946418884838,37105.04575629461,19842.600677578965,0.19676087423338548,2.0472243320962105,2260733.6602814426,594.7464688871885
3600.0,4509969.653742428,223.82426244172936,4510182.611184668,81.80965771360934,150.92575962772275,81.79175258706509,23.483233115312768,42.9663823223662,23.478144909010762,37045.57110940589,19783.126030690248,0.19676087423338548,2.0472243320962105,2260733.6602814426,594.7464688871885
3700.0,4509977.952359422,239.13199826848836,4510190.907985672,84.16258688393377,155.22878074216283,84.14417223364562,23.526421083502374,43.02490406984692,23.52132647595761,36986.09646251718,19723.651383801527,0.19676087423338548,2.0472243320962105,2260733.6602814426,594.7464688871885
3800.0,4509986.48648574,254.87032934177904,4510199.440245016,86.51984143590872,159.5376595488609,86.50091662126756,23.56959257479725,43.08333082194583,23.564491578933207,36926.62181562845,19664.176736912807,0.19676087423338548,2.0472243320962105,2260733.6602814426,594.7464688871885
3900.0,4509995.256553839,271.03984095890917,4510208.208395092,88.88141976916732,163.85238661482774,88.86198415084903,23.612748092329326,43.1416634119753,23.607640720973038,36867.147168739735,19604.70209002409,0.19676087423338548,2.0472243320962105,2260733.6602814426,594.7464688871885
4000.0,4510004.262996021,287.6411174782001,4510217.212868138,91.24732033601346,168.17295259458976,91.22737327596874,23.65588818341276,43.1999027531448,23.650774449285393,36807.67252185101,19545.22744313537,0.19676087423338548,2.0472243320962105,2260733.6602814426,594.7464688871885
4100.0,4510013.506244433,304.67474232813896,4510226.454096239,93.6175416458613,172.4993482382122,93.59708250730465,23.699013439877355,43.258049839072086,23.693893355584713,36748.197874962294,19485.75279624665,0.19676087423338548,2.0472243320962105,2260733.6602814426,594.7464688871885
4200.0,4510022.986731079,322.1412980173361,4510235.932511334,95.9920822697077,176.8315643993724,95.97111041710532,23.74212449839071,43.31610574427263,23.736998076413684,36688.72322807357,19426.278149357928,0.19676087423338548,2.0472243320962105,2260733.6602814426,594.7464688871885
4300.0,4510032.704887822,340.04136614529205,4510245.648545223,98.37094084463628,181.16959204348112,98.34945564369312,23.78522204076802,43.37407162462551,23.780089293452978,36629.24858118485,19366.803502469207,0.19676087423338548,2.0472243320962105,2260733.6602814426,594.7464688871885
4400.0,4510042.661146392,358.37552741397894,4510255.602629572,100.75411607835196,185.51342225584918,100.73211689599773,23.828306794270365,43.43194871781671,23.82316773381951,36569.773934296136,19307.32885558049,0.19676087423338548,2.0472243320962105,2260733.6602814426,594.7464688871885
4500.0,4510052.855938394,377.1443616402408,4510265.795195923,103.14160675374471,189.86304624989756,103.119092958119,23.871379531890433,43.48973834375894,23.8662341703521,36510.29928740742,19247.85420869177,0.19676087423338548,2.0472243320962105,2260733.6602814426,594.7464688871885
4600.0,4510063.289695313,396.34844776901696,4510276.2266757,105.53341173348143,194.21845537540833,105.51038269391775,23.914441072626023,43.54744190498757,23.90928942188492,36450.824640518695,19188.37956180305,0.19676087423338548,2.0472243320962105,2260733.6602814426,594.7464688871885
4700.0,4510073.962848529,415.9883638873925,4510286.897500218,107.92952996462454,198.579641126814,107.90598505163346,23.957492281741203,43.60506088703334,23.952334353508643,36391.34999362998,19128.904914914332,0.19676087423338548,2.0472243320962105,2260733.6602814426,594.7464688871885
4800.0,4510084.875829319,436.06468723947927,4510297.808100689,110.32996048327611,202.9465951515232,110.30589906852744,24.00053407101454,43.66259685877022,23.995369876818607,36331.87534674125,19069.43026802561,0.19676087423338548,2.0472243320962105,2260733.6602814426,594.7464688871885
4900.0,4510096.029068865,456.5779942421315,4510308.958908237,112.73470241924632,207.31930925827996,112.71012387555022,24.04356739897495,43.720051472739904,24.038396950150645,36272.40069985254,19009.95562113689,0.19676087423338548,2.0472243320962105,2260733.6602814426,594.7464688871885
5000.0,4510107.422998272,477.5288605014987,4510320.3503539,115.1437550007448,211.69777542555417,115.11865870203198,24.086593271124322,43.77742646545101,24.081416578803665,36212.92605296381,18950.48097424817,0.19676087423338548,2.0472243320962105,2260733.6602814426,594.7464688871885
5100.0,4510119.05804857,498.917860830419,4510331.982868648,117.5571175590938,216.0819858099611,117.53150288039465,24.129612740147337,43.83472365765418,24.124429815249457,36153.451406075095,18891.00632735945,0.19676087423338548,2.0472243320962105,2260733.6602814426,594.7464688871885
5200.0,4510130.934650728,520.7455692666562,4510343.856883387,119.97478953346155,220.47193275470713,119.94865585088436,24.172626906108142,43.891944954592205,24.167437759329303,36093.97675918638,18831.531680470733,0.19676087423338548,2.0472243320962105,2260733.6602814426,594.7464688871885
5300.0,4510143.053235664,543.012559091982,4510355.972828973,122.39677047561487,224.86760879805922,122.37011716632301,24.215636916633628,43.94909234622495,24.21044155843728,36034.50211229766,18772.057033582012,0.19676087423338548,2.0472243320962105,2260733.6602814426,594.7464688871885
5400.0,4510155.414234259,565.719402852107,4510368.331136224,124.8230600546894,229.269006681836,124.79588649687749,24.25864396708374,44.00616790742974,24.25344240769052,35975.02746540894,18712.58238669329,0.19676087423338548,2.0472243320962105,2260733.6602814426,594.7464688871885
5500.0,4510168.018077365,588.8666723774609,4510380.932235929,127.25365806197627,233.67611935991744,127.22596363484534,24.30164930070788,44.06317379817567,24.296441550085596,35915.55281852022,18653.107739804575,0.19676087423338548,2.0472243320962105,2260733.6602814426,594.7464688871885
5600.0,4510180.865195821,612.4549388048252,4510393.776558866,129.68856441572376,238.08894000677094,129.66034849945552,24.34465420878832,44.12011226367338,24.339440276641923,35856.078171631496,18593.633092915854,0.19676087423338548,2.0472243320962105,2260733.6602814426,594.7464688871885
5700.0,4510193.956020462,636.484772599819,4510406.864535809,132.12777916595283,242.50746202599126,132.0990411416827,24.387660030769663,44.17698563449889,24.38243992653121,35796.60352474278,18534.158446027133,0.19676087423338548,2.0472243320962105,2260733.6602814426,594.7464688871885
5800.0,4510207.290982137,660.9567435802394,4510420.196597544,134.5713024992847,246.9316790588514,134.54204174907414,24.43066815437478,44.23379632669185,24.42544188719339,35737.128877854055,18474.683799138413,0.19676087423338548,2.0472243320962105,2260733.6602814426,594.7464688871885
5900.0,4510220.870511721,685.8714209402572,4510433.773174883,137.0191347437797,251.36158499286233,136.98935065058723,24.473680015707085,44.290546841828494,24.46844759443889,35677.65423096534,18415.209152249692,0.19676087423338548,2.0472243320962105,2260733.6602814426,594.7464688871885
6000.0,4510234.695040125,711.2293732754691,4510447.594698679,139.47127637378537,255.79717397033883,139.44096832143686,24.51669709933892,44.34723976706849,24.511458532536995,35618.17958407662,18355.734505360975,0.19676087423338548,2.0472243320962105,2260733.6602814426,594.7464688871885
6100.0,4510248.764998321,737.0311686088073,4510461.661599839,141.92772801479325,260.2384403969686,141.89689538795093,24.559720938386366,44.40387777517656,24.554476234290693,35558.7049371879,18296.259858472255,0.19676087423338548,2.0472243320962105,2260733.6602814426,594.7464688871885
6200.0,4510263.080817347,763.2773744173045,4510475.974309341,144.38849044830192,264.6853789503825,144.35713263243267,24.602753114569836,44.46046362451781,24.59750228109725,35499.23029029918,18236.785211583534,0.19676087423338548,2.0472243320962105,2260733.6602814426,594.7464688871885
6300.0,4510277.642928329,789.9685576597175,4510490.533258249,146.853564616686,269.1379845887232,146.8216809980283,24.645795258261234,44.5170001590278,24.640538302995356,35439.75564341046,18177.310564694817,0.19676087423338548,2.0472243320962105,2260733.6602814426,594.7464688871885
6400.0,4510292.451762495,817.1052848050066,4510505.33887773,149.32062502400007,273.59198965020994,149.28821549451183,24.549271231670705,44.31774953144977,24.544038456738324,35380.28099652174,18117.835917806096,0.19676087423338548,2.0472243320962105,2260733.6602814426,594.7464688871885
6500.0,4510307.506805899,844.6863899630059,4510520.390653982,151.77993656118693,278.02955352674496,151.7470031263031,24.58388627364546,44.35877677247513,24.578649215913376,35320.80634963302,18058.361270917376,0.19676087423338548,2.0472243320962105,2260733.6602814426,594.7464688871885
6600.0,4510322.807953461,872.7114561637015,4510535.68848198,154.24270008537437,282.47119590955,154.20924231985853,24.618162659182982,44.399123481865054,24.61292140081382,35261.3317027443,17998.886624028655,0.19676087423338548,2.0472243320962105,2260733.6602814426,594.7464688871885
6700.0,4510338.355548677,901.1808878365639,4510551.232705179,156.708881442542,286.91684821624466,156.67489892943675,24.652094722345808,44.43877961544924,24.646849346683307,35201.85705585558,17939.411977139935,0.19676087423338548,2.0472243320962105,2260733.6602814426,594.7464688871885
6800.0,4510354.149931599,930.0950825029295,4510567.023663588,159.17844591771401,291.36644087079253,159.14393824845774,24.685676920870772,44.47773536541944,24.68042751241158,35142.38240896686,17879.937330251218,0.19676087423338548,2.0472243320962105,2260733.6602814426,594.7464688871885
6900.0,4510370.191438781,959.4544306778353,4510583.0616937205,161.65135824762896,295.8199033276776,161.61632502216978,24.718903842054537,44.515981170836426,24.71365048641869,35082.90776207814,17820.462683362497,0.19676087423338548,2.0472243320962105,2260733.6602814426,594.7464688871885
7000.0,4510386.480403221,989.2593157743238,4510599.3471285375,164.12758263399462,300.27716409712497,164.09202346090132,24.75177020856048,44.55350772797724,24.74651299246068,35023.43311518942,17760.988036473776,0.19676087423338548,2.0472243320962105,2260733.6602814426,594.7464688871885
7100.0,4510403.017154315,1019.510114010321,4510615.880297394,166.60708275732006,304.7381507713487,166.5709972538899,24.784270884143,44.59030600051571,24.77900989535276,34963.958468300705,17701.51338958506,0.19676087423338548,2.0472243320962105,2260733.6602814426,594.7464688871885
7200.0,4510419.802017798,1050.2071943181902,4510632.661525987,169.08982179131647,309.20279005181044,169.05320958367975,24.81640087928496,44.62636722952856,24.811136206605486,34904.48382141198,17642.03874269634,0.19676087423338548,2.0472243320962105,2260733.6602814426,594.7464688871885
7300.0,4510436.835315699,1081.3509182570617,4510649.69113631,171.5757624178577,313.6710077774701,171.53862314107886,24.84815535674665,44.661682943324564,24.84288708997262,34845.009174523264,17582.56409580762,0.19676087423338548,2.0472243320962105,2260733.6602814426,594.7464688871885
7400.0,4510454.117366292,1112.941639928036,4510666.9694465995,174.06486684249185,318.14272895401217,174.02720014066722,24.879529637022515,44.69624496708986,24.87425786690668,34785.53452763454,17523.089448918898,0.19676087423338548,2.0472243320962105,2260733.6602814426,594.7464688871885
7500.0,4510471.648484047,1144.9797058923573,4510684.496771292,176.5570968104942,322.61787778402737,176.51890233684603,24.91051920370138,44.73004543234223,24.90524402191812,34726.05988074582,17463.614802030177,0.19676087423338548,2.0472243320962105,2260733.6602814426,594.7464688871885
7600.0,4510489.428979588,1177.4654550926537,4510702.273420976,179.05241362345166,327.09637769813133,179.01369104041862,24.941119708727125,44.763076786188755,24.93584120783487,34666.585233857106,17404.14015514146,0.19676087423338548,2.0472243320962105,2260733.6602814426,594.7464688871885
7700.0,4510507.459159645,1210.3992187773333,4510720.299702349,181.55077815636898,331.57815138699976,181.51152713569266,24.9713269775565,44.79533180038133,24.966045250959084,34607.11058696838,17344.66550825274,0.19676087423338548,2.0472243320962105,2260733.6602814426,594.7464688871885
7800.0,4510525.739327018,1243.7813204282304,4510738.575918178,184.0521508752858,336.06312083429975,184.01237109809338,25.001137014210833,44.82680358016405,24.99585215611783,34547.635940079665,17285.19086136402,0.19676087423338548,2.0472243320962105,2260733.6602814426,594.7464688871885
7900.0,4510544.269780532,1277.612075691588,4510757.102367257,186.55649185539392,340.55120735049616,186.51618301227683,25.03054600621739,44.857485572905496,25.02525811160345,34488.16129319095,17225.716214475302,0.19676087423338548,2.0472243320962105,2260733.6602814426,594.7464688871885
8000.0,4510563.050815001,1311.8917923124636,4510775.879344368,189.06376079964366,345.0423316075111,189.02292259073212,25.059550329436025,44.88737157650794,25.054259493999204,34428.68664630222,17166.24156758658,0.19676087423338548,2.0472243320962105,2260733.6602814426,594.7464688871885
8100.0,4510582.082721191,1346.6207700726436,4510794.90714025,191.5739170578276,349.5364136742139,191.53254919286084,25.088146552770187,44.916455747592,25.082852872889312,34369.21199941351,17106.76692069786,0.19676087423338548,2.0472243320962105,2260733.6602814426,594.7464688871885
8200.0,4510601.365785789,1381.7993007321463,4510814.186041559,194.08691964612973,354.03337305271907,194.04502184452207,25.11633144275495,44.944732609444216,25.111035015446067,34309.73735252478,17047.29227380914,0.19676087423338548,2.0472243320962105,2260733.6602814426,594.7464688871885
8300.0,4510620.900291363,1417.4276679743946,4510833.716330837,196.602727267128,358.53312871546734,196.56029925803037,25.14410196802133,44.972197059725964,25.138802890893285,34250.262705636065,16987.81762692042,0.19676087423338548,2.0472243320962105,2260733.6602814426,594.7464688871885
8400.0,4510640.686516339,1453.506147355135,4510853.498286485,199.1212983302371,363.03559914306703,199.0783398525942,25.17145530363193,44.998844377935285,25.166153674840977,34190.78805874735,16928.342980031703,0.19676087423338548,2.0472243320962105,2260733.6602814426,594.7464688871885
8500.0,4510660.724734971,1490.0350062551774,4510873.532182728,201.6425909725791,367.54070236286924,201.59910177518185,25.198388835284582,45.024670232616096,25.19308475348829,34131.313411858624,16868.868333142982,0.19676087423338548,2.0472243320962105,2260733.6602814426,594.7464688871885
8600.0,4510681.015217314,1527.0145038370288,4510893.818289597,204.16656308026776,372.04835598825224,204.12254292180126,25.22490016337956,45.04967068830673,25.219593727689784,34071.83876496991,16809.39368625426,0.19676087423338548,2.0472243320962105,2260733.6602814426,594.7464688871885
8700.0,4510701.558229196,1564.4448910054887,4510914.3568728985,206.69317231009364,376.55847725858837,206.64862095918014,25.250987106948656,45.07384221222534,25.245678416883806,34012.36411808119,16749.919039365544,0.19676087423338548,2.0472243320962105,2260733.6602814426,594.7464688871885
8800.0,4510722.354032205,1602.326410372275,4510935.148194197,209.222376111595,381.07098307986655,209.17729334683224,25.2766477074402,45.09718168068167,25.271336862876733,33952.889471192466,16690.444392476824,0.19676087423338548,2.0472243320962105,2260733.6602814426,594.7464688871885
8900.0,4510743.402883664,1640.659296224744,4510956.192510791,211.7541317495007,385.5857900659433,211.7085173594954,25.301880232359174,45.119686385214294,25.296567333482386,33893.41482430375,16630.969745588103,0.19676087423338548,2.0472243320962105,2260733.6602814426,594.7464688871885
9000.0,4510764.70503661,1679.4437744987647,4510977.490075702,214.28839632652998,390.102814580394,214.24225010992623,25.32668317875551,45.1413540384407,25.32136832600964,33833.940177415025,16571.495098699383,0.19676087423338548,2.0472243320962105,2260733.6602814426,594.7464688871885
9100.0,4510786.260739788,1718.6800627558086,4510999.041137652,216.82512680653406,394.6219727789357,216.77844857203675,25.351055276561933,45.16218277962357,25.34573857059961,33774.46553052631,16512.020451810662,0.19676087423338548,2.0472243320962105,2260733.6602814426,594.7464688871885
9200.0,4510808.070237631,1758.3683701643076,4511020.845941055,219.364280037964,399.14318065239235,219.31706960435713,25.374995491773255,45.18217117993887,25.36967703340438,33714.99088363759,16452.545804921945,0.19676087423338548,2.0472243320962105,2260733.6602814426,594.7464688871885
9300.0,4510830.133770252,1798.5088974853354,4511042.904726007,221.90581277764912,403.6663540701732,221.85806997380902,25.39850302946757,45.201318247446764,25.393182919607543,33655.51623674887,16393.071158033224,0.19676087423338548,2.0472243320962105,2260733.6602814426,594.7464688871885
9400.0,4510852.451573436,1839.1018370626607,4511065.217728279,224.44968171486983,408.19140882423346,224.4014063797731,25.42157733666486,45.21962343175811,25.416255676282383,33596.04158986015,16333.596511144504,0.19676087423338548,2.0472243320962105,2260733.6602814426,594.7464688871885
9500.0,4510875.023878636,1880.1473728172193,4511087.785179305,226.99584349570856,412.718260673487,226.94703547843486,25.444218105018997,45.23708662838925,25.43889499508327,33536.56694297143,16274.121864255785,0.19676087423338548,2.0472243320962105,2260733.6602814426,594.7464688871885
9600.0,4510897.850912968,1921.645680246049,4511110.607306187,229.5442547476618,417.24682538863965,229.4949139073912,25.466425273344296,45.253708182807905,25.461100814771793,33477.09229608271,16214.647217367066,0.19676087423338548,2.0472243320962105,2260733.6602814426,594.7464688871885
9700.0,4510920.932899209,1963.596926425728,4511133.68433169,232.0948721044968,421.7770187974118,232.04499831050194,25.488199029967817,45.269488894154826,25.482873323568644,33417.61764919399,16155.172570478346,0.19676087423338548,2.0472243320962105,2260733.6602814426,594.7464688871885
9800.0,4510944.270055803,2006.0012700203517,4511157.016474244,234.64765223133526,426.308756830118,234.5972453629679,25.509539814910738,45.28443001864739,25.504212961334595,33358.14300230527,16095.697923589625,0.19676087423338548,2.0472243320962105,2260733.6602814426,594.7464688871885
9900.0,4510967.862596862,2048.858861294087,4511180.6039479505,237.2025518499466,430.84195556557086,237.151611796619,25.530448321894692,45.2985332726584,25.525120421576496,33298.66835541655,16036.223276700906,0.19676087423338548,2.0472243320962105,2260733.6602814426,594.7464688871885
10000.0,4510991.710732175,2092.16984212833,4511204.446962587,239.75952776423355,435.3765312772774,239.70805442539424,25.5509255001668,45.31180083545924,25.545596653271947,33239.19370852783,15976.748629812188,0.19676087423338548,2.0472243320962105,2260733.6602814426,594.7464688871885
10100.0,4511015.814667216,2135.934346043495,4511228.545723617,242.31853688589163,439.91240047989356,242.26653017099568,25.57097255614882,45.324235351637675,25.565642862518246,33179.71906163911,15917.273982923467,0.19676087423338548,2.0472243320962105,2260733.6602814426,594.7464688871885
10200.0,4511040.174603155,2180.1524982254655,4511252.900432205,244.87953626022468,444.44947997590424,244.8269960886985,25.590590954902385,45.33583993317637,25.585260513997376,33120.24441475039,15857.799336034746,0.19676087423338548,2.0472243320962105,2260733.6602814426,594.7464688871885
10300.0,4511064.790736877,2224.824415556717,4511277.511285227,247.44248309209814,448.9876869024951,247.3894093932988,25.609782421411687,45.34661816119482,25.60445133225846,33060.769767861675,15798.324689146028,0.19676087423338548,2.0472243320962105,2260733.6602814426,594.7464688871885
10400.0,4511089.663260995,2269.9502066521404,4511302.378475289,250.0073347720118,453.52693877858184,249.95372748518065,25.628548941680343,45.356574087349834,25.623217302814506,33001.29512097295,15738.850042257309,0.19676087423338548,2.0472243320962105,2260733.6602814426,594.7464688871885
10500.0,4511114.792363873,2315.5299718995702,4511327.502190748,252.5740489022731,458.06715355196303,252.51990797648398,25.64689276364418,45.365712234897806,25.641560673055107,32941.820474084234,15679.375395368588,0.19676087423338548,2.0472243320962105,2260733.6602814426,594.7464688871885
10600.0,4511140.178229644,2361.5638035050374,4511352.882615736,255.14258332325272,462.6082496465627,255.08790871735454,25.664816397894025,45.37403759940892,25.659483952969133,32882.34582719551,15619.900748479868,0.19676087423338548,2.0472243320962105,2260733.6602814426,594.7464688871885
10700.0,4511165.821038241,2408.0517855427456,4511378.519930179,257.7128961397035,467.1501460097273,257.6576878222571,25.68232261821376,45.38155564914303,25.676989915682736,32822.87118030679,15560.426101591149,0.19676087423338548,2.0472243320962105,2260733.6602814426,594.7464688871885
10800.0,4511191.72096542,2454.9939940097806,4511404.414309832,260.2849457471236,471.69276215954363,260.22920369633334,25.69941446192721,45.388272325076564,25.694081597806285,32763.396533418076,15500.95145470243,0.19676087423338548,2.0472243320962105,2260733.6602814426,594.7464688871885
10900.0,4511217.878182793,2502.3904968855504,4511430.565926306,262.85869085814545,476.23601823214267,262.802415061785,25.716095230056197,45.394194040585006,25.710762299592485,32703.92188652935,15441.47680781371,0.19676087423338548,2.0472243320962105,2260733.6602814426,594.7464688871885
11000.0,4511244.29285786,2550.2413541959536,4511456.974947099,265.43409052893145,480.77983502895444,265.3772809842639,25.73236848729077,45.39932768078324,25.72703558490664,32644.447239640635,15382.002160924989,0.19676087423338548,2.0472243320962105,2260733.6602814426,594.7464688871885
11100.0,4511270.965154045,2598.54661808227,4511483.641535634,268.01110418555686,485.3241340638804,267.95376089924963,25.748238061769147,45.40368060152017,25.742905281006813,32584.972592751918,15322.52751403627,0.19676087423338548,2.0472243320962105,2260733.6602814426,594.7464688871885
11200.0,4511297.895230734,2647.3063328747617,4511510.5658513,270.58969165036206,489.8688376103484,270.53181463839593,25.76370804466753,45.40726062802821,25.758375478133733,32525.497945863193,15263.052867147551,0.19676087423338548,2.0472243320962105,2260733.6602814426,594.7464688871885
11300.0,4511325.083243316,2696.5205351709737,4511537.748049488,273.1698131682541,494.4138687482154,273.111402455827,25.778782789603802,45.41007605323566,25.773450528914765,32466.023298974476,15203.57822025883,0.19676087423338548,2.0472243320962105,2260733.6602814426,594.7464688871885
11400.0,4511352.529343227,2746.1892539187147,4511565.188281637,275.7514294329398,498.9591514104853,275.6924850543647,25.793466911850057,45.41213563573322,25.788135047576674,32406.548652085752,15144.10357337011,0.19676087423338548,2.0472243320962105,2260733.6602814426,594.7464688871885
11500.0,4511380.233677996,2796.3125105036993,4511592.886695279,278.33450161307036,503.50461042980606,278.2750236116682,25.80776528736152,45.41344859740921,25.80243390897484,32347.074005197035,15084.628926481391,0.19676087423338548,2.0472243320962105,2260733.6602814426,594.7464688871885
11600.0,4511408.196391295,2846.8903188418285,4511620.84343409,280.91899137828034,508.05017158471435,280.8589798062671,25.821683051616432,45.41402462074379,25.816352247433507,32287.59935830832,15025.154279592673,0.19676087423338548,2.0472243320962105,2260733.6602814426,594.7464688871885
11700.0,4511436.417622985,2897.922685476079,4511649.058637939,283.5048609251009,512.5957616455926,283.44431584346944,25.835225598272917,45.41387384577407,25.82989545540295,32228.124711419594,14965.679632703952,0.19676087423338548,2.0472243320962105,2260733.6602814426,594.7464688871885
11800.0,4511464.897509178,2949.409609677973,4511677.532442944,286.09207300273016,517.1413084203066,286.0309944811268,25.84839857764286,45.41300686673054,25.84306918193386,32168.650064530877,14906.204985815231,0.19676087423338548,2.0472243320962105,2260733.6602814426,594.7464688871885
11900.0,4511493.636182289,3001.351083553596,4511706.264981526,288.68059093864167,521.6867407994908,288.6189790552372,25.86120789498419,45.41143472834784,25.855879330970026,32109.17541764216,14846.730338926513,0.19676087423338548,2.0472243320962105,2260733.6602814426,594.7464688871885
12000.0,4511522.633771094,3053.7470921541208,4511735.256382471,291.2703786640135,526.2319888014481,291.2082335053691,25.87365970861346,45.409168921853905,25.86833205946138,32049.700770753436,14787.255692037794,0.19676087423338548,2.0472243320962105,2260733.6602814426,594.7464688871885
12100.0,4511551.890400795,3106.5976135908045,4511764.506770989,293.86140073895945,530.7769836166331,293.7987223998873,25.885760427844126,45.40622138064804,25.880433775302897,31990.22612386472,14727.781045149073,0.19676087423338548,2.0472243320962105,2260733.6602814426,594.7464688871885
12200.0,4511581.406193082,3159.90261915441,4511794.0162687795,296.4536223775456,535.3216576516876,296.3904109609644,25.897516710745606,45.40260447565899,25.89219113509408,31930.751476975995,14668.306398260353,0.19676087423338548,2.0472243320962105,2260733.6602814426,594.7464688871885
12300.0,4511611.181266201,3213.662073439006,4511823.784994099,299.04700947257436,539.8659445729966,298.9832650893595,25.908935461735688,45.3983310104071,25.90361104173209,31871.276830087278,14608.831751371634,0.19676087423338548,2.0472243320962105,2260733.6602814426,594.7464688871885
12400.0,4511641.215735019,3267.8759344701007,4511853.813061829,301.6415286201187,544.4097793497355,301.57725138894796,25.92002382900064,45.39341421576005,25.914700641832454,31811.80218319856,14549.357104482915,0.19676087423338548,2.0472243320962105,2260733.6602814426,594.7464688871885
12500.0,4511671.5097111035,3322.5441538370505,4511884.100583545,304.237147143791,548.9530982963774,304.17233719098436,25.930789201751217,45.38786774439802,25.925467322985657,31752.327536309836,14489.882457594194,0.19676087423338548,2.0472243320962105,2260733.6602814426,594.7464688871885
12600.0,4511702.063302789,3377.6666768296927,4511914.647667596,306.8338331187284,553.495839114634,306.7684905780839,25.94123920731537,45.38170566499021,25.93591871085071,31692.85288942112,14430.407810705474,0.19676087423338548,2.0472243320962105,2260733.6602814426,594.7464688871885
12700.0,4511732.876615256,3433.2434425791425,4511945.454419178,309.4315553952804,558.037940934798,309.3656804079044,25.951381708074123,45.37494245609466,25.946062666091642,31633.378242532403,14370.933163816755,0.19676087423338548,2.0472243320962105,2260733.6602814426,594.7464688871885
12800.0,4511763.949750611,3489.2743842026935,4511976.52094041,312.030283622381,562.5793443564629,311.96387633651415,25.961224798236767,45.36759299977513,25.955907281153475,31573.90359564368,14311.458516928036,0.19676087423338548,2.0472243320962105,2260733.6602814426,594.7464688871885
12900.0,4511795.282807964,3545.759428952756,4512007.847330418,314.6299882705919,567.1199914885908,314.5630488414302,25.970776800472475,45.35967257496633,25.9654608768947,31514.42894875496,14251.983870039316,0.19676087423338548,2.0472243320962105,2260733.6602814426,594.7464688871885
13000.0,4511826.875883517,3602.6984983697716,4512039.43368542,317.23064065480094,571.6598259889031,317.16316924431203,25.980046262387432,45.35119685056833,25.974731999065177,31454.954301866237,14192.509223150595,0.19676087423338548,2.0472243320962105,2260733.6602814426,594.7464688871885
13100.0,4511858.729070645,3660.09150843903,4512071.280098807,319.83221295656045,576.1987931025686,319.7642097332959,25.989041952865094,45.342181878302206,25.983729414647264,31395.47965497752,14133.034576261876,0.19676087423338548,2.0472243320962105,2260733.6602814426,594.7464688871885
13200.0,4511890.842459986,3717.9383697513176,4512103.386661234,322.4346782460535,580.7368397001641,322.36614338495605,25.997772858262483,45.33264408531495,25.99246210805302,31336.005008088803,14073.559929373158,0.19676087423338548,2.0472243320962105,2260733.6602814426,594.7464688871885
13300.0,4511923.21613953,3776.238987667327,4512135.75346071,325.03801050367224,585.2739143148834,324.96894418587914,26.006248178475595,45.32260026655736,26.00093927719051,31276.53036120008,14014.085282484437,0.19676087423338548,2.0472243320962105,2260733.6602814426,594.7464688871885
13400.0,4511955.850194711,3834.993262485748,4512168.3805826865,327.64218464119625,589.8099671789736,327.5725870538382,26.014477322873894,45.31206757693534,26.009170329399236,31217.055714311362,13954.610635595716,0.19676087423338548,2.0472243320962105,2260733.6602814426,594.7464688871885
13500.0,4511988.744708504,3894.201089614961,4512201.268110157,330.24717652255845,594.3449502593741,330.1770478585543,26.0224699061117,45.30106352324919,26.017164877262502,31157.581067422645,13895.135988706998,0.19676087423338548,2.0472243320962105,2260733.6602814426,594.7464688871885
13600.0,4512021.899761515,3953.862359748256,4512234.416123749,332.8529629841851,598.8788172925397,332.7823034420327,26.030235743818896,45.28960595592558,26.024932734299085,31098.10642053392,13835.661341818279,0.19676087423338548,2.0472243320962105,2260733.6602814426,594.7464688871885
13700.0,4512055.315432087,4013.9769590424917,4512267.824701822,335.4595218548999,603.4115238184264,335.38833163846243,26.03778484817742,45.27771306055437,26.032483910540797,31038.631773645204,13776.186694929558,0.19676087423338548,2.0472243320962105,2260733.6602814426,594.7464688871885
13800.0,4512088.991796393,4074.544769300109,4512301.493920574,338.0668319753791,607.943027213621,337.9951112936684,26.045127423387967,45.26540334923831,26.03982860800015,30979.15712675648,13716.712048040838,0.19676087423338548,2.0472243320962105,2260733.6602814426,594.7464688871885
13900.0,4512122.928928544,4135.565668154415,4512335.423854134,340.67487321714873,612.4732867235965,340.6026222841042,26.052273861034493,45.2526956517701,26.046977216035934,30919.682479867763,13657.237401152119,0.19676087423338548,2.0472243320962105,2260733.6602814426,594.7464688871885
14000.0,4512157.126900689,4197.039529258049,4512369.6145746745,343.28362650111234,617.0022634940764,343.2108455353765,26.059234735349335,45.23960910664178,26.053940306619467,30860.207832979046,13597.7627542634,0.19676087423338548,2.0472243320962105,2260733.6602814426,594.7464688871885
14100.0,4512191.585783122,4258.966222474538,4512404.066152511,345.893073815601,621.5299206014912,345.8197630402914,26.066020798382688,45.22616315189377,26.06072862950506,30800.73318609032,13538.28810737468,0.19676087423338548,2.0472243320962105,2260733.6602814426,594.7464688871885
14200.0,4512226.305644393,4321.345614072852,4512438.778656215,348.5031982339352,626.0562230825133,348.42935787641295,26.072642975091465,45.21237751583087,26.067353107320088,30741.258539201604,13478.813460485959,0.19676087423338548,2.0472243320962105,2260733.6602814426,594.7464688871885
14300.0,4512261.28655141,4384.177566924869,4512473.75215272,351.1139839314915,630.5811379626543,351.0396142231263,26.07911235833842,45.19827220758898,26.073824830565165,30681.783892312887,13419.33881359724,0.19676087423338548,2.0472243320962105,2260733.6602814426,594.7464688871885
14400.0,4512296.528569558,4447.461940705647,4512508.98670743,353.72541620226457,635.1046342839137,353.650517378197,26.085440203821783,45.18386750758937,26.080155052544953,30622.309245424163,13359.864166708521,0.19676087423338548,2.0472243320962105,2260733.6602814426,594.7464688871885
14500.0,4512332.031762805,4511.198592096418,4512544.482384341,356.33748147491906,639.6266831314657,356.26205377381916,26.091637924929586,45.16918395787035,26.086355184223635,30562.834598535446,13300.3895198198,0.19676087423338548,2.0472243320962105,2260733.6602814426,594.7464688871885
14600.0,4512367.796193821,4575.387374990199,4512580.239246145,358.9501673283229,644.1472576593744,358.8742109921463,26.097717087536,45.154242352327344,26.092436789022383,30503.359951646722,13240.91487293108,0.19676087423338548,2.0472243320962105,2260733.6602814426,594.7464688871885
14700.0,4512403.821924093,4640.028140699926,4512616.257354354,361.56346250655696,648.6663331153266,361.4869777802978,26.103689404731064,45.139063726846615,26.098411577550294,30443.885304758005,13181.440226042361,0.19676087423338548,2.0472243320962105,2260733.6602814426,594.7464688871885
14800.0,4512440.109014039,4705.120738169015,4512652.53676941,364.1773569333951,653.1838868643741,364.1003440648364,26.109566731505165,45.12366934937093,26.104291402290105,30384.410657869288,13121.965579153642,0.19676087423338548,2.0472243320962105,2260733.6602814426,594.7464688871885
14900.0,4512476.65752313,4770.665014184241,4512689.077550809,366.7918417262495,657.6998984116784,366.71430096571083,26.115361059381918,45.10808070988578,26.110088252232096,30324.936010980564,13062.490932264922,0.19676087423338548,2.0472243320962105,2260733.6602814426,594.7464688871885
15000.0,4512513.467510009,4836.660813590848,4512725.87975722,369.40690920957724,662.2143494242493,369.32884080965994,26.121084511012207,45.092319510349796,26.1158142474695,30265.461364091847,13003.016285376201,0.19676087423338548,2.0472243320962105,2260733.6602814426,594.7464688871885
15100.0,4512550.539032613,4903.107979509778,4512762.943446605,372.0225529277441,666.7272237516752,371.94395714307416,26.12674933473484,45.0764076545787,26.121481633760297,30205.98671720313,12943.541638487482,0.19676087423338548,2.0472243320962105,2260733.6602814426,594.7464688871885
15200.0,4512587.872148294,4970.0063535569225,4512800.268676341,374.6387676573425,671.2385074458366,374.55964474431096,26.132367899103436,45.06036723808259,26.12710277705528,30146.512070314406,12884.066991598764,0.19676087423338548,2.0472243320962105,2260733.6602814426,594.7464688871885
15300.0,4512625.466913944,5037.355776064299,4512837.855503346,377.25554941896087,675.7481887796041,377.17589963546226,26.13795268739519,45.044220537884605,26.13269015800809,30087.03742342569,12824.592344710043,0.19676087423338548,2.0472243320962105,2260733.6602814426,594.7464688871885
15400.0,4512663.323386121,5105.156086303039,4512875.703984203,379.87289548840215,680.2562582645144,379.79271909357095,26.143516292097708,45.02799000231447,26.13825636646319,30027.562776536965,12765.117697821323,0.19676087423338548,2.0472243320962105,2260733.6602814426,594.7464688871885
15500.0,4512701.44162117,5173.407122708101,4512913.814175285,382.49080440735065,684.7627086674256,382.41010166129576,26.149071409389503,45.011698240804535,26.14381409593763,29968.088129648248,12705.643050932604,0.19676087423338548,2.0472243320962105,2260733.6602814426,594.7464688871885
15600.0,4512739.821675359,5242.1087231045885,4512952.1861328855,385.10927599348565,689.2675350261516,385.028047157023,26.15463083360744,44.99536801367685,26.149376138089675,29908.61348275953,12646.168404043885,0.19676087423338548,2.0472243320962105,2260733.6602814426,594.7464688871885
15700.0,4512778.463605,5311.260724935589,4512990.819913341,387.72831135004185,693.7707346640743,387.64655668442566,26.160207451721057,44.979022221956654,26.154955377194362,29849.138835870806,12586.693757155164,0.19676087423338548,2.0472243320962105,2260733.6602814426,594.7464688871885
15800.0,4512817.367466577,5380.862965491417,4513029.715573164,390.34791287481687,698.272307203739,390.265632641469,26.165814237807936,44.96268389720196,26.160564784620046,29789.66418898209,12527.219110266446,0.19676087423338548,2.0472243320962105,2260733.6602814426,594.7464688871885
15900.0,4512856.533316884,5450.915282140169,4513068.873169172,392.9680842686265,702.772254579432,392.8852787288645,26.17146424754027,44.946376191367605,26.166217413316172,29730.189542093372,12467.744463377727,0.19676087423338548,2.0472243320962105,2260733.6602814426,594.7464688871885
16000.0,4512895.961213147,5521.417512559489,4513108.2927586185,395.5888305432088,707.2705810487467,395.50549995797286,26.17717061268727,44.930122366711906,26.171926392316912,29670.71489520465,12408.269816489006,0.19676087423338548,2.0472243320962105,2260733.6602814426,594.7464688871885
16100.0,4512935.651213161,5592.369494969428,4513147.9743993245,398.21015802857966,711.7672932031435,398.12630265815824,26.18294653564356,44.913945785764014,26.177704921270685,29611.24024831593,12348.795169600287,0.19676087423338548,2.0472243320962105,2260733.6602814426,594.7464688871885
16200.0,4512975.603375418,5663.771068366324,4513187.918149808,400.83207437984163,716.2623999775064,400.747694483596,26.188805283977807,44.89786990134192,26.18356626499006,29551.765601427214,12289.320522711569,0.19676087423338548,2.0472243320962105,2260733.6602814426,594.7464688871885
16300.0,4513015.817759245,5735.622072757577,4513228.124069422,403.45458858344887,720.755912658706,403.36968441953667,26.19476018501704,44.88191824664833,26.189523748037146,29492.29095453849,12229.845875822848,0.19676087423338548,2.0472243320962105,2260733.6602814426,594.7464688871885
16400.0,4513056.2944249315,5807.92234939724,4513268.592218481,406.07771096293243,725.2478448931746,405.99228278803065,26.200824620467984,44.866114425447066,26.19559074934617,29432.816307649773,12170.37122893413,0.19676087423338548,2.0472243320962105,2260733.6602814426,594.7464688871885
16500.0,4513097.0334338695,5880.671741022308,4513309.322658403,408.7014531840888,729.7382126935028,408.6155012531157,26.20701202108111,44.850482102329856,26.20178069688864,29373.341660761056,12110.89658204541,0.19676087423338548,2.0472243320962105,2260733.6602814426,594.7464688871885
16600.0,4513138.034848682,5953.870092089627,4513350.315451836,411.3258282596369,734.2270344440665,411.23935282547376,26.213335861354437,44.83504499306831,26.20810706237829,29313.86701387234,12051.421935156694,0.19676087423338548,2.0472243320962105,2260733.6602814426,594.7464688871885
16700.0,4513179.298733362,6027.517249013315,4513391.5706628,413.9508505533483,738.7143309056947,413.8638518665601,26.21980965430042,44.81982685509243,26.21458335603911,29254.392366983622,11991.947288267975,0.19676087423338548,2.0472243320962105,2260733.6602814426,594.7464688871885
16800.0,4513220.825153408,6101.613060402598,4513433.088356816,416.5765357836553,743.2001252193888,416.4890140922118,26.226446946259813,44.80485147806706,26.2212231214203,29194.917720094898,11932.472641379256,0.19676087423338548,2.0472243320962105,2260733.6602814426,594.7464688871885
16900.0,4513262.614175955,6176.157377299979,4513474.868601046,419.2029010267442,747.6844429091053,419.11485657574013,26.233261311776317,44.79014267459054,26.228039930272054,29135.44307320618,11872.997994490539,0.19676087423338548,2.0472243320962105,2260733.6602814426,594.7464688871885
17000.0,4513304.665869917,6251.15005341963,4513516.911464426,421.8299647191384,752.1673118836144,421.7413977505137,26.240266348541798,44.77572427103294,26.23504737749181,29075.968426317464,11813.52334760182,0.19676087423338548,2.0472243320962105,2260733.6602814426,594.7464688871885
17100.0,4513346.980306118,6326.590945385932,4513559.217017805,424.4577466597787,756.6487624374482,424.36865741203894,26.247475672404217,44.76162009849973,26.242259076133276,29016.493779428747,11754.048700713101,0.19676087423338548,2.0472243320962105,2260733.6602814426,594.7464688871885
17200.0,4513389.55755743,6402.479912972061,4513601.78533408,427.0862680116082,761.1288272509516,426.99665671954466,26.254902912448607,44.74785398393928,26.249688652488498,28957.01913254003,11694.574053824383,0.19676087423338548,2.0472243320962105,2260733.6602814426,594.7464688871885
17300.0,4513432.397698911,6478.8168193385345,4513644.616488331,429.71555130266853,765.607541389451,429.6254181970789,26.26256170615797,44.734449741405854,26.257349741249726,28897.544485651313,11635.099406935664,0.19676087423338548,2.0472243320962105,2260733.6602814426,594.7464688871885
17400.0,4513475.500807938,6555.601531271632,4513687.710557958,432.34562042671604,770.0849423015557,432.25496573412494,26.270465694650397,44.72143116347168,26.265255980747526,28838.06983876259,11575.624760046947,0.19676087423338548,2.0472243320962105,2260733.6602814426,594.7464688871885
17500.0,4513518.866964349,6632.833919421604,4513731.067622821,434.9765006433649,774.5610698166089,434.8853245857451,26.27862851800532,44.70882201281082,26.27342100827812,28778.595191873872,11516.150113158228,0.19676087423338548,2.0472243320962105,2260733.6602814426,594.7464688871885
17600.0,4513562.496250572,6710.513858540584,4513774.68776537,437.6082185777672,779.0359661413039,437.5165213722613,26.287063810663568,44.696646013927165,26.28185845550436,28719.120544985155,11456.67546626951,0.19676087423338548,2.0472243320962105,2260733.6602814426,594.7464688871885
17700.0,4513606.3887517685,6788.641227720119,4513818.571070789,440.24080221983786,783.5096758554818,440.14858407848027,26.295785196939203,44.684926845093955,26.290581943968494,28659.645898096438,11397.200819380792,0.19676087423338548,2.0472243320962105,2260733.6602814426,594.7464688871885
17800.0,4513650.544555967,6867.2159106282415,4513862.717627127,442.8742809230334,787.9822459071299,442.78154205247336,26.304806286598428,44.673688130425276,26.299605080672066,28600.17125120772,11337.726172492074,0.19676087423338548,2.0472243320962105,2260733.6602814426,594.7464688871885
17900.0,4513694.9637541985,6946.237795746003,4513907.127525435,445.5086854026947,792.4537256065984,445.4154260039198,26.31414067055728,44.66295343217084,26.30894145377447,28540.696604318997,11278.251525603355,0.19676087423338548,2.0472243320962105,2260733.6602814426,594.7464688871885
18000.0,4513739.6464406345,7025.706776603388,4513951.800859905,448.1440477339633,796.9241666200521,448.05026800202376,26.323801916663765,44.6527462431731,26.31860462837599,28481.22195743028,11218.776878714636,0.19676087423338548,2.0472243320962105,2260733.6602814426,594.7464688871885
18100.0,4513784.592712722,7105.622752014538,4513996.7377280025,450.7804013492807,801.3936229621794,450.68610147301484,26.33380356558456,44.64308997952199,26.328608142405386,28421.747310541563,11159.302231825917,0.19676087423338548,2.0472243320962105,2260733.6602814426,594.7464688871885
18200.0,4513829.802671319,7185.985626312208,4514041.938230603,453.4177810354813,805.8621509881744,453.32296119724214,26.34415912679882,44.634007973411514,26.338965502614496,28362.272663652846,11099.8275849372,0.19676087423338548,2.0472243320962105,2260733.6602814426,594.7464688871885
18300.0,4513875.276420829,7266.79530958139,4514087.402472129,456.0562229304897,810.3298093850144,455.960883305872,26.354882074688504,44.62552346617922,26.349690180669427,28302.79801676413,11040.352938048482,0.19676087423338548,2.0472243320962105,2260733.6602814426,594.7464688871885
18400.0,4513921.0140693365,7348.051717892024,4514133.130560683,458.69576451963206,814.7966591620514,458.5999052772014,26.36598584474867,44.61765960156981,26.360795609361624,28243.323369875405,10980.878291159763,0.19676087423338548,2.0472243320962105,2260733.6602814426,594.7464688871885
18500.0,4513967.015728743,7429.754773530737,4514179.122608183,461.3364446315736,819.2627636409383,461.24006593259605,26.377483829895322,44.61043941918267,26.37229517891646,28183.848722986688,10921.403644271046,0.19676087423338548,2.0472243320962105,2260733.6602814426,594.7464688871885
18600.0,4514013.2815149,7511.904405231546,4514225.3787304945,463.97830343389245,823.7281884449116,463.88140543206583,26.389389376891067,44.60388584813926,26.384202233419728,28124.37407609797,10861.928997382327,0.19676087423338548,2.0472243320962105,2260733.6602814426,594.7464688871885
18700.0,4514059.81154774,7594.500548405451,4514271.8990475675,466.62138242830093,828.1930014874489,466.52396526948775,26.40171578288012,44.59802170095469,26.396530067353254,28064.899429209254,10802.454350493608,0.19676087423338548,2.0472243320962105,2260733.6602814426,594.7464688871885
18800.0,4514106.605951416,7677.543145368871,4514318.683683567,469.2657244455263,832.6572729603251,469.1677882674876,26.41447629204218,44.59286966763024,26.409291922249515,28005.424782320537,10742.97970360489,0.19676087423338548,2.0472243320962105,2260733.6602814426,594.7464688871885
18900.0,4514153.664854428,7761.032145570847,4514365.732767006,471.91137363986195,837.121075321087,471.8129185719932,26.427684092348827,44.58845230993754,26.422500983448757,27945.95013543182,10683.50505671617,0.19676087423338548,2.0472243320962105,2260733.6602814426,594.7464688871885
19000.0,4514200.988389757,7844.967505818977,4514413.046430881,474.5583754834002,841.5844832799676,474.45940164646856,26.441352312456726,44.58479205595456,26.436170376992735,27886.475488543096,10624.030409827454,0.19676087423338548,2.0472243320962105,2260733.6602814426,594.7464688871885
19100.0,4514248.576694999,7929.349190503999,4514460.624812797,477.2067767599596,846.047573786263,477.1072842658429,26.455494018693336,44.581911194774975,26.45031316661113,27827.00084165438,10564.555762938735,0.19676087423338548,2.0472243320962105,2260733.6602814426,594.7464688871885
19200.0,4514296.429912491,8014.177171823005,4514508.468055102,479.8566255587168,850.5104260141924,479.7566145101443,26.470122212179064,44.57983187146806,26.464942350844268,27767.52619476566,10505.081116050016,0.19676087423338548,2.0472243320962105,2260733.6602814426,594.7464688871885
19300.0,4514344.548189445,8099.451430001195,4514556.57630502,482.5079712675564,854.9731213482632,482.40744175785125,26.485249826061125,44.57857608224502,26.48007086027754,27708.051547876945,10445.6064691613,0.19676087423338548,2.0472243320962105,2260733.6602814426,594.7464688871885
19400.0,4514392.931678079,8185.171953512165,4514604.949714774,485.1608645661493,859.4357433681639,485.05981667897316,26.50088972286212,44.57816566983687,26.49571155489052,27648.576900988228,10386.13182227258,0.19676087423338548,2.0472243320962105,2260733.6602814426,594.7464688871885
19500.0,4514441.58053574,8271.338739296642,4514653.588441722,487.81535741877275,863.8983778332048,487.71379122787175,26.517054691953707,44.578622319101726,26.511877221531158,27589.102254099504,10326.657175383862,0.19676087423338548,2.0472243320962105,2260733.6602814426,594.7464688871885
19600.0,4514490.494925036,8357.951792979657,4514702.492648478,490.47150306688246,868.361112666331,490.3694186358357,26.533757447145327,44.57996755284344,26.528580571504996,27529.627607210787,10267.182528495143,0.19676087423338548,2.0472243320962105,2260733.6602814426,594.7464688871885
19700.0,4514539.675013964,8445.011129086088,4514751.662503044,493.12935602144995,872.8240379377265,493.02675340341966,26.55101062439204,44.582222727848304,26.545834238283437,27470.15296032207,10207.707881606424,0.19676087423338548,2.0472243320962105,2260733.6602814426,594.7464688871885
19800.0,4514589.120976034,8532.51677125455,4514801.098178936,495.78897205507656,877.2872458480341,495.6858512925603,26.568826779624374,44.58540903114479,26.56365077533411,27410.678313433353,10148.233234717707,0.19676087423338548,2.0472243320962105,2260733.6602814426,594.7464688871885
19900.0,4514638.832990396,8620.46875244959,4514850.799855308,498.4504081938957,881.7508307112098,498.346769318481,26.58721838669299,44.5895474764729,26.58204265406584,27351.203666544636,10088.758587828988,0.19676087423338548,2.0472243320962105,2260733.6602814426,594.7464688871885
20000.0,4514688.811241967,8708.867115172136,4514900.767717077,501.11372270927615,886.2148889370367,501.00956574139667,26.60619783543218,44.5946589009703,26.601022261892627,27291.72901965591,10029.28394094027,0.19676087423338548,2.0472243320962105,2260733.6602814426,594.7464688871885
20100.0,4514739.05592155,8797.711911668206,4514951.001955051,503.77897510933667,890.6795190133168,503.67430005803124,26.625777429843907,44.60076396207741,26.620601900417988,27232.254372767195,9969.809294051553,0.19676087423338548,2.0472243320962105,2260733.6602814426,594.7464688871885
20200.0,4514789.567225963,8887.003204135799,4515001.502766046,506.44622613028537,895.144821487764,506.3410329929587,26.645969386396544,44.60788313465105,26.640793783734058,27172.779725878478,9910.334647162834,0.19676087423338548,2.0472243320962105,2260733.6602814426,594.7464688871885
20300.0,4514840.3453581575,8976.741064929969,4515052.270353013,509.11553772759413,899.6108989496182,509.00982648977987,26.666785832436346,44.61603670828289,26.661610036833363,27113.30507898976,9850.860000274115,0.19676087423338548,2.0472243320962105,2260733.6602814426,594.7464688871885
20400.0,4514891.3905273415,9066.92557676605,4515103.304925158,511.78697306702054,904.077856011003,511.68074370214686,26.68823880471996,44.62524478483662,26.68306269414162,27053.830432101044,9791.385353385396,0.19676087423338548,2.0472243320962105,2260733.6602814426,594.7464688871885
20500.0,4514942.702949099,9157.556832921005,4515154.606698061,514.4605965154885,908.5457992880459,514.3538489846457,26.710340248061573,44.63552727619246,26.705163698165137,26994.355785212327,9731.910706496677,0.19676087423338548,2.0472243320962105,2260733.6602814426,594.7464688871885
20600.0,4514994.282845511,9248.634937432867,4515206.175893801,517.1364736318385,913.0148373817837,517.0292078835488,26.73310201408835,44.646903902187496,26.727924898246506,26934.881138323602,9672.43605960796,0.19676087423338548,2.0472243320962105,2260733.6602814426,594.7464688871885
20700.0,4515046.130445274,9340.16000529827,4515258.0127410665,519.8146711574599,917.485080858871,519.70688712745,26.756535860107327,44.65939418875682,26.75135804943172,26875.406491434886,9612.961412719242,0.19676087423338548,2.0472243320962105,2260733.6602814426,594.7464688871885
20800.0,4515098.245983816,9432.132162668042,4515310.11747528,522.495257006815,921.9566422321149,522.3869546177908,26.780653448093656,44.67301746629262,26.775474811458576,26815.93184454617,9553.486765830523,0.19676087423338548,2.0472243320962105,2260733.6602814426,594.7464688871885
20900.0,4515150.6297034165,9524.551547040835,4515362.49033871,525.1783002578677,926.4296359408526,525.0694794192913,26.805466343773915,44.687792868174796,26.800286747840154,26756.45719765745,9494.012118941806,0.19676087423338548,2.0472243320962105,2260733.6602814426,594.7464688871885
21000.0,4515203.281853319,9617.418307454798,4515415.131580594,527.8638711424256,930.9041783311942,527.7545317502947,26.830986015831918,44.70373932952065,26.825805325070807,26696.982550768735,9434.537472053087,0.19676087423338548,2.0472243320962105,2260733.6602814426,594.7464688871885
21100.0,4515256.20268985,9710.732604677256,4515468.041457243,530.5520410364079,935.3803876361479,530.4421829730378,26.857223835204614,44.72087558609649,26.85204191192213,26637.50790388001,9375.062825164368,0.19676087423338548,2.0472243320962105,2260733.6602814426,594.7464688871885
21200.0,4515309.392476527,9804.494611392403,4515521.220232166,533.2428824500485,939.8583839556475,533.1325055838564,26.884191074501146,44.73922017344903,26.879007778862174,26578.033256991293,9315.58817827565,0.19676087423338548,2.0472243320962105,2260733.6602814426,594.7464688871885
21300.0,4515362.851484178,9898.704512386994,4515574.668176175,535.9364690180463,944.3382892365006,535.8255732033379,26.91189890750877,44.75879142619223,26.906714097561423,26518.558610102576,9256.11353138693,0.19676087423338548,2.0472243320962105,2260733.6602814426,594.7464688871885
21400.0,4515416.579991047,9993.362504734028,4515628.3855675,538.6328754896708,948.8202272522765,538.5214605664295,26.94035840881408,44.77960747749921,26.935171940514035,26459.08396321386,9196.638884498214,0.19676087423338548,2.0472243320962105,2260733.6602814426,594.7464688871885
21500.0,4515470.578282912,10088.468797974414,4515682.372691901,541.3321777188353,953.3043235831501,541.2202435125138,26.969580553511975,44.80168625875063,26.964392280746914,26399.609316325143,9137.164237609495,0.19676087423338548,2.0472243320962105,2260733.6602814426,594.7464688871885
21600.0,4515524.846653189,10184.023614296626,4515736.629842777,544.0344526541455,957.7907055957218,543.9219989754598,26.999576217021726,44.82504549937311,26.994385991635728,26340.13466943642,9077.689590720776,0.19676087423338548,2.0472243320962105,2260733.6602814426,594.7464688871885
21700.0,4515579.385403043,10280.027188714334,4515791.1573212715,546.7397783289351,962.2795024228272,546.6268049736611,27.030356174995756,44.84970272684211,27.025163846813747,26280.6600225477,9018.21494383206,0.19676087423338548,2.0472243320962105,2260733.6602814426,594.7464688871885
21800.0,4515634.194841498,10376.479769242018,4515845.955436388,549.4482338512969,966.7708449433583,549.3347406000694,27.061931103320987,44.87567526684849,27.056736520173107,26221.185375658984,8958.74029694334,0.19676087423338548,2.0472243320962105,2260733.6602814426,594.7464688871885
21900.0,4515689.275285539,10473.381617068571,4515901.024505091,552.1598993941185,971.2648657621069,552.0458860122321,27.09431157821377,44.90298024363054,27.08911458595972,26161.710728770267,8899.265650054622,0.19676087423338548,2.0472243320962105,2260733.6602814426,594.7464688871885
22000.0,4515744.627060225,10570.733006728875,4515956.364852413,554.8748561851327,975.7616991896518,554.760322422346,27.12750807640435,44.9316345804638,27.1223085189577,26102.236081881547,8839.791003165903,0.19676087423338548,2.0472243320962105,2260733.6602814426,594.7464688871885
22100.0,4515800.250498788,10668.534226273381,4516011.97681156,557.5931864969901,980.2614812223015,557.4781320873319,27.161530975412916,44.96165500031208,27.156328694765286,26042.76143499283,8780.316356277184,0.19676087423338548,2.0472243320962105,2260733.6602814426,594.7464688871885
22200.0,4515856.14594274,10766.785577435683,4516067.860724017,560.3149736373648,984.7643495221096,560.1993982989424,27.196390553904997,44.99305802661773,27.1911853901502,25983.28678810411,8720.841709388467,0.19676087423338548,2.0472243320962105,2260733.6602814426,594.7464688871885
22300.0,4515912.313741974,10865.487375798093,4516124.016939648,563.0403019390988,989.2704433969778,562.9242053739093,27.232096992135133,45.02585998424675,27.22688878349313,25923.812141215392,8661.367062499748,0.19676087423338548,2.0472243320962105,2260733.6602814426,594.7464688871885
22400.0,4515968.754254866,10964.639950955241,4516180.445816801,565.769256750396,993.7799037808603,565.6526386441398,27.268660372473743,45.060077000579355,27.26344895531455,25864.337494326675,8601.89241561103,0.19676087423338548,2.0472243320962105,2260733.6602814426,594.7464688871885
22500.0,4516025.467848382,11064.243646675692,4516237.147722405,568.5019244250724,998.2928732140836,568.3847844469685,27.306090680004687,45.09572500672387,27.30087588887205,25804.86284743796,8542.417768722313,0.19676087423338548,2.0472243320962105,2260733.6602814426,594.7464688871885
22600.0,4516082.454898168,11164.298821061604,4516294.123032076,571.2383923128707,1002.8094958237966,571.1207301154756,27.34439780321614,45.13281973889313,27.339179470851093,25745.388200549238,8482.943121833594,0.19676087423338548,2.0472243320962105,2260733.6602814426,594.7464688871885
22700.0,4516139.715788658,11264.805846706438,4516351.3721302105,573.9787487498475,1007.3299173045638,573.8605639688751,27.38359153474713,45.17137673987756,27.378369492111382,25685.913553660517,8423.468474944875,0.19676087423338548,2.0472243320962105,2260733.6602814426,594.7464688871885
22800.0,4516197.250913166,11365.765110850742,4516408.895410086,576.7230830488389,1011.8542848991119,576.6043753029836,27.423681572222208,45.21141136067098,27.41845564852128,25626.4389067718,8363.993828056156,0.19676087423338548,2.0472243320962105,2260733.6602814426,594.7464688871885
22900.0,4516255.060673988,11467.177015536003,4516466.69327396,579.4714854900143,1016.3827473792477,579.352254380776,27.46467751915188,45.25293876221017,27.459447541858147,25566.964259883083,8304.519181167438,0.19676087423338548,2.0472243320962105,2260733.6602814426,594.7464688871885
23000.0,4516313.145482495,11569.041977756617,4516524.76613316,582.2240473115222,1020.9154550269534,582.1042924230339,27.506588885893407,45.29597391721805,27.50135468076877,25507.489612994366,8245.04453427872,0.19676087423338548,2.0472243320962105,2260733.6602814426,594.7464688871885
23100.0,4516371.50575923,11671.360429609962,4516583.114408189,584.9808607002378,1025.452559615675,584.8605815990951,27.549425090698595,45.340531612197296,27.54418648181704,25448.01496610565,8185.569887390002,0.19676087423338548,2.0472243320962105,2260733.6602814426,594.7464688871885
23200.0,4516430.141933999,11774.132818444621,4516641.7385288095,587.7420187826168,1029.9942143918138,587.62121501771,27.593195460796895,45.3866264494833,27.587952270566724,25388.540319216925,8126.095240501283,0.19676087423338548,2.0472243320962105,2260733.6602814426,594.7464688871885
23300.0,4516489.054445972,11877.359607006763,4516700.638934143,590.5076156156622,1034.5405740564295,590.3862867180103,27.637909233569985,45.43427284945467,27.632661282755826,25329.065672328208,8066.620593612565,0.19676087423338548,2.0472243320962105,2260733.6602814426,594.7464688871885
23400.0,4516548.243743766,11981.041273584699,4516759.816072761,593.2777461780114,1039.0917947471708,593.1558916605984,27.683575557760065,45.48348505280004,27.678322665504634,25269.59102543949,8007.145946723847,0.19676087423338548,2.0472243320962105,2260733.6602814426,594.7464688871885
23500.0,4516607.710285546,12085.178312151651,4516819.270402777,596.052506361147,1043.648034020437,595.9301257187607,27.7302034947535,45.53427712291361,27.724945478599018,25210.116378550774,7947.671299835129,0.19676087423338548,2.0472243320962105,2260733.6602814426,594.7464688871885
23600.0,4516667.454539109,12189.771232506744,4516879.002391937,598.8319929607402,1048.209450833785,598.7090856698121,27.77780201991343,45.58666294837319,27.772538695822757,25150.641731662054,7888.19665294641,0.19676087423338548,2.0472243320962105,2260733.6602814426,594.7464688871885
23700.0,4516727.476981976,12294.820560414251,4516939.01251771,601.6163036681284,1052.7762055285878,601.4928691865772,27.826380023962265,45.64065624550217,27.821111206339776,25091.167084773337,7828.722006057692,0.19676087423338548,2.0472243320962105,2260733.6602814426,594.7464688871885
23800.0,4516787.778101483,12400.326837741126,4516999.301267376,604.4055370619357,1057.3484598129548,604.2815748290116,27.875946314418854,45.69627056102348,27.870671816130994,25031.692437884616,7769.247359168974,0.19676087423338548,2.0472243320962105,2260733.6602814426,594.7464688871885
23900.0,4516848.358394868,12506.290622592824,4517059.869138116,607.1997925998396,1061.9263767449236,607.0753020359713,27.926509617086843,45.753519274799196,27.92122924948228,24972.2177909959,7709.772712280255,0.19676087423338548,2.0472243320962105,2260733.6602814426,594.7464688871885
24000.0,4516909.218369356,12612.712489447471,4517120.716637097,609.9991706104886,1066.510120715927,609.874151117132,27.978078577582224,45.81241560263469,27.97279215051177,24912.743144107182,7650.2980653915365,0.19676087423338548,2.0472243320962105,2260733.6602814426,594.7464688871885
24100.0,4516970.358542252,12719.593029288395,4517181.844281563,612.8037722855753,1071.0998574345472,612.6782232450643,28.03066176291452,45.87297259917263,28.02536908475063,24853.268497218465,7590.823418502819,0.19676087423338548,2.0472243320962105,2260733.6602814426,594.7464688871885
24200.0,4517031.779441021,12826.932849735029,4517243.252598913,615.6136996720705,1075.6957539105617,615.4876204474697,28.084267663099467,45.93520316083746,28.078968540755437,24793.793850329745,7531.348771614101,0.19676087423338548,2.0472243320962105,2260733.6602814426,594.7464688871885
24300.0,4517093.481603375,12934.732575172253,4517304.942126798,618.4290556646209,1080.2979784392903,618.3024455995803,28.13890469282603,45.99912002887051,28.13359893177486,24734.319203441024,7471.874124725382,0.19676087423338548,2.0472243320962105,2260733.6602814426,594.7464688871885
24400.0,4517155.4655773565,13042.992846878178,4517366.913413194,621.2499439981153,1084.9067005862453,621.1228024167268,28.194581193149528,46.06473579240598,28.189268597442304,24674.844556552307,7412.399477836663,0.19676087423338548,2.0472243320962105,2260733.6602814426,594.7464688871885
24500.0,4517217.731921426,13151.71432315041,4517429.16701649,624.0764692404232,1089.5220911720965,623.9487954470787,28.25130543322587,46.13206289161414,28.245985805509918,24615.36990966359,7352.924830947945,0.19676087423338548,2.0472243320962105,2260733.6602814426,594.7464688871885
24600.0,4517280.28120454,13260.89767943083,4517491.703505575,626.908736785308,1094.144322257952,626.7805300645598,28.30908561208648,46.201113620910476,28.30375875362307,24555.895262774873,7293.4501840592275,0.19676087423338548,2.0472243320962105,2260733.6602814426,594.7464688871885
24700.0,4517343.114006237,13370.543608428907,4517554.523459912,629.7468528455205,1098.7735671309633,629.6181124619428,28.36792986043301,46.27190013219446,28.36259557111466,24496.420615886156,7233.975537170509,0.19676087423338548,2.0472243320962105,2260733.6602814426,594.7464688871885
24800.0,4517406.230916715,13480.65282024361,4517617.627469627,632.5909244460736,1103.4100002902587,632.4616496441263,28.42784624247473,46.34443443815758,28.422504320842158,24436.945968997432,7174.50089028179,0.19676087423338548,2.0472243320962105,2260733.6602814426,594.7464688871885
24900.0,4517469.632536918,13591.226042483902,4517681.016135586,635.4410594177025,1108.0537974332083,635.3112494215962,28.488842757788955,46.41872841562646,28.483493001047613,24377.471322108715,7115.026243393072,0.19676087423338548,2.0472243320962105,2260733.6602814426,594.7464688871885
25000.0,4517533.3194786105,13702.264020387907,4517744.690069477,638.2973663905132,1112.7051354420282,638.1670204040763,28.550927343212322,46.49479380895407,28.545569547248558,24317.996675219998,7055.551596504354,0.19676087423338548,2.0472243320962105,2260733.6602814426,594.7464688871885
25100.0,4517597.292364462,13813.767516940728,4517808.649893886,641.1599547878209,1117.3641923707248,641.0290719943681,28.61410787475517,46.57264223344579,28.60874183415196,24258.52202833128,6996.076949615635,0.19676087423338548,2.0472243320962105,2260733.6602814426,594.7464688871885
25200.0,4517661.551828123,13925.73731299099,4517872.896242382,644.0289348201826,1122.031147432385,643.8975143823845,28.67839216953324,46.65228517881036,28.67301767758553,24199.04738144256,6936.602302726917,0.19676087423338548,2.0472243320962105,2260733.6602814426,594.7464688871885
25300.0,4517726.098514302,14038.174207366132,4517937.429759589,646.904417479624,1126.7061809868144,646.7724585393789,28.743787987738564,46.73373401267284,28.73840483646817,24139.572734553843,6877.127655838199,0.19676087423338548,2.0472243320962105,2260733.6602814426,594.7464688871885
25400.0,4517790.933078849,14151.07901698647,4518002.25110127,649.7865145340646,1131.3894745285274,649.6540162123714,28.810303034613483,46.81699998408773,28.804911014783606,24080.098087665123,6817.653008949481,0.19676087423338548,2.0472243320962105,2260733.6602814426,594.7464688871885
25500.0,4517856.056188827,14264.45257697809,4518067.3609344,652.6753385219423,1136.0812106750932,652.5422999187749,28.87794496245683,46.90209422710177,28.872543863586166,24020.623440776406,6758.178362060762,0.19676087423338548,2.0472243320962105,2260733.6602814426,594.7464688871885
25600.0,4517921.468522593,14378.295740784577,4518132.759937243,655.5710027470394,1140.7815731558367,655.4374229412227,28.946721372628673,46.989027764308474,28.94131098300506,23961.14879388769,6698.703715172043,0.19676087423338548,2.0472243320962105,2260733.6602814426,594.7464688871885
25700.0,4517987.170769872,14492.609380277647,4518198.44879943,658.4736212735113,1145.4907468009003,658.339499322598,29.016639817601494,47.077811510477225,29.011219924295148,23901.674146998972,6639.229068283325,0.19676087423338548,2.0472243320962105,2260733.6602814426,594.7464688871885
25800.0,4518053.163631832,14607.394385866695,4518264.428222037,661.3833089211204,1150.2089175306678,661.2486438612697,29.08770780299693,47.16845627615111,29.082278191873282,23842.19950011025,6579.754421394608,0.19676087423338548,2.0472243320962105,2260733.6602814426,594.7464688871885
25900.0,4518119.447821162,14722.651666607311,4518330.698917653,664.3001812606752,1154.93627234555,664.1649721065322,29.15993278964246,47.26097277127329,29.15449324537455,23782.72485322153,6520.279774505889,0.19676087423338548,2.0472243320962105,2260733.6602814426,594.7464688871885
26000.0,4518186.024062144,14838.382150308778,4518397.261610462,667.2243546096772,1159.6729993161364,667.0886003542541,29.233322195651702,47.355371608847896,29.22787250173213,23723.250206332814,6460.80512761717,0.19676087423338548,2.0472243320962105,2260733.6602814426,594.7464688871885
26100.0,4518252.89309073,14954.586783640621,4518464.117036315,670.1559460281753,1164.419287573712,670.0196456427334,29.307883398505865,47.45166330859667,29.302423337258354,23663.775559444097,6401.330480728452,0.19676087423338548,2.0472243320962105,2260733.6602814426,594.7464688871885
26200.0,4518320.055654615,15071.266532238216,4518531.265942801,673.0950733148305,1169.175327301142,672.9582257487634,29.383623737146067,47.54985830062786,29.378153089736536,23604.30091255538,6341.855833839734,0.19676087423338548,2.0472243320962105,2260733.6602814426,594.7464688871885
26300.0,4518387.5125133125,15188.422380807508,4518598.709089327,676.04185500319,1173.9413097241247,675.9044591839078,29.460550514062696,47.64996692909362,29.455069060509935,23544.826265666663,6282.3811869510155,0.19676087423338548,2.0472243320962105,2260733.6602814426,594.7464688871885
26400.0,4518455.264438222,15306.055333228871,4518666.447247186,678.9964103581722,1178.7174271028116,678.8584651909869,29.53867099741216,47.75199945588824,29.53317851659813,23485.35161877794,6222.906540062297,0.19676087423338548,2.0472243320962105,2260733.6602814426,594.7464688871885
26500.0,4518523.312212709,15424.166412660154,4518734.4811996315,681.958859372763,1183.5038727237977,681.8203637407748,29.61799242312585,47.85596606432614,29.612488692805414,23425.87697188922,6163.431893173579,0.19676087423338548,2.0472243320962105,2260733.6602814426,594.7464688871885
26600.0,4518591.656632174,15542.756661638938,4518802.811741951,684.9293227649244,1188.30084089248,684.7902755289093,29.69852199701598,47.96187686280791,29.693006793826363,23366.402325000505,6103.957246284861,0.19676087423338548,2.0472243320962105,2260733.6602814426,594.7464688871885
26700.0,4518660.298504124,15661.82714218405,4518871.439681538,687.9079219747152,1193.1085269257858,687.7683219730126,29.78026689691108,48.06974188853076,29.77473999638076,23306.927678111788,6044.482599396142,0.19676087423338548,2.0472243320962105,2260733.6602814426,594.7464688871885
26800.0,4518729.238648249,15781.378935896373,4518940.365837964,690.894779161624,1197.9271271452697,690.7546252100262,29.86323427476178,48.17957111114093,29.857695451319007,23247.453031223067,5985.007952507423,0.19676087423338548,2.0472243320962105,2260733.6602814426,594.7464688871885
26900.0,4518798.477896487,15901.41314405897,4519009.591043049,693.8900172021154,1202.7568388705786,693.7493080937576,29.947431258767537,48.29137443641531,29.94188028574846,23187.97838433435,5925.5333056187055,0.19676087423338548,2.0472243320962105,2260733.6602814426,594.7464688871885
27000.0,4518868.017093103,16021.930887736593,4519079.116140934,696.8937596873885,1207.5978604132847,696.7524941926391,30.032864955501694,48.40516170993324,30.02730160515804,23128.50373744563,5866.058658729988,0.19676087423338548,2.0472243320962105,2260733.6602814426,594.7464688871885
27100.0,4518937.857094756,16142.933307874575,4519148.941988154,699.9061309213489,1212.4503910710866,699.7643077877011,30.119542452026813,48.52094272072476,30.113966495533063,23069.029090556913,5806.584011841269,0.19676087423338548,2.0472243320962105,2260733.6602814426,594.7464688871885
27200.0,4519007.998770569,16264.421565397175,4519219.069453708,702.9272559187926,1217.3146311223763,702.7848738707568,30.20747081802084,48.63872720493016,30.201882025481048,23009.554443668196,5747.10936495255,0.19676087423338548,2.0472243320962105,2260733.6602814426,594.7464688871885
27300.0,4519078.443002204,16386.396841305384,4519289.499419127,705.9572604038033,1222.1907818211703,705.8143181427993,30.29665710788916,48.75852484942867,30.29105524834337,22950.079796779475,5687.634718063831,0.19676087423338548,2.0472243320962105,2260733.6602814426,594.7464688871885
27400.0,4519149.190683931,16508.86033677426,4519360.23277855,708.9962708083606,1227.0790453924062,708.8527670126114,30.387108362881936,48.88034529546867,30.38149320431212,22890.605149890755,5628.1600711751125,0.19676087423338548,2.0472243320962105,2260733.6602814426,594.7464688871885
27500.0,4519220.242722697,16631.813273249794,4519431.270438791,712.044414271162,1231.9796250276029,711.9003475955878,30.47883161320488,49.00419814227979,30.47320292254051,22831.130503002038,5568.685424286394,0.19676087423338548,2.0472243320962105,2260733.6602814426,594.7464688871885
27600.0,4519291.600038198,16755.256892545363,4519502.613319413,715.1018186366549,1236.892724880879,714.9571877127673,30.571833880119392,49.13009295065925,30.56619142324248,22771.65585611332,5509.210777397675,0.19676087423338548,2.0472243320962105,2260733.6602814426,594.7464688871885
27700.0,4519363.263562952,16879.19245693782,4519574.262352793,718.1686124542797,1241.8185500653358,718.0234158900771,30.66612217805846,49.258039246578484,30.66046571980835,22712.1812092246,5449.736130508956,0.19676087423338548,2.0472243320962105,2260733.6602814426,594.7464688871885
27800.0,4519435.234242367,17003.62124926321,4519646.218484198,721.2449249779249,1246.7573066497937,721.0991613577874,30.76170351669853,49.38804652470633,30.75603282087613,22652.70656233588,5390.261483620237,0.19676087423338548,2.0472243320962105,2260733.6602814426,594.7464688871885
27900.0,4519507.513034808,17128.54457301221,4519718.482671853,724.33088616559,1251.7092016558886,724.1845540501755,30.858584903068863,49.520124251989834,30.85289973244054,22593.231915447162,5330.786836731519,0.19676087423338548,2.0472243320962105,2260733.6602814426,594.7464688871885
28000.0,4519580.100911677,17253.963752425265,4519791.055887013,727.426626679259,1256.674443055521,727.2797246053997,30.956773343624704,49.65428187116528,30.95107345992575,22533.757268558446,5271.3121898428,0.19676087423338548,2.0472243320962105,2260733.6602814426,594.7464688871885
28100.0,4519652.998857472,17379.880132587525,4519863.9391140295,730.5322778849824,1261.6532397686583,730.3848043655805,31.056275846316876,49.79052880425576,31.050561010254565,22474.282621669725,5211.837542954081,0.19676087423338548,2.0472243320962105,2260733.6602814426,594.7464688871885
28200.0,4519726.207869867,17506.295079523534,4519937.1333504245,733.647971853166,1266.6458016614888,733.4999253770914,31.157099422669553,49.92887445607562,31.151369393925776,22414.807974781004,5152.362896065362,0.19676087423338548,2.0472243320962105,2260733.6602814426,594.7464688871885
28300.0,4519799.728959775,17633.209980291787,4520010.639606961,736.7738413590679,1271.6523395449217,736.6252203910543,31.259251089825305,50.0693282176711,31.253505627058864,22355.333327892287,5092.8882491766435,0.19676087423338548,2.0472243320962105,2260733.6602814426,594.7464688871885
28400.0,4519873.563151423,17760.626243079143,4520084.45890771,739.9100198835002,1276.6730651734351,739.7608228640433,31.3627378726044,50.21189946977816,31.35697673345279,22295.85868100357,5033.413602287925,0.19676087423338548,2.0472243320962105,2260733.6602814426,594.7464688871885
28500.0,4519947.711482422,17888.54529729513,4520158.592290128,743.0566416137378,1281.7081912442688,742.9068669589919,31.467566805541054,50.35659758623336,31.461789746621974,22236.38403411485,4973.938955399206,0.19676087423338548,2.0472243320962105,2260733.6602814426,594.7464688871885
28600.0,4520022.175003838,18016.968593666214,4520233.040805117,746.21384144463,1286.7579313969572,746.063487546306,31.57374493491147,50.503431937363075,31.56795171182388,22176.90938722613,4914.464308510487,0.19676087423338548,2.0472243320962105,2260733.6602814426,594.7464688871885
28700.0,4520096.954780259,18145.897604329995,4520307.805517106,749.3817549799157,1291.822500213202,749.2308202051785,31.681279320760233,50.652411893362476,31.675469688084974,22117.434740337412,4854.989661621768,0.19676087423338548,2.0472243320962105,2260733.6602814426,594.7464688871885
28800.0,4520172.051889873,18275.333822929457,4520382.887504118,752.5605185337421,1296.902113217082,752.409001225108,31.790177038913612,50.803546827644766,31.784350750213754,22057.960093448695,4795.51501473305,0.19676087423338548,2.0472243320962105,2260733.6602814426,594.7464688871885
28900.0,4520247.4674245315,18405.27876470722,4520458.287857836,755.7502691323837,1301.996986875599,755.5981676076183,31.900445182969975,50.95684612014317,31.89460199079067,21998.485446559975,4736.040367844331,0.19676087423338548,2.0472243320962105,2260733.6602814426,594.7464688871885
29000.0,4520323.202489826,18535.733966599866,4520534.007683684,758.9511445161619,1307.107338599553,758.7984570681779,32.012090866302934,51.1123191606279,32.00623052217094,21939.010799671254,4676.565720955612,0.19676087423338548,2.0472243320962105,2260733.6602814426,594.7464688871885
29100.0,4520399.258205158,18666.700987332395,4520610.048100891,762.1632831415651,1312.2333867447485,762.0100080383193,32.12512122403001,51.269975351955935,32.119243478452816,21879.536152782537,4617.091074066893,0.19676087423338548,2.0472243320962105,2260733.6602814426,594.7464688871885
29200.0,4520475.63570381,18798.181407512788,4520686.410242563,765.3868241835654,1317.3753506135272,765.2329596679564,32.23954341499241,51.42982411333267,32.23364801745707,21820.06150589382,4557.6164271781745,0.19676087423338548,2.0472243320962105,2260733.6602814426,594.7464688871885
29300.0,4520552.336133017,18930.176829726755,4520763.095255762,768.6219075381342,1322.5334504566267,768.4674518278997,32.355364623712504,51.59187488352748,32.34945132268392,21760.5868590051,4498.141780289456,0.19676087423338548,2.0472243320962105,2260733.6602814426,594.7464688871885
29400.0,4520629.360654044,19062.68887863269,4520840.10430157,771.868673824953,1327.7079074753583,771.7136251125667,32.47259206233709,51.75613712405776,32.46666060525614,21701.11221211638,4438.667133400737,0.19676087423338548,2.0472243320962105,2260733.6602814426,594.7464688871885
29500.0,4520706.71044225,19195.71920105683,4520917.438555165,775.1272643903202,1332.898943824107,774.9716208428888,32.59123297257774,51.922620322359876,32.58528310585884,21641.637565227662,4379.192486512018,0.19676087423338548,2.0472243320962105,2260733.6602814426,594.7464688871885
29600.0,4520784.386687166,19329.269466088725,4520995.099205894,778.3978213102515,1338.106782613146,778.2415810694113,32.711294627645245,52.091333994943,32.70532609667372,21582.162918338945,4319.717839623299,0.19676087423338548,2.0472243320962105,2260733.6602814426,594.7464688871885
29700.0,4520862.390592569,19463.341365176973,4521073.087457347,781.6804873937737,1343.3316479117661,781.5236485755868,32.8327843341488,52.26228769047438,32.82679688327778,21522.688271450224,4260.243192734581,0.19676087423338548,2.0472243320962105,2260733.6602814426,594.7464688871885
29800.0,4520940.723376552,19597.93661222529,4521151.404527427,784.97540618641,1348.5737647517174,784.8179668812604,32.95570943402163,52.43549099290279,32.949702806568645,21463.213624561504,4200.768545845862,0.19676087423338548,2.0472243320962105,2260733.6602814426,594.7464688871885
29900.0,4521019.386271601,19733.056943688945,4521230.051648427,788.2827219738581,1353.8333591309593,788.1246802463469,33.08007730640014,52.61095352449431,33.07405124464335,21403.738977672787,4141.293898957143,0.19676087423338548,2.0472243320962105,2260733.6602814426,594.7464688871885
30000.0,4521098.380524666,19868.70411867158,4521309.030067104,791.6025797858546,1359.1106580177159,791.4439336746957,33.20589536951989,52.788684948889575,33.199849614693946,21344.26433078407,4081.819252068424,0.19676087423338548,2.0472243320962105,2260733.6602814426,594.7464688871885
30100.0,4521177.70739724,20004.879919022453,4521388.341044752,794.9351254002328,1364.405889354838,794.7758729181475,33.333171082580606,52.968694974100266,33.32710537487222,21284.78968389535,4022.344605179705,0.19676087423338548,2.0472243320962105,2260733.6602814426,594.7464688871885
30200.0,4521257.36816543,20141.58614943414,4521467.985857277,798.2805053471648,1369.7192820644639,798.1206444807758,33.46191194761847,53.150993355510316,33.45582602616157,21225.31503700663,3962.8699582909862,0.19676087423338548,2.0472243320962105,2260733.6602814426,594.7464688871885
30300.0,4521337.364120033,20278.8246375407,4521547.965795276,801.6388669135928,1375.0510660529806,801.4783956233183,33.59212551135613,53.335589898831444,33.58601911422676,21165.84039011791,3903.3953114022675,0.19676087423338548,2.0472243320962105,2260733.6602814426,594.7464688871885
30400.0,4521417.696566613,20416.597234016368,4521628.282164106,805.010358147845,1380.4014722162813,804.8492743677918,33.72381936704922,53.522494463044715,33.71769223125996,21106.365743229195,3843.9206645135487,0.19676087423338548,2.0472243320962105,2260733.6602814426,594.7464688871885
30500.0,4521498.36682558,20554.90581267478,4521708.936283969,808.3951278644372,1385.7707324453168,808.2334295022937,33.85700115631636,53.711716963306564,33.85085301781063,21046.891096340474,3784.44601762483,0.19676087423338548,2.0472243320962105,2260733.6602814426,594.7464688871885
30600.0,4521579.37623226,20693.75227056877,4521789.929489982,811.7933256490587,1391.1590796319388,811.6310105859864,33.99167857097617,53.903267373858526,33.98550916462197,20987.416449451754,3724.971370736111,0.19676087423338548,2.0472243320962105,2260733.6602814426,594.7464688871885
30700.0,4521660.726136979,20833.138528090763,4521871.263132257,815.2051018637411,1396.5667476750336,815.0421679542661,34.12785935485273,54.0971557308757,34.12166841443626,20927.941802563037,3665.496723847392,0.19676087423338548,2.0472243320962105,2260733.6602814426,594.7464688871885
30800.0,4521742.417905138,20973.06652907381,4521952.938575978,818.630607652209,1401.9939714869413,818.4670527241132,34.265551305587046,54.29339213531728,34.2593385638058,20868.46715567432,3606.022076958673,0.19676087423338548,2.0472243320962105,2260733.6602814426,594.7464688871885
30900.0,4521824.452917291,21113.538240893253,4522034.957201482,822.0699949454132,1407.4409870001612,821.9058167996237,34.40476227644887,54.491986755770256,34.39852746490459,20808.9925087856,3546.5474300699543,0.19676087423338548,2.0472243320962105,2260733.6602814426,594.7464688871885
31000.0,4521906.832569225,21254.555654569092,4522117.320404334,825.523416467244,1412.9080311743405,825.3586128777231,34.545500178106735,54.69294983121341,34.539243027297935,20749.51786189688,3487.0727831812355,0.19676087423338548,2.0472243320962105,2260733.6602814426,594.7464688871885
31100.0,4521989.5582720395,21396.120784869076,4522200.0295954095,828.991025740425,1418.3953420035434,828.8255944540582,34.68777298043616,54.896291673839116,34.68149321975039,20690.04321500816,3427.5981362925168,0.19676087423338548,2.0472243320962105,2260733.6602814426,594.7464688871885
31200.0,4522072.631452227,21538.2356704125,4522283.086200974,832.4729770925856,1423.9031585237979,832.3069158290696,34.8315887142825,55.10202267178919,34.825286071988224,20630.568568119445,3368.1234894037975,0.19676087423338548,2.0472243320962105,2260733.6602814426,594.7464688871885
31300.0,4522156.053551753,21680.902373774814,4522366.491662764,835.9694256625127,1429.4317208209218,835.8027321142422,34.97695547324135,55.310153291913224,34.97062967647958,20571.09392123072,3308.6488425150787,0.19676087423338548,2.0472243320962105,2260733.6602814426,594.7464688871885
31400.0,4522239.8260281375,21824.122981592987,4522450.247438068,839.4805274065804,1434.9812700386228,839.313199238534,35.123881415414125,55.52069408247641,35.117532190189735,20511.619274342003,3249.17419562636,0.19676087423338548,2.0472243320962105,2260733.6602814426,594.7464688871885
31500.0,4522323.950354538,21967.899604671726,4522534.354999807,843.006439105357,1440.5520483868709,842.8384739549824,35.272374765178284,55.7336556758842,35.26600183635103,20452.144627453286,3189.6995487376407,0.19676087423338548,2.0472243320962105,2260733.6602814426,594.7464688871885
31600.0,4522408.42801983,22112.234378090532,4522618.8158366205,846.5473183703884,1446.144299150544,846.3787138474869,35.42244381493489,55.94904879136013,35.41604690621,20392.66998056457,3130.224901848922,0.19676087423338548,2.0472243320962105,2260733.6602814426,594.7464688871885
31700.0,4522493.260528695,22257.12946131163,4522703.631452949,850.1033236511591,1451.7582666983415,849.9340773377684,35.57409692686,56.16688423762258,35.56767576077867,20333.195333675845,3070.750254960203,0.19676087423338548,2.0472243320962105,2260733.6602814426,594.7464688871885
31800.0,4522578.449401698,22402.587038288817,4522788.803369115,853.6746142422287,1457.3941964919693,853.5047236925053,35.72734253465191,56.38717291554558,35.720896832581346,20273.72068678713,3011.2756080714844,0.19676087423338548,2.0472243320962105,2260733.6602814426,594.7464688871885
31900.0,4522663.99617538,22548.60931757723,4522874.333121412,857.261350290544,1463.0523350955893,857.0908130306447,35.882189145276215,56.609925820808144,35.87571862739941,20214.24603989841,2951.8009611827656,0.19676087423338548,2.0472243320962105,2260733.6602814426,594.7464688871885
32000.0,4522749.902402338,22695.198532444076,4522960.222262189,860.8636928029265,1468.7329301855355,860.6925063308882,36.038645340694664,56.83515404650757,36.0321497259999,20154.77139300969,2892.3263142940464,0.19676087423338548,2.0472243320962105,2260733.6602814426,594.7464688871885
32100.0,4522836.169651311,22842.356940980357,4523046.472359934,864.4818036537355,1474.4362305602936,864.3099654393548,36.19671977961448,57.06286878579924,36.19019878588453,20095.29674612097,2832.8516674053276,0.19676087423338548,2.0472243320962105,2260733.6602814426,594.7464688871885
32200.0,4522922.799507272,22990.086826213585,4523133.084999365,868.1158455927059,1480.1624861507469,867.9433530774165,36.35642119922002,57.29308133449794,36.34987454302103,20035.822099232253,2773.377020516609,0.19676087423338548,2.0472243320962105,2260733.6602814426,594.7464688871885
32300.0,4523009.793571514,23138.390496221553,4523220.061781516,871.765982252961,1485.9119480306806,871.592832849711,36.517758416904485,57.5258030936709,36.51118581357457,19976.347452343536,2713.9023736278896,0.19676087423338548,2.0472243320962105,2260733.6602814426,594.7464688871885
32400.0,4523097.153461735,23287.270284247166,4523307.4043238275,875.4323781592002,1491.6848684275506,875.2585692523279,36.6807403320095,57.7610455722357,36.674141495647106,19916.872805454816,2654.427726739171,0.19676087423338548,2.0472243320962105,2260733.6602814426,594.7464688871885
32500.0,4523184.880812131,23436.728548814353,4523395.114260232,879.1151987360616,1497.4815007335105,878.9407276811697,36.84537592755192,57.99882038952758,36.83875057100379,19857.398158566095,2594.953079850452,0.19676087423338548,2.0472243320962105,2260733.6602814426,594.7464688871885
32600.0,4523272.9772734875,23586.7676738451,4523483.193241249,882.8146103166597,1503.302099516701,882.6394744404886,37.01167427197278,58.2391392778963,37.00502210682174,19797.923511677378,2535.4784329617332,0.19676087423338548,2.0472243320962105,2260733.6602814426,594.7464688871885
32700.0,4523361.444513268,23737.390068777637,4523571.642934073,886.530780151298,1509.146920532796,886.354976751598,37.179644520861814,58.482014085252,37.172965257414205,19738.44886478866,2476.0037860730145,0.19676087423338548,2.0472243320962105,2260733.6602814426,594.7464688871885
32800.0,4523450.284215708,23888.598168685763,4523660.465022667,890.2638764163577,1515.0162207368096,890.0874027617597,37.34929591870716,58.72745677764579,37.34258926597997,19678.97421789994,2416.529139184295,0.19676087423338548,2.0472243320962105,2260733.6602814426,594.7464688871885
32900.0,4523539.498081908,24040.394434399404,4523749.661207858,894.0140682233614,1520.910258295161,893.8369215532464,37.52063780063637,58.97547944182605,37.51390346634412,19619.49957101122,2357.0544922955764,0.19676087423338548,2.0472243320962105,2260733.6602814426,594.7464688871885
33000.0,4523629.087829924,24192.78135262636,4523839.233207424,897.7815256282138,1526.829292597997,897.6037031525809,37.693679594165545,59.226094287799995,37.68691728470687,19560.024924122503,2297.5798454068577,0.19676087423338548,2.0472243320962105,2260733.6602814426,594.7464688871885
33100.0,4523719.05519487,24345.7614360753,4523929.182756198,901.5664196406191,1532.7735842717748,901.3879185399521,37.8684308209587,59.47931365140319,37.8616402414027,19500.550277233786,2238.1051985181384,0.19676087423338548,2.0472243320962105,2260733.6602814426,594.7464688871885
33200.0,4523809.401929004,24499.337223580045,4524019.511606156,905.3689222336748,1538.7433951921012,905.1897396588079,38.04490109857366,59.73514999683723,38.038081952645854,19441.07563034506,2178.6305516294196,0.19676087423338548,2.0472243320962105,2260733.6602814426,594.7464688871885
33300.0,4523900.129801834,24653.511280225135,4524110.221526518,909.1892063536447,1544.7389884968316,909.009339425626,38.22310014224315,59.99361591925775,38.21625213231118,19381.600983456345,2119.155904740701,0.19676087423338548,2.0472243320962105,2260733.6602814426,594.7464688871885
33400.0,4523991.240600211,24808.28619747272,4524201.314303846,913.0274459299102,1550.7606285994273,912.8468917398642,38.40303776664545,60.254724147335494,38.39616059370461,19322.126336567628,2059.681257851982,0.19676087423338548,2.0472243320962105,2260733.6602814426,594.7464688871885
33500.0,4524082.736128426,24963.664593290803,4524292.79174214,916.8838158851008,1556.8085812025736,916.7025714940899,38.58472388768463,60.518487545824016,38.577817251342935,19262.651689678907,2000.206610963263,0.19676087423338548,2.0472243320962105,2260733.6602814426,594.7464688871885
33600.0,4524174.618208316,25119.64911228286,4524384.655662941,920.7584921454066,1562.8831133120568,920.5765545842897,38.768168524289734,60.784919118149816,38.761232122752816,19203.177042790187,1940.731964074544,0.19676087423338548,2.0472243320962105,2260733.6602814426,594.7464688871885
33700.0,4524266.888679359,25276.24242581885,4524476.907905427,924.651651651071,1568.9844932509027,924.4690179203619,38.95338180021077,61.0540320089877,38.94641533026644,19143.70239590147,1881.2573171858253,0.19676087423338548,2.0472243320962105,2260733.6602814426,594.7464688871885
33800.0,4524359.549398779,25433.447232167666,4524569.550326522,928.5634723670667,1575.1129906737772,928.3801394367904,39.14037394584447,61.32583950687624,39.13337710284704,19084.227749012753,1821.7826702971065,0.19676087423338548,2.0472243320962105,2260733.6602814426,594.7464688871885
33900.0,4524452.602241649,25591.266256631025,4524662.584800995,932.4941332939565,1581.2688765816506,932.3100981035038,39.32915530006024,61.600355046824035,39.32212777791451,19024.753102124032,1762.3080234083875,0.19676087423338548,2.0472243320962105,2260733.6602814426,594.7464688871885
34000.0,4524546.049100994,25749.702251678853,4524756.013221561,936.4438144789393,1587.4524233367256,936.2590739369202,39.5197363120375,61.87759221292475,39.51267780318243,18965.27845523531,1702.8333765196685,0.19676087423338548,2.0472243320962105,2260733.6602814426,594.7464688871885
34100.0,4524639.891887896,25908.757997086163,4524849.837498993,940.4126970270826,1593.6639046776315,940.2272480111773,39.71212754313159,62.15756474101061,39.705037738523735,18905.803808346594,1643.3587296309497,0.19676087423338548,2.0472243320962105,2260733.6602814426,594.7464688871885
34200.0,4524734.132531601,26068.436300071473,4524944.059562223,944.400963112744,1599.9035957348863,944.2148024695526,39.90633966874295,62.440286521300834,39.89921825783957,18846.329161457877,1583.884082742231,0.19676087423338548,2.0472243320962105,2260733.6602814426,594.7464688871885
34300.0,4524828.772979627,26228.739995436787,4525038.681358453,948.4087959911834,1606.171773046629,948.2219205360745,40.10238348021273,62.72577160108429,40.09523015095465,18786.854514569157,1524.409435853512,0.19676087423338548,2.0472243320962105,2260733.6602814426,594.7464688871885
34400.0,4524923.815197873,26389.671945709146,4525133.70485326,952.4363800103666,1612.4687145746211,952.2487865273231,40.30026988672691,63.01403418740571,40.29308432552095,18727.379867680436,1464.9347889647931,0.19676087423338548,2.0472243320962105,2260733.6602814426,594.7464688871885
34500.0,4525019.261170726,26551.235041283813,4525229.13203071,956.4839006229638,1618.7946997205254,956.2955858644274,40.50000991725485,63.30508864979957,40.49279180895618,18667.90522079172,1405.4601420760741,0.19676087423338548,2.0472243320962105,2260733.6602814426,594.7464688871885
34600.0,4525115.112901176,26713.432200569092,4525324.964893465,960.5515443985433,1625.1500093424575,960.3625050852575,40.70161472249019,63.598949523016586,40.694363750384134,18608.430573903,1345.9854951873554,0.19676087423338548,2.0472243320962105,2260733.6602814426,594.7464688871885
34700.0,4525211.372410926,26876.266370132813,4525421.2054629,964.6394990359654,1631.5349257718183,964.4497318568158,40.90509557683568,63.89563150981324,40.897811422619355,18548.955927014278,1286.5108482986366,0.19676087423338548,2.0472243320962105,2260733.6602814426,594.7464688871885
34800.0,4525308.041740506,27039.740524850513,4525517.855779211,968.7479533759747,1637.9497328304078,968.5574549878285,41.110463880388636,64.19514948373131,41.1031462241523,18489.48128012556,1227.0362014099176,0.19676087423338548,2.0472243320962105,2260733.6602814426,594.7464688871885
34900.0,4525405.122949387,27203.85766805535,4525614.917901534,972.8770974139977,1644.394715847823,972.6858644415405,41.317731160967156,64.49751849193416,41.310379681175135,18430.006633236844,1167.5615545211988,0.19676087423338548,2.0472243320962105,2260733.6602814426,594.7464688871885
35000.0,4525502.618116098,27368.62083168977,4525712.393908058,977.027122313145,1650.8701616791432,976.835151348716,41.5269090761612,64.80275375807346,41.51952344963261,18370.531986348124,1108.0869076324798,0.19676087423338548,2.0472243320962105,2260733.6602814426,594.7464688871885
35100.0,4525600.529338346,27534.03307645895,4525810.285896148,981.1982204174226,1657.3763587229078,981.0055080208474,41.738009415405344,65.11087068518069,41.73058931729442,18311.057339459403,1048.612260743761,0.19676087423338548,2.0472243320962105,2260733.6602814426,594.7464688871885
35200.0,4525698.858733129,27700.097491986067,4525908.595982456,985.3905852651544,1663.9135969393883,985.1971279635768,41.9510441020852,65.42188485860274,41.943589205861315,18251.582692570686,989.1376138550422,0.19676087423338548,2.0472243320962105,2260733.6602814426,594.7464688871885
35300.0,4525797.60843686,27866.817196969387,4526007.326303046,989.6044116026201,1670.4821678691599,989.4102058903306,42.16602519566967,65.73581204896914,42.15853517309708,18192.10804568197,929.6629669663233,0.19676087423338548,2.0472243320962105,2260733.6602814426,594.7464688871885
35400.0,4525896.780605489,28034.19533934125,4526106.479013517,993.8398953979093,1677.0823646519743,993.6449377361728,42.38296489388536,66.05266821521751,42.37543941500253,18132.63339879325,870.1883200776044,0.19676087423338548,2.0472243320962105,2260733.6602814426,594.7464688871885
35500.0,4525996.280386232,28202.09791293079,4526205.959275931,996.1578384504105,1680.972674725157,995.9624291398382,23.242916497802035,39.00998573517113,23.238387591152787,18086.57397780687,824.1288990912276,0.19676087423338548,2.0472243320962105,2260733.6602814426,594.7464688871885
35600.0,4526096.012918134,28370.391003569475,4526305.672244172,998.4949026545247,1684.8926791427516,998.2990383151907,23.433651089489597,39.3061370206675,23.429088475315176,18047.899430301626,785.4543515859814,0.19676087423338548,2.0472243320962105,2260733.6602814426,594.7464688871885
35700.0,4526195.980111294,28539.077576873377,4526405.619827999,1000.8510479444116,1688.8423020143064,1000.654725205444,23.62399372064837,39.60154363947265,23.61939748784452,18009.224882796378,746.7798040807352,0.19676087423338548,2.0472243320962105,2260733.6602814426,594.7464688871885
35800.0,4526296.183871897,28708.16059102087,4526505.80393326,1003.2262361300917,1692.8214704634931,1003.0294516293263,23.81396291638683,39.89623534634459,23.8093331504325,17970.550335291133,708.105256575489,0.19676087423338548,2.0472243320962105,2260733.6602814426,594.7464688871885
35900.0,4526396.6261024,28877.64299705059,4526606.226462077,1005.6204308561237,1696.830114559137,1005.4231812397657,24.003576794891828,40.19024121678349,23.998913577927944,17931.875787785888,669.4307090702428,0.19676087423338548,2.0472243320962105,2260733.6602814426,594.7464688871885
36000.0,4526497.308701716,29047.527739152567,4526706.889313029,1008.0335975614845,1700.8681672482328,1007.8358794837783,24.192853079248763,40.48358966655058,24.188156490154725,17893.201240280643,630.7561615649965,0.19676087423338548,2.0472243320962105,2260733.6602814426,594.7464688871885
36100.0,4526598.23356539,29217.81775495279,4526807.794381325,1010.4657034406118,1704.9355642908804,1010.2675135635183,24.38180910884666,40.7763084705003,24.37707922331463,17854.526692775395,592.0816140597503,0.19676087423338548,2.0472243320962105,2260733.6602814426,594.7464688871885
36200.0,4526699.402585772,29388.51597579133,4526908.943558983,1012.9167174055707,1709.0322441970754,1012.7180523984513,24.570461850446975,41.068424780857896,24.56569874105412,17815.852145270146,553.4070665545041,0.19676087423338548,2.0472243320962105,2260733.6602814426,594.7464688871885
36300.0,4526800.817652188,29559.625326994257,4527010.338734995,1015.3866100493087,1713.1581481653,1015.1874665886174,24.758827908872746,41.35996514486891,24.754031645151393,17777.1775977649,514.7325190492579,0.19676087423338548,2.0472243320962105,2260733.6602814426,594.7464688871885
36400.0,4526902.480651106,29731.148728139462,4527111.981795497,1017.8753536099649,1717.3132200228497,1017.6757283789468,24.946923537362593,41.65095552189487,24.94209418586841,17738.503050259656,476.0579715440117,0.19676087423338548,2.0472243320962105,2260733.6602814426,594.7464688871885
36500.0,4527004.393466298,29903.08909331666,4527213.874623931,1020.3829219361982,1721.4974061678465,1020.1828116245944,25.134764647595944,41.94142129996584,25.12990227197421,17699.82850275441,437.3834240387655,0.19676087423338548,2.0472243320962105,2260733.6602814426,594.7464688871885
36600.0,4527106.557979,30075.449331381613,4527316.019101202,1022.9092904535033,1725.7106555128817,1022.708691757263,25.322366819416782,42.231387311834965,25.317471480466843,17661.153955249163,398.7088765335193,0.19676087423338548,2.0472243320962105,2260733.6602814426,594.7464688871885
36700.0,4527208.976068068,30248.232346204844,4527418.417105836,1025.4544361314845,1729.9529194302386,1025.2533457524828,25.50974531022977,42.52087785049076,25.504817065967618,17622.47940774392,360.0343290282731,0.19676087423338548,2.0472243320962105,2260733.6602814426,594.7464688871885
36800.0,4527311.649610133,30421.441036914915,4527521.070514133,1028.0183374520557,1734.2241516986464,1027.8167520978186,25.69691506412957,42.809916684229265,25.69195396984874,17583.80486023867,321.35978152302687,0.19676087423338548,2.0472243320962105,2260733.6602814426,594.7464688871885
36900.0,4527414.580479746,30595.078298136486,4527623.981200317,1030.6009743785396,1738.5243084515178,1030.3988907619737,25.883890720734875,43.09852707123745,25.878896829065656,17545.130312733425,282.68523401778066,0.19676087423338548,2.0472243320962105,2260733.6602814426,594.7464688871885
37000.0,4527517.770549528,30769.14702022324,4527727.151036679,1033.2023283256385,1742.853348126624,1032.9997431647673,26.0706866237619,43.38673177374619,26.06565998472888,17506.45576522818,244.01068651253445,0.19676087423338548,2.0472243320962105,2260733.6602814426,594.7464688871885
37100.0,4527621.221690314,30943.650089485876,4527830.581893726,1035.8223821302493,1747.211231417166,1035.619292147955,26.257316829344347,43.67455307176428,26.252257490422398,17467.78121772293,205.33613900728824,0.19676087423338548,2.0472243320962105,2260733.6602814426,594.7464688871885
37200.0,4527724.93577129,31118.590388415243,4527934.275640318,1038.4611200230988,1751.5979212241973,1038.2575219468704,26.443795114092367,43.96201277638048,26.438703120261053,17429.106670217687,166.66159150204203,0.19676087423338548,2.0472243320962105,2260733.6602814426,594.7464688871885
37300.0,4527828.914660137,31293.970795900823,4528038.234143808,1041.1185276011752,1756.013382610362,1040.91441816286,26.630134982926712,44.249132242694245,26.62501037672325,17390.43212271244,127.98704399679582,0.19676087423338548,2.0472243320962105,2260733.6602814426,594.7464688871885
37400.0,4527933.16022316,31469.794187444608,4528142.459270174,1043.7945918009304,1760.457582754905,1043.5899677364932,26.816349676680325,44.53593238236169,26.811192498251067,17351.757575207193,89.31249649154961,0.19676087423338548,2.0472243320962105,2260733.6602814426,594.7464688871885
37500.0,4528037.674325425,31646.06343537058,4528246.952884156,1046.489300872233,1764.9304909099205,1046.2841589215184,27.002452179471703,44.82243367576408,26.99726246662223,17313.08302770195,50.63794898630341,0.19676087423338548,2.0472243320962105,2260733.6602814426,594.7464688871885
37600.0,4528142.458830888,31822.781409029845,4528351.716849385,1049.2026443530485,1769.4320783578023,1048.996981259549,27.188455225885328,45.10865618385735,27.18323301412913,17274.408480196704,11.963401481057204,0.19676087423338548,2.0472243320962105,2260733.6602814426,594.7464688871885
37700.0,4528247.289729363,31999.631607106967,4528456.527190745,1047.419321739289,1767.5784107976947,1047.2138417886881,-17.713846974403758,-18.341680500155835,-17.712038032589973,17262.445078715646,0.0,0.19676087423338548,2.0472243320962105,2260733.6602814426,594.7464688871885
37800.0,4528351.9434842635,32176.298380177588,4528561.160406621,1045.6596707650103,1765.7634141845792,1045.4543694975496,-17.480177281284632,-17.95986631376688,-17.478412374871894,17262.445078715646,0.0,0.19676087423338548,2.0472243320962105,2260733.6602814426,594.7464688871885
37900.0,4528456.422432447,32352.78554663858,4528665.61883343,1043.9230884896472,1763.9861196626355,1043.717961556836,-17.25244162466738,-17.587588670360155,-17.250719658400335,17262.445078715646,0.0,0.19676087423338548,2.0472243320962105,2260733.6602814426,594.7464688871885
38000.0,4528560.728851423,32529.09682951155,4528769.904748253,1042.208990799163,1762.2455883857024,1042.0040339603388,-17.030455419439644,-17.224553327441996,-17.028775331785567,17262.445078715646,0.0,0.19676087423338548,2.0472243320962105,2260733.6602814426,594.7464688871885
38100.0,4528664.864961201,32705.23585938572,4528874.02037068,1040.516811681551,1760.5409103648065,1040.3120208005726,-16.81404115405605,-16.870477294580205,-16.81240191591597,17262.445078715646,0.0,0.19676087423338548,2.0472243320962105,2260733.6602814426,594.7464688871885
38200.0,4528768.8329260675,32881.20617724828,4528977.967864588,1038.8460025359884,1758.871203369217,1038.641373578054,-16.603028063357776,-16.52508831301833,-16.601428676837205,17262.445078715646,0.0,0.19676087423338548,2.0472243320962105,2260733.6602814426,594.7464688871885
38300.0,4528872.63485629,33057.01123720736,4529081.749339846,1037.1960315138138,1757.235611878116,1036.9915605424003,-16.397251819128964,-16.188124363502038,-16.395691316364992,17262.445078715646,0.0,0.19676087423338548,2.0472243320962105,2260733.6602814426,594.7464688871885
38400.0,4528976.2728097625,33232.654409112656,4529185.36685396,1035.5663828896063,1755.6333060801458,1035.362066063522,-16.196554237297093,-15.859333200580027,-16.195031679338854,17262.445078715646,0.0,0.19676087423338548,2.0472243320962105,2260733.6602814426,594.7464688871885
38500.0,4529079.748793587,33408.138981078184,4529288.822413653,1033.9565564607576,1754.0634809182716,1033.752390031305,-16.000783000749827,-15.538471911744633,-15.999297476489431,17262.445078715646,0.0,0.19676087423338548,2.0472243320962105,2260733.6602814426,594.7464688871885
38600.0,4529183.0647656,33583.46816191181,4529392.117976389,1032.3660669740188,1752.525355177553,1032.1620472822617,-15.809791396824403,-15.225306499911847,-15.80834202197569,17262.445078715646,0.0,0.19676087423338548,2.0472243320962105,2260733.6602814426,594.7464688871885
38700.0,4529286.222635833,33758.64508345554,4529495.25545184,1030.794443577605,1751.018170613559,1030.5905670517357,-15.623438068553899,-14.919611487781465,-15.622023984676549,17262.445078715646,0.0,0.19676087423338548,2.0472243320962105,2260733.6602814426,594.7464688871885
38800.0,4529389.2242679335,33933.672802840585,4529598.236703302,1029.2412292975189,1749.5411911193073,1029.0374924503203,-15.44158677889291,-14.621169542845525,-15.440207152459458,17262.445078715646,0.0,0.19676087423338548,2.0472243320962105,2260733.6602814426,594.7464688871885
38900.0,4529492.071480525,34108.55430466099,4529701.06354905,1027.705980536838,1748.0937019287235,1027.502379963238,-15.264106187091055,-14.32977112171662,-15.262760208594667,17262.445078715646,0.0,0.19676087423338548,2.0472243320962105,2260733.6602814426,594.7464688871885
39000.0,4529594.766048518,34283.29250306936,4529803.73776366,1026.1882665967862,1746.6750088547483,1025.9847989714974,-15.09086963654624,-14.04521413271836,-15.089556519647147,17262.445078715646,0.0,0.19676087423338548,2.0472243320962105,2260733.6602814426,594.7464688871885
39100.0,4529697.30970438,34457.890243798036,4529906.261079271,1024.687669218473,1745.284437560317,1024.4843312937182,-14.921754953437928,-13.767303615622321,-14.920473934146521,17262.445078715646,0.0,0.19676087423338548,2.0472243320962105,2260733.6602814426,594.7464688871885
39200.0,4529799.704139356,34632.35030610895,4530008.635186807,1023.2037821442592,1743.921332860552,1023.0005707475754,-14.756644255516331,-13.495851437539134,-14.755394591411097,17262.445078715646,0.0,0.19676087423338548,2.0472243320962105,2260733.6602814426,594.7464688871885
39300.0,4529901.951004648,34806.6754046752,4530110.861737156,1021.7362106977587,1742.5850580545953,1021.5331227298776,-14.595423770461773,-13.230676004032034,-14.594204739940327,17262.445078715646,0.0,0.19676087423338548,2.0472243320962105,2260733.6602814426,594.7464688871885
39400.0,4530004.051912552,34980.86819139722,4530212.942342308,1020.2845713815489,1741.2749942856055,1020.0816038143519,-14.437983663280887,-12.971601984606256,-14.436794564842437,17262.445078715646,0.0,0.19676087423338548,2.0472243320962105,2260733.6602814426,594.7464688871885
39500.0,4530106.008437557,35154.931257156284,4530314.878576454,1018.8484914917125,1739.990539927524,1018.6456413662546,-14.284217872190451,-12.718460051696743,-14.283058023748172,17262.445078715646,0.0,0.19676087423338548,2.0472243320962105,2260733.6602814426,594.7464688871885
39600.0,4530207.822117408,35328.86713350803,4530416.671977043,1017.4276087483852,1738.7311099972947,1017.224873172987,-14.134023952552136,-12.471086632464273,-14.132892690773954,17262.445078715646,0.0,0.19676087423338548,2.0472243320962105,2260733.6602814426,594.7464688871885
39700.0,4530309.494454125,35502.67829431835,4530518.324045812,1016.0215709415266,1737.4961355912978,1015.8189470899307,-13.987302928380167,-12.229323672636694,-13.986199608056609,17262.445078715646,0.0,0.19676087423338548,2.0472243320962105,2260733.6602814426,594.7464688871885
39800.0,4530411.026914999,35676.367157344124,4530619.836249771,1014.630035591181,1736.285063344825,1014.4275207007701,-13.843959150991694,-11.99301841170981,-13.842883144429479,17262.445078715646,0.0,0.19676087423338548,2.0472243320962105,2260733.6602814426,594.7464688871885
39900.0,4530512.420933544,35849.93608576103,4530721.210022162,1013.2526696215293,1735.097354913489,1013.0502609916039,-13.703900164448697,-11.762023168954435,-13.702850860888837,17262.445078715646,0.0,0.19676087423338548,2.0472243320962105,2260733.6602814426,594.7464688871885
40000.0,4530613.677910424,36023.38738964048,4530822.446763382,1011.8891490480763,1733.932486475523,1011.6868440381895,-13.567036577363856,-11.536195139542953,-13.566013382423122,17262.445078715646,0.0,0.19676087423338548,2.0472243320962105,2260733.6602814426,594.7464688871885
40100.0,4530714.799214348,36196.723327377855,4530923.547841879,1010.5391586773509,1732.789948253979,1010.3369547056978,-13.433281940770264,-11.31539620032348,-13.432284275904866,17262.445078715646,0.0,0.19676087423338548,2.0472243320962105,2260733.6602814426,594.7464688871885
40200.0,4530815.786182932,36369.946107073905,4531024.514595011,1009.2023918185319,1731.6692440578915,1009.0002863603916,-13.302552631695944,-11.099492724666785,-13.30157993368646,17262.445078715646,0.0,0.19676087423338548,2.0472243320962105,2260733.6602814426,594.7464688871885
40300.0,4530916.640123536,36543.05788787113,4531125.348329891,1007.8785500064422,1730.5698908415222,1007.6765405926702,-13.174767742158725,-10.888355405936005,-13.17381946261521,17262.445078715646,0.0,0.19676087423338548,2.0472243320962105,2260733.6602814426,594.7464688871885
40400.0,4531017.362314074,36716.060781247004,4531226.0503241895,1006.5673427353868,1729.4914182808461,1006.365426950956,-13.049848973273413,-10.681859089086952,-13.04892457815983,17262.445078715646,0.0,0.19676087423338548,2.0472243320962105,2260733.6602814426,594.7464688871885
40500.0,4531117.954003798,36888.95685226566,4531326.621826917,1005.2684872033329,1728.4333683664884,1005.0666626859212,-12.927720534223386,-10.47988261000727,-12.926819503400413,17262.445078715646,0.0,0.19676087423338548,2.0472243320962105,2260733.6602814426,594.7464688871885
40600.0,4531218.416414051,37061.74812078965,4531427.064059186,1003.9817080659635,1727.3952950123587,1003.7799725045862,-12.808309045813541,-10.28230864214092,-12.807430872598964,17262.445078715646,0.0,0.19676087423338548,2.0472243320962105,2260733.6602814426,594.7464688871885
40700.0,4531318.75073901,37234.43656265334,4531527.378214941,1002.7067372001537,1726.3767636792736,1002.5050883338394,-12.691543448396068,-10.089023550070015,-12.690687639141917,17262.445078715646,0.0,0.19676087423338548,2.0472243320962105,2260733.6602814426,594.7464688871885
40800.0,4531418.958146387,37407.024110799386,4531627.565461674,1001.4433134764478,1725.377351012889,1001.2417490929549,-12.577354913911822,-9.899917249640971,-12.576520987597572,17262.445078715646,0.0,0.19676087423338548,2.0472243320962105,2260733.6602814426,594.7464688871885
40900.0,4531519.039778123,37579.51265637967,4531727.626941105,1000.1911825401332,1724.3966444953053,999.9897004747075,-12.46567676186421,-9.714883074347343,-12.46486424970524,17262.445078715646,0.0,0.19676087423338548,2.0472243320962105,2260733.6602814426,594.7464688871885
41000.0,4531618.996751052,37751.904049822086,4531827.5637698565,998.9500966005309,1723.4342421097365,998.7486947347003,-12.356444379001196,-9.533817647609494,-12.355652824071907,17262.445078715646,0.0,0.19676087423338548,2.0472243320962105,2260733.6602814426,594.7464688871885
41100.0,4531718.830157553,37924.2001018644,4531927.377040094,997.7198142281377,1722.4897520176685,997.5184904885451,-12.249595142533678,-9.356620760679883,-12.248824099404573,17262.445078715646,0.0,0.19676087423338548,2.0472243320962105,2260733.6602814426,594.7464688871885
41200.0,4531818.541066167,38096.40258455645,4532027.067820155,996.5001001592801,1721.5627922479575,996.2988525165512,-12.145068346699695,-9.183195255869412,-12.144317381087859,17262.445078715646,0.0,0.19676087423338548,2.0472243320962105,2260733.6602814426,594.7464688871885
41300.0,4531918.130522211,38268.51323223178,4532126.637155157,995.2907251079489,1720.65299039735,995.0895515755942,-12.042805132517254,-9.013446914846002,-12.04207382094961,17262.445078715646,0.0,0.19676087423338548,2.0472243320962105,2260733.6602814426,594.7464688871885
41400.0,4532017.599548365,38440.53374244996,4532226.086067582,994.0914655845074,1719.7599833419313,993.890364217858,-11.942748420560559,-8.847284351741733,-11.942036350049367,17262.445078715646,0.0,0.19676087423338548,2.0472243320962105,2260733.6602814426,594.7464688871885
41500.0,4532116.949145243,38612.46577691049,4532325.415557851,992.9021037209766,1718.883416959032,992.701072616151,-11.844842846609785,-8.684618910830176,-11.844149614339868,17262.445078715646,0.0,0.19676087423338548,2.0472243320962105,2260733.6602814426,594.7464688871885
41600.0,4532216.180291943,38784.31096233946,4532424.6266048765,991.7224271026171,1718.0229458591482,991.5214643955195,-11.749034700041562,-8.525364568563615,-11.748359913068748,17262.445078715646,0.0,0.19676087423338548,2.0472243320962105,2260733.6602814426,594.7464688871885
41700.0,4532315.293946593,38956.07089134987,4532523.720166599,990.5522286055417,1717.1782331274478,990.3513324708892,-11.655271864812223,-8.369437839732969,-11.654615139772533,17262.445078715646,0.0,0.19676087423338548,2.0472243320962105,2260733.6602814426,594.7464688871885
41800.0,4532414.291046862,39127.74712327652,4532622.697180509,989.3913062401042,1716.3489500744645,989.1904748904831,-11.563503762924238,-8.216757687578232,-11.562864725753371,17262.445078715646,0.0,0.19676087423338548,2.0472243320962105,2260733.6602814426,594.7464688871885
41900.0,4532513.172510471,39299.34118498649,4532721.55856415,988.239462999823,1715.5347759955903,988.0386946847722,-11.473681300241342,-8.067245437633481,-11.473059585904036,17262.445078715646,0.0,0.19676087423338548,2.0472243320962105,2260733.6602814426,594.7464688871885
42000.0,4532611.939235686,39470.85457166595,4532820.305215614,987.0965067156098,1714.7353979390039,986.8957997207315,-11.385756814553853,-7.920824695151656,-11.385152066782684,17262.445078715646,0.0,0.19676087423338548,2.0472243320962105,2260733.6602814426,594.7464688871885
42100.0,4532710.592101791,39642.28874758414,4532918.938014015,985.9622499150852,1713.9505104816863,985.7616025611801,-11.299684025776301,-7.777421265920082,-11.29909589681957,17262.445078715646,0.0,0.19676087423338548,2.0472243320962105,2260733.6602814426,594.7464688871885
42200.0,4532809.13196955,39813.64514683541,4533017.457819951,984.8365096867703,1713.1798155131905,984.635920328999,-11.215417988177675,-7.636963080308314,-11.214846138555986,17262.445078715646,0.0,0.19676087423338548,2.0472243320962105,2260733.6602814426,594.7464688871885
42300.0,4532907.559681659,39984.925174059965,4533115.865475957,983.719107548959,1712.4230220268516,983.518574576026,-11.132915044558974,-7.499380120413939,-11.132359142830158,17262.445078715646,0.0,0.19676087423338548,2.0472243320962105,2260733.6602814426,594.7464688871885
42400.0,4533005.876063184,40156.13020514409,4533214.161806938,982.6098693230782,1711.6798459181339,982.4093911564402,-11.052132782274299,-7.3646043501395635,-11.051592504806337,17262.445078715646,0.0,0.19676087423338548,2.0472243320962105,2260733.6602814426,594.7464688871885
42500.0,4533104.081921982,40327.26158790058,4533312.347620595,981.5086250113579,1710.9500097898288,981.3082001044531,-10.973029991017212,-7.232569648077408,-10.972505021768868,17262.445078715646,0.0,0.19676087423338548,2.0472243320962105,2260733.6602814426,594.7464688871885
42600.0,4533202.178049114,40498.320642730025,4533410.423707836,980.4152086786373,1710.2332427638298,980.2148355161376,-10.895566622291996,-7.103211743073813,-10.895056652600799,17262.445078715646,0.0,0.19676087423338548,2.0472243320962105,2260733.6602814426,594.7464688871885
42700.0,4533300.1652192455,40669.30866326353,4533508.390843177,979.3294583381431,1709.5292802992226,979.1291354352261,-10.819703750484372,-6.976468152336596,-10.819208478861709,17262.445078715646,0.0,0.19676087423338548,2.0472243320962105,2260733.6602814426,594.7464688871885
42800.0,4533398.044191037,40840.22691698764,4533606.249785131,978.2512158410836,1708.83786401644,978.0509417427254,-10.74540353547161,-6.852278121991513,-10.744922667404625,17262.445078715646,0.0,0.19676087423338548,2.0472243320962105,2260733.6602814426,594.7464688871885
42900.0,4533495.815707522,41011.07664585188,4533704.001276587,977.1803267699079,1708.158741527247,976.980100050195,-10.672629186687717,-6.7305825699515625,-10.672162434447738,17262.445078715646,0.0,0.19676087423338548,2.0472243320962105,2260733.6602814426,594.7464688871885
43000.0,4533593.480496475,41181.85906685965,4533801.646045177,976.1166403350882,1707.4916662703235,975.9164595965487,-10.601344928592262,-6.611324031019382,-10.600892011049533,17262.445078715646,0.0,0.19676087423338548,2.0472243320962105,2260733.6602814426,594.7464688871885
43100.0,4533691.039270764,41352.57537264293,4533899.184803635,975.0600092752883,1706.8363973522328,974.8598731482408,-10.53151596747211,-6.494446604109065,-10.53107660991656,17262.445078715646,0.0,0.19676087423338548,2.0472243320962105,2260733.6602814426,594.7464688871885
43200.0,4533788.49272871,41523.226732021314,4533996.618250142,974.0102897607874,1706.1926993935642,973.8101969027077,-10.463108459513544,-6.379895901487341,-10.462682393481362,17262.445078715646,0.0,0.19676087423338548,2.0472243320962105,2260733.6602814426,594.7464688871885
43300.0,4533885.8415544145,41693.814290545924,4534093.947068669,972.9673413000353,1705.5603423800546,972.7672903949402,-10.396089480100926,-6.267618999966394,-10.39567644320675,17262.445078715646,0.0,0.19676087423338548,2.0472243320962105,2260733.6602814426,594.7464688871885
43400.0,4533983.086418093,41864.33917102869,4534191.171929301,971.9310266492189,1704.9391015184963,971.7310164070668,-10.330426994275726,-6.157564393940993,-10.330026730050175,17262.445078715646,0.0,0.19676087423338548,2.0472243320962105,2260733.6602814426,594.7464688871885
43500.0,4534080.227976398,42034.80247405745,4534288.293488561,970.9012117247273,1704.328757097253,970.7012408808342,-10.266089828310305,-6.049681950198335,-10.265702086042719,17262.445078715646,0.0,0.19676087423338548,2.0472243320962105,2260733.6602814426,594.7464688871885
43600.0,4534177.2668727245,42205.205278497306,4534385.312389722,969.8777655184049,1703.7290943512096,969.6778328328763,-10.203047642348217,-5.9439228644237305,-10.202672176934358,17262.445078715646,0.0,0.19676087423338548,2.0472243320962105,2260733.6602814426,594.7464688871885
43700.0,4534274.203737521,42375.54864197872,4534482.229263106,968.8605600154897,1703.139903330988,968.6606642726674,-10.141270904068708,-5.840239619335492,-10.140907475863264,17262.445078715646,0.0,0.19676087423338548,2.0472243320962105,2260733.6602814426,594.7464688871885
43800.0,4534371.039188577,42545.833601372695,4534579.044726386,967.8494701151359,1702.560978776274,967.6496101230592,-10.080730863318134,-5.738585944355812,-10.080379237991842,17262.445078715646,0.0,0.19676087423338548,2.0472243320962105,2260733.6602814426,594.7464688871885
43900.0,4534467.773831317,42716.06117325353,4534675.759384866,966.8443735534262,1701.9921199930989,966.6445481433075,-10.021399527687462,-5.638916776787625,-10.021059476088674,17262.445078715646,0.0,0.19676087423338548,2.0472243320962105,2260733.6602814426,594.7464688871885
44000.0,4534564.408259078,42886.232354349486,4534772.373831767,965.8451508287814,1701.433130734935,965.6453588544947,-9.963249638974712,-5.541188224396979,-9.962920936995246,17262.445078715646,0.0,0.19676087423338548,2.0472243320962105,2260733.6602814426,594.7464688871885
44100.0,4534660.94305338,43056.348121981704,4534868.888648496,964.8516851296803,1700.8838190874621,964.6519254672638,-9.906254650510062,-5.4453575293677705,-9.905937078955183,17262.445078715646,0.0,0.19676087423338548,2.0472243320962105,2260733.6602814426,594.7464688871885
44200.0,4534757.378784195,43226.40943449185,4534965.304404914,963.8638622646059,1700.3439973568734,963.664133811777,-9.850388705302157,-5.351383033562144,-9.850082049764543,17262.445078715646,0.0,0.19676087423338548,2.0472243320962105,2260733.6602814426,594.7464688871885
44300.0,4534853.716010203,43396.41723165871,4535061.621659593,962.8815705941378,1699.8134819615925,962.68187226982,-9.79562661496956,-5.259224145028808,-9.795330665707091,17262.445078715646,0.0,0.19676087423338548,2.0472243320962105,2260733.6602814426,594.7464688871885
44400.0,4534949.955279045,43566.372435104124,4535157.840960065,961.9047009651122,1699.2920933272794,961.7050317089754,-9.741943839427218,-5.168841305711805,-9.741658391244467,17262.445078715646,0.0,0.19676087423338548,2.0472243320962105,2260733.6602814426,594.7464688871885
44500.0,4535046.097127569,43736.27594868863,4535253.9628430735,960.9331466467786,1698.7796557850072,960.7335054187894,-9.689316467295928,-5.080195960308656,-9.68904131942923,17262.445078715646,0.0,0.19676087423338548,2.0472243320962105,2260733.6602814426,594.7464688871885
44600.0,4535142.142082069,43906.12865889698,4535349.987834809,959.9668032688791,1698.2759974724972,959.7671890488635,-9.637721197005606,-4.993250526231481,-9.637456153011547,17262.445078715646,0.0,0.19676087423338548,2.0472243320962105,2260733.6602814426,594.7464688871885
44700.0,4535238.090658516,44075.931435214065,4535445.916451142,959.0055687615846,1697.7809502383059,958.8059805488018,-9.58713531856649,-4.907968364630375,-9.586880186213737,17262.445078715646,0.0,0.19676087423338548,2.0472243320962105,2260733.6602814426,594.7464688871885
44800.0,4535333.943362786,44245.685130491256,4535541.749197851,958.049343297222,1697.2943495488573,957.8497801099477,-9.537536695972197,-4.824313752420159,-9.537291287136506,17262.445078715646,0.0,0.19676087423338548,2.0472243320962105,2260733.6602814426,594.7464688871885
44900.0,4535429.700690885,44415.390581303705,4535637.486570843,957.0980292337291,1696.8160343982242,956.8984901088506,-9.488903750223084,-4.742251855294467,-9.488667880785432,17262.445078715646,0.0,0.19676087423338548,2.0472243320962105,2260733.6602814426,594.7464688871885
45000.0,4535525.363129159,44585.04860829869,4535733.129056368,956.1515310597792,1696.3458472205607,955.9520150523996,-9.441215442930568,-4.661748701662095,-9.440988932678238,17262.445078715646,0.0,0.19676087423338548,2.0472243320962105,2260733.6602814426,594.7464688871885
45100.0,4535620.931154509,44754.66001653536,4535828.677131235,955.2097553415156,1695.8836338050962,955.0102615245676,-9.394451260492371,-4.582771157491984,-9.394233933022925,17262.445078715646,0.0,0.19676087423338548,2.0472243320962105,2260733.6602814426,594.7464688871885
45200.0,4535716.405234593,44924.22559581609,4535924.131263008,954.2726106708413,1695.4292432136012,954.0731381347116,-9.34859119880406,-4.505286902009641,-9.348382881432114,17262.445078715646,0.0,0.19676087423338548,2.0472243320962105,2260733.6602814426,594.7464688871885
45300.0,4535811.785828028,45093.7461210097,4536019.491910216,953.3400076152126,1694.9825277002421,953.1405554673742,-9.30361574849601,-4.429264404229474,-9.303416272162682,17262.445078715646,0.0,0.19676087423338548,2.0472243320962105,2260733.6602814426,594.7464688871885
45400.0,4535907.073384584,45263.22235236682,4536114.7595225405,952.4118586688821,1694.5433426337424,952.2124260335363,-9.25950588066817,-4.35467290027792,-9.259315079853119,17262.445078715646,0.0,0.19676087423338548,2.0472243320962105,2260733.6602814426,594.7464688871885
45500.0,4536002.268345376,45432.6550358275,4536209.934541008,951.4880782055455,1694.111546421774,951.2886642232722,-9.21624303310391,-4.2814823714777654,-9.216060745739899,17262.445078715646,0.0,0.19676087423338548,2.0472243320962105,2260733.6602814426,594.7464688871885
45600.0,4536097.371143046,45602.044903321424,4536305.017398178,950.5685824323427,1693.6870004375012,950.3691862597595,-9.173809096951839,-4.209663523177175,-9.173635164341714,17262.445078715646,0.0,0.19676087423338548,2.0472243320962105,2260733.6602814426,594.7464688871885
45700.0,4536192.382201949,45771.39267306092,4536400.00851832,949.653289345169,1693.2695689482089,949.453910154598,-9.132186403844592,-4.139187764271979,-9.132020670580609,17262.445078715646,0.0,0.19676087423338548,2.0472243320962105,2260733.6602814426,594.7464688871885
45800.0,4536287.301938327,45940.69904982681,4536494.908317593,948.7421186852528,1692.859119045942,948.5427556643955,-9.091357713450666,-4.07002718741717,-9.091200027336084,17262.445078715646,0.0,0.19676087423338548,2.0472243320962105,2260733.6602814426,594.7464688871885
45900.0,4536382.13076048,46109.96472524759,4536589.717204219,947.8349918969569,1692.455520580092,947.6356442485774,-9.051306201432485,-4.002154549883215,-9.051156413405353,17262.445078715646,0.0,0.19676087423338548,2.0472243320962105,2260733.6602814426,594.7464688871885
46000.0,4536476.869068936,46279.190378071784,4536684.435578647,946.9318320867653,1692.058646091867,946.7324990283801,-9.012015447803405,-3.935543255046945,-9.01187341186247,17262.445078715646,0.0,0.19676087423338548,2.0472243320962105,2260733.6602814426,594.7464688871885
46100.0,4536571.5172566185,46448.376674433974,4536779.06383372,946.0325639834139,1691.6683707505806,945.8332447469895,-8.973469425662088,-3.87016733448165,-8.973334998794737,17262.445078715646,0.0,0.19676087423338548,2.0472243320962105,2260733.6602814426,594.7464688871885
46200.0,4536666.075708998,46617.5242681145,4536873.602354836,945.1371138991299,1691.284572291703,944.9378077307879,-8.935652490294526,-3.8060014306316994,-8.935525532406746,17262.445078715646,0.0,0.19676087423338548,2.0472243320962105,2260733.6602814426,594.7464688871885
46300.0,4536760.544804258,46786.633800793046,4536968.051520102,944.2454096919437,1690.9071309566177,944.0461158516716,-8.898549368627357,-3.7430207800451547,-8.898429742475583,17262.445078715646,0.0,0.19676087423338548,2.0472243320962105,2260733.6602814426,594.7464688871885
46400.0,4536854.924913443,46955.705902296264,4537062.411700488,943.3573807290375,1690.5359294340267,943.1580984904076,-8.862145149020083,-3.6812011971449,-8.862032720144922,17262.445078715646,0.0,0.19676087423338548,2.0472243320962105,2260733.6602814426,594.7464688871885
46500.0,4536949.216400605,47124.74119083967,4537156.683259977,942.4729578510988,1690.1708528029524,942.273686500993,-8.826425271385737,-3.6205190585219587,-8.82631990804749,17262.445078715646,0.0,0.19676087423338548,2.0472243320962105,2260733.6602814426,594.7464688871885
46600.0,4537043.419622956,47293.74027326387,4537250.866555708,941.5920733376464,1689.8117884772857,941.3928121759869,-8.791375517622974,-3.5609512877230647,-8.791277090738884,17262.445078715646,0.0,0.19676087423338548,2.0472243320962105,2260733.6602814426,594.7464688871885
46700.0,4537137.534931005,47462.703745265375,4537344.961938122,940.7146608732969,1689.4586261518305,940.515409212784,-8.756982002352848,-3.502475340522674,-8.756890385436064,17262.445078715646,0.0,0.19676087423338548,2.0472243320962105,2260733.6602814426,594.7464688871885
46800.0,4537231.562668699,47631.632191622004,4537438.969751097,939.8406555149436,1689.111257749798,939.641412680799,-8.723231163948087,-3.445069190659734,-8.72314623304824,17262.445078715646,0.0,0.19676087423338548,2.0472243320962105,2260733.6602814426,594.7464688871885
46900.0,4537325.503173556,47800.52618641319,4537532.890332085,938.9699936598184,1688.769577371705,938.7707589895346,-8.69010975584127,-3.388711316017154,-8.690031389486625,17262.445078715646,0.0,0.19676087423338548,2.0472243320962105,2260733.6602814426,594.7464688871885
47000.0,4537419.356776803,47969.3862932352,4537626.724012245,938.1026130144088,1688.4334812456327,937.9033858575035,-8.657604838107481,-3.3333806852379633,-8.657532917248655,17262.445078715646,0.0,0.19676087423338548,2.0472243320962105,2260733.6602814426,594.7464688871885
47100.0,4537513.123803497,48138.21306541147,4537720.471116574,937.2384525642035,1688.1028676788017,937.0392322819808,-8.625703769304273,-3.2790567447494046,-8.625638177259402,17262.445078715646,0.0,0.19676087423338548,2.0472243320962105,2260733.6602814426,594.7464688871885
47200.0,4537606.804572661,48307.00704619816,4537814.131964027,936.3774525442419,1687.7776370104261,936.1782385095579,-8.594394198567565,-3.225719406194399,-8.594334820968932,17262.445078715646,0.0,0.19676087423338548,2.0472243320962105,2260733.6602814426,594.7464688871885
47300.0,4537700.399397401,48475.768768985,4537907.706867649,935.5195544104412,1687.4576915658047,935.3203460074751,-8.563664057947426,-3.1733490342434676,-8.56361078268948,17262.445078715646,0.0,0.19676087423338548,2.0472243320962105,2260733.6602814426,594.7464688871885
47400.0,4537793.908585027,48644.4987574917,4538001.196134691,934.6647008116782,1687.1429356116112,934.4654974357089,-8.53350155498005,-3.1219264347821203,-8.533454272168784,17262.445078715646,0.0,0.19676087423338548,2.0472243320962105,2260733.6602814426,594.7464688871885
47500.0,4537887.332437173,48813.19752595991,4538094.600066727,933.812835562603,1686.8332753123489,933.6136366197902,-8.503895165485194,-3.0714328434562925,-8.503853767388815,17262.445078715646,0.0,0.19676087423338548,2.0472243320962105,2260733.6602814426,594.7464688871885
47600.0,4537980.671249915,48981.865579340825,4538187.918959771,932.9639036171612,1686.5286186879325,932.7647085243317,-8.474833626582742,-3.0218499145659843,-8.474798007583638,17262.445078715646,0.0,0.19676087423338548,2.0472243320962105,2260733.6602814426,594.7464688871885
47700.0,4538073.925313875,49150.50341347867,4538281.153104391,932.1178510428048,1686.2288755723646,931.9186592272433,-8.44630592991745,-2.9731597102890897,-8.446275986465379,17262.445078715646,0.0,0.19676087423338548,2.0472243320962105,2260733.6602814426,594.7464688871885
47800.0,4538167.0949143395,49319.11151529011,4538374.302785815,931.2746249953693,1685.9339575734725,931.0754358946143,-8.418301315090316,-2.925344690234031,-8.418276945656785,17262.445078715646,0.0,0.19676087423338548,2.0472243320962105,2260733.6602814426,594.7464688871885
47900.0,4538260.180331364,49487.69036293965,4538467.368284042,930.434173694599,1685.6437780336753,930.2349867562426,-8.39080926328326,-2.878387701298875,-8.390790368317088,17262.445078715646,0.0,0.19676087423338548,2.0472243320962105,2260733.6602814426,594.7464688871885
48000.0,4538353.181839878,49656.24042601114,4538560.349873947,929.5964464002994,1685.3582519917486,929.3972610817915,-8.363819491075187,-2.8322719678347146,-8.363805972959161,17262.445078715646,0.0,0.19676087423338548,2.0472243320962105,2260733.6602814426,594.7464688871885
48100.0,4538446.099709786,49824.76216567561,4538653.247825382,928.7613933890989,1685.0772961455593,928.5622091575564,-8.337321944439847,-2.786981082097591,-8.33731370744851,17262.445078715646,0.0,0.19676087423338548,2.0472243320962105,2260733.6602814426,594.7464688871885
48200.0,4538538.934206072,49993.25603485527,4538746.062403278,927.9289659318023,1684.800828815741,927.7297822638217,-8.311306792920934,-2.7424989949818954,-8.311303743179403,17262.445078715646,0.0,0.19676087423338548,2.0472243320962105,2260733.6602814426,594.7464688871885
48300.0,4538631.685588897,50161.72247838409,4538838.793867744,927.0991162713177,1684.528769910281,926.8999326527922,-8.285764423978822,-2.6988100070265673,-8.28576646942265,17262.445078715646,0.0,0.19676087423338548,2.0472243320962105,2260733.6602814426,594.7464688871885
48400.0,4538724.3541136915,50330.16193316473,4538931.442474158,926.271797601141,1684.2610408899964,926.0726135270814,-8.260685437500257,-2.6558987596796397,-8.2606924878363,17262.445078715646,0.0,0.19676087423338548,2.0472243320962105,2260733.6602814426,594.7464688871885
48500.0,4538816.940031253,50498.5748283222,4539024.008473269,925.4469640443806,1683.9975647348679,925.24777901874,-8.236060640468997,-2.613750226818633,-8.236072607137245,17262.445078715646,0.0,0.19676087423338548,2.0472243320962105,2260733.6602814426,594.7464688871885
48600.0,4538909.443587837,50666.96158535407,4539116.492111282,924.624570633308,1683.7382659112113,924.4253841688103,-8.21188104179032,-2.572349706515255,-8.211897837926669,17262.445078715646,0.0,0.19676087423338548,2.0472243320962105,2260733.6602814426,594.7464688871885
48700.0,4539001.8650252465,50835.32261827753,4539208.893629954,923.8045732894183,1683.48307033966,923.6053849073904,-8.188137847265146,-2.5316828130377167,-8.188159387665088,17262.445078715646,0.0,0.19676087423338548,2.0472243320962105,2260733.6602814426,594.7464688871885
48800.0,4539094.204580922,51003.65833377326,4539301.213266675,922.9869288039854,1683.2319053639346,922.7877380341936,-8.164822454705693,-2.4917354690773994,-8.164848655788909,17262.445078715646,0.0,0.19676087423338548,2.0472243320962105,2260733.6602814426,594.7464688871885
48900.0,4539186.462488023,51171.969131326165,4539393.451254561,922.1715948190999,1682.984699720382,921.9724011995884,-8.141926449194191,-2.4524938982032634,-8.141957228969991,17262.445078715646,0.0,0.19676087423338548,2.0472243320962105,2260733.6602814426,594.7464688871885
49000.0,4539278.638975517,51340.2554033632,4539485.607822531,921.3585298091732,1682.7413835082539,921.1593328861073,-8.119441598472505,-2.4139446175234287,-8.119476876506116,17262.445078715646,0.0,0.19676087423338548,2.0472243320962105,2260733.6602814426,594.7464688871885
49100.0,4539370.734268259,51508.51753538816,4539577.683195397,920.5476930628967,1682.5018881607123,920.3484923904088,-8.097359848465704,-2.3760744305601182,-8.097399545845377,17262.445078715646,0.0,0.19676087423338548,2.0472243320962105,2260733.6602814426,594.7464688871885
49200.0,4539462.748587074,51676.75590611368,4539669.677593939,919.7390446656417,1682.2661464165362,919.5398398056806,-8.075673318928496,-2.3388704203190285,-8.075717358233405,17262.445078715646,0.0,0.19676087423338548,2.0472243320962105,2260733.6602814426,594.7464688871885
49300.0,4539554.682148832,51844.9708875904,4539761.591234984,918.9325454822898,1682.0340922925109,918.7333360044729,-8.054374299215528,-2.3023199425556773,-8.054422604484433,17262.445078715646,0.0,0.19676087423338548,2.0472243320962105,2260733.6602814426,594.7464688871885
49400.0,4539646.535166531,52013.16284533342,4539853.424331486,918.1281571404785,1681.8056610564822,917.928942621948,-8.033455244169586,-2.266410619228947,-8.033507740870254,17262.445078715646,0.0,0.19676087423338548,2.0472243320962105,2260733.6602814426,594.7464688871885
49500.0,4539738.307849366,52181.33213844606,4539945.177092601,917.3258420142539,1681.580789201056,917.1266220395347,-8.012908770123607,-2.2311303321351863,-8.012965385122975,17262.445078715646,0.0,0.19676087423338548,2.0472243320962105,2260733.6602814426,594.7464688871885
49600.0,4539830.00040281,52349.47911974108,4540036.849723757,916.5255632081166,1681.3594144179249,916.3263373689783,-7.992727651013029,-2.1964672167173656,-7.992788312548042,17262.445078715646,0.0,0.19676087423338548,2.0472243320962105,2260733.6602814426,594.7464688871885
49700.0,4539921.613028678,52517.60413585932,4540128.442426732,915.7272845414517,1681.141475572807,915.5280524367728,-7.972904814597115,-2.16240965604771,-7.9729694522462875,17262.445078715646,0.0,0.19676087423338548,2.0472243320962105,2260733.6602814426,594.7464688871885
49800.0,4540013.145925205,52685.70752738586,4540219.955399719,914.9309705333304,1680.9269126809759,914.7317317689658,-7.9534333387803775,-2.12894627496835,-7.953501883436009,17262.445078715646,0.0,0.19676087423338548,2.0472243320962105,2260733.6602814426,594.7464688871885
49900.0,4540104.599287112,52853.789628963794,4540311.388837401,914.136586387676,1680.7156668833707,913.9373405763266,-7.934306448039004,-2.0960659343997006,-7.934378831880046,17262.445078715646,0.0,0.19676087423338548,2.0472243320962105,2260733.6602814426,594.7464688871885
50000.0,4540195.973305673,53021.85076940562,4540402.742931012,913.3440979787805,1680.5076804232658,913.1448447398664,-7.915517509940751,-2.0637577257963526,-7.915593666406322,17262.445078715646,0.0,0.19676087423338548,2.0472243320962105,2260733.6602814426,594.7464688871885
50100.0,4540287.268168783,53189.89127180232,4540494.017868411,912.5534718371664,1680.302896623489,912.3542107967015,-7.897060031760963,-2.0320109657559637,-7.897139895524464,17262.445078715646,0.0,0.19676087423338548,2.0472243320962105,2260733.6602814426,594.7464688871885
50200.0,4540378.484061021,53357.91145363022,4540585.2138341395,911.7646751357805,1680.1012598641703,911.565405926251,-7.87892765718992,-2.000815190773083,-7.87901116413377,17262.445078715646,0.0,0.19676087423338548,2.0472243320962105,2260733.6602814426,594.7464688871885
50300.0,4540469.6211637175,53525.91162685562,4540676.331009491,910.977675676514,1679.9027155610088,910.7783979367581,-7.861114163128154,-1.9701601521325098,-7.861201250319093,17262.445078715646,0.0,0.19676087423338548,2.0472243320962105,2260733.6602814426,594.7464688871885
50400.0,4540560.679655011,53693.89209803726,4540767.36957257,910.1924418770376,1679.707210144043,909.9931552521289,-7.843613456567556,-1.9400358109388436,-7.843704062232529,17262.445078715646,0.0,0.19676087423338548,2.0472243320962105,2260733.6602814426,594.7464688871885
50500.0,4540651.659709915,53861.853168426744,4540858.329698352,909.4089427579452,1679.5146910369124,909.2096468990775,-7.826419571555779,-1.9104323332782276,-7.826513635058371,17262.445078715646,0.0,0.19676087423338548,2.0472243320962105,2260733.6602814426,594.7464688871885
50600.0,4540742.561500371,54029.79513406688,4540949.211558747,908.6271479301964,1679.3251066365954,908.4278424945713,-7.809526666241656,-1.8813400855088356,-7.809624128059063,17262.445078715646,0.0,0.19676087423338548,2.0472243320962105,2260733.6602814426,594.7464688871885
50700.0,4540833.385195316,54197.71828588801,4541040.0153226545,907.8470275828515,1679.1384062936124,907.6477122335681,-7.792929019997897,-1.8527496296737744,-7.793029821698432,17262.445078715646,0.0,0.19676087423338548,2.0472243320962105,2260733.6602814426,594.7464688871885
50800.0,4540924.130960729,54365.622909802405,4541130.741156023,907.0685524710889,1678.9545402926824,906.8692268770358,-7.776621030620073,-1.8246517190351785,-7.776725114841175,17262.445078715646,0.0,0.19676087423338548,2.0472243320962105,2260733.6602814426,594.7464688871885
50900.0,4541014.798959695,54533.50928679671,4541221.389221903,906.2916939045003,1678.7734598338184,906.0923577402498,-7.760597211599693,-1.7970372937260781,-7.760704522026438,17262.445078715646,0.0,0.19676087423338548,2.0472243320962105,2260733.6602814426,594.7464688871885
51000.0,4541105.389352456,54701.37769302258,4541311.959680506,905.5164237356547,1678.5951170138537,905.3170766813591,-7.744852189467032,-1.7698974765125945,-7.744962670811132,17262.445078715646,0.0,0.19676087423338548,2.0472243320962105,2260733.6602814426,594.7464688871885
51100.0,4541195.902296467,54869.22839988543,4541402.452689255,904.742714348924,1678.4194648083858,904.543356090214,-7.729380701204633,-1.7432235686686501,-7.7294942991839015,17262.445078715646,0.0,0.19676087423338548,2.0472243320962105,2260733.6602814426,594.7464688871885
51200.0,4541286.337946448,55037.06167413146,4541492.868402836,903.9705386495644,1678.2464570541272,903.7711688774496,-7.7141775917271875,-1.7170070459558675,-7.71429425304547,17262.445078715646,0.0,0.19676087423338548,2.0472243320962105,2260733.6602814426,594.7464688871885
51300.0,4541376.696454433,55204.87777793284,4541583.206973256,903.199870053047,1678.0760484316534,903.0004884638176,-7.6992378114262525,-1.6912395547063543,-7.699357483753809,17262.445078715646,0.0,0.19676087423338548,2.0472243320962105,2260733.6602814426,594.7464688871885
51400.0,4541466.977969824,55372.67696897131,4541673.468549885,902.4306824746293,1677.9081944485376,902.2312887697616,-7.684556413779231,-1.6659129080076447,-7.684679045733547,17262.445078715646,0.0,0.19676087423338548,2.0472243320962105,2260733.6602814426,594.7464688871885
51500.0,4541557.1826394405,55540.459500520024,4541763.653279513,901.6629503191645,1677.7428514228625,901.4635442052261,-7.6701285530180945,-1.6410190819821893,-7.670254094145131,17262.445078715646,0.0,0.19676087423338548,2.0472243320962105,2260733.6602814426,594.7464688871885
51600.0,4541647.310607564,55708.2256215238,4541853.761306393,900.8966484711394,1677.5799764670971,900.6972296596978,-7.655949481859368,-1.6165502121644246,-7.656077882615215,17262.445078715646,0.0,0.19676087423338548,2.0472243320962105,2260733.6602814426,594.7464688871885
51700.0,4541737.362015989,55875.97557667775,4541943.79277229,900.1317522849378,1677.4195274723347,899.9323204924699,-7.642014549290599,-1.5924985899671849,-7.64214576102354,17262.445078715646,0.0,0.19676087423338548,2.0472243320962105,2260733.6602814426,594.7464688871885
51800.0,4541827.337004069,56043.7096065044,4542033.747816531,899.3682375753209,1677.261463092877,899.1687925231251,-7.628319198413466,-1.5688566592381643,-7.6284531733464345,17262.445078715646,0.0,0.19676087423338548,2.0472243320962105,2260733.6602814426,594.7464688871885
51900.0,4541917.235708762,56211.427947429234,4542123.626576044,898.6060806081222,1677.1057427311594,898.4066220222315,-7.6148589643412485,-1.5456170129026279,-7.614995655554675,17262.445078715646,0.0,0.19676087423338548,2.0472243320962105,2260733.6602814426,594.7464688871885
52000.0,4542007.058264673,56379.13083185476,4542213.429185407,897.8452580911485,1676.9523265230077,897.6457857022459,-7.601629472149556,-1.5227723896906977,-7.601768833564584,17262.445078715646,0.0,0.19676087423338548,2.0472243320962105,2260733.6602814426,594.7464688871885
52100.0,4542096.8048041,56546.81848823314,4542303.155776894,897.0857471652847,1676.8011753232179,896.8862607086196,-7.5886264348777885,-1.5003156709450451,-7.588768421239861,17262.445078715646,0.0,0.19676087423338548,2.0472243320962105,2260733.6602814426,594.7464688871885
52200.0,4542186.475457077,56714.49114113738,4542392.806480511,896.3275253957949,1676.6522506914507,896.1280246111015,-7.575845651581297,-1.4782398775092245,-7.575990218444098,17262.445078715646,0.0,0.19676087423338548,2.0472243320962105,2260733.6602814426,594.7464688871885
52300.0,4542276.070351416,56882.149011331116,4542482.381424044,895.570570763816,1676.5055148784347,895.3710553952336,-7.563283005431444,-1.456538166691868,-7.5634301091411835,17262.445078715646,0.0,0.19676087423338548,2.0472243320962105,2260733.6602814426,594.7464688871885
52400.0,4542365.589612747,57049.79231583705,4542571.880733098,894.8148616580398,1676.3609308124676,894.6153314540338,-7.55093446186317,-1.4352038293064269,-7.551084059543215,17262.445078715646,0.0,0.19676087423338548,2.0472243320962105,2260733.6602814426,594.7464688871885
52500.0,4542455.033364558,57217.42126800403,4542661.3045311365,894.0603768665765,1676.2184620862113,893.8608315798618,-7.538796066768292,-1.4142302867834413,-7.538948116304135,17262.445078715646,0.0,0.19676087423338548,2.0472243320962105,2260733.6602814426,594.7464688871885
52600.0,4542544.401728236,57385.03607757286,4542750.652939522,893.3070955689979,1676.0780729437715,893.1075349564635,-7.526863944733288,-1.3936110883534294,-7.527018404757816,17262.445078715646,0.0,0.19676087423338548,2.0472243320962105,2260733.6602814426,594.7464688871885
52700.0,4542633.694823107,57552.6369507408,4542839.926077554,892.5549973285544,1675.939728268056,892.3554211511891,-7.515134297319858,-1.3733399082975946,-7.51529112719896,17262.445078715646,0.0,0.19676087423338548,2.0472243320962105,2260733.6602814426,594.7464688871885
52800.0,4542722.912766469,57720.22409022482,4542929.12406251,891.8040620845613,1675.803393568403,891.6044701073815,-7.50360340138899,-1.3534105432678758,-7.503762561207463,17262.445078715646,0.0,0.19676087423338548,2.0472243320962105,2260733.6602814426,594.7464688871885
52900.0,4542812.055673634,57887.79769532364,4543018.247009678,891.0542701449515,1675.669034968477,890.8546621369296,-7.49226760746413,-1.3338169096687253,-7.4924290580118855,17262.445078715646,0.0,0.19676087423338548,2.0472243320962105,2260733.6602814426,594.7464688871885
53000.0,4542901.123657963,58055.35796197857,4543107.295032395,890.3056021789888,1675.536619194421,890.1059779129835,-7.481123338135482,-1.3145530411044346,-7.48128704089404,17262.445078715646,0.0,0.19676087423338548,2.0472243320962105,2260733.6602814426,594.7464688871885
53100.0,4542990.116830902,58222.90508283315,4543196.268242085,889.5580392101399,1675.4061135632617,889.3583984628276,-7.470167086502013,-1.2956130858861525,-7.470333003631291,17262.445078715646,0.0,0.19676087423338548,2.0472243320962105,2260733.6602814426,594.7464688871885
53200.0,4543079.035302017,58390.439247291746,4543285.166748292,888.8115626090994,1675.2774859715607,888.6119051609073,-7.459395414651617,-1.2769913045995929,-7.459563508976996,17262.445078715646,0.0,0.19676087423338548,2.0472243320962105,2260733.6602814426,594.7464688871885
53300.0,4543167.879179026,58557.96064157684,4543373.990658713,888.0661540869659,1675.1507048843066,887.8664797220059,-7.448804952178272,-1.258682067731551,-7.448975187177927,17262.445078715646,0.0,0.19676087423338548,2.0472243320962105,2260733.6602814426,594.7464688871885
53400.0,4543256.648567838,58725.469448785414,4543462.740079233,887.3217956885635,1675.0257393240413,887.1221041945677,-7.438392394733305,-1.2406798533503078,-7.438564734525816,17262.445078715646,0.0,0.19676087423338548,2.0472243320962105,2260733.6602814426,594.7464688871885
53500.0,4543345.34357258,58892.96584894412,4543551.415113961,886.5784697859076,1674.9025588602149,886.3787609541644,-7.428154502613181,-1.2229792448443646,-7.428328911945388,17262.445078715646,0.0,0.19676087423338548,2.0472243320962105,2260733.6602814426,594.7464688871885
53600.0,4543433.964295634,59060.45001906347,4543640.015865257,885.8361590718092,1674.781133598765,885.6364326971014,-7.418088099379277,-1.2055749287117004,-7.4182645436144,17262.445078715646,0.0,0.19676087423338548,2.0472243320962105,2260733.6602814426,594.7464688871885
53700.0,4543522.510837667,59227.92213319098,4543728.542433767,885.0948465536161,1674.6614341719148,884.8951024341602,-7.408190070511411,-1.1884616924027398,-7.408368515617411,17262.445078715646,0.0,0.19676087423338548,2.0472243320962105,2260733.6602814426,594.7464688871885
53800.0,4543610.983297661,59395.38236246326,4543816.9949184535,884.3545155470872,1674.5434317281815,884.1547534844728,-7.39845736209279,-1.171634422213222,-7.398637774630974,17262.445078715646,0.0,0.19676087423338548,2.0472243320962105,2260733.6602814426,594.7464688871885
53900.0,4543699.381772947,59562.8308751572,4543905.373416628,883.6151496703964,1674.4270979225973,883.4153694695281,-7.388886979526843,-1.1550881012278096,-7.389069326640712,17262.445078715646,0.0,0.19676087423338548,2.0472243320962105,2260733.6602814426,594.7464688871885
54000.0,4543787.706359229,59730.2678367401,4543993.678023975,882.8767328382637,1674.3124049071305,882.6769343073028,-7.379475986282651,-1.1388178073088082,-7.3796602356869565,17262.445078715646,0.0,0.19676087423338548,2.0472243320962105,2260733.6602814426,594.7464688871885
54100.0,4543875.957150621,59897.693409918946,4544081.908834591,882.1392492562101,1674.1993253213057,881.9394322065184,-7.37022150267158,-1.1228187111348344,-7.370407622641641,17262.445078715646,0.0,0.19676087423338548,2.0472243320962105,2260733.6602814426,594.7464688871885
54200.0,4543964.134239671,60065.10775468863,4544170.065941001,881.4026834149331,1674.087832283019,881.2028476610174,-7.361120704651304,-1.1070860742827142,-7.361308664012504,17262.445078715646,0.0,0.19676087423338548,2.0472243320962105,2260733.6602814426,594.7464688871885
54300.0,4544052.237717387,60232.511028379406,4544258.1494342,880.6670200848012,1673.9778993795426,880.4671654442584,-7.35217082265798,-1.0916152473541785,-7.352360590775519,17262.445078715646,0.0,0.19676087423338548,2.0472243320962105,2260733.6602814426,594.7464688871885
54400.0,4544140.267673273,60399.903385703336,4544346.159403669,879.9322443104626,1673.8695006587132,879.7323706039268,-7.343369140466085,-1.0764016681465902,-7.343560687234907,17262.445078715646,0.0,0.19676087423338548,2.0472243320962105,2260733.6602814426,594.7464688871885
54500.0,4544228.224195345,60567.284978799944,4544434.095937409,879.1983414055679,1673.762610620303,878.9984484566576,-7.334712994074043,-1.0614408598645464,-7.334906289908992,17262.445078715646,0.0,0.19676087423338548,2.0472243320962105,2260733.6602814426,594.7464688871885
54600.0,4544316.107370169,60734.65595728098,4544521.959121969,878.4652969476022,1673.6572042075659,878.2653845828686,-7.326199770615886,-1.0467284293728656,-7.32639478644205,17262.445078715646,0.0,0.19676087423338548,2.0472243320962105,2260733.6602814426,594.7464688871885
54700.0,4544403.9172828775,60902.016468274334,4544609.749042463,877.7330967728245,1673.5532567989583,877.5331648217015,-7.3178269072979685,-1.032260065489427,-7.318023614541224,17262.445078715646,0.0,0.19676087423338548,2.0472243320962105,2260733.6602814426,594.7464688871885
54800.0,4544491.654017203,61069.36665646718,4544697.465782606,877.0017269713134,1673.4507442000263,876.8017752660672,-7.309591890359812,-1.0180315373162356,-7.309790260937564,17262.445078715646,0.0,0.19676087423338548,2.0472243320962105,2260733.6602814426,594.7464688871885
54900.0,4544579.317655495,61236.70666414825,4544785.109424734,876.2711738821137,1673.3496426354598,876.0712022577951,-7.301492254059622,-1.0040386926099683,-7.301692260371723,17262.445078715646,0.0,0.19676087423338548,2.0472243320962105,2260733.6602814426,594.7464688871885
55000.0,4544666.908278755,61404.03663124939,4544872.680049828,875.5414240884853,1673.2499287413068,875.3414323828811,-7.293525579681576,-0.9902774561867248,-7.293727194601434,17262.445078715646,0.0,0.19676087423338548,2.0472243320962105,2260733.6602814426,594.7464688871885
55100.0,4544754.42596665,61571.356695386305,4544960.177737542,874.8124644132489,1673.151579557346,874.6124524668351,-7.285689494567251,-0.976743828365557,-7.28589269143311,17262.445078715646,0.0,0.19676087423338548,2.0472243320962105,2260733.6602814426,594.7464688871885
55200.0,4544841.870797544,61738.666991898535,4545047.602566223,874.0842819142274,1673.0545725196125,873.8842495701235,-7.277981671167749,-0.9634338834446003,-7.2781864237741605,17262.445078715646,0.0,0.19676087423338548,2.0472243320962105,2260733.6602814426,594.7464688871885
55300.0,4544929.2428485155,61905.96765388874,4545134.954612933,873.356863879782,1672.9588854530748,873.1568109837057,-7.270399826118033,-0.9503437682126428,-7.2706061087074705,17262.445078715646,0.0,0.19676087423338548,2.0472243320962105,2260733.6602814426,594.7464688871885
55400.0,4545016.542195385,62073.25881226123,4545222.23395348,872.6301978244392,1672.8644965644587,872.4301242246614,-7.262941719332142,-0.9374697004939379,-7.263149506586815,17262.445078715646,0.0,0.19676087423338548,2.0472243320962105,2260733.6602814426,594.7464688871885
55500.0,4545103.768912737,62240.54059575977,4545309.44066243,871.9042714846065,1672.7713844352154,871.7041770319088,-7.255605153118138,-0.9248079677242266,-7.255814420151941,17262.445078715646,0.0,0.19676087423338548,2.0472243320962105,2260733.6602814426,594.7464688871885
55600.0,4545190.923073938,62407.813131004725,4545396.574813136,871.1790728143776,1672.67952801463,870.9789573620085,-7.248387971313769,-0.9123549255598983,-7.248598693664413,17262.445078715646,0.0,0.19676087423338548,2.0472243320962105,2260733.6602814426,594.7464688871885
55700.0,4545278.004751162,62575.0765425295,4545483.636477758,870.4545899814209,1672.5889066130676,870.2544533850545,-7.241288058441055,-0.9001069965171209,-7.241500212062342,17262.445078715646,0.0,0.19676087423338548,2.0472243320962105,2260733.6602814426,594.7464688871885
55800.0,4545365.014015408,62742.330952816315,4545570.625727282,869.730811362953,1672.4994998953546,869.5306534806475,-7.234303338879744,-0.888060668641047,-7.234516900133995,17262.445078715646,0.0,0.19676087423338548,2.0472243320962105,2260733.6602814426,594.7464688871885
55900.0,4545451.950936527,62909.57648233132,4545657.542631542,869.0077255417934,1672.4112878742903,868.8075462339507,-7.227431776059192,-0.8762124942042546,-7.227646721709829,17262.445078715646,0.0,0.19676087423338548,2.0472243320962105,2260733.6602814426,594.7464688871885
56000.0,4545538.815583236,63076.813249559076,4545744.387259243,868.2853213024993,1672.324250904289,868.085120431825,-7.220671371668279,-0.8645590884339719,-7.220887678872551,17262.445078715646,0.0,0.19676087423338548,2.0472243320962105,2260733.6602814426,594.7464688871885
56100.0,4545625.60802314,63244.041371036416,4545831.159677976,867.5635876275779,1672.2383696751465,867.3633650590427,-7.214020164882733,-0.8530971282669235,-7.214237811184589,17262.445078715646,0.0,0.19676087423338548,2.0472243320962105,2260733.6602814426,594.7464688871885
56200.0,4545712.328322752,63411.260961385655,4545917.859954242,866.8425136937765,1672.1536252059298,866.6422692945777,-7.207476231609849,-0.8418233511319733,-7.207695194932947,17262.445078715646,0.0,0.19676087423338548,2.0472243320962105,2260733.6602814426,594.7464688871885
56300.0,4545798.976547515,63578.47213334723,4546004.488153467,866.1220888684456,1672.0699988389886,865.9218225079693,-7.201037683749396,-0.8307345537583785,-7.201257942390242,17262.445078715646,0.0,0.19676087423338548,2.0472243320962105,2260733.6602814426,594.7464688871885
56400.0,4545885.552761815,63745.67499781175,4546091.044340027,865.4023027059766,1671.9874722340833,865.2020142557608,-7.194702668470817,-0.8198275910100452,-7.194924201092055,17262.445078715646,0.0,0.19676087423338548,2.0472243320962105,2260733.6602814426,594.7464688871885
56500.0,4545972.057029002,63912.86966385141,4546177.52857726,864.6831449443097,1671.9060273626287,864.4828342780082,-7.1884693675067695,-0.809099374745858,-7.188692153130593,17262.445078715646,0.0,0.19676087423338548,2.0472243320962105,2260733.6602814426,594.7464688871885
56600.0,4546058.489411414,64080.05623875089,4546263.940927489,863.9646055015126,1671.8256465020506,863.7642724948595,-7.182335996461553,-0.7985468727036069,-7.182560014463238,17262.445078715646,0.0,0.19676087423338548,2.0472243320962105,2260733.6602814426,594.7464688871885
56700.0,4546144.849970383,64247.234828037705,4546350.2814520355,863.2466744724272,1671.7463122302524,863.0463190032015,-7.176300804134998,-0.7881671074086173,-7.176526034236573,17262.445078715646,0.0,0.19676087423338548,2.0472243320962105,2260733.6602814426,594.7464688871885
56800.0,4546231.138766264,64414.405535511934,4546436.5502112415,862.5293421253837,1671.6680074201906,862.3289640733749,-7.170362071860959,-0.7779571551056077,-7.170588494124993,17262.445078715646,0.0,0.19676087423338548,2.0472243320962105,2260733.6602814426,594.7464688871885
56900.0,4546317.355858445,64581.5684632755,4546522.747264483,861.8125988989785,1671.5907152345546,861.6121981459534,-7.16451811285992,-0.7679141447129492,-7.164745707683426,17262.445078715646,0.0,0.19676087423338548,2.0472243320962105,2260733.6602814426,594.7464688871885
57000.0,4546403.501305368,64748.723711760846,4546608.87267019,861.0964353989187,1671.5144191205513,860.8960118285877,-7.1587672716060595,-0.7580352568001223,-7.158996019714531,17262.445078715646,0.0,0.19676087423338548,2.0472243320962105,2260733.6602814426,594.7464688871885
57100.0,4546489.575164542,64915.87137975917,4546694.926485862,860.3808423949268,1671.4391028047896,860.1803958929116,-7.1531079232077355,-0.7483177225864043,-7.15333780564928,17262.445078715646,0.0,0.19676087423338548,2.0472243320962105,2260733.6602814426,594.7464688871885
57200.0,4546575.577492561,65083.011564448076,4546780.908768079,859.6658108177081,1671.3647502882652,859.4653412715099,-7.147538472801423,-0.7387588229610923,-7.147769470941018,17262.445078715646,0.0,0.19676087423338548,2.0472243320962105,2260733.6602814426,594.7464688871885
57300.0,4546661.508345122,65250.14436141878,4546866.819572529,858.9513317559778,1671.291345841441,858.7508390549456,-7.14205735495846,-0.7293558875240389,-7.142289450472318,17262.445078715646,0.0,0.19676087423338548,2.0472243320962105,2260733.6602814426,594.7464688871885
57400.0,4546747.367777037,65417.26986470283,4546952.658954011,858.2373964535462,1671.2188739994237,858.0368804888459,-7.136663033104949,-0.7201062936472957,-7.136896207974987,17262.445078715646,0.0,0.19676087423338548,2.0472243320962105,2260733.6602814426,594.7464688871885
57500.0,4546833.155842251,65584.38816679831,4547038.426966461,857.5239963064623,1671.1473195572332,857.3234569710467,-7.131353998953475,-0.7110074655554007,-7.131588235461895,17262.445078715646,0.0,0.19676087423338548,2.0472243320962105,2260733.6602814426,594.7464688871885
57600.0,4546918.8725938555,65751.4993586956,4547124.123662959,856.8111228602123,1671.076667565161,856.6105600487911,-7.126128771947695,-0.7020568734264372,-7.126364052671667,17262.445078715646,0.0,0.19676087423338548,2.0472243320962105,2260733.6602814426,594.7464688871885
57700.0,4547004.518084103,65918.6035299027,4547209.749095747,856.0987678069746,1671.0069033242203,855.8981814159853,-7.1209858987181915,-0.6932520325108315,-7.121222206524636,17262.445078715646,0.0,0.19676087423338548,2.0472243320962105,2260733.6602814426,594.7464688871885
57800.0,4547090.092364425,66085.70076847005,4547295.303316246,855.3869229829272,1670.9380123816816,855.1863129105063,-7.115923952549921,-0.6845905022687324,-7.116161270590386,17262.445078715646,0.0,0.19676087423338548,2.0472243320962105,2260733.6602814426,594.7464688871885
57900.0,4547175.59548544,66252.79116101496,4547380.786375065,854.6755803656087,1670.8699805266942,854.4749465115635,-7.110941532861439,-0.6760698855262259,-7.111179844567084,17262.445078715646,0.0,0.19676087423338548,2.0472243320962105,2260733.6602814426,594.7464688871885
58000.0,4547261.027496976,66419.87479274554,4547466.198322021,853.9647320713303,1670.802793785991,853.7640743371114,-7.106037264694572,-0.6676878276481321,-7.106276553771243,17262.445078715646,0.0,0.19676087423338548,2.0472243320962105,2260733.6602814426,594.7464688871885
58100.0,4547346.388448074,66586.95174748432,4547551.539206148,853.2543703526392,1670.7364384196753,853.0536886413128,-7.101209798215155,-0.6594420157284986,-7.101450048638553,17262.445078715646,0.0,0.19676087423338548,2.0472243320962105,2260733.6602814426,594.7464688871885
58200.0,4547431.678387012,66754.02210769129,4547636.809075711,852.5444875958295,1670.6709009170875,852.3437818120511,-7.096457808224368,-0.6513301777980384,-7.096699004235301,17262.445078715646,0.0,0.19676087423338548,2.0472243320962105,2260733.6602814426,594.7464688871885
58300.0,4547516.89736131,66921.0859544867,4547722.007978223,851.8350763185041,1670.6061679927507,851.6343463684921,-7.091779993680101,-0.6433500820475132,-7.092022119779843,17262.445078715646,0.0,0.19676087423338548,2.0472243320962105,2260733.6602814426,594.7464688871885
58400.0,4547602.045417747,67088.14336767333,4547807.135960453,851.1261291671813,1670.5422265823925,850.925374958691,-7.087175077228541,-0.6354995360674963,-7.087418118174259,17262.445078715646,0.0,0.19676087423338548,2.0472243320962105,2260733.6602814426,594.7464688871885
58500.0,4547687.122602374,67255.19442575844,4547892.193068442,850.4176389149497,1670.4790638390427,850.2168603572484,-7.082641804745471,-0.6277763861035979,-7.08288574554575,17262.445078715646,0.0,0.19676087423338548,2.0472243320962105,2260733.6602814426,594.7464688871885
58600.0,4547772.128960524,67422.23920597529,4547977.179347514,849.7095984591679,1670.4166671292041,849.5087954630092,-7.078178944887344,-0.6201785163273739,-7.0784237707977935,17262.445078715646,0.0,0.19676087423338548,2.0472243320962105,2260733.6602814426,594.7464688871885
58700.0,4547857.064536827,67589.27778430431,4548062.094842291,849.0020008192076,1670.355024029096,848.8011732968076,-7.073785288651217,-0.6127038481212584,-7.074030985170156,17262.445078715646,0.0,0.19676087423338548,2.0472243320962105,2260733.6602814426,594.7464688871885
58800.0,4547941.92937522,67756.31023549389,4548146.939596702,848.2948391342424,1670.2941223209682,848.0939869992553,-7.069459648944602,-0.6053503393795221,-7.069706201808833,17262.445078715646,0.0,0.19676087423338548,2.0472243320962105,2260733.6602814426,594.7464688871885
58900.0,4548026.723518961,67923.33663308078,4548231.713653996,847.5881066610765,1670.2339499894838,847.3872298285713,-7.065200860163569,-0.5981159838222442,-7.0654482553442195,17262.445078715646,0.0,0.19676087423338548,2.0472243320962105,2260733.6602814426,594.7464688871885
59000.0,4548111.447010638,68090.35704941019,4548316.417056751,846.8817967720179,1670.174495218171,846.6808951584547,-7.06100777778001,-0.5909988103240734,-7.061256001478461,17262.445078715646,0.0,0.19676087423338548,2.0472243320962105,2260733.6602814426,594.7464688871885
59100.0,4548196.099892184,68257.37155565545,4548401.049846893,846.1759029527902,1670.11574638594,845.9749764759978,-7.056879277937038,-0.5839968822558569,-7.057128316580924,17262.445078715646,0.0,0.19676087423338548,2.0472243320962105,2260733.6602814426,594.7464688871885
59200.0,4548280.6822048845,68424.38022183745,4548485.612065699,845.4704188004858,1670.0576920636659,845.269467379639,-7.05281425705334,-0.5771082968407303,-7.053064097292619,17262.445078715646,0.0,0.19676087423338548,2.0472243320962105,2260733.6602814426,594.7464688871885
59300.0,4548365.1939893905,68591.38311684359,4548570.103753812,844.7653380215577,1670.0003210108357,844.5643615771552,-7.048811631434956,-0.5703311845219518,-7.049062260138067,17262.445078715646,0.0,0.19676087423338548,2.0472243320962105,2260733.6602814426,594.7464688871885
59400.0,4548449.635285729,68758.38030844652,4548654.524951251,844.0606544298495,1669.9436221722567,843.8596528836925,-7.044870336895612,-0.5636637083445374,-7.045121741145687,17262.445078715646,0.0,0.19676087423338548,2.0472243320962105,2260733.6602814426,594.7464688871885
59500.0,4548534.006133313,68925.3718633225,4548738.875697423,843.3563619446638,1669.8875846748267,843.1553352198348,-7.040989328384677,-0.5571040633490262,-7.041241495475833,17262.445078715646,0.0,0.19676087423338548,2.0472243320962105,2260733.6602814426,594.7464688871885
59600.0,4548618.306570956,69092.35784706948,4548823.15603113,842.6524545888668,1669.8321978243648,842.4514026097082,-7.037167579622454,-0.5506504759769718,-7.03742049705614,17262.445078715646,0.0,0.19676087423338548,2.0472243320962105,2260733.6602814426,594.7464688871885
59700.0,4548702.536636873,69259.33832422477,4548907.365990584,841.9489264870288,1669.7774511025,841.7478491791228,-7.0334040827433935,-0.5443012034892043,-7.033657738224837,17262.445078715646,0.0,0.19676087423338548,2.0472243320962105,2260733.6602814426,594.7464688871885
59800.0,4548786.696368702,69426.31335828251,4548991.505613413,841.2457718636006,1669.7233341636181,841.0446691537488,-7.029697847946185,-0.5380545333949905,-7.029952229380862,17262.445078715646,0.0,0.19676087423338548,2.0472243320962105,2260733.6602814426,594.7464688871885
59900.0,4548870.785803505,69593.28301171082,4549075.574936672,840.5429850411242,1669.669836831865,840.3418568573279,-7.026047903151293,-0.5319087828932176,-7.02630299864149,17262.445078715646,0.0,0.19676087423338548,2.0472243320962105,2260733.6602814426,594.7464688871885
60000.0,4548954.804977784,69760.24734596859,4549159.573996856,839.8405604384777,1669.616949098205,839.6394067099181,-7.022453293665163,-0.5258622983241907,-7.022709091506592,17262.445078715646,0.0,0.19676087423338548,2.0472243320962105,2260733.6602814426,594.7464688871885
60100.0,4549038.753927484,69927.206421522,4549243.502829903,839.1384925691528,1669.5646611175334,838.9373132261721,-7.018913081851455,-0.5199134546327545,-7.019169570529941,17262.445078715646,0.0,0.19676087423338548,2.0472243320962105,2260733.6602814426,594.7464688871885
60200.0,4549122.632688009,70094.16029786084,4549327.36147121,838.4367760395655,1669.5129632058436,838.2355710136478,-7.015426346808753,-0.5140606548417044,-7.015683514996965,17262.445078715646,0.0,0.19676087423338548,2.0472243320962105,2260733.6602814426,594.7464688871885
60300.0,4549206.441294227,70261.1090335144,4549411.149955638,837.7354055473983,1669.4618458374437,837.5341747711514,-7.011992184055039,-0.5083023295361712,-7.0122500206093,17262.445078715646,0.0,0.19676087423338548,2.0472243320962105,2260733.6602814426,594.7464688871885
60400.0,4549290.1797804795,70428.05268606723,4549494.868317522,837.0343758799737,1669.4112996422264,836.8331192871107,-7.008609705218297,-0.5026369363577052,-7.0088681991754305,17262.445078715646,0.0,0.19676087423338548,2.0472243320962105,2260733.6602814426,594.7464688871885
60500.0,4549373.848180593,70594.9913121745,4549578.516590683,836.333681912659,1669.3613154029883,836.1323994379802,-7.005278037733377,-0.4970629595084766,-7.00553717830763,17262.445078715646,0.0,0.19676087423338548,2.0472243320962105,2260733.6602814426,594.7464688871885
60600.0,4549457.446527884,70761.92496757726,4549662.0948084295,835.6333186072997,1669.311884052798,835.4320101866755,-7.001996324545068,-0.4915789092654263,-7.002256101125085,17262.445078715646,0.0,0.19676087423338548,2.0472243320962105,2260733.6602814426,594.7464688871885
60700.0,4549540.9748551715,70928.8537071172,4549745.603003575,834.9332810106835,1669.262996672412,834.7319465810367,-6.998763723817078,-0.48618332150386906,-6.99902412596292,17262.445078715646,0.0,0.19676087423338548,2.0472243320962105,2260733.6602814426,594.7464688871885
60800.0,4549624.433194781,71095.77758475141,4549829.041208439,834.2335642530329,1669.2146444877399,834.032203752322,-6.995579408646804,-0.48087475723044976,-6.995840426087038,17262.445078715646,0.0,0.19676087423338548,2.0472243320962105,2260733.6602814426,594.7464688871885
60900.0,4549707.821578557,71262.6966535667,4549912.409454858,833.5341635465255,1669.1668188673523,833.3327769137276,-6.99244256678586,-0.47565180212524477,-6.99270418941468,17262.445078715646,0.0,0.19676087423338548,2.0472243320962105,2260733.6602814426,594.7464688871885
61000.0,4549791.140037868,71429.61096579379,4549995.707774197,832.8350741838424,1669.1195113200372,832.6336613589372,-6.989352400366109,-0.4705130660928215,-6.989614618240533,17262.445078715646,0.0,0.19676087423338548,2.0472243320962105,2260733.6602814426,594.7464688871885
61100.0,4549874.388603617,71596.52057282117,4550078.936197352,832.1362915367438,1669.0727134923993,831.9348524606971,-6.98630812563126,-0.4654571828221359,-6.98657092896836,17262.445078715646,0.0,0.19676087423338548,2.0472243320962105,2260733.6602814426,594.7464688871885
61200.0,4549957.567306248,71763.4255252088,4550162.094754759,831.437811054671,1669.0264171665033,831.2363456694192,-6.983308972673704,-0.46048280935492253,-6.983572351847892,17262.445078715646,0.0,0.19676087423338548,2.0472243320962105,2260733.6602814426,594.7464688871885
61300.0,4550040.676175751,71930.32587270152,4550245.183476406,830.7396282633742,1668.9806142575594,830.5381365118084,-6.980354185176724,-0.45558862566267305,-6.98061813071709,17262.445078715646,0.0,0.19676087423338548,2.0472243320962105,2260733.6602814426,594.7464688871885
61400.0,4550123.715241676,72097.22166424224,4550328.202391836,830.0417387635665,1668.9352968116518,829.8402205895172,-6.977443020161472,-0.45077333423128985,-6.977707522749161,17262.445078715646,0.0,0.19676087423338548,2.0472243320962105,2260733.6602814426,594.7464688871885
61500.0,4550206.684533136,72264.11294798493,4550411.151530154,829.3441382296022,1668.8904570035072,829.1425935778244,-6.97457474773959,-0.4460356596548511,-6.974839798205238,17262.445078715646,0.0,0.19676087423338548,2.0472243320962105,2260733.6602814426,594.7464688871885
61600.0,4550289.584078813,72430.9997713074,4550494.03092004,828.64682240818,1668.8460871343043,828.4452512243383,-6.97174865086991,-0.44137434823587585,-6.972014240191112,17262.445078715646,0.0,0.19676087423338548,2.0472243320962105,2260733.6602814426,594.7464688871885
61700.0,4550372.413906969,72597.88218082377,4550576.840589749,827.9497871170704,1668.8021796295225,827.7481893477244,-6.9689640251207035,-0.4367881675945793,-6.969230144419543,17262.445078715646,0.0,0.19676087423338548,2.0472243320962105,2260733.6602814426,594.7464688871885
61800.0,4550455.174045451,72764.76022239687,4550659.5805671215,827.2530282438663,1668.758727036829,827.0514038364562,-6.966220178436072,-0.4322759062847364,-6.966486818976678,17262.445078715646,0.0,0.19676087423338548,2.0472243320962105,2260733.6602814426,594.7464688871885
61900.0,4550537.864521697,72931.6339411503,4550742.250879593,826.556541744757,1668.7157220240051,826.3548906475895,-6.963516430907298,-0.42783637341759223,-6.963783584093459,17262.445078715646,0.0,0.19676087423338548,2.0472243320962105,2260733.6602814426,594.7464688871885
62000.0,4550620.485362747,73098.50338148036,4550824.851554196,825.8603236433247,1668.6731573769082,825.6586458055593,-6.9608521145484055,-0.42346839829249794,-6.961119771921218,17262.445078715646,0.0,0.19676087423338548,2.0472243320962105,2260733.6602814426,594.7464688871885
62100.0,4550703.036595242,73265.36858706777,4550907.3826175695,825.1643700293631,1668.6310259974714,824.9626654009985,-6.958226573076404,-0.4191708300351214,-6.958494726311968,17262.445078715646,0.0,0.19676087423338548,2.0472243320962105,2260733.6602814426,594.7464688871885
62200.0,4550785.51824544,73432.22960088916,4550989.844095963,824.4686770577182,1668.589320901739,824.2669455895787,-6.955639161695555,-0.41494253724213365,-6.955907802602705,17262.445078715646,0.0,0.19676087423338548,2.0472243320962105,2260733.6602814426,594.7464688871885
62300.0,4550867.930339215,73599.08646522836,4551072.236015247,823.7732409471498,1668.5480352179366,823.5714825908724,-6.953089246886014,-0.4107824076329335,-6.953358367404093,17262.445078715646,0.0,0.19676087423338548,2.0472243320962105,2260733.6602814426,594.7464688871885
62400.0,4550950.272902068,73765.9392216876,4551154.558400917,823.0780579792149,1668.5071621845757,822.8762726872362,-6.95057620619662,-0.4066893477080811,-6.950845798393298,17262.445078715646,0.0,0.19676087423338548,2.0472243320962105,2260733.6602814426,594.7464688871885
62500.0,4551032.545959127,73932.78791119836,4551236.811278099,822.3831244971705,1668.4666951485929,822.1813122227139,-6.948099428041653,-0.4026622824141384,-6.948369484110777,17262.445078715646,0.0,0.19676087423338548,2.0472243320962105,2260733.6602814426,594.7464688871885
62600.0,4551114.749535163,74099.63257403219,4551318.994671556,821.688436904897,1668.4266275635216,821.4865976019605,-6.945658311501541,-0.39870015481482535,-6.945928823761023,17262.445078715646,0.0,0.19676087423338548,2.0472243320962105,2260733.6602814426,594.7464688871885
62700.0,4551196.883654586,74266.47324981123,4551401.108605696,820.993991665842,1668.3869529876963,820.7921252891855,-6.943252266127486,-0.3948019257685802,-6.943523227017235,17262.445078715646,0.0,0.19676087423338548,2.0472243320962105,2260733.6602814426,594.7464688871885
62800.0,4551278.948341458,74433.30997751861,4551483.153104574,820.2997853019822,1668.3476650824894,820.0978918071156,-6.9408807117499185,-0.3909665736122343,-6.941152113829804,17262.445078715646,0.0,0.19676087423338548,2.0472243320962105,2260733.6602814426,594.7464688871885
62900.0,4551360.943619495,74600.1427955087,4551565.128191904,819.6058143928051,1668.3087576105784,819.4038937359766,-6.938543078290448,-0.38719309385036615,-6.938814914238298,17262.445078715646,0.0,0.19676087423338548,2.0472243320962105,2260733.6602814426,594.7464688871885
63000.0,4551442.869512074,74766.9717415171,4551647.033891057,818.9120755743093,1668.2702244342445,818.7101277124933,-6.936238805577868,-0.3834804988512034,-6.936511068187508,17262.445078715646,0.0,0.19676087423338548,2.0472243320962105,2260733.6602814426,594.7464688871885
63100.0,4551524.726042236,74933.7968526706,4551728.870225071,818.2185655380226,1668.2320595137019,818.0165904289087,-6.933967343167218,-0.37982781754744294,-6.934240025346537,17262.445078715646,0.0,0.19676087423338548,2.0472243320962105,2260733.6602814426,594.7464688871885
63200.0,4551606.513232699,75100.61816549678,4551810.637216658,817.5252810300386,1668.194256905455,817.3232786320195,-6.9317281501627095,-0.37623409514334455,-6.932001244931768,17262.445078715646,0.0,0.19676087423338548,2.0472243320962105,2260733.6602814426,594.7464688871885
63300.0,4551688.231105853,75267.43571593367,4551892.334888207,816.8322188500701,1668.1568107606865,816.6301891222313,-6.929520695043887,-0.3726983928270391,-6.929794195533052,17262.445078715646,0.0,0.19676087423338548,2.0472243320962105,2260733.6602814426,594.7464688871885
63400.0,4551769.879683774,75434.24953933904,4551973.963261788,816.1393758505203,1668.119715323673,815.9373187526287,-6.927344455495219,-0.36921978748838596,-6.9276183549433386,17262.445078715646,0.0,0.19676087423338548,2.0472243320962105,2260733.6602814426,594.7464688871885
63500.0,4551851.458988225,75601.05967049973,4552055.522359159,815.4467489355707,1668.0829649302282,815.244664428064,-6.925198918238895,-0.3657973714420099,-6.925473209991489,17262.445078715646,0.0,0.19676087423338548,2.0472243320962105,2260733.6602814426,594.7464688871885
63600.0,4551932.969040662,75767.86614364061,4552137.012201773,814.7543350602854,1668.0465540061748,814.5522231042615,-6.923083578870847,-0.3624302521555877,-6.923358256378355,17262.445078715646,0.0,0.19676087423338548,2.0472243320962105,2260733.6602814426,594.7464688871885
63700.0,4552014.409862239,75934.66899243362,4552218.43281078,814.0621312297321,1668.010477065842,813.8599917869388,-6.920997941699992,-0.3591175519832973,-6.9212729985160255,17262.445078715646,0.0,0.19676087423338548,2.0472243320962105,2260733.6602814426,594.7464688871885
63800.0,4552095.781473812,76101.4682500065,4552299.784207032,813.3701344981187,1667.9747287105902,813.1679675309432,-6.918941519590437,-0.3558584079041343,-6.919216949370083,17262.445078715646,0.0,0.19676087423338548,2.0472243320962105,2260733.6602814426,594.7464688871885
63900.0,4552177.083895945,76268.26394895137,4552381.066411091,812.678341967945,1667.9393036273614,812.476147439404,-6.916913833806765,-0.35265197126514136,-6.917189630304906,17262.445078715646,0.0,0.19676087423338548,2.0472243320962105,2260733.6602814426,594.7464688871885
64000.0,4552258.317148916,76435.0561213333,4552462.2794432305,811.9867507891711,1667.904196587255,811.7845286629009,-6.914914413862234,-0.34949740752941943,-6.915190570931901,17262.445078715646,0.0,0.19676087423338548,2.0472243320962105,2260733.6602814426,594.7464688871885
64100.0,4552339.481252721,76601.84479869861,4552543.423323441,811.2953581583992,1667.8694024441286,811.0931083986459,-6.912942797369889,-0.3463938960288284,-6.913219308960644,17262.445078715646,0.0,0.19676087423338548,2.0472243320962105,2260733.6602814426,594.7464688871885
64200.0,4552420.5762270745,76768.6300120831,4552624.498071436,810.6041613180713,1667.8349161332233,810.4018838896815,-6.910998529896609,-0.34334062972148327,-6.911275390052959,17262.445078715646,0.0,0.19676087423338548,2.0472243320962105,2260733.6602814426,594.7464688871885
64300.0,4552501.60209142,76935.41179202007,4552705.503706654,809.9131575556813,1667.8007326698132,809.7108524240922,-6.909081164819726,-0.34033681495336554,-6.909358367679553,17262.445078715646,0.0,0.19676087423338548,2.0472243320962105,2260733.6602814426,594.7464688871885
64400.0,4552582.5588649325,77102.19016854833,4552786.440248266,809.2223442030005,1667.766847147878,809.020011334231,-6.907190263186502,-0.33738167122463153,-6.907467802979538,17262.445078715646,0.0,0.19676087423338548,2.0472243320962105,2260733.6602814426,594.7464688871885
64500.0,4552663.44656652,77268.96517121997,4552867.3077151785,808.5317186353177,1667.7332547387994,808.3293579959592,-6.905325393576218,-0.33447443096012,-6.905603264622529,17262.445078715646,0.0,0.19676087423338548,2.0472243320962105,2260733.6602814426,594.7464688871885
64600.0,4552744.2652148325,77435.736829108,4552948.106126037,807.8412782706929,1667.6999506900793,807.6388898279004,-6.903486131965008,-0.33161433928433914,-6.903764328673515,17262.445078715646,0.0,0.19676087423338548,2.0472243320962105,2260733.6602814426,594.7464688871885
64700.0,4552825.014828263,77602.50517081398,4553028.835499232,807.1510205692242,1667.6669303240822,806.9486042907073,-6.901672061592984,-0.32880065380017065,-6.901950578460002,17262.445078715646,0.0,0.19676087423338548,2.0472243320962105,2260733.6602814426,594.7464688871885
64800.0,4552905.695424952,77769.27022447535,4553109.4958529,806.4609430323279,1667.6341890367967,806.2584988863424,-6.899882772834175,-0.3260326443721534,-6.9001616044419904,17262.445078715646,0.0,0.19676087423338548,2.0472243320962105,2260733.6602814426,594.7464688871885
64900.0,4552986.307022792,77936.03201777281,4553190.087204931,805.7710432020315,1667.6017222966211,805.5685711573707,-6.8981178630686495,-0.32330959291328254,-6.898397004084103,17262.445078715646,0.0,0.19676087423338548,2.0472243320962105,2260733.6602814426,594.7464688871885
65000.0,4553066.849639434,78102.79057793747,4553270.609572973,805.0813186602794,1667.5695256431688,804.8788186862657,-6.896376936557253,-0.3206307931761218,-6.896656381730363,17262.445078715646,0.0,0.19676087423338548,2.0472243320962105,2260733.6602814426,594.7464688871885
65100.0,4553147.323292288,78269.5459317579,4553351.062974432,804.3917670282511,1667.5375946860943,804.189239094728,-6.894659604318597,-0.31799555054751816,-6.894939348481196,17262.445078715646,0.0,0.19676087423338548,2.0472243320962105,2260733.6602814426,594.7464688871885
65200.0,4553227.727998526,78436.29810558709,4553431.4474264765,803.7023859656915,1667.5059251039402,803.499830043015,-6.892965484008382,-0.3154031818471684,-6.893245522072785,17262.445078715646,0.0,0.19676087423338548,2.0472243320962105,2260733.6602814426,594.7464688871885
65300.0,4553308.06377509,78603.0471253493,4553511.762946048,803.0131731702527,1667.4745126430037,802.8105892292837,-6.8912941998009885,-0.31285301512983066,-6.891574526758683,17262.445078715646,0.0,0.19676087423338548,2.0472243320962105,2260733.6602814426,594.7464688871885
65400.0,4553388.330638693,78769.79301654674,4553592.009549855,802.3241263768485,1667.4433531162229,802.1215143889448,-6.88964538227331,-0.31034438949121373,-6.889925993193659,17262.445078715646,0.0,0.19676087423338548,2.0472243320962105,2260733.6602814426,594.7464688871885
65500.0,4553468.528605823,78936.53580426621,4553672.187254384,801.6352433570197,1667.4124424020822,801.4326032940282,-6.8880186682906945,-0.307876654877306,-6.888299558319672,17262.445078715646,0.0,0.19676087423338548,2.0472243320962105,2260733.6602814426,594.7464688871885
65600.0,4553548.65769275,79103.2755131856,4553752.296075899,800.9465219183105,1667.381776443537,800.7438537525602,-6.886413700895157,-0.30544917189738907,-6.886694865254102,17262.445078715646,0.0,0.19676087423338548,2.0472243320962105,2260733.6602814426,594.7464688871885
65700.0,4553628.717915521,79270.01216758024,4553832.336030448,800.257959903657,1667.351351246956,800.0552636079506,-6.884830129195483,-0.30306131164014444,-6.885111563179874,17262.445078715646,0.0,0.19676087423338548,2.0472243320962105,2260733.6602814426,594.7464688871885
65800.0,4553708.709289974,79436.74579132926,4553912.307133864,799.5695551907854,1667.3211628810825,799.3668307383925,-6.883267608259571,-0.30071245549341635,-6.883549307237817,17262.445078715646,0.0,0.19676087423338548,2.0472243320962105,2260733.6602814426,594.7464688871885
65900.0,4553788.631831733,79603.47640792173,4553992.209401769,798.8813056916216,1667.2912074760136,798.6785530562715,-6.881725799008688,-0.29840199496708136,-6.882007758420958,17262.445078715646,0.0,0.19676087423338548,2.0472243320962105,2260733.6602814426,594.7464688871885
66000.0,4553868.485556217,79770.20404046275,4554072.042849579,798.1932093517111,1667.2614812221966,797.9904285075854,-6.8802043681137075,-0.29612933151917414,-6.880486583470755,17262.445078715646,0.0,0.19676087423338548,2.0472243320962105,2260733.6602814426,594.7464688871885
66100.0,4553948.270478641,79936.92871167944,4554151.807492507,797.5052641496488,1667.2319803694427,797.3024550713747,-6.878702987893265,-0.29389387638512415,-6.878985454775286,17262.445078715646,0.0,0.19676087423338548,2.0472243320962105,2260733.6602814426,594.7464688871885
66200.0,4554027.986614019,80103.65044392686,4554231.503345564,796.8174680965201,1667.2027012259575,796.614630759163,-6.8772213362138235,-0.29169505041012456,-6.877504050269339,17262.445078715646,0.0,0.19676087423338548,2.0472243320962105,2260733.6602814426,594.7464688871885
66300.0,4554107.633977166,80270.36925919373,4554311.130423564,796.1298192353498,1667.1736401573887,795.9269536144072,-6.875759096391663,-0.28953228388465996,-6.876042053336409,17262.445078715646,0.0,0.19676087423338548,2.0472243320962105,2260733.6602814426,594.7464688871885
66400.0,4554187.212582707,80437.08517910817,4554390.688741128,795.442315640563,1667.1447935858894,795.2394217119576,-6.874315957096533,-0.2874050163827033,-6.874599152712372,17262.445078715646,0.0,0.19676087423338548,2.0472243320962105,2260733.6602814426,594.7464688871885
66500.0,4554266.722445074,80603.79822494333,4554470.178312684,794.7549554174541,1667.1161579891975,794.5520331575267,-6.872891612257175,-0.28531269660304004,-6.8731750423910345,17262.445078715646,0.0,0.19676087423338548,2.0472243320962105,2260733.6602814426,594.7464688871885
66600.0,4554346.1635785075,80770.50841762284,4554549.599152476,794.0677367016652,1667.0877298997316,793.8647860871691,-6.871485760968666,-0.2832547822135207,-6.87176942153149,17262.445078715646,0.0,0.19676087423338548,2.0472243320962105,2260733.6602814426,594.7464688871885
66700.0,4554425.535997069,80937.2157777263,4554628.951274557,793.3806576586749,1667.0595059037014,793.177678666769,-6.870098107401363,-0.28123073969793133,-6.870381994367065,17262.445078715646,0.0,0.19676087423338548,2.0472243320962105,2260733.6602814426,594.7464688871885
66800.0,4554504.839714635,81103.92032549459,4554708.234692804,792.6937164832942,1667.0314826402334,792.490709091537,-6.868728360711536,-0.27924004420569226,-6.869012470116007,17262.445078715646,0.0,0.19676087423338548,2.0472243320962105,2260733.6602814426,594.7464688871885
66900.0,4554584.074744903,81270.62208083508,4554787.449420911,792.0069113991732,1667.0036568005125,791.8038755855165,-6.867376234953724,-0.2772821794042891,-6.867660562893816,17262.445078715646,0.0,0.19676087423338548,2.0472243320962105,2260733.6602814426,594.7464688871885
67000.0,4554663.2411013935,81437.32106332683,4554866.595472398,791.3202406583151,1666.9760251269367,791.1171764010979,-6.866041448994645,-0.2753566373343305,-6.8663259916272015,17262.445078715646,0.0,0.19676087423338548,2.0472243320962105,2260733.6602814426,594.7464688871885
67100.0,4554742.338797456,81604.01729222569,4554945.672860611,790.6337025405994,1666.9485844122873,790.4306098185422,-6.8647237264287275,-0.27346291826720237,-6.865008479969615,17262.445078715646,0.0,0.19676087423338548,2.0472243320962105,2260733.6602814426,594.7464688871885
67200.0,4554821.367846266,81770.71078646927,4555024.681598726,789.947295353313,1666.9213314989127,789.7441741455118,-6.863422795495124,-0.27160053056520195,-6.863707756218289,17262.445078715646,0.0,0.19676087423338548,2.0472243320962105,2260733.6602814426,594.7464688871885
67300.0,4554900.328260835,81937.40156468183,4555103.621699749,789.2610174306905,1666.8942632779263,789.057867716611,-6.862138388996369,-0.2697689905443381,-6.862423553232899,17262.445078715646,0.0,0.19676087423338548,2.0472243320962105,2260733.6602814426,594.7464688871885
67400.0,4554979.220054007,82104.08964517918,4555182.493176523,788.574867133461,1666.8673766884178,788.3716888929329,-6.860870244218401,-0.2679678223393813,-6.861155608355616,17262.445078715646,0.0,0.19676087423338548,2.0472243320962105,2260733.6602814426,594.7464688871885
67500.0,4555058.043238463,82270.77504597338,4555261.296041727,787.8888428484042,1666.8406687166782,787.6856360616158,-6.859618102852156,-0.26619655777150025,-6.859903663332702,17262.445078715646,0.0,0.19676087423338548,2.0472243320962105,2260733.6602814426,594.7464688871885
67600.0,4555136.797826724,82437.45778477746,4555340.0303078815,787.202942987914,1666.8141363954373,786.9997076354065,-6.858381710916495,-0.2644547362180793,-6.858667464237464,17262.445078715646,0.0,0.19676087423338548,2.0472243320962105,2260733.6602814426,594.7464688871885
67700.0,4555215.483831156,82604.13787901003,4555418.695987348,786.5171659895685,1666.7877768031149,786.3139020522309,-6.857160818682683,-0.26274190448508866,-6.857446761394737,17262.445078715646,0.0,0.19676087423338548,2.0472243320962105,2260733.6602814426,594.7464688871885
67800.0,4555294.101263966,82770.81534579977,4555497.293092336,785.8315103157099,1666.7615870630834,785.6282177747732,-6.855955180600064,-0.26105761668142624,-6.856241309306583,17262.445078715646,0.0,0.19676087423338548,2.0472243320962105,2260733.6602814426,594.7464688871885
67900.0,4555372.650137213,82937.49020198992,4555575.821634897,785.1459744530291,1666.7355643429453,784.9426532900617,-6.854764555223259,-0.2594014340957689,-6.855050866579496,17262.445078715646,0.0,0.19676087423338548,2.0472243320962105,2260733.6602814426,594.7464688871885
68000.0,4555451.130462801,83104.16246414266,4555654.281626937,784.4605569121595,1666.7097058538193,784.2572071090615,-6.853588705140625,-0.25777292507546795,-6.853875195852881,17262.445078715646,0.0,0.19676087423338548,2.0472243320962105,2260733.6602814426,594.7464688871885
68100.0,4555529.54225249,83270.83214854346,4555732.673080213,783.7752562272768,1666.6840088496422,783.5718777662751,-6.8524273969039475,-0.25617166490753307,-6.852714063728759,17262.445078715646,0.0,0.19676087423338548,2.0472243320962105,2260733.6602814426,594.7464688871885
68200.0,4555607.885517893,83437.49927120523,4555810.996006337,783.0900709557063,1666.6584706264794,782.8866638193497,-6.851280400959555,-0.25459723570188497,-6.851567240702886,17262.445078715646,0.0,0.19676087423338548,2.0472243320962105,2260733.6602814426,594.7464688871885
68300.0,4555686.160270481,83604.16384787264,4555889.250416776,782.4049996775367,1666.6330885218492,782.2015638486911,-6.850147491580595,-0.253049226276596,-6.850434501097059,17262.445078715646,0.0,0.19676087423338548,2.0472243320962105,2260733.6602814426,594.7464688871885
68400.0,4555764.366521582,83770.8258940261,4555967.4363228595,781.7200409952408,1666.6078599140576,781.5165764570842,-6.849028446800527,-0.25152723204508803,-6.849315622992615,17262.445078715646,0.0,0.19676087423338548,2.0472243320962105,2260733.6602814426,594.7464688871885
68500.0,4555842.504282387,83937.4854248859,4556045.553735775,781.0351935333027,1666.5827822215438,780.8317002693204,-6.847923048347884,-0.25003085490541976,-6.848210388165193,17262.445078715646,0.0,0.19676087423338548,2.0472243320962105,2260733.6602814426,594.7464688871885
68600.0,4555920.57356395,84104.14245541613,4556123.602666575,780.350455937852,1666.5578529022375,780.146933931832,-6.846831081582175,-0.24855970313149628,-6.847118582020666,17262.445078715646,0.0,0.19676087423338548,2.0472243320962105,2260733.6602814426,594.7464688871885
68700.0,4555998.574377192,84270.79700032863,4556201.583126179,779.6658268763028,1666.5330694529268,779.4622761123313,-6.845752335430968,-0.24711339126619358,-6.84603999353223,17262.445078715646,0.0,0.19676087423338548,2.0472243320962105,2260733.6602814426,594.7464688871885
68800.0,4556076.5067329,84437.44907408684,4556279.495125372,778.9813050370011,1666.5084294086366,778.7777254994579,-6.844686602328107,-0.24569154001636306,-6.844974415178637,17262.445078715646,0.0,0.19676087423338548,2.0472243320962105,2260733.6602814426,594.7464688871885
68900.0,4556154.370641731,84604.09869090957,4556357.33867481,778.2968891288765,1666.483930342017,778.0932808024305,-6.843633678153019,-0.24429377614964082,-6.843921642883504,17262.445078715646,0.0,0.19676087423338548,2.0472243320962105,2260733.6602814426,594.7464688871885
69000.0,4556232.166114214,84770.74586477477,4556435.113785021,777.6125778811008,1666.4595698627425,777.4089407507058,-6.842593362171173,-0.2429197323931605,-6.842881475955794,17262.445078715646,0.0,0.19676087423338548,2.0472243320962105,2260733.6602814426,594.7464688871885
69100.0,4556309.893160754,84937.39060942318,4556512.820466407,776.9283700427527,1666.435345616921,776.7247040936427,-6.841565456975556,-0.24156904733393808,-6.8418537170313005,17262.445078715646,0.0,0.19676087423338548,2.0472243320962105,2260733.6602814426,594.7464688871885
69200.0,4556387.551791629,85104.03293836195,4556590.458729245,776.2442643824874,1666.4112552865133,776.0405696001726,-6.840549768429238,-0.24024136532107992,-6.840838172015219,17262.445078715646,0.0,0.19676087423338548,2.0472243320962105,2260733.6602814426,594.7464688871885
69300.0,4556465.142016996,85270.67286486819,4556668.028583691,775.5602596882126,1666.3872965887606,775.3565360584754,-6.839546105608979,-0.2389363363696868,-6.839834650025775,17262.445078715646,0.0,0.19676087423338548,2.0472243320962105,2260733.6602814426,594.7464688871885
69400.0,4556542.663846892,85437.31040199248,4556745.530039782,774.8763547667701,1666.3634672756234,774.6726022756607,-6.8385542807498245,-0.23765361606641477,-6.838842963338823,17262.445078715646,0.0,0.19676087423338548,2.0472243320962105,2260733.6602814426,594.7464688871885
69500.0,4556620.117291236,85603.9455625623,4556822.963107432,774.1925484436224,1666.339765133229,773.9887670774548,-6.837574109190693,-0.23639286547667343,-6.837862927333448,17262.445078715646,0.0,0.19676087423338548,2.0472243320962105,2260733.6602814426,594.7464688871885
69600.0,4556697.502359829,85770.57835918543,4556900.327796444,773.5088395625454,1666.316187981328,773.3050293078934,-6.836605409320996,-0.23515375105352804,-6.836894360438593,17262.445078715646,0.0,0.19676087423338548,2.0472243320962105,2260733.6602814426,594.7464688871885
69700.0,4556774.819062359,85937.2088042533,4556977.624116504,772.8252269853255,1666.2927336727598,772.6213878290189,-6.835648002528127,-0.23393594454805816,-6.835937084080559,17262.445078715646,0.0,0.19676087423338548,2.0472243320962105,2260733.6602814426,594.7464688871885
69800.0,4556852.067408399,86103.83690994424,4557054.852077182,772.1417095914625,1666.2694000929278,771.9378415205833,-6.834701713146017,-0.23273912292146515,-6.834990922631575,17262.445078715646,0.0,0.19676087423338548,2.0472243320962105,2260733.6602814426,594.7464688871885
69900.0,4556929.247407413,86270.46268822672,4557132.011687943,771.4582862778778,1666.246185159282,771.2543892797563,-6.83376636840442,-0.23156296825841982,-6.834055703359092,17262.445078715646,0.0,0.19676087423338548,2.0472243320962105,2260733.6602814426,594.7464688871885
70000.0,4557006.359068754,86437.08615086255,4557209.102958137,770.7749559586273,1666.2230868208117,770.5710300208381,-6.832841798379367,-0.23040716768229547,-6.833131256376243,17262.445078715646,0.0,0.19676087423338548,2.0472243320962105,2260733.6602814426,594.7464688871885
70100.0,4557083.402401669,86603.70730941,4557286.125897011,770.0917175646185,1666.200103057545,769.8877626749772,-6.8319278359442315,-0.22927141327149592,-6.832217414592919,17262.445078715646,0.0,0.19676087423338548,2.0472243320962105,2260733.6602814426,594.7464688871885
70200.0,4557160.377415297,86770.32617522687,4557363.080513701,769.4085700433342,1666.1772318800583,769.2045861898937,-6.831024316721916,-0.22815540197756384,-6.831314013667973,17262.445078715646,0.0,0.19676087423338548,2.0472243320962105,2260733.6602814426,594.7464688871885
70300.0,4557237.284118672,86936.94275947352,4557439.966817242,768.725512358559,1666.1544713289923,768.5214995296058,-6.8301310790376775,-0.2270588355444173,-6.830420891962042,17262.445078715646,0.0,0.19676087423338548,2.0472243320962105,2260733.6602814426,594.7464688871885
70400.0,4557314.122520728,87103.55707311585,4557516.784816567,768.0425434901119,1666.131819474577,767.8385016741628,-6.829247963872952,-0.22598142042920802,-6.829537890491399,17262.445078715646,0.0,0.19676087423338548,2.0472243320962105,2260733.6602814426,594.7464688871885
70500.0,4557390.892630297,87270.16912692826,4557593.534520504,767.3596624335833,1666.1092744161642,767.1555916193814,-6.828374814819961,-0.22492286772447928,-6.8286648528825395,17262.445078715646,0.0,0.19676087423338548,2.0472243320962105,2260733.6602814426,594.7464688871885
70600.0,4557467.594456109,87436.7789314965,4557670.215937785,766.6768682000749,1666.086834281768,766.472768376587,-6.827511478037028,-0.22388289308155584,-6.82780162532754,17262.445078715646,0.0,0.19676087423338548,2.0472243320962105,2260733.6602814426,594.7464688871885
70700.0,4557544.228006799,87603.38649722058,4557746.829077041,765.9941598159467,1666.0644972276125,765.7900309723595,-6.826657802204889,-0.22286121663550834,-6.826948056540354,17262.445078715646,0.0,0.19676087423338548,2.0472243320962105,2260733.6602814426,594.7464688871885
70800.0,4557620.793290902,87769.99183431746,4557823.373946808,765.311536322566,1666.0422614376873,765.1073784482828,-6.825813638483554,-0.22185756293110984,-6.826103997713694,17262.445078715646,0.0,0.19676087423338548,2.0472243320962105,2260733.6602814426,594.7464688871885
70900.0,4557697.290316861,87936.59495282393,4557899.850555528,764.6289967760621,1666.02012512331,764.4248098606996,-6.824978840470111,-0.22087166085032864,-6.825269302476838,17262.445078715646,0.0,0.19676087423338548,2.0472243320962105,2260733.6602814426,594.7464688871885
71000.0,4557773.719093025,88103.19586259921,4557976.258911547,763.9465402470844,1665.998086522696,763.7423242804695,-6.824153264157191,-0.2199032435409145,-6.824443826854106,17262.445078715646,0.0,0.19676087423338548,2.0472243320962105,2260733.6602814426,594.7464688871885
71100.0,4557850.079627648,88269.79457332772,4558052.5990231205,763.2641658205648,1665.9761439005356,763.0599207927314,-6.8233367678922106,-0.21895204834629556,-6.823627429224104,17262.445078715646,0.0,0.19676087423338548,2.0472243320962105,2260733.6602814426,594.7464688871885
71200.0,4557926.371928896,88436.39109452159,4558128.870898412,762.5818725954846,1665.954295547578,762.3775984966708,-6.8225292123372725,-0.2180178167366019,-6.822819970279652,17262.445078715646,0.0,0.19676087423338548,2.0472243320962105,2260733.6602814426,594.7464688871885
71300.0,4558002.596004845,88602.98543552338,4558205.074545496,761.8996596846447,1665.932539780222,761.6953565052894,-6.8217304604298805,-0.2171002942409797,-6.822021312988479,17262.445078715646,0.0,0.19676087423338548,2.0472243320962105,2260733.6602814426,594.7464688871885
71400.0,4558078.7518634815,88769.57760550852,4558281.20997236,761.2175262144401,1665.9108749401128,761.0131939451802,-6.820940377344241,-0.21619923038095357,-6.821231322554552,17262.445078715646,0.0,0.19676087423338548,2.0472243320962105,2260733.6602814426,594.7464688871885
71500.0,4558154.839512707,88936.16761348784,4558357.277186904,760.5354713246383,1665.889299393747,760.3311099563055,-6.820158830453325,-0.21531437860502592,-6.820449866380142,17262.445078715646,0.0,0.19676087423338548,2.0472243320962105,2260733.6602814426,594.7464688871885
71600.0,4558230.858960337,89102.75546831006,4558433.276196943,759.8534941681608,1665.8678115320827,759.6491036917789,-6.819385689291554,-0.21444549622432169,-6.81967681402851,17262.445078715646,0.0,0.19676087423338548,2.0472243320962105,2260733.6602814426,594.7464688871885
71700.0,4558306.810214103,89269.34117866421,4558509.207010206,759.1715939108692,1665.846409770156,758.9671743176516,-6.818620825518221,-0.21359234434946253,-6.8189120371873475,17262.445078715646,0.0,0.19676087423338548,2.0472243320962105,2260733.6602814426,594.7464688871885
71800.0,4558382.693281654,89435.924753082,4558585.069634342,758.4897697313547,1665.8250925467048,758.2853210127007,-6.817864112881413,-0.21275468782829599,-6.818155409632692,17262.445078715646,0.0,0.19676087423338548,2.0472243320962105,2260733.6602814426,594.7464688871885
71900.0,4558458.508170558,89602.5061999402,4558660.864076917,757.8080208207305,1665.803858323798,757.6035429682232,-6.8171154271826895,-0.2119322951848946,-6.817406807193629,17262.445078715646,0.0,0.19676087423338548,2.0472243320962105,2260733.6602814426,594.7464688871885
72000.0,4558534.254888301,89769.08552746291,4558736.590345417,757.1263463824283,1665.782705586471,756.9218393878319,-6.816374646242402,-0.21112493855956904,-6.816666107717601,17262.445078715646,0.0,0.19676087423338548,2.0472243320962105,2260733.6602814426,594.7464688871885
72100.0,4558609.933442291,89935.66274372391,4558812.248447251,756.4447456319986,1665.761632842366,756.2402094872552,-6.815641649865503,-0.2103323936497824,-6.815933191036237,17262.445078715646,0.0,0.19676087423338548,2.0472243320962105,2260733.6602814426,594.7464688871885
72200.0,4558685.543839858,90102.2378566488,4558887.838389745,755.7632177969132,1665.7406386213809,755.5586524941408,-6.814916319808051,-0.20955443965219284,-6.81520793893186,17262.445078715646,0.0,0.19676087423338548,2.0472243320962105,2260733.6602814426,594.7464688871885
72300.0,4558761.086088255,90268.81087401732,4558963.360180154,755.0817621163724,1665.7197214753207,754.8771676478616,-6.8141985397442895,-0.20879085920564946,-6.814490235104574,17262.445078715646,0.0,0.19676087423338548,2.0472243320962105,2260733.6602814426,594.7464688871885
72400.0,4558836.560194661,90435.38180346544,4559038.813825655,754.4003778411144,1665.6988799775572,754.1957541993263,-6.813488195234259,-0.20804143833510802,-6.8137799651398705,17262.445078715646,0.0,0.19676087423338548,2.0472243320962105,2260733.6602814426,594.7464688871885
72500.0,4558911.966166179,90601.95065248756,4559114.199333349,753.7190642332284,1665.6781127226927,753.514411410792,-6.812785173692048,-0.20730596639659915,-6.813077016476907,17262.445078715646,0.0,0.19676087423338548,2.0472243320962105,2260733.6602814426,594.7464688871885
72600.0,4558987.304009839,90768.51742843857,4559189.516710267,753.037820565971,1665.6574183262292,752.8331385556806,-6.8120893643545335,-0.2065842360230337,-6.812381278377237,17262.445078715646,0.0,0.19676087423338548,2.0472243320962105,2260733.6602814426,594.7464688871885
72700.0,4559062.5737326,90935.08213853593,4559264.765963367,752.3566461235848,1665.636795424244,752.1519349183978,-6.811400658250719,-0.2058760430710005,-6.811692641894166,17262.445078715646,0.0,0.19676087423338548,2.0472243320962105,2260733.6602814426,594.7464688871885
72800.0,4559137.775341348,91101.64478986175,4559339.947099535,751.6755402011217,1665.6162426730698,751.4707997941558,-6.810718948171582,-0.205181186568427,-6.811010999842593,17262.445078715646,0.0,0.19676087423338548,2.0472243320962105,2260733.6602814426,594.7464688871885
72900.0,4559212.908842901,91268.20538936475,4559415.060125587,750.9945021042673,1665.5957587489802,750.7897324887984,-6.810044128640425,-0.20449946866310337,-6.810336246769375,17262.445078715646,0.0,0.19676087423338548,2.0472243320962105,2260733.6602814426,594.7464688871885
73000.0,4559287.974244007,91434.76394386229,4559490.10504827,750.3135311491695,1665.5753423478798,750.1087323186294,-6.809376095883845,-0.20383069457219466,-6.809668278924308,17262.445078715646,0.0,0.19676087423338548,2.0472243320962105,2260733.6602814426,594.7464688871885
73100.0,4559362.971551347,91601.32046004225,4559565.081874265,749.6326266622697,1665.5549921850004,749.4277986102436,-6.808714747803053,-0.2031746725324231,-6.809006994231432,17262.445078715646,0.0,0.19676087423338548,2.0472243320962105,2260733.6602814426,594.7464688871885
73200.0,4559437.900771533,91767.87494446502,4559639.990610185,748.9517879801365,1665.534706994601,748.7469307003607,-6.808059983945856,-0.20253121375128963,-6.808352292261049,17262.445078715646,0.0,0.19676087423338548,2.0472243320962105,2260733.6602814426,594.7464688871885
73300.0,4559512.761911115,91934.42740356534,4559714.831262576,748.2710144493025,1665.5144855296735,748.0661279356626,-6.8074117054790095,-0.2019001323589622,-6.807704074202048,17262.445078715646,0.0,0.19676087423338548,2.0472243320962105,2260733.6602814426,594.7464688871885
73400.0,4559587.554976573,92100.97784365417,4559789.603837922,747.590305426104,1665.4943265616523,747.3853896726322,-6.806769815161089,-0.2012812453610508,-6.807062242834812,17262.445078715646,0.0,0.19676087423338548,2.0472243320962105,2260733.6602814426,594.7464688871885
73500.0,4559662.279974328,92267.52627092053,4559864.30834264,746.9096602765228,1665.4742288801299,746.704715277396,-6.80613421731589,-0.2006743725922071,-6.806426702504602,17262.445078715646,0.0,0.19676087423338548,2.0472243320962105,2260733.6602814426,594.7464688871885
73600.0,4559736.936910736,92434.0726914333,4559938.944783086,746.2290783760312,1665.4541912925752,746.0241041255688,-6.805504817806165,-0.20007933667039884,-6.80579735909531,17262.445078715646,0.0,0.19676087423338548,2.0472243320962105,2260733.6602814426,594.7464688871885
73700.0,4559811.525792091,92600.61711114299,4560013.513165553,745.5485591094395,1665.4342126240583,745.3435556021012,-6.804881524007967,-0.19949596295209612,-6.8051741200038025,17262.445078715646,0.0,0.19676087423338548,2.0472243320962105,2260733.6602814426,594.7464688871885
73800.0,4559886.046624626,92767.15953588347,4560088.013496274,744.8681018707454,1665.4142917169788,744.6630691011295,-6.804264244785296,-0.19892407948806462,-6.804556894114578,17262.445078715646,0.0,0.19676087423338548,2.0472243320962105,2260733.6602814426,594.7464688871885
73900.0,4559960.499414513,92933.69997137373,4560162.445781421,744.1877060629871,1665.394427430798,743.9826440258281,-6.80365289046532,-0.1983635169800536,-6.803945591774988,17262.445078715646,0.0,0.19676087423338548,2.0472243320962105,2260733.6602814426,594.7464688871885
74000.0,4560034.884167867,93100.23842321952,4560236.810027107,743.5073710980981,1665.3746186417766,743.3022797882647,-6.803047372813897,-0.19781410873806243,-6.803340124770764,17262.445078715646,0.0,0.19676087423338548,2.0472243320962105,2260733.6602814426,594.7464688871885
74100.0,4560109.200890741,93266.77489691506,4560311.106239387,742.8270963967642,1665.354864242715,742.6219758092575,-6.802447605011633,-0.1972756906384513,-6.802740406302088,17262.445078715646,0.0,0.19676087423338548,2.0472243320962105,2260733.6602814426,594.7464688871885
74200.0,4560183.449589135,93433.30939784467,4560385.334424258,742.1468813882832,1665.3351631427,741.9417315182349,-6.801853501630264,-0.19674810108264987,-6.8021463509599664,17262.445078715646,0.0,0.19676087423338548,2.0472243320962105,2260733.6602814426,594.7464688871885
74300.0,4560257.63026899,93599.84193128438,4560459.494587662,741.4667255104275,1665.3155142668534,741.2615463530974,-6.801264978609503,-0.1962311809566354,-6.801557874703095,17262.445078715646,0.0,0.19676087423338548,2.0472243320962105,2260733.6602814426,594.7464688871885
74400.0,4560331.74293619,93766.37250240352,4560533.586735481,740.7866282093079,1665.2959165560858,740.5814197600827,-6.800681953234322,-0.1957247735911023,-6.800974894835132,17262.445078715646,0.0,0.19676087423338548,2.0472243320962105,2260733.6602814426,594.7464688871885
74500.0,4560405.787596567,93932.9011162663,4560607.610873547,740.1065889392403,1665.2763689668543,739.9013511936313,-6.800104344112475,-0.19522872472215863,-6.80039732998224,17262.445078715646,0.0,0.19676087423338548,2.0472243320962105,2260733.6602814426,594.7464688871885
74600.0,4560479.764255894,94099.42777783332,4560681.567007636,739.4266071626147,1665.2568704709238,739.2213401162562,-6.799532071152614,-0.19474288245288715,-6.799825100071201,17262.445078715646,0.0,0.19676087423338548,2.0472243320962105,2260733.6602814426,594.7464688871885
74700.0,4560553.672919897,94265.95249196314,4560755.455143469,738.746682349766,1665.2374200551317,738.5413859984135,-6.7989650555426,-0.19426709721535051,-6.799258126307724,17262.445078715646,0.0,0.19676087423338548,2.0472243320962105,2260733.6602814426,594.7464688871885
74800.0,4560627.513594246,94432.47526341373,4560829.275286717,738.0668139788476,1665.2180167211577,737.8614883183756,-6.798403219728316,-0.19380122173337797,-6.79869633115527,17262.445078715646,0.0,0.19676087423338548,2.0472243320962105,2260733.6602814426,594.7464688871885
74900.0,4560701.286284558,94598.99609684396,4560903.027442997,737.3870015357057,1665.198659485296,737.1816465621066,-6.797846487392797,-0.19334511098591145,-6.798139638314188,17262.445078715646,0.0,0.19676087423338548,2.0472243320962105,2260733.6602814426,594.7464688871885
75000.0,4560774.9909964,94765.51499681505,4560976.711617877,736.7072445137577,1665.1793473782316,736.5018602231397,-6.797294783435688,-0.1928986221709456,-6.797587972701174,17262.445078715646,0.0,0.19676087423338548,2.0472243320962105,2260733.6602814426,594.7464688871885
75100.0,4560848.627735291,94932.03196779203,4561050.327816873,736.0275424138707,1665.1600794448202,735.8221288024563,-6.796748033953125,-0.1924616146701152,-6.797041260429156,17262.445078715646,0.0,0.19676087423338548,2.0472243320962105,2260733.6602814426,594.7464688871885
75200.0,4560922.196506697,95098.54701414508,4561123.8760454515,735.3478947442434,1665.1408547438716,735.1424518083675,-6.796206166217882,-0.1920339500138155,-6.796499428787444,17262.445078715646,0.0,0.19676087423338548,2.0472243320962105,2260733.6602814426,594.7464688871885
75300.0,4560995.6973160375,95265.06014015095,4561197.356309032,734.668301020289,1665.1216723479365,734.4628287563975,-6.795669108659948,-0.19161549184698112,-6.795962406222315,17262.445078715646,0.0,0.19676087423338548,2.0472243320962105,2260733.6602814426,594.7464688871885
75400.0,4561069.130168683,95431.57134999435,4561270.768612985,733.988760764521,1665.102531343097,733.7832591691688,-6.7951367908473665,-0.19120610589536086,-6.795430122317852,17262.445078715646,0.0,0.19676087423338548,2.0472243320962105,2260733.6602814426,594.7464688871885
75500.0,4561142.495069956,95598.08064776924,4561344.112962632,733.3092735064396,1665.08343082876,733.1037425762895,-6.7946091434674045,-0.1908056599323537,-6.794902507777122,17262.445078715646,0.0,0.19676087423338548,2.0472243320962105,2260733.6602814426,594.7464688871885
75600.0,4561215.792025135,95764.5880374802,4561417.389363251,732.6298387824213,1665.0643699174534,732.4242785142422,-6.794086098308137,-0.19041402374649888,-6.794379494403758,17262.445078715646,0.0,0.19676087423338548,2.0472243320962105,2260733.6602814426,594.7464688871885
75700.0,4561289.021039449,95931.09352304367,4561490.597820071,731.9504561356094,1665.0453477346277,731.7448665262748,-6.793567588240209,-0.19003106910935247,-6.793861015083733,17262.445078715646,0.0,0.19676087423338548,2.0472243320962105,2260733.6602814426,594.7464688871885
75800.0,4561362.182118082,96097.59710828932,4561563.738338277,731.2711251158069,1665.0263634184578,731.0655061622931,-6.793053547199008,-0.1896566697440002,-6.7933470037675265,17262.445078715646,0.0,0.19676087423338548,2.0472243320962105,2260733.6602814426,594.7464688871885
75900.0,4561435.275266177,96264.09879696126,4561636.810923009,730.5918452793704,1665.0074161196503,730.3861969787556,-6.792543910167144,-0.18929070129409498,-6.792837395452612,17262.445078715646,0.0,0.19676087423338548,2.0472243320962105,2260733.6602814426,594.7464688871885
76000.0,4561508.30048883,96430.59859271925,4561709.815579364,729.9126161891071,1664.9885050012526,729.7069385385694,-6.792038613157116,-0.1889330412932985,-6.792332126166131,17262.445078715646,0.0,0.19676087423338548,2.0472243320962105,2260733.6602814426,594.7464688871885
76100.0,4561581.257791093,96597.09649914001,4561782.752312394,729.2334374141718,1664.9696292384656,729.0277304109878,-6.791537593194467,-0.18858356913540852,-6.791831132948049,17262.445078715646,0.0,0.19676087423338548,2.0472243320962105,2260733.6602814426,594.7464688871885
76200.0,4561654.147177976,96763.59251971835,4561855.621127109,728.554308529967,1664.9507880184585,728.3485721715106,-6.791040788301014,-0.18824216604478017,-6.791334353834391,17262.445078715646,0.0,0.19676087423338548,2.0472243320962105,2260733.6602814426,594.7464688871885
76300.0,4561726.968654447,96930.0866578684,4561928.422028477,727.8752291180436,1664.9319805401885,727.6694634017846,-6.7905481374785355,-0.18790871504739332,-6.790841727840921,17262.445078715646,0.0,0.19676087423338548,2.0472243320962105,2260733.6602814426,594.7464688871885
76400.0,4561799.722225434,97096.57891692479,4562001.155021424,727.1961987660044,1664.913206014221,726.9904036895067,-6.790059580692665,-0.18758310094233605,-6.790353194947053,17262.445078715646,0.0,0.19676087423338548,2.0472243320962105,2260733.6602814426,594.7464688871885
76500.0,4561872.407895822,97263.06930014372,4562073.820110837,726.5172170674077,1664.894463662554,726.3113926283286,-6.789575058857004,-0.18726521027370563,-6.789868696079967,17262.445078715646,0.0,0.19676087423338548,2.0472243320962105,2260733.6602814426,594.7464688871885
76600.0,4561945.025670456,97429.5578107042,4562146.417301559,725.838283621674,1664.8757527184448,725.6324298177622,-6.789094513817638,-0.18695493130309335,-6.789388173099117,17262.445078715646,0.0,0.19676087423338548,2.0472243320962105,2260733.6602814426,594.7464688871885
76700.0,4562017.575554142,97596.04445170911,4562218.946598396,725.159398033993,1664.8570724262402,724.9535148630877,-6.788617888337795,-0.18665215398240306,-6.788911568780898,17262.445078715646,0.0,0.19676087423338548,2.0472243320962105,2260733.6602814426,594.7464688871885
76800.0,4562090.057551646,97762.52922618632,4562291.408006114,724.4805599152331,1664.8384220412079,724.2746473752622,-6.7881451260828545,-0.18635676992721972,-6.788438826803664,17262.445078715646,0.0,0.19676087423338548,2.0472243320962105,2260733.6602814426,594.7464688871885
76900.0,4562162.471667695,97929.01213708977,4562363.80152944,723.8017688818514,1664.8198008293725,723.5958269708309,-6.787676171605528,-0.18606867239051922,-6.7879698917329065,17262.445078715646,0.0,0.19676087423338548,2.0472243320962105,2260733.6602814426,594.7464688871885
77000.0,4562234.8179069795,98095.49318730051,4562436.127173064,723.1230245558062,1664.801208067352,722.9170532718383,-6.787210970331354,-0.1857877562368741,-6.787504709006742,17262.445078715646,0.0,0.19676087423338548,2.0472243320962105,2260733.6602814426,594.7464688871885
77100.0,4562307.096274151,98261.9723796278,4562508.384941638,722.4443265644699,1664.782643042199,722.2383259057424,-6.786749468544423,-0.18551391791707914,-6.787043224921673,17262.445078715646,0.0,0.19676087423338548,2.0472243320962105,2260733.6602814426,594.7464688871885
77200.0,4562379.306773825,98428.44971681008,4562580.574839777,721.7656745405443,1664.764105051242,721.5596445053288,-6.786291613373325,-0.18524705544315095,-6.786585386618492,17262.445078715646,0.0,0.19676087423338548,2.0472243320962105,2260733.6602814426,594.7464688871885
77300.0,4562451.449410579,98594.92520151607,4562652.696872059,721.0870681219768,1664.745593401932,720.8810087086277,-6.7858373527773805,-0.1849870683638063,-6.786131142068556,17262.445078715646,0.0,0.19676087423338548,2.0472243320962105,2260733.6602814426,594.7464688871885
77400.0,4562523.524188957,98761.39883634575,4562724.751043027,720.4085069518779,1664.7271074116888,720.2024181588312,-6.785386635533033,-0.18473385774025292,-6.785680440060157,17262.445078715646,0.0,0.19676087423338548,2.0472243320962105,2260733.6602814426,594.7464688871885
77500.0,4562595.531113466,98927.87062383127,4562796.737357188,719.72999067844,1664.708646407752,719.523872504212,-6.784939411220547,-0.18448732612246888,-6.785233230185237,17262.445078715646,0.0,0.19676087423338548,2.0472243320962105,2260733.6602814426,594.7464688871885
77600.0,4562667.470188578,99094.34056643806,4562868.655819014,719.0515189548579,1664.690209727032,718.8453713980443,-6.784495630210897,-0.18424737752581316,-6.78478946282627,17262.445078715646,0.0,0.19676087423338548,2.0472243320962105,2260733.6602814426,594.7464688871885
77700.0,4562739.34141873,99260.80866656566,4562940.506432941,718.3730914392503,1664.6717967159657,718.166914498525,-6.784055243652859,-0.18401391740802006,-6.784349089143356,17262.445078715646,0.0,0.19676087423338548,2.0472243320962105,2260733.6602814426,594.7464688871885
77800.0,4562811.144808328,99427.27492654875,4563012.289203376,717.6947077945827,1664.6534067303733,717.4885014686964,-6.783618203460354,-0.18378685264659372,-6.783912061061585,17262.445078715646,0.0,0.19676087423338548,2.0472243320962105,2260733.6602814426,594.7464688871885
77900.0,4562882.8803617405,99593.73934865807,4563084.004134687,717.0163676885912,1664.6350391353167,716.8101319763708,-6.783184462300008,-0.18356609151658004,-6.783478331258571,17262.445078715646,0.0,0.19676087423338548,2.0472243320962105,2260733.6602814426,594.7464688871885
78000.0,4562954.548083306,99760.2019351013,4563155.651231212,716.3380707937088,1664.616693304962,716.1318056940556,-6.782753973578866,-0.18335154366863285,-6.783047853152191,17262.445078715646,0.0,0.19676087423338548,2.0472243320962105,2260733.6602814426,594.7464688871885
78100.0,4563026.147977329,99926.66268802398,4563227.230497255,715.6598167869904,1664.5983686224415,715.4535222988798,-6.7823266914324005,-0.18314312010754505,-6.78262058088859,17262.445078715646,0.0,0.19676087423338548,2.0472243320962105,2260733.6602814426,594.7464688871885
78200.0,4563097.680048082,100093.12160951043,4563298.74193709,714.9816053500421,1664.580064479721,714.7752814725218,-6.7819025707126475,-0.18294073317103127,-6.782196469330317,17262.445078715646,0.0,0.19676087423338548,2.0472243320962105,2260733.6602814426,594.7464688871885
78300.0,4563169.144299807,100259.5787015846,4563370.185554958,714.3034361689491,1664.5617802774661,714.0970829011386,-6.78148156697655,-0.1827442965088917,-6.781775474044666,17262.445078715646,0.0,0.19676087423338548,2.0472243320962105,2260733.6602814426,594.7464688871885
78400.0,4563240.540736713,100426.0339662109,4563441.561355068,713.6253089342064,1664.5435154249133,713.4189262752957,-6.781063636474582,-0.18255372506256434,-6.7813575512923165,17262.445078715646,0.0,0.19676087423338548,2.0472243320962105,2260733.6602814426,594.7464688871885
78500.0,4563311.869362981,100592.48740529515,4563512.869341601,712.9472233406493,1664.5252693397406,712.7408112898983,-6.78064873613944,-0.18236893504492588,-6.780942658016018,17262.445078715646,0.0,0.19676087423338548,2.0472243320962105,2260733.6602814426,594.7464688871885
78600.0,4563383.130182759,100758.93902068528,4563584.109518704,712.2691790873868,1664.5070414479424,712.0627376441236,-6.7802368235750174,-0.1821898439204701,-6.78053075182956,17262.445078715646,0.0,0.19676087423338548,2.0472243320962105,2260733.6602814426,594.7464688871885
78700.0,4563454.323200166,100925.3888141723,4563655.281890498,711.5911758777338,1664.4888311837046,711.3847050413543,-6.779827857045505,-0.18201637038579382,-6.780121791006893,17262.445078715646,0.0,0.19676087423338548,2.0472243320962105,2260733.6602814426,594.7464688871885
78800.0,4563525.448419292,101091.836787491,4563726.386461071,710.9132134191467,1664.470637989283,710.7067131891133,-6.779421795464734,-0.18184843435042455,-6.779715734471461,17262.445078715646,0.0,0.19676087423338548,2.0472243320962105,2260733.6602814426,594.7464688871885
78900.0,4563596.505844198,101258.28294232082,4563797.423234484,710.2352914231582,1664.4524613148822,710.028761798999,-6.779018598385638,-0.18168595691791534,-6.779312541785663,17262.445078715646,0.0,0.19676087423338548,2.0472243320962105,2260733.6602814426,594.7464688871885
79000.0,4563667.495478916,101424.72728028658,4563868.3922147695,709.5574096053141,1664.4343006185377,709.3508505866221,-6.7786182259899395,-0.18152886036728277,-6.778912173140555,17262.445078715646,0.0,0.19676087423338548,2.0472243320962105,2260733.6602814426,594.7464688871885
79100.0,4563738.417327449,101591.16980295931,4563939.293405931,708.8795676851113,1664.4161553659992,708.6729792715431,-6.778220639077957,-0.18137706813471674,-6.7785145893456455,17262.445078715646,0.0,0.19676087423338548,2.0472243320962105,2260733.6602814426,594.7464688871885
79200.0,4563809.271393773,101757.610511857,4564010.126811945,708.201765385936,1664.3980250306154,707.9951475772112,-6.777825799058665,-0.1812305047956315,-6.778119751818965,17262.445078715646,0.0,0.19676087423338548,2.0472243320962105,2260733.6602814426,594.7464688871885
79300.0,4563880.057681837,101924.04940844535,4564080.892436759,707.5240024350035,1664.3799090932214,707.3173552309038,-6.777433667939816,-0.18108909604694218,-6.777727622577188,17262.445078715646,0.0,0.19676087423338548,2.0472243320962105,2260733.6602814426,594.7464688871885
79400.0,4563950.776195562,102090.4864941385,4564151.5902842935,706.8462785632987,1664.3618070420273,706.6396019636668,-6.777044208318324,-0.18095276868969476,-6.777338164226025,17262.445078715646,0.0,0.19676087423338548,2.0472243320962105,2260733.6602814426,594.7464688871885
79500.0,4564021.426938844,102256.9217702998,4564222.220358445,706.168593505518,1664.3437183725086,705.9618875102567,-6.776657383370739,-0.18082145061191457,-6.77695133995068,17262.445078715646,0.0,0.19676087423338548,2.0472243320962105,2260733.6602814426,594.7464688871885
79600.0,4564092.009915549,102423.35523824247,4564292.782663081,705.4909470000111,1664.3256425872983,705.2842116090828,-6.7762731568439225,-0.18069507077178942,-6.776567113506554,17262.445078715646,0.0,0.19676087423338548,2.0472243320962105,2260733.6602814426,594.7464688871885
79700.0,4564162.52512952,102589.78689923037,4564363.277202044,704.8133387887254,1664.3075791960805,704.606574002151,-6.7758914930458545,-0.18057355918107615,-6.776185449210039,17262.445078715646,0.0,0.19676087423338548,2.0472243320962105,2260733.6602814426,594.7464688871885
79800.0,4564232.9725845745,102756.2167544787,4564433.703979149,704.1357686171496,1664.2895277154864,703.9289744350075,-6.775512356836635,-0.18045684688881974,-6.775806311929513,17262.445078715646,0.0,0.19676087423338548,2.0472243320962105,2260733.6602814426,594.7464688871885
79900.0,4564303.352284503,102922.6448051546,4564504.0629981905,703.458236234259,1664.2714876689913,703.2514126566847,-6.775135713619546,-0.18034486596527352,-6.775429667076429,17262.445078715646,0.0,0.19676087423338548,2.0472243320962105,2260733.6602814426,594.7464688871885
80000.0,4564373.664233073,103089.07105237796,4564574.354262932,702.7807413924619,1664.253458586813,702.573888419647,-6.774761529332394,-0.1802375494861579,-6.775055480596631,17262.445078715646,0.0,0.19676087423338548,2.0472243320962105,2260733.6602814426,594.7464688871885
80100.0,4564443.908434025,103255.49549722199,4564644.5777771175,702.1032838475465,1664.2354400058116,701.8964014797377,-6.77438977043884,-0.18013483151708448,-6.774683718961712,17262.445078715646,0.0,0.19676087423338548,2.0472243320962105,2260733.6602814426,594.7464688871885
80200.0,4564514.084891077,103421.91814071393,4564714.733544463,701.4258633586288,1664.2174314693923,701.2189515961273,-6.774020403920045,-0.18003664709831765,-6.774314349160641,17262.445078715646,0.0,0.19676087423338548,2.0472243320962105,2260733.6602814426,594.7464688871885
80300.0,4564584.193607924,103588.33898383567,4564784.821568664,700.7484796881009,1664.199432527408,700.5415385312617,-6.773653397266306,-0.17994293222971597,-6.773947338691411,17262.445078715646,0.0,0.19676087423338548,2.0472243320962105,2260733.6602814426,594.7464688871885
80400.0,4564654.234588234,103754.75802752441,4564854.8418533895,700.0711326015809,1664.1814427360641,699.8641620508118,-6.773288718468928,-0.17985362385594628,-6.773582655552908,17262.445078715646,0.0,0.19676087423338548,2.0472243320962105,2260733.6602814426,594.7464688871885
80500.0,4564724.207835656,103921.1752726733,4564924.794402286,699.3938218678629,1664.1634616578253,699.1868219236242,-6.772926336012156,-0.17976865985191134,-6.773220268236852,17262.445078715646,0.0,0.19676087423338548,2.0472243320962105,2260733.6602814426,594.7464688871885
80600.0,4564794.113353812,104087.59072013202,4564994.679218979,698.7165472588686,1664.1454888613227,698.5095179216717,-6.772566218865336,-0.17968797900846345,-6.77286014571995,17262.445078715646,0.0,0.19676087423338548,2.0472243320962105,2260733.6602814426,594.7464688871885
80700.0,4564863.951146305,104254.00437070744,4565064.496307068,698.0393085495984,1664.127523921263,697.8322498200056,-6.7722083364750985,-0.17961152101826655,-6.772502257456089,17262.445078715646,0.0,0.19676087423338548,2.0472243320962105,2260733.6602814426,594.7464688871885
80800.0,4564933.721216711,104420.41622516417,4565134.245670132,697.362105518085,1664.109566418339,697.1550173967083,-6.771852658757757,-0.17953922646196413,-6.772146573368732,17262.445078715646,0.0,0.19676087423338548,2.0472243320962105,2260733.6602814426,594.7464688871885
80900.0,4565003.42356859,104586.82628422522,4565203.92731173,696.6849379453456,1664.091615939142,696.4778204328469,-6.7714991560917825,-0.1794710367945132,-6.771793063843399,17262.445078715646,0.0,0.19676087423338548,2.0472243320962105,2260733.6602814426,594.7464688871885
81000.0,4565073.058205475,104753.23454857252,4565273.541235394,696.0078056153375,1664.0736720760742,695.8006587124268,-6.771147799310436,-0.17940689433177137,-6.771441699720284,17262.445078715646,0.0,0.19676087423338548,2.0472243320962105,2260733.6602814426,594.7464688871885
81100.0,4565142.625130881,104919.64101884756,4565343.08744464,695.3307083149118,1664.0557344272643,695.123532022347,-6.77079855969449,-0.17934674223727015,-6.771092452287009,17262.445078715646,0.0,0.19676087423338548,2.0472243320962105,2260733.6602814426,594.7464688871885
81200.0,4565212.124348299,105086.04569565189,4565412.565942959,694.6536458337696,1664.0378025964822,694.4464401523559,-6.770451408965092,-0.1792905245092221,-6.770745293271461,17262.445078715646,0.0,0.19676087423338548,2.0472243320962105,2260733.6602814426,594.7464688871885
81300.0,4565281.555861201,105252.44857954775,4565481.976733823,693.976617964418,1664.0198761930571,693.7693828950072,-6.770106319276754,-0.17923818596773133,-6.770400194834796,17262.445078715646,0.0,0.19676087423338548,2.0472243320962105,2260733.6602814426,594.7464688871885
81400.0,4565350.919673039,105418.84967105856,4565551.319820684,693.2996245021274,1664.0019548317957,693.0923600456172,-6.769763263210428,-0.1791896722421917,-6.770057129564513,17262.445078715646,0.0,0.19676087423338548,2.0472243320962105,2260733.6602814426,594.7464688871885
81500.0,4565420.215787242,105585.2489706695,4565620.595206972,692.6226652448889,1663.9840381329016,692.4153714022223,-6.769422213766727,-0.1791449297589094,-6.769716070467676,17262.445078715646,0.0,0.19676087423338548,2.0472243320962105,2260733.6602814426,594.7464688871885
81600.0,4565489.444207221,105751.64647882806,4565689.802896098,691.9457399933732,1663.9661257218963,691.7384167655376,-6.769083144359229,-0.17910390572890209,-6.7693769909642265,17262.445078715646,0.0,0.19676087423338548,2.0472243320962105,2260733.6602814426,594.7464688871885
81700.0,4565558.604936368,105918.0421959445,4565758.942891452,691.268848550889,1663.948217229542,691.0614959389159,-6.768746028807928,-0.17906654813590803,-6.769039864880417,17262.445078715646,0.0,0.19676087423338548,2.0472243320962105,2260733.6602814426,594.7464688871885
81800.0,4565627.697978052,106084.43612239244,4565828.015196406,690.5919907233429,1663.9303122917638,690.3846087283071,-6.768410841332744,-0.1790328057245757,-6.768704666442349,17262.445078715646,0.0,0.19676087423338548,2.0472243320962105,2260733.6602814426,594.7464688871885
81900.0,4565696.723335627,106250.82825850935,4565897.019814312,689.9151663191999,1663.9124105495753,689.7077549422189,-6.7680775565472056,-0.17900262798885588,-6.768371370269635,17262.445078715646,0.0,0.19676087423338548,2.0472243320962105,2260733.6602814426,594.7464688871885
82000.0,4565765.681012424,106417.21860459706,4565965.956748503,689.2383751494442,1663.8945116490033,689.0309343916778,-6.76774614945215,-0.17897596516054431,-6.768039951369108,17262.445078715646,0.0,0.19676087423338548,2.0472243320962105,2260733.6602814426,594.7464688871885
82100.0,4565834.5710117575,106583.60716092223,4566034.826002292,688.5616170275408,1663.876615241015,688.3541468901901,-6.767416595429631,-0.17895276819806186,-6.767710385128736,17262.445078715646,0.0,0.19676087423338548,2.0472243320962105,2260733.6602814426,594.7464688871885
82200.0,4565903.393336924,106749.99392771687,4566103.627578977,687.8848917693977,1663.8587209814464,687.677392253705,-6.7670888702368215,-0.17893298877534825,-6.767382647311515,17262.445078715646,0.0,0.19676087423338548,2.0472243320962105,2260733.6602814426,594.7464688871885
82300.0,4565972.1479912,106916.37890517882,4566172.361481832,687.2081991933286,1663.8408285309301,687.0006703005764,-6.7667629500000945,-0.17891657927098842,-6.767056714049559,17262.445078715646,0.0,0.19676087423338548,2.0472243320962105,2260733.6602814426,594.7464688871885
82400.0,4566040.834977846,107082.7620934722,4566241.02771412,686.5315391200165,1663.8229375548265,686.3239808515272,-6.766438811209166,-0.17890349275746784,-6.766732561838243,17262.445078715646,0.0,0.19676087423338548,2.0472243320962105,2260733.6602814426,594.7464688871885
82500.0,4566109.454300102,107249.14349272793,4566309.62627908,685.8549113724774,1663.8050477231543,685.6473237296124,-6.766116430711346,-0.17889368299064057,-6.766410167530451,17262.445078715646,0.0,0.19676087423338548,2.0472243320962105,2260733.6602814426,594.7464688871885
82600.0,4566178.005961192,107415.52310304414,4566378.157179938,685.1783157760249,1663.787158710523,684.9706987601844,-6.765795785705873,-0.17888710439931937,-6.766089508330921,17262.445078715646,0.0,0.19676087423338548,2.0472243320962105,2260733.6602814426,594.7464688871885
82700.0,4566246.489964323,107581.90092448663,4566446.620419898,684.5017521582353,1663.7692701960661,684.2941057708579,-6.765476853738349,-0.17888371207506407,-6.765770561790673,17262.445078715646,0.0,0.19676087423338548,2.0472243320962105,2260733.6602814426,594.7464688871885
82800.0,4566314.9063126845,107748.2769570894,4566515.016002152,683.8252203489134,1663.751381863375,683.6175445914749,-6.765159612695273,-0.17888346176211364,-6.765453305801541,17262.445078715646,0.0,0.19676087423338548,2.0472243320962105,2260733.6602814426,594.7464688871885
82900.0,4566383.255009448,107914.65120085496,4566583.343929871,683.1487201800584,1663.7334934004343,682.941015054072,-6.764844040798645,-0.1788863098474906,-6.765137718590789,17262.445078715646,0.0,0.19676087423338548,2.0472243320962105,2260733.6602814426,594.7464688871885
83000.0,4566451.53605777,108081.02365575488,4566651.604206212,682.4722514858307,1663.7156044995588,682.264516992846,-6.764530116600669,-0.17889221335124414,-6.764823778715807,17262.445078715646,0.0,0.19676087423338548,2.0472243320962105,2260733.6602814426,594.7464688871885
83100.0,4566519.749460789,108247.39432173016,4566719.796834313,681.7958141025194,1663.6977148573294,681.5880502441219,-6.764217818978552,-0.17890112991686472,-6.764511465058913,17262.445078715646,0.0,0.19676087423338548,2.0472243320962105,2260733.6602814426,594.7464688871885
83200.0,4566587.895221629,108413.76319869165,4566787.921817299,681.1194078685096,1663.679824174532,680.9116146463205,-6.763907127129376,-0.17891301780184554,-6.764200756822232,17262.445078715646,0.0,0.19676087423338548,2.0472243320962105,2260733.6602814426,594.7464688871885
83300.0,4566655.973343397,108580.13028652054,4566855.979158276,680.443032624251,1663.661932156097,680.2352100399265,-6.763598020565051,-0.17892783586837788,-6.763891633522634,17262.445078715646,0.0,0.19676087423338548,2.0472243320962105,2260733.6602814426,594.7464688871885
83400.0,4566723.983829182,108746.49558506865,4566923.968860335,679.7666882122267,1663.6440385110377,679.5588362674575,-6.763290479107357,-0.17894554357421816,-6.763584074986794,17262.445078715646,0.0,0.19676087423338548,2.0472243320962105,2260733.6602814426,594.7464688871885
83500.0,4566791.9266820615,108912.85909415895,4566991.890926552,679.0903744769221,1663.6261429523931,678.882493173433,-6.762984482883066,-0.1789661009636722,-6.763278061346311,17262.445078715646,0.0,0.19676087423338548,2.0472243320962105,2260733.6602814426,594.7464688871885
83600.0,4566859.801905095,109079.2208135859,4567059.745359987,678.414091264795,1663.6082451971686,678.2061806043444,-6.762680012319161,-0.1789894686587557,-6.762973573032924,17262.445078715646,0.0,0.19676087423338548,2.0472243320962105,2260733.6602814426,594.7464688871885
83700.0,4566927.609501326,109245.58074311585,4567127.532163685,677.7378384242459,1663.5903449662787,677.529898408625,-6.7623770481380845,-0.17901560785044923,-6.76267059077376,17262.445078715646,0.0,0.19676087423338548,2.0472243320962105,2260733.6602814426,594.7464688871885
83800.0,4566995.349473787,109411.93888248745,4567195.251340676,677.061615805588,1663.5724419844908,676.8536464366208,-6.762075571353124,-0.1790444802901293,-6.7623690955867275,17262.445078715646,0.0,0.19676087423338548,2.0472243320962105,2260733.6602814426,594.7464688871885
83900.0,4567063.02182549,109578.29523141199,4567262.902893975,676.385423261019,1663.5545359803696,676.177424540562,-6.761775563263817,-0.17907604828111104,-6.7620690687759195,17262.445078715646,0.0,0.19676087423338548,2.0472243320962105,2260733.6602814426,594.7464688871885
84000.0,4567130.626559436,109744.64978957384,4567330.486826582,675.7092606445929,1663.536626686222,675.5012325745339,-6.761477005451496,-0.17911027467034277,-6.761770491927154,17262.445078715646,0.0,0.19676087423338548,2.0472243320962105,2260733.6602814426,594.7464688871885
84100.0,4567198.163678612,109911.00255663076,4567398.003141482,675.0331278121911,1663.5187138380434,674.8250703944494,-6.761179879774828,-0.17914712284020617,-6.761473346903523,17262.445078715646,0.0,0.19676087423338548,2.0472243320962105,2260733.6602814426,594.7464688871885
84200.0,4567265.633185986,110077.3535322143,4567465.451841649,674.3570246214958,1663.5007971754646,674.1489378580214,-6.760884168365486,-0.17918655670046524,-6.761177615841068,17262.445078715646,0.0,0.19676087423338548,2.0472243320962105,2260733.6602814426,594.7464688871885
84300.0,4567333.035084519,110243.70271593015,4567532.832930038,673.6809509319627,1663.4828764416998,673.472834824736,-6.760589853623875,-0.17922854068033678,-6.760883281144487,17262.445078715646,0.0,0.19676087423338548,2.0472243320962105,2260733.6602814426,594.7464688871885
84400.0,4567400.369377151,110410.05010735849,4567600.146409593,673.0049066047936,1663.4649513834938,672.796761155825,-6.760296918214917,-0.1792730397206799,-6.760590325482941,17262.445078715646,0.0,0.19676087423338548,2.0472243320962105,2260733.6602814426,594.7464688871885
84500.0,4567467.636066814,110576.39570605436,4567667.392283243,672.3288915029113,1663.4470217510727,672.1207167142409,-6.76000534506391,-0.17932001926630783,-6.760298731785905,17262.445078715646,0.0,0.19676087423338548,2.0472243320962105,2260733.6602814426,594.7464688871885
84600.0,4567534.835156422,110742.739511548,4567734.570553905,671.6529054909331,1663.429087298093,671.4447013646299,-6.759715117352473,-0.17936944525843598,-6.760008483239118,17262.445078715646,0.0,0.19676087423338548,2.0472243320962105,2260733.6602814426,594.7464688871885
84700.0,4567601.966648878,110909.08152334519,4567801.681224481,670.9769484351453,1663.4111477815925,670.768714973307,-6.7594262185145,-0.17942128412721356,-6.759719563280532,17262.445078715646,0.0,0.19676087423338548,2.0472243320962105,2260733.6602814426,594.7464688871885
84800.0,4567669.03054707,111075.42174092754,4567868.724297861,670.3010202034786,1663.3932029619418,670.0927574082315,-6.759138632232262,-0.1794755027844124,-6.759431955596421,17262.445078715646,0.0,0.19676087423338548,2.0472243320962105,2260733.6602814426,594.7464688871885
84900.0,4567736.026853875,111241.76016375292,4567935.69977692,669.6251206654831,1663.375252602797,669.4168285389811,-6.758852342432513,-0.17953206861620508,-6.759145644117482,17262.445078715646,0.0,0.19676087423338548,2.0472243320962105,2260733.6602814426,594.7464688871885
85000.0,4567802.955572155,111408.09679125568,4568002.607664521,668.9492496923041,1663.3572964710515,668.740928236729,-6.758567333282649,-0.17959094947605195,-6.758860613015006,17262.445078715646,0.0,0.19676087423338548,2.0472243320962105,2260733.6602814426,594.7464688871885
85100.0,4567869.816704761,111574.43162284704,4568069.447963515,668.2734071566583,1663.339334336791,668.0650563742189,-6.758283589187013,-0.1796521136777277,-6.758576846697164,17262.445078715646,0.0,0.19676087423338548,2.0472243320962105,2260733.6602814426,594.7464688871885
85200.0,4567936.61025453,111740.7646579154,4568136.22067674,667.5975929328105,1663.3213659732462,667.3892128257422,-6.758001094783148,-0.17971552998841905,-6.758294329805279,17262.445078715646,0.0,0.19676087423338548,2.0472243320962105,2260733.6602814426,594.7464688871885
85300.0,4568003.336224287,111907.0958958266,4568202.92580702,666.9218068965499,1663.3033911567495,666.7133974671148,-6.7577198349381895,-0.17978116762195723,-6.75801304721021,17262.445078715646,0.0,0.19676087423338548,2.0472243320962105,2260733.6602814426,594.7464688871885
85400.0,4568069.994616845,112073.4253359243,4568269.563357169,666.246048925168,1663.2854096666897,666.0376101756539,-6.757439794745276,-0.17984899623214212,-6.757732984008773,17262.445078715646,0.0,0.19676087423338548,2.0472243320962105,2260733.6602814426,594.7464688871885
85500.0,4568136.585435003,112239.75297753024,4568336.133329987,665.5703188974355,1663.2674212854681,665.3618508301561,-6.757160959520057,-0.1799189859061853,-6.7574541255202405,17262.445078715646,0.0,0.19676087423338548,2.0472243320962105,2260733.6602814426,594.7464688871885
85600.0,4568203.108681551,112406.07881994454,4568402.635728262,664.8946166935808,1663.2494257984563,664.686119310875,-6.75688331479722,-0.1799911071582318,-6.7571764572828625,17262.445078715646,0.0,0.19676087423338548,2.0472243320962105,2260733.6602814426,594.7464688871885
85700.0,4568269.564359265,112572.402862446,4568469.070554772,664.2189421952679,1663.2314229939532,664.0104154994996,-6.756606846327075,-0.18006533092300223,-6.756899965050473,17262.445078715646,0.0,0.19676087423338548,2.0472243320962105,2260733.6602814426,594.7464688871885
85800.0,4568335.95247091,112738.72510429245,4568535.437812282,663.5432952855751,1663.2134126631433,663.3347392791328,-6.75633154007222,-0.18014162854952395,-6.756624634789136,17262.445078715646,0.0,0.19676087423338548,2.0472243320962105,2260733.6602814426,594.7464688871885
85900.0,4568402.273019238,112905.0455447209,4568601.7375035435,662.8676758489742,1663.1953946000563,662.6590905342705,-6.756057382204244,-0.1802199717949655,-6.756350452673865,17262.445078715646,0.0,0.19676087423338548,2.0472243320962105,2260733.6602814426,594.7464688871885
86000.0,4568468.526006992,113071.36418294795,4568667.9696313,662.1920837713091,1663.1773686015254,661.9834691507807,-6.755784359100489,-0.18030033281856378,-6.756077405085373,17262.445078715646,0.0,0.19676087423338548,2.0472243320962105,2260733.6602814426,594.7464688871885
86100.0,4568534.711436901,113237.68101817,4568734.134198282,661.5165189397761,1663.1593344671485,661.3078750158833,-6.755512457340843,-0.18038268417563608,-6.75580547860687,17262.445078715646,0.0,0.19676087423338548,2.0472243320962105,2260733.6602814426,594.7464688871885
86200.0,4568600.829311685,113403.99604956358,4568800.231207208,660.8409812429036,1663.141291999248,660.6323080181297,-6.75524166370462,-0.1804669988117076,-6.755534660020954,17262.445078715646,0.0,0.19676087423338548,2.0472243320962105,2260733.6602814426,594.7464688871885
86300.0,4568666.879634051,113570.30927628555,4568866.260660786,660.1654705705321,1663.1232410028329,659.9567680473835,-6.754971965167454,-0.1805532500566998,-6.755264936306484,17262.445078715646,0.0,0.19676087423338548,2.0472243320962105,2260733.6602814426,594.7464688871885
86400.0,4568732.862406696,113736.62069747344,4568932.222561714,659.4899868137948,1663.1051812855599,659.2812549948005,-6.754703348898291,-0.18064141161924424,-6.754996294635594,17262.445078715646,0.0,0.19676087423338548,2.0472243320962105,2260733.6602814426,594.7464688871885
86500.0,4568798.777632307,113902.93031224563,4568998.116912679,658.8145298650984,1663.0871126576963,658.6057687528098,-6.754435802256354,-0.18073145758104472,-6.7547287223706505,17262.445078715646,0.0,0.19676087423338548,2.0472243320962105,2260733.6602814426,594.7464688871885
86600.0,4568864.62531356,114069.23811970171,4569063.943716355,658.1390996181045,1663.0690349320826,657.9303092150948,-6.75416931278824,-0.18082336239135982,-6.754462207061347,17262.445078715646,0.0,0.19676087423338548,2.0472243320962105,2260733.6602814426,594.7464688871885
86700.0,4568930.405453118,114235.54411892264,4569129.702975408,657.4636959677108,1663.0509479240964,657.2548762765747,-6.753903868225017,-0.18091710086155655,-6.754196736441805,17262.445078715646,0.0,0.19676087423338548,2.0472243320962105,2260733.6602814426,594.7464688871885
86800.0,4568996.1180536365,114401.84830897105,4569195.394692494,656.7883188100325,1663.0328514516164,656.5794698333864,-6.753639456479349,-0.1810126481597389,-6.753932298427698,17262.445078715646,0.0,0.19676087423338548,2.0472243320962105,2260733.6602814426,594.7464688871885
86900.0,4569061.7631177595,114568.15068889149,4569261.018870255,656.1129680423848,1663.0147453349866,655.904089782866,-6.753376065642736,-0.18110997980548393,-6.753668881113496,17262.445078715646,0.0,0.19676087423338548,2.0472243320962105,2260733.6602814426,594.7464688871885
87000.0,4569127.340648121,114734.45125771067,4569326.575511327,655.4376435632648,1662.996629396982,655.2287360235315,-6.7531136839827255,-0.18120907166463318,-6.753406472769673,17262.445078715646,0.0,0.19676087423338548,2.0472243320962105,2260733.6602814426,594.7464688871885
87100.0,4569192.850647345,114900.75001443768,4569392.064618333,654.7623452723344,1662.9785034627735,654.5534084550651,-6.752852299940199,-0.18130989994417712,-6.753145061839996,17262.445078715646,0.0,0.19676087423338548,2.0472243320962105,2260733.6602814426,594.7464688871885
87200.0,4569258.293118046,115067.04695806427,4569457.486193888,654.0870730704027,1662.9603673598947,653.878106978296,-6.752591902126726,-0.18141244118722372,-6.752884636938879,17262.445078715646,0.0,0.19676087423338548,2.0472243320962105,2260733.6602814426,594.7464688871885
87300.0,4569323.668062826,115233.34208756503,4569522.840240595,653.411826859409,1662.9422209182085,653.2028314951838,-6.7523324793219075,-0.18151667226802673,-6.7526251868487295,17262.445078715646,0.0,0.19676087423338548,2.0472243320962105,2260733.6602814426,594.7464688871885
87400.0,4569388.975484281,115399.63540189769,4569588.12676105,652.7366065424067,1662.9240639698735,652.5275819088012,-6.752074020470807,-0.18162257038710947,-6.7523667005173795,17262.445078715646,0.0,0.19676087423338548,2.0472243320962105,2260733.6602814426,594.7464688871885
87500.0,4569454.215384995,115565.92690000327,4569653.345757837,652.0614120235463,1662.9058963493126,651.8523581233181,-6.7518165146814,-0.18173011306645098,-6.752109167055529,17262.445078715646,0.0,0.19676087423338548,2.0472243320962105,2260733.6602814426,594.7464688871885
87600.0,4569519.387767542,115732.21658080636,4569718.497233532,651.3862432080596,1662.8877178931805,651.1771600439855,-6.751559951222083,-0.1818392781447533,-6.751852575734267,17262.445078715646,0.0,0.19676087423338548,2.0472243320962105,2260733.6602814426,594.7464688871885
87700.0,4569584.492634489,115898.50444321534,4569783.581190701,650.7111000022435,1662.8695284403323,650.501987577119,-6.7513043195191855,-0.18195004377277438,-6.751596915982574,17262.445078715646,0.0,0.19676087423338548,2.0472243320962105,2260733.6602814426,594.7464688871885
87800.0,4569649.529988393,116064.79048612257,4569848.597631899,650.0359823134446,1662.8513278317926,649.826840630084,-6.751049609154566,-0.18206238840873692,-6.751342177384921,17262.445078715646,0.0,0.19676087423338548,2.0472243320962105,2260733.6602814426,594.7464688871885
87900.0,4569714.499831799,116231.07470840462,4569913.546559675,649.3608900500436,1662.8331159107252,649.1517191112792,-6.750795809863214,-0.18217629081381206,-6.751088349678879,17262.445078715646,0.0,0.19676087423338548,2.0472243320962105,2260733.6602814426,594.7464688871885
88000.0,4569779.402167248,116397.35710892247,4569978.427976566,648.6858231214402,1662.8148925224025,648.4766229301224,-6.750542911530907,-0.18229173004765914,-6.750835422752767,17262.445078715646,0.0,0.19676087423338548,2.0472243320962105,2260733.6602814426,594.7464688871885
88100.0,4569844.236997265,116563.63768652176,4570043.241885102,648.0107814380378,1662.7966575141766,647.801551997035,-6.7502909041919015,-0.18240868546405148,-6.75058338664335,17262.445078715646,0.0,0.19676087423338548,2.0472243320962105,2260733.6602814426,594.7464688871885
88200.0,4569909.004324374,116729.91644003295,4570107.988287804,647.3357649112295,1662.7784107354491,647.1265062234272,-6.750039778026659,-0.18252713670655166,-6.750332231533558,17262.445078715646,0.0,0.19676087423338548,2.0472243320962105,2260733.6602814426,594.7464688871885
88300.0,4569973.704151084,116896.19336827155,4570172.667187182,646.6607734533827,1662.7601520376436,646.4514855216842,-6.749789523359595,-0.18264706370426187,-6.750081947750248,17262.445078715646,0.0,0.19676087423338548,2.0472243320962105,2260733.6602814426,594.7464688871885
88400.0,4570038.336479898,117062.4684700383,4570237.27858574,645.9858069778255,1662.7418812741764,645.7764898051508,-6.749540130656899,-0.1827684466676454,-6.749832525762013,17262.445078715646,0.0,0.19676087423338548,2.0472243320962105,2260733.6602814426,594.7464688871885
88500.0,4570102.90131331,117228.74174411937,4570301.822485973,645.3108653988324,1662.7235983004286,645.1015189881185,-6.749291590524346,-0.18289126608439324,-6.749583956177001,17262.445078715646,0.0,0.19676087423338548,2.0472243320962105,2260733.6602814426,594.7464688871885
88600.0,4570167.398653804,117395.0131892866,4570366.298890365,644.6359486316104,1662.7053029737194,644.4265729858107,-6.749043893705179,-0.1830155027153745,-6.7493362297407895,17262.445078715646,0.0,0.19676087423338548,2.0472243320962105,2260733.6602814426,594.7464688871885
88700.0,4570231.82850386,117561.28280429765,4570430.707801394,643.9610565922852,1662.6869951532778,643.7516517143696,-6.748797031078005,-0.18314113759063613,-6.749089337334291,17262.445078715646,0.0,0.19676087423338548,2.0472243320962105,2260733.6602814426,594.7464688871885
88800.0,4570296.190865945,117727.55058789617,4570495.04922153,643.2861891978881,1662.668674700217,643.0767550908425,-6.748550993654715,-0.18326815200546226,-6.748843269971671,17262.445078715646,0.0,0.19676087423338548,2.0472243320962105,2260733.6602814426,594.7464688871885
88900.0,4570360.485742519,117893.81653881204,4570559.323153231,642.6113463663428,1662.6503414775073,642.401883033169,-6.74830577257848,-0.18339652751650848,-6.748598018798343,17262.445078715646,0.0,0.19676087423338548,2.0472243320962105,2260733.6602814426,594.7464688871885
89000.0,4570424.713136034,118060.08065576151,4570623.529598952,641.9365280164519,1662.6319953499503,641.7270354601675,-6.748061359121719,-0.18352624593797345,-6.748353575088935,17262.445078715646,0.0,0.19676087423338548,2.0472243320962105,2260733.6602814426,594.7464688871885
89100.0,4570488.873048935,118226.34293744742,4570687.668561137,641.2617340678846,1662.613636184154,641.0522122915224,-6.747817744684152,-0.183657289337847,-6.74810993024535,17262.445078715646,0.0,0.19676087423338548,2.0472243320962105,2260733.6602814426,594.7464688871885
89200.0,4570552.965483658,118392.60338255935,4570751.740042222,640.5869644411638,1662.5952638485066,640.377413447772,-6.747574920790853,-0.1837896400342058,-6.74786707579481,17262.445078715646,0.0,0.19676087423338548,2.0472243320962105,2260733.6602814426,594.7464688871885
89300.0,4570616.990442631,118558.8619897738,4570815.7440446345,639.9122190576535,1662.5768782131522,639.7026388502954,-6.747332879090341,-0.1839232805915692,-6.7476250033879515,17262.445078715646,0.0,0.19676087423338548,2.0472243320962105,2260733.6602814426,594.7464688871885
89400.0,4570680.947928275,118725.11875775438,4570879.680570797,639.237497839547,1662.5584791499664,639.0278884213006,-6.747091611352702,-0.18405819381730565,-6.747383704796958,17262.445078715646,0.0,0.19676087423338548,2.0472243320962105,2260733.6602814426,594.7464688871885
89500.0,4570744.837943002,118891.37368515198,4570943.5496231215,638.5628007098546,1662.540066532532,638.3531620838125,-6.746851109467746,-0.1841943627581007,-6.747143171913697,17262.445078715646,0.0,0.19676087423338548,2.0472243320962105,2260733.6602814426,594.7464688871885
89600.0,4570808.660489217,119057.62677060491,4571007.351204014,637.8881275923916,1662.5216402361152,637.6784597616607,-6.746611365443182,-0.18433177069647141,-6.746903396747912,17262.445078715646,0.0,0.19676087423338548,2.0472243320962105,2260733.6602814426,594.7464688871885
89700.0,4570872.415569318,119223.87801273912,4571071.085315872,637.2134784117667,1662.5032001376426,637.0037813794683,-6.746372371402843,-0.1844704011473438,-6.746664371425446,17262.445078715646,0.0,0.19676087423338548,2.0472243320962105,2260733.6602814426,594.7464688871885
89800.0,4570936.103185696,119390.12741016832,4571134.751961086,636.5388530933704,1662.4847461156776,636.3291268626397,-6.746134119584894,-0.1846102378546629,-6.746426088186435,17262.445078715646,0.0,0.19676087423338548,2.0472243320962105,2260733.6602814426,594.7464688871885
89900.0,4570999.72334073,119556.37496149415,4571198.351142038,635.8642515633641,1662.4662780503977,635.6544961373498,-6.745896602340132,-0.18475126478808246,-6.746188539383633,17262.445078715646,0.0,0.19676087423338548,2.0472243320962105,2260733.6602814426,594.7464688871885
90000.0,4571063.276036798,119722.62066530634,4571261.882861104,635.189673748668,1662.4477958235727,634.979889130533,-6.745659812130257,-0.18489346613967547,-6.745951717480662,17262.445078715646,0.0,0.19676087423338548,2.0472243320962105,2260733.6602814426,594.7464688871885
90100.0,4571126.7612762675,119888.86452018292,4571325.347120652,634.5151195769513,1662.4292993185422,634.3053057698714,-6.745423741526198,-0.18503682632071475,-6.745715615050347,17262.445078715646,0.0,0.19676087423338548,2.0472243320962105,2260733.6602814426,594.7464688871885
90200.0,4571190.179061499,120055.10652469027,4571388.743923044,633.8405889766201,1662.4107884201935,633.6307459837847,-6.745188383206461,-0.18518132995849476,-6.745480224773066,17262.445078715646,0.0,0.19676087423338548,2.0472243320962105,2260733.6602814426,594.7464688871885
90300.0,4571253.529394846,120221.3466773834,4571452.073270633,633.1660818768078,1662.3922630149407,632.956209701419,-6.744953729955505,-0.18532696189320289,-6.745245539435125,17262.445078715646,0.0,0.19676087423338548,2.0472243320962105,2260733.6602814426,594.7464688871885
90400.0,4571316.812278655,120387.58497680596,4571515.335165765,632.4915982073638,1662.3737229907035,632.2816968526367,-6.744719774662123,-0.18547370717483191,-6.745011551927136,17262.445078715646,0.0,0.19676087423338548,2.0472243320962105,2260733.6602814426,594.7464688871885
90500.0,4571380.027715267,120553.82142149055,4571578.529610782,631.8171378988438,1662.355168236886,631.6072073680062,-6.7444865103178895,-0.18562155106015052,-6.744778255242473,17262.445078715646,0.0,0.19676087423338548,2.0472243320962105,2260733.6602814426,594.7464688871885
90600.0,4571443.1757070115,120720.05600995872,4571641.656608015,631.142700882499,1662.3365986443562,630.9327411787912,-6.744253930015591,-0.1857704790097105,-6.744545642475687,17262.445078715646,0.0,0.19676087423338548,2.0472243320962105,2260733.6602814426,594.7464688871885
90700.0,4571506.256256217,120886.2887407212,4571704.716159792,630.4682870902664,1662.3180141054265,630.2582982169408,-6.744022026947707,-0.18592047668490352,-6.74431370682101,17262.445078715646,0.0,0.19676087423338548,2.0472243320962105,2260733.6602814426,594.7464688871885
90800.0,4571569.269365202,121052.51961227803,4571767.708268431,629.7938964547587,1662.2994145138332,629.5838784150802,-6.74379079440489,-0.18607152994505563,-6.744082441570815,17262.445078715646,0.0,0.19676087423338548,2.0472243320962105,2260733.6602814426,594.7464688871885
90900.0,4571632.215036278,121218.7486231187,4571830.632936245,629.1195289092551,1662.2807997647164,628.9094817065003,-6.743560225774518,-0.18622362484457844,-6.743851840114175,17262.445078715646,0.0,0.19676087423338548,2.0472243320962105,2260733.6602814426,594.7464688871885
91000.0,4571695.093271751,121384.97577172228,4571893.49016554,628.4451843876908,1662.2621697546017,628.2351080251482,-6.743330314539199,-0.1863767476301491,-6.743621895935382,17262.445078715646,0.0,0.19676087423338548,2.0472243320962105,2260733.6602814426,594.7464688871885
91100.0,4571757.90407392,121551.20105655753,4571956.279958615,627.7708628246484,1662.24352438138,627.560757305618,-6.743101054275363,-0.18653088473793955,-6.743392602612514,17262.445078715646,0.0,0.19676087423338548,2.0472243320962105,2260733.6602814426,594.7464688871885
91200.0,4571820.647445079,121717.42447608309,4572019.002317764,627.0965641553479,1662.2248635442895,626.8864294831416,-6.742872438651836,-0.1866860227908879,-6.743163953816028,17262.445078715646,0.0,0.19676087423338548,2.0472243320962105,2260733.6602814426,594.7464688871885
91300.0,4571883.323387513,121883.64602874761,4572081.657245273,626.4222883156381,1662.2061871438968,626.2121244935787,-6.742644461428465,-0.18684214859601103,-6.7429359433073754,17262.445078715646,0.0,0.19676087423338548,2.0472243320962105,2260733.6602814426,594.7464688871885
91400.0,4571945.931903501,122049.86571298982,4572144.244743422,625.7480352419873,1662.187495082079,625.5378422734088,-6.742417116454726,-0.18699924914175273,-6.742708564937628,17262.445078715646,0.0,0.19676087423338548,2.0472243320962105,2260733.6602814426,594.7464688871885
91500.0,4572008.472995318,122216.08352723875,4572206.764814484,625.0738048714743,1662.168787262005,624.8635827597219,-6.742190397668409,-0.18715731159537707,-6.7424818126461314,17262.445078715646,0.0,0.19676087423338548,2.0472243320962105,2260733.6602814426,594.7464688871885
91600.0,4572070.94666523,122382.29946991376,4572269.217460728,624.39959714178,1662.1500635881184,624.1893458902096,-6.7419642990942545,-0.1873163233003955,-6.7422556804591744,17262.445078715646,0.0,0.19676087423338548,2.0472243320962105,2260733.6602814426,594.7464688871885
91700.0,4572133.352915499,122548.51353942476,4572331.602684415,623.7254119911781,1662.1313239661195,623.5151316031563,-6.741738814842693,-0.18747627177404308,-6.742030162488706,17262.445078715646,0.0,0.19676087423338548,2.0472243320962105,2260733.6602814426,594.7464688871885
91800.0,4572195.69174838,122714.72573417227,4572393.9204878,623.0512493585276,1662.1125683029484,622.8409398374315,-6.741513939108504,-0.18763714470477494,-6.741805252931013,17262.445078715646,0.0,0.19676087423338548,2.0472243320962105,2260733.6602814426,594.7464688871885
91900.0,4572257.9631661195,122880.93605254758,4572456.170873132,622.3771091832633,1662.093796506768,622.1667705324805,-6.741289666169617,-0.1877989299498204,-6.741580946065502,17262.445078715646,0.0,0.19676087423338548,2.0472243320962105,2260733.6602814426,594.7464688871885
92000.0,4572320.167170962,123047.14449293284,4572518.353842653,621.7029914053885,1662.0750084869474,621.4926236283168,-6.741065990385807,-0.18796161553275462,-6.741357236253409,17262.445078715646,0.0,0.19676087423338548,2.0472243320962105,2260733.6602814426,594.7464688871885
92100.0,4572382.303765145,123213.3510537012,4572580.469398602,621.0288959654663,1662.0562041540443,620.8184990655135,-6.740842906197501,-0.1881251896411222,-6.741134117936602,17262.445078715646,0.0,0.19676087423338548,2.0472243320962105,2260733.6602814426,594.7464688871885
92200.0,4572444.3729508985,123379.55573321694,4572642.517543209,620.3548228046119,1662.03738341979,620.1443967851957,-6.740620408124568,-0.18828964062408676,-6.740911585636374,17262.445078715646,0.0,0.19676087423338548,2.0472243320962105,2260733.6602814426,594.7464688871885
92300.0,4572506.374730447,123545.75852983554,4572704.4982787,619.6807718644844,1662.0185461970734,619.4703167290324,-6.740398490765122,-0.1884549569901188,-6.740689633952239,17262.445078715646,0.0,0.19676087423338548,2.0472243320962105,2260733.6602814426,594.7464688871885
92400.0,4572568.30910601,123711.95944190386,4572766.411607293,619.0067430872793,1661.999692399924,618.7962588392289,-6.740177148794367,-0.18862112740472,-6.740468257560787,17262.445078715646,0.0,0.19676087423338548,2.0472243320962105,2260733.6602814426,594.7464688871885
92500.0,4572630.176079801,123878.15846776021,4572828.257531204,618.332736415721,1661.9808219434972,618.1222230585189,-6.739956376963422,-0.1887881406881734,-6.740247451214498,17262.445078715646,0.0,0.19676087423338548,2.0472243320962105,2260733.6602814426,594.7464688871885
92600.0,4572691.975654028,124044.35560573445,4572890.0360526405,617.6587517930546,1661.9619347440585,617.448209330157,-6.739736170098207,-0.18895598581333856,-6.7400272097406395,17262.445078715646,0.0,0.19676087423338548,2.0472243320962105,2260733.6602814426,594.7464688871885
92700.0,4572753.707830893,124210.55085414815,4572951.747173804,616.9847891630393,1661.943030718969,616.7742175979117,-6.73951652309833,-0.1891246519034741,-6.73980752804015,17262.445078715646,0.0,0.19676087423338548,2.0472243320962105,2260733.6602814426,594.7464688871885
92800.0,4572815.372612592,124376.74421131467,4573013.390896891,616.3108484699404,1661.92410978667,616.1002478060575,-6.739297430935973,-0.1892941282300879,-6.739588401086517,17262.445078715646,0.0,0.19676087423338548,2.0472243320962105,2260733.6602814426,594.7464688871885
92900.0,4572876.970001316,124542.93567553924,4573074.967224094,615.6369296585227,1661.905171866668,615.426299899368,-6.739078888654815,-0.18946440421082747,-6.739369823924717,17262.445078715646,0.0,0.19676087423338548,2.0472243320962105,2260733.6602814426,594.7464688871885
93000.0,4572938.49999925,124709.1252451191,4573136.476157598,614.963032674043,1661.8862168795208,614.752373823109,-6.738860891368972,-0.18963546940739623,-6.739151791670137,17262.445078715646,0.0,0.19676087423338548,2.0472243320962105,2260733.6602814426,594.7464688871885
93100.0,4572999.962608576,124875.31291834361,4573197.917699584,614.2891574622431,1661.8672447468227,614.078469523031,-6.738643434261946,-0.1898073135235041,-6.7389342995075365,17262.445078715646,0.0,0.19676087423338548,2.0472243320962105,2260733.6602814426,594.7464688871885
93200.0,4573061.357831467,125041.49869349436,4573259.2918522265,613.615303969343,1661.8482553911908,613.4045869453628,-6.738426512585597,-0.189979926402847,-6.738717342690018,17262.445078715646,0.0,0.19676087423338548,2.0472243320962105,2260733.6602814426,594.7464688871885
93300.0,4573122.685670092,125207.68256884521,4573320.598617695,612.9414721420344,1661.8292487362507,612.7307260368043,-6.738210121659118,-0.19015329802711484,-6.738500916537998,17262.445078715646,0.0,0.19676087423338548,2.0472243320962105,2260733.6602814426,594.7464688871885
93400.0,4573183.946126616,125373.86454266246,4573381.837998155,612.2676619274735,1661.8102247066233,612.0568867445202,-6.737994256868039,-0.19032741851403231,-6.738285016438213,17262.445078715646,0.0,0.19676087423338548,2.0472243320962105,2260733.6602814426,594.7464688871885
93500.0,4573245.139203196,125540.0446132049,4573443.009995763,611.5938732732747,1661.7911832279108,611.3830690161332,-6.737778913663247,-0.19050227811542553,-6.7380696378427425,17262.445078715646,0.0,0.19676087423338548,2.0472243320962105,2260733.6602814426,594.7464688871885
93600.0,4573306.264901987,125706.22277872395,4573504.114612675,610.9201061275041,1661.7721242266837,610.7092727997176,-6.737564087560002,-0.19067786721531887,-6.737854776268021,17262.445078715646,0.0,0.19676087423338548,2.0472243320962105,2260733.6602814426,594.7464688871885
93700.0,4573367.323225137,125872.39903746374,4573565.151851038,610.2463604386734,1661.7530476304673,610.0354980437929,-6.737349774137001,-0.19085417632806273,-6.737640427293904,17262.445078715646,0.0,0.19676087423338548,2.0472243320962105,2260733.6602814426,594.7464688871885
93800.0,4573428.314174788,126038.57338766116,4573626.121712998,609.5726361557328,1661.7339533677296,609.3617446973175,-6.737135969035422,-0.19103119609648186,-6.737426586562716,17262.445078715646,0.0,0.19676087423338548,2.0472243320962105,2260733.6602814426,594.7464688871885
93900.0,4573489.237753079,126204.74582754604,4573687.02420069,608.8989332280655,1661.7148413678674,608.6880127096822,-6.736922667958005,-0.19120891729005798,-6.737213249778322,17262.445078715646,0.0,0.19676087423338548,2.0472243320962105,2260733.6602814426,594.7464688871885
94000.0,4573550.093962143,126370.91635534116,4573747.859316249,608.2252516054816,1661.6957115611945,608.0143020307048,-6.736709866668138,-0.19138733080313622,-6.737000412705224,17262.445078715646,0.0,0.19676087423338548,2.0472243320962105,2260733.6602814426,594.7464688871885
94100.0,4573610.882804109,126537.08496926242,4573808.627061805,607.5515912382116,1661.676563878929,607.3406126106233,-6.7364975609889655,-0.1915664276531582,-6.736788071167667,17262.445078715646,0.0,0.19676087423338548,2.0472243320962105,2260733.6602814426,594.7464688871885
94200.0,4573671.604281098,126703.25166751884,4573869.327439479,606.8779520769008,1661.6573982531816,606.6669444000906,-6.736285746802498,-0.1917461989789233,-6.736576221048744,17262.445078715646,0.0,0.19676087423338548,2.0472243320962105,2260733.6602814426,594.7464688871885
94300.0,4573732.2583952295,126869.41644831271,4573929.96045139,606.2043340726034,1661.6382146169424,605.9932973501683,-6.73607442004874,-0.19192663603886945,-6.7363648582895275,17262.445078715646,0.0,0.19676087423338548,2.0472243320962105,2260733.6602814426,594.7464688871885
94400.0,4573792.8451486165,127035.57930983967,4573990.526099652,605.5307371767767,1661.6190129040704,605.3196714123209,-6.735863576724842,-0.19210773020938793,-6.736153978888224,17262.445078715646,0.0,0.19676087423338548,2.0472243320962105,2260733.6602814426,594.7464688871885
94500.0,4573853.364543367,127201.74025028879,4574051.024386374,604.8571613412756,1661.5997930492806,604.6460665384103,-6.735653212884256,-0.19228947298315835,-6.735943578899325,17262.445078715646,0.0,0.19676087423338548,2.0472243320962105,2260733.6602814426,594.7464688871885
94600.0,4573913.816581585,127367.89926784264,4574111.45531366,604.1836065183468,1661.5805549881336,603.9724826806903,-6.73544332463589,-0.1924718559675045,-6.7357336544327655,17262.445078715646,0.0,0.19676087423338548,2.0472243320962105,2260733.6602814426,594.7464688871885
94700.0,4573974.20126537,127534.05636067741,4574171.818883609,603.5100726606232,1661.561298657023,603.2989197918009,-6.735233908143309,-0.19265487088278346,-6.735524201653126,17262.445078715646,0.0,0.19676087423338548,2.0472243320962105,2260733.6602814426,594.7464688871885
94800.0,4574034.518596815,127700.21152696294,4574232.115098315,602.836559721119,1661.542023993165,602.625377824763,-6.7350249596239316,-0.19283850956079052,-6.73531521677882,17262.445078715646,0.0,0.19676087423338548,2.0472243320962105,2260733.6602814426,594.7464688871885
94900.0,4574094.76857801,127866.36476486288,4574292.34395987,602.1630676532237,1661.5227309345873,601.9518567329727,-6.734816475348198,-0.19302276394318862,-6.7351066960812815,17262.445078715646,0.0,0.19676087423338548,2.0472243320962105,2260733.6602814426,594.7464688871885
95000.0,4574154.95121104,128032.51607253466,4574352.505470357,601.4895964106972,1661.503419420118,601.2783564701967,-6.734608451638843,-0.193207626079967,-6.73489863588421,17262.445078715646,0.0,0.19676087423338548,2.0472243320962105,2260733.6602814426,594.7464688871885
95100.0,4574215.066497985,128198.66544812969,4574412.599631857,600.8161459476646,1661.4840893893745,600.6048769905667,-6.734400884870105,-0.1933930881279169,-6.734691032562806,17262.445078715646,0.0,0.19676087423338548,2.0472243320962105,2260733.6602814426,594.7464688871885
95200.0,4574275.114440921,128364.81288979333,4574472.626446446,600.142716218611,1661.4647407827536,599.9314182485741,-6.73419377146695,-0.19357914234912754,-6.734483882542986,17262.445078715646,0.0,0.19676087423338548,2.0472243320962105,2260733.6602814426,594.7464688871885
95300.0,4574335.095041919,128530.95839566507,4574532.585916197,599.4693071783765,1661.4453735414202,599.2579801990655,-6.733987107904341,-0.19376578110950987,-6.734277182300647,17262.445078715646,0.0,0.19676087423338548,2.0472243320962105,2260733.6602814426,594.7464688871885
95400.0,4574395.008303044,128697.10196387852,4574592.478043175,598.7959187821514,1661.425987607298,598.5845627972373,-6.733780890706522,-0.19395299687734074,-6.734070928360953,17262.445078715646,0.0,0.19676087423338548,2.0472243320962105,2260733.6602814426,594.7464688871885
95500.0,4574454.854226361,128863.24359256153,4574652.3028294435,598.1225509854708,1661.406582923059,597.9111659986308,-6.733575116446264,-0.1941407822218252,-6.733865117297585,17262.445078715646,0.0,0.19676087423338548,2.0472243320962105,2260733.6602814426,594.7464688871885
95600.0,4574514.632813927,129029.38327983624,4574712.060277061,597.4492037442103,1661.3871594321124,597.2377897591278,-6.733369781744174,-0.19432912981168227,-6.733659745732048,17262.445078715646,0.0,0.19676087423338548,2.0472243320962105,2260733.6602814426,594.7464688871885
95700.0,4574574.344067794,129195.5210238192,4574771.750388079,596.7758770145812,1661.3677170785963,596.5644340349455,-6.733164883267977,-0.19451803241375074,-6.733454810332954,17262.445078715646,0.0,0.19676087423338548,2.0472243320962105,2260733.6602814426,594.7464688871885
95800.0,4574633.987990012,129361.65682262137,4574831.3731645495,596.1025707531254,1661.3482558073672,595.8910987826318,-6.732960417731848,-0.1947074828916174,-6.73325030781535,17262.445078715646,0.0,0.19676087423338548,2.0472243320962105,2260733.6602814426,594.7464688871885
95900.0,4574693.564582625,129527.79067434826,4574890.928608516,595.4292849167115,1661.3287755639903,595.2177839590611,-6.732756381895711,-0.19489747420426123,-6.733046234940027,17262.445078715646,0.0,0.19676087423338548,2.0472243320962105,2260733.6602814426,594.7464688871885
96000.0,4574753.073847675,129693.92257709996,4574950.41672202,594.7560194625295,1661.3092762947304,594.544489521429,-6.732552772564571,-0.19508799940471921,-6.732842588512835,17262.445078715646,0.0,0.19676087423338548,2.0472243320962105,2260733.6602814426,594.7464688871885
96100.0,4574812.515787196,129860.05252897124,4575009.837507098,594.0827743480868,1661.2897579465418,593.8712154272487,-6.732349586587874,-0.19527905163877599,-6.732639365384066,17262.445078715646,0.0,0.19676087423338548,2.0472243320962105,2260733.6602814426,594.7464688871885
96200.0,4574871.890403221,130026.18052805157,4575069.190965782,593.4095495312037,1661.2702204670604,593.1979616343458,-6.7321468208588415,-0.19547062414366484,-6.732436562447765,17262.445078715646,0.0,0.19676087423338548,2.0472243320962105,2260733.6602814426,594.7464688871885
96300.0,4574931.197697778,130192.30657242522,4575128.4771001,592.7363449700089,1661.2506638045934,592.5247281008548,-6.731944472313826,-0.19566271024679208,-6.732234176641105,17262.445078715646,0.0,0.19676087423338548,2.0472243320962105,2260733.6602814426,594.7464688871885
96400.0,4574990.43767289,130358.43066017135,4575187.695912076,592.0631606229355,1661.2310879081108,591.8515147852139,-6.731742537931702,-0.1958553033644822,-6.732032204943769,17262.445078715646,0.0,0.19676087423338548,2.0472243320962105,2260733.6602814426,594.7464688871885
96500.0,4575049.610330575,130524.55278936402,4575246.847403729,591.3899964487165,1661.2114927272366,591.1783216461616,-6.731541014733221,-0.19604839700073426,-6.7318306443772995,17262.445078715646,0.0,0.19676087423338548,2.0472243320962105,2260733.6602814426,594.7464688871885
96600.0,4575108.715672851,130690.67295807232,4575305.931577076,590.7168524063807,1661.1918782122405,590.505148642732,-6.731339899780418,-0.1962419847460045,-6.731629492004521,17262.445078715646,0.0,0.19676087423338548,2.0472243320962105,2260733.6602814426,594.7464688871885
96700.0,4575167.753701726,130856.79116436036,4575364.9484341275,590.0437284552488,1661.1722443140281,589.8319957342509,-6.731139190176013,-0.19643606027600152,-6.731428744928932,17262.445078715646,0.0,0.19676087423338548,2.0472243320962105,2260733.6602814426,594.7464688871885
96800.0,4575226.724419209,131022.9074062874,4575423.897976891,589.3706245549291,1661.152590984134,589.1588628803316,-6.730938883062792,-0.1966306173504975,-6.731228400294076,17262.445078715646,0.0,0.19676087423338548,2.0472243320962105,2260733.6602814426,594.7464688871885
96900.0,4575285.6278273035,131189.02168190788,4575482.78020737,588.6975406653138,1661.132918174712,588.4857500408714,-6.7307389756230505,-0.19682564981216438,-6.73102845528301,17262.445078715646,0.0,0.19676087423338548,2.0472243320962105,2260733.6602814426,594.7464688871885
97000.0,4575344.4639280075,131355.13398927145,4575541.595127565,588.0244767465747,1661.1132258385278,587.812657176047,-6.73053946507802,-0.19702115158541925,-6.730828907117707,17262.445078715646,0.0,0.19676087423338548,2.0472243320962105,2260733.6602814426,594.7464688871885
97100.0,4575403.232723317,131521.24432642313,4575600.34273947,587.3514327591597,1661.0935139289509,587.1395842463111,-6.730340348687276,-0.1972171166752884,-6.73062975305848,17262.445078715646,0.0,0.19676087423338548,2.0472243320962105,2260733.6602814426,594.7464688871885
97200.0,4575461.9342152225,131687.35269140327,4575659.023045078,586.6784086637889,1661.073782399946,586.4665312123885,-6.730141623748209,-0.19741353916629142,-6.730430990403442,17262.445078715646,0.0,0.19676087423338548,2.0472243320962105,2260733.6602814426,594.7464688871885
97300.0,4575520.568405711,131853.45908224763,4575717.636046375,586.0054044214506,1661.0540312060655,585.7934980352725,-6.729943287595455,-0.19761041322133627,-6.730232616487948,17262.445078715646,0.0,0.19676087423338548,2.0472243320962105,2260733.6602814426,594.7464688871885
97400.0,4575579.135296767,132019.56349698748,4575776.181745346,585.3324199933979,1661.0342603024417,585.1204846762206,-6.729745337600371,-0.1978077330806349,-6.730034628684059,17262.445078715646,0.0,0.19676087423338548,2.0472243320962105,2260733.6602814426,594.7464688871885
97500.0,4575637.634890369,132185.66593364964,4575834.66014397,584.6594553411451,1661.0144696447787,584.4474910967517,-6.729547771170477,-0.19800549306062895,-6.729837024399996,17262.445078715646,0.0,0.19676087423338548,2.0472243320962105,2260733.6602814426,594.7464688871885
97600.0,4575696.067188493,132351.7663902565,4575893.071244223,583.9865104264636,1660.9946591893458,583.7745172586418,-6.72935058574898,-0.19820368755294157,-6.72963980107965,17262.445078715646,0.0,0.19676087423338548,2.0472243320962105,2260733.6602814426,594.7464688871885
97700.0,4575754.432193111,132517.86486482614,4575951.415048078,583.3135852113791,1660.974828892969,583.101563123921,-6.729153778814198,-0.19840231102332864,-6.72944295620202,17262.445078715646,0.0,0.19676087423338548,2.0472243320962105,2260733.6602814426,594.7464688871885
97800.0,4575812.72990619,132683.9613553723,4576009.691557503,582.6406796581674,1660.954978713024,582.4286286548695,-6.7289573478790885,-0.19860135801066012,-6.729246487280737,17262.445078715646,0.0,0.19676087423338548,2.0472243320962105,2260733.6602814426,594.7464688871885
97900.0,4575870.960329697,132850.05585990453,4576067.900774463,581.9677937293517,1660.9351086074294,581.7557138140147,-6.72876129049075,-0.19880082312590827,-6.729050391863553,17262.445078715646,0.0,0.19676087423338548,2.0472243320962105,2260733.6602814426,594.7464688871885
98000.0,4575929.123465589,133016.1483764282,4576126.042700919,581.2949273876984,1660.9152185346386,581.0828185641274,-6.728565604229895,-0.1990007010511508,-6.7288546675318415,17262.445078715646,0.0,0.19676087423338548,2.0472243320962105,2260733.6602814426,594.7464688871885
98100.0,4575987.219315826,133182.23890294452,4576184.117338828,580.6220805962143,1660.8953084536338,580.4099428682184,-6.728370286710407,-0.19920098653859145,-6.728659311900125,17262.445078715646,0.0,0.19676087423338548,2.0472243320962105,2260733.6602814426,594.7464688871885
98200.0,4576045.24788236,133348.32743745064,4576242.124690143,579.9492533181434,1660.875378323918,579.7370866895358,-6.728175335578828,-0.19940167440959197,-6.728464322615582,17262.445078715646,0.0,0.19676087423338548,2.0472243320962105,2260733.6602814426,594.7464688871885
98300.0,4576103.20916714,133514.4139779397,4576300.064756815,579.2764455169631,1660.8554281055094,579.064249991561,-6.727980748513907,-0.19960275955371992,-6.728269697357594,17262.445078715646,0.0,0.19676087423338548,2.0472243320962105,2260733.6602814426,594.7464688871885
98400.0,4576161.103172111,133680.49852240083,4576357.93754079,578.6036571563815,1660.835457758933,578.3914327380063,-6.72778652322612,-0.1998042369278072,-6.72807543383725,17262.445078715646,0.0,0.19676087423338548,2.0472243320962105,2260733.6602814426,594.7464688871885
98500.0,4576218.929899218,133846.58106881924,4576415.74304401,577.9308882003339,1660.8154672452154,577.7186348928109,-6.727592657457227,-0.20000610155502707,-6.7278815297969246,17262.445078715646,0.0,0.19676087423338548,2.0472243320962105,2260733.6602814426,594.7464688871885
98600.0,4576276.689350397,134012.66161517633,4576473.481268414,577.2581386129802,1660.7954565258774,577.0458564201384,-6.727399148979812,-0.2002083485239792,-6.7276879830098,17262.445078715646,0.0,0.19676087423338548,2.0472243320962105,2260733.6602814426,594.7464688871885
98700.0,4576334.381527585,134178.74015944963,4576531.152215938,576.5854083587014,1660.7754255629275,576.3730972843737,-6.727205995596838,-0.20041097298779173,-6.727494791279443,17262.445078715646,0.0,0.19676087423338548,2.0472243320962105,2260733.6602814426,594.7464688871885
98800.0,4576392.006432712,134344.8166996129,4576588.755888514,575.9126974020967,1660.7553743188562,575.7003574501196,-6.727013195141218,-0.20061397016323412,-6.72730195243935,17262.445078715646,0.0,0.19676087423338548,2.0472243320962105,2260733.6602814426,594.7464688871885
98900.0,4576449.564067707,134510.89123363612,4576646.292288071,575.2400057079802,1660.7353027566287,575.0276368821941,-6.726820745475382,-0.20081733532984344,-6.727109464352528,17262.445078715646,0.0,0.19676087423338548,2.0472243320962105,2260733.6602814426,594.7464688871885
99000.0,4576507.054434495,134676.96375948572,4576703.761416532,574.5673332413788,1660.7152108396792,574.3549355456275,-6.726628644490846,-0.20102106382906373,-6.726917324911066,17262.445078715646,0.0,0.19676087423338548,2.0472243320962105,2260733.6602814426,594.7464688871885
99100.0,4576564.477534995,134843.03427512437,4576761.16327582,573.8946799675286,1660.6950985319052,573.6822534056597,-6.726436890107797,-0.20122515106339608,-6.726725532035722,17262.445078715646,0.0,0.19676087423338548,2.0472243320962105,2260733.6602814426,594.7464688871885
99200.0,4576621.833371127,135009.1027785112,4576818.497867852,573.2220458518723,1660.6749657976602,573.0095904277366,-6.726245480274682,-0.201429592495562,-6.726534083675495,17262.445078715646,0.0,0.19676087423338548,2.0472243320962105,2260733.6602814426,594.7464688871885
99300.0,4576679.121944804,135175.16926760183,4576875.765194544,572.5494308600562,1660.654812601749,572.3369465775082,-6.726054412967812,-0.2016343836476805,-6.726342977807247,17262.445078715646,0.0,0.19676087423338548,2.0472243320962105,2260733.6602814426,594.7464688871885
99400.0,4576736.343257936,135341.23374034834,4576932.965257805,571.8768349579277,1660.6346389094208,571.6643218208253,-6.725863686190942,-0.20183952010045259,-6.726152212435276,17262.445078715646,0.0,0.19676087423338548,2.0472243320962105,2260733.6602814426,594.7464688871885
99500.0,4576793.49731243,135507.29619469936,4576990.098059543,571.2042581115327,1660.6144446863643,570.991716123737,-6.725673297974899,-0.20204499749236232,-6.72596178559095,17262.445078715646,0.0,0.19676087423338548,2.0472243320962105,2260733.6602814426,594.7464688871885
99600.0,4576850.584110192,135673.35662860013,4577047.163601664,570.5317002871122,1660.5942298987013,570.3191294524877,-6.725483246377179,-0.2022508115188845,-6.725771695332286,17262.445078715646,0.0,0.19676087423338548,2.0472243320962105,2260733.6602814426,594.7464688871885
99700.0,4576907.603653121,135839.4150399925,4577104.161886067,569.8591614511006,1660.573994512981,569.6465617735149,-6.725293529481565,-0.2024569579317077,-6.725581939743594,17262.445078715646,0.0,0.19676087423338548,2.0472243320962105,2260733.6602814426,594.7464688871885
99800.0,4576964.555943114,136005.47142681503,4577161.09291465,569.1866415701222,1660.5537384961751,568.9740130534464,-6.725104145397772,-0.20266343253796848,-6.725392516935103,17262.445078715646,0.0,0.19676087423338548,2.0472243320962105,2260733.6602814426,594.7464688871885
99900.0,4577021.440982065,136171.52578700296,4577217.956689308,568.5141406109894,1660.5334618156717,568.3014832590974,-6.724915092261044,-0.20287023119949046,-6.725203425042568,17262.445078715646,0.0,0.19676087423338548,2.0472243320962105,2260733.6602814426,594.7464688871885
100000.0,4577078.258771866,136337.5781184883,4577274.753211932,567.8416585406998,1660.5131644392695,567.6289723574686,-6.724726368231817,-0.20307734983204256,-6.725014662226925,17262.445078715646,0.0,0.19676087423338548,2.0472243320962105,2260733.6602814426,594.7464688871885
100100.0,4577135.009314402,136503.6284191999,4577331.482484409,567.1691953264334,1660.492846335174,566.9564803157432,-6.724537971495346,-0.20328478440460301,-6.724826226673927,17262.445078715646,0.0,0.19676087423338548,2.0472243320962105,2260733.6602814426,594.7464688871885
100200.0,4577191.692611558,136669.6766870634,4577388.144508623,566.4967509355507,1660.47250747199,566.2840071012847,-6.72434990026135,-0.20349253093863318,-6.724638116593776,17262.445078715646,0.0,0.19676087423338548,2.0472243320962105,2260733.6602814426,594.7464688871885
100300.0,4577248.308665215,136835.7229200013,4577444.739286455,565.82432533559,1660.4521478187185,565.6115526816343,-6.724162152763663,-0.20370058550736517,-6.724450330220798,17262.445078715646,0.0,0.19676087423338548,2.0472243320962105,2260733.6602814426,594.7464688871885
100400.0,4577304.8574772505,137001.76711593312,4577501.266819784,565.1519184942648,1660.43176734475,564.9391170245084,-6.723974727259903,-0.20390894423509745,-6.724262865813083,17262.445078715646,0.0,0.19676087423338548,2.0472243320962105,2260733.6602814426,594.7464688871885
100500.0,4577361.339049539,137167.80927277522,4577557.727110485,564.4795303794621,1660.4113660198602,564.2667000977967,-6.723787622031114,-0.20411760329649908,-6.7240757216521425,17262.445078715646,0.0,0.19676087423338548,2.0472243320962105,2260733.6602814426,594.7464688871885
100600.0,4577417.75338395,137333.84938844104,4577614.120160427,563.8071609592392,1660.3909438142052,563.5943018695596,-6.72360083538145,-0.20432655891592874,-6.723888896042601,17262.445078715646,0.0,0.19676087423338548,2.0472243320962105,2260733.6602814426,594.7464688871885
100700.0,4577474.100482353,137499.88746084104,4577670.445971481,563.1348102018222,1660.370500698316,562.9219223080256,-6.723414365637828,-0.2045358073667563,-6.72370238731183,17262.445078715646,0.0,0.19676087423338548,2.0472243320962105,2260733.6602814426,594.7464688871885
100800.0,4577530.380346612,137665.9234878827,4577726.70454551,562.4624780756031,1660.3500366430935,562.2495613815896,-6.723228211149621,-0.2047453449707012,-6.723516193809658,17262.445078715646,0.0,0.19676087423338548,2.0472243320962105,2260733.6602814426,594.7464688871885
100900.0,4577586.592978588,137831.9574674707,4577782.895884377,561.7901645491381,1660.3295516198045,561.5772190588103,-6.723042370288328,-0.20495516809717482,-6.723330313908028,17262.445078715646,0.0,0.19676087423338548,2.0472243320962105,2260733.6602814426,594.7464688871885
101000.0,4577642.738380141,137997.98939750678,4577839.01998994,561.1178695911449,1660.3090456000762,560.9048953084082,-6.722856841447273,-0.2051652731626365,-6.723144746000708,17262.445078715646,0.0,0.19676087423338548,2.0472243320962105,2260733.6602814426,594.7464688871885
101100.0,4577698.816553124,138164.0192758899,4577895.076864056,560.4455931705008,1660.2885185558919,560.2325900992632,-6.72267162304127,-0.2053756566299529,-6.722959488502945,17262.445078715646,0.0,0.19676087423338548,2.0472243320962105,2260733.6602814426,594.7464688871885
101200.0,4577754.8274993915,138330.04710051624,4577951.066508577,559.7733352562409,1660.2679704595864,559.5603034004127,-6.722486713506349,-0.20558631500777408,-6.722774539851199,17262.445078715646,0.0,0.19676087423338548,2.0472243320962105,2260733.6602814426,594.7464688871885
101300.0,4577810.771220791,138496.0728692792,4578006.988925353,559.1010958175553,1660.2474012838416,558.8880351810495,-6.722302111299429,-0.20579724484991185,-6.722589898502816,17262.445078715646,0.0,0.19676087423338548,2.0472243320962105,2260733.6602814426,594.7464688871885
101400.0,4577866.64771917,138662.09658006945,4578062.844116229,558.4288748237875,1660.2268110016812,558.2157854105195,-6.7221178148980405,-0.20600844275472963,-6.72240556293574,17262.445078715646,0.0,0.19676087423338548,2.0472243320962105,2260733.6602814426,594.7464688871885
101500.0,4577922.45699637,138828.1182307751,4578118.632083049,557.7566722444323,1660.2061995864672,557.5435540583197,-6.721933822800024,-0.20621990536454216,-6.722221531648228,17262.445078715646,0.0,0.19676087423338548,2.0472243320962105,2260733.6602814426,594.7464688871885
101600.0,4577978.199054232,138994.13781928143,4578174.352827653,557.0844880491335,1660.1855670118953,556.8713410940966,-6.721750133523249,-0.2064316293650211,-6.722037803158556,17262.445078715646,0.0,0.19676087423338548,2.0472243320962105,2260733.6602814426,594.7464688871885
101700.0,4578033.873894592,139160.15534347127,4578230.00635188,556.4123222076823,1660.1649132519904,556.1991464876435,-6.721566745605312,-0.2066436114846091,-6.721854376004726,17262.445078715646,0.0,0.19676087423338548,2.0472243320962105,2260733.6602814426,594.7464688871885
101800.0,4578089.481519284,139326.1708012248,4578285.592657562,555.7401746900152,1660.1442382811022,555.5269702088992,-6.721383657603291,-0.2068558484939461,-6.721671248744213,17262.445078715646,0.0,0.19676087423338548,2.0472243320962105,2260733.6602814426,594.7464688871885
101900.0,4578145.0219301395,139492.18419041962,4578341.111746532,555.068045466212,1660.1235420739015,554.8548122279457,-6.721200868093438,-0.2070683372052976,-6.721488419953658,17262.445078715646,0.0,0.19676087423338548,2.0472243320962105,2260733.6602814426,594.7464688871885
102000.0,4578200.495128986,139658.19550893086,4578396.563620617,554.3959345064936,1660.1028246053759,554.1826725150063,-6.721018375670933,-0.20728107447199787,-6.721305888228632,17262.445078715646,0.0,0.19676087423338548,2.0472243320962105,2260733.6602814426,594.7464688871885
102100.0,4578255.901117649,139824.20475463115,4578451.948281643,553.723841781221,1660.0820858508255,553.5105510404439,-6.720836178949593,-0.20749405718789324,-6.721123652183336,17262.445078715646,0.0,0.19676087423338548,2.0472243320962105,2260733.6602814426,594.7464688871885
102200.0,4578311.23989795,139990.21192539067,4578507.2657314325,553.0517672608926,1660.061325785859,552.8384477747592,-6.720654276561629,-0.20770728228680058,-6.720941710450354,17262.445078715646,0.0,0.19676087423338548,2.0472243320962105,2260733.6602814426,594.7464688871885
102300.0,4578366.511471707,140156.21701907716,4578562.515971804,552.3797109161426,1660.0405443863897,552.1663626885884,-6.720472667157381,-0.2079207467419688,-6.7207600616804,17262.445078715646,0.0,0.19676087423338548,2.0472243320962105,2260733.6602814426,594.7464688871885
102400.0,4578421.715840738,140322.220033556,4578617.699004575,551.7076727177393,1660.0197416286317,551.494295752702,-6.7202913494050565,-0.20813444756554977,-6.720578704542052,17262.445078715646,0.0,0.19676087423338548,2.0472243320962105,2260733.6602814426,594.7464688871885
102500.0,4578476.853006856,140488.22096669016,4578672.814831559,551.0356526365836,1659.998917489096,550.8222469380026,-6.7201103219904885,-0.2083483818080756,-6.720397637721506,17262.445078715646,0.0,0.19676087423338548,2.0472243320962105,2260733.6602814426,594.7464688871885
102600.0,4578531.922971869,140654.2198163403,4578727.863454565,550.3636506437065,1659.9780719445864,550.1502162155236,-6.719929583616881,-0.2085625465579444,-6.720216859922322,17262.445078715646,0.0,0.19676087423338548,2.0472243320962105,2260733.6602814426,594.7464688871885
102700.0,4578586.925737586,140820.2165803648,4578782.844875404,549.6916667102681,1659.9572049721965,549.4782035564268,-6.719749133004564,-0.2087769389409126,-6.720036369865188,17262.445078715646,0.0,0.19676087423338548,2.0472243320962105,2260733.6602814426,594.7464688871885
102800.0,4578641.861305811,140986.21125661972,4578837.759095878,549.0197008075556,1659.936316549305,548.8062089320013,-6.719568968890764,-0.20899155611959458,-6.719856166287678,17262.445078715646,0.0,0.19676087423338548,2.0472243320962105,2260733.6602814426,594.7464688871885
102900.0,4578696.729678348,141152.2038429589,4578892.606117791,548.3477529069816,1659.9154066535727,548.1342323136615,-6.719389090029347,-0.2092063952929689,-6.719676247944001,17262.445078715646,0.0,0.19676087423338548,2.0472243320962105,2260733.6602814426,594.7464688871885
103000.0,4578751.530856992,141318.19433723393,4578947.385942941,547.6758229800823,1659.8944752629388,547.4622736729457,-6.7192094951906025,-0.20942145369589182,-6.71949661360479,17262.445078715646,0.0,0.19676087423338548,2.0472243320962105,2260733.6602814426,594.7464688871885
103100.0,4578806.264843541,141484.18273729426,4579002.098573124,547.0039109985165,1659.873522355617,546.7903329815142,-6.719030183161008,-0.20963672859861887,-6.71931726205686,17262.445078715646,0.0,0.19676087423338548,2.0472243320962105,2260733.6602814426,594.7464688871885
103200.0,4578860.931639789,141650.16904098712,4579056.744010135,546.3320169340632,1659.8525479100924,546.1184102111479,-6.718851152742999,-0.2098522173063296,-6.7191381921029745,17262.445078715646,0.0,0.19676087423338548,2.0472243320962105,2260733.6602814426,594.7464688871885
103300.0,4578915.531247525,141816.15324615763,4579111.322255763,545.6601407586203,1659.8315519051177,545.4465053337466,-6.718672402754742,-0.21006791715866288,-6.718959402561634,17262.445078715646,0.0,0.19676087423338548,2.0472243320962105,2260733.6602814426,594.7464688871885
103400.0,4578970.063668536,141982.13535064878,4579165.833311797,544.9882824442034,1659.81053431971,544.7746183213274,-6.71849393202994,-0.21028382552925787,-6.718780892266858,17262.445078715646,0.0,0.19676087423338548,2.0472243320962105,2260733.6602814426,594.7464688871885
103500.0,4579024.5289046075,142148.1153523015,4579220.277180022,544.3164419629438,1659.7894951331477,544.1027491460234,-6.718315739417567,-0.21049993982529716,-6.718602660067946,17262.445078715646,0.0,0.19676087423338548,2.0472243320962105,2260733.6602814426,594.7464688871885
103600.0,4579078.926957522,142314.09324895468,4579274.653862219,543.6446192870873,1659.7684343249662,543.4308977800819,-6.718137823781708,-0.210716257487064,-6.718424704829293,17262.445078715646,0.0,0.19676087423338548,2.0472243320962105,2260733.6602814426,594.7464688871885
103700.0,4579133.257829057,142480.0690384451,4579328.96336017,542.9728143889923,1659.7473518749557,542.759064195863,-6.717960184001303,-0.210932775987498,-6.7182470254301565,17262.445078715646,0.0,0.19676087423338548,2.0472243320962105,2260733.6602814426,594.7464688871885
103800.0,4579187.521520991,142646.0427186076,4579383.20567565,542.3010272411287,1659.7262477631573,542.087248365838,-6.7177828189699635,-0.21114949283176182,-6.718069620764454,17262.445078715646,0.0,0.19676087423338548,2.0472243320962105,2260733.6602814426,594.7464688871885
103900.0,4579241.718035096,142812.01428727503,4579437.380810434,541.6292578160765,1659.70512196986,541.4154502625886,-6.717605727595777,-0.21136640555681396,-6.717892489740573,17262.445078715646,0.0,0.19676087423338548,2.0472243320962105,2260733.6602814426,594.7464688871885
104000.0,4579295.847373144,142977.98374227821,4579491.488766293,540.9575060865236,1659.6839744755978,540.7436698588044,-6.7174289088010735,-0.21158351173098275,-6.717715631281147,17262.445078715646,0.0,0.19676087423338548,2.0472243320962105,2260733.6602814426,594.7464688871885
104100.0,4579349.909536902,143143.95108144614,4579545.529544995,540.2857720252657,1659.6628052611456,540.0719071272823,-6.717252361522255,-0.21180080895355322,-6.717539044322874,17262.445078715646,0.0,0.19676087423338548,2.0472243320962105,2260733.6602814426,594.7464688871885
104200.0,4579403.904528136,143309.91630260582,4579599.503148307,539.6140556052037,1659.6416143075178,539.4001620409248,-6.717076084709584,-0.21201829485435272,-6.717362727816306,17262.445078715646,0.0,0.19676087423338548,2.0472243320962105,2260733.6602814426,594.7464688871885
104300.0,4579457.83234861,143475.8794035824,4579653.409577991,538.9423567993429,1659.6204015959636,538.7284345727386,-6.716900077326999,-0.21223596709334838,-6.717186680725671,17262.445078715646,0.0,0.19676087423338548,2.0472243320962105,2260733.6602814426,594.7464688871885
104400.0,4579511.693000083,143641.84038219915,4579707.248835808,538.2706755807914,1659.5991671079648,538.0567246958333,-6.716724338351927,-0.21245382336024693,-6.717010902028684,17262.445078715646,0.0,0.19676087423338548,2.0472243320962105,2260733.6602814426,594.7464688871885
104500.0,4579565.4864843115,143807.7992362775,4579761.020923516,537.5990119227591,1659.5779108252332,537.38503238342,-6.716548866775075,-0.21267186137409816,-6.716835390716329,17262.445078715646,0.0,0.19676087423338548,2.0472243320962105,2260733.6602814426,594.7464688871885
104600.0,4579619.212803052,143973.7559636371,4579814.725842869,536.9273657985563,1659.5566327297067,536.7133576088104,-6.716373661600274,-0.21289007888291014,-6.716660145792718,17262.445078715646,0.0,0.19676087423338548,2.0472243320962105,2260733.6602814426,594.7464688871885
104700.0,4579672.871958055,144139.71056209574,4579868.363595621,536.2557371815918,1659.5353328035476,536.0417003454147,-6.716198721844276,-0.213108473663263,-6.716485166274877,17262.445078715646,0.0,0.19676087423338548,2.0472243320962105,2260733.6602814426,594.7464688871885
104800.0,4579726.463951071,144305.66302946952,4579921.934183521,535.5841260453725,1659.5140110291384,535.3700605667409,-6.716024046536584,-0.21332704351993215,-6.716310451192578,17262.445078715646,0.0,0.19676087423338548,2.0472243320962105,2260733.6602814426,594.7464688871885
104900.0,4579779.988783846,144471.61336357272,4579975.437608317,534.9125323635016,1659.49266738908,534.6984382463936,-6.71584963471927,-0.21354578628551582,-6.716135999588164,17262.445078715646,0.0,0.19676087423338548,2.0472243320962105,2260733.6602814426,594.7464688871885
105000.0,4579833.446458125,144637.56156221792,4580028.873871752,534.2409561096772,1659.471301866189,534.0268333580723,-6.715675485446815,-0.21376469982006757,-6.715961810516371,17262.445078715646,0.0,0.19676087423338548,2.0472243320962105,2260733.6602814426,594.7464688871885
105100.0,4579886.836975648,144803.50762321596,4580082.242975568,533.5693972576918,1659.4499144434942,533.3552458755704,-6.71550159778592,-0.21398378201073365,-6.715787883044171,17262.445078715646,0.0,0.19676087423338548,2.0472243320962105,2260733.6602814426,594.7464688871885
105200.0,4579940.160338155,144969.45154437606,4580135.544921506,532.8978557814303,1659.4285051042345,532.6836757727742,-6.7153279708153315,-0.21420303077139421,-6.7156142162505645,17262.445078715646,0.0,0.19676087423338548,2.0472243320962105,2260733.6602814426,594.7464688871885
105300.0,4579993.416547382,145135.3933235057,4580188.779711301,532.2263316548693,1659.4070738318562,532.0121230236614,-6.715154603625703,-0.21442244404231345,-6.7154408092264575,17262.445078715646,0.0,0.19676087423338548,2.0472243320962105,2260733.6602814426,594.7464688871885
105400.0,4580046.605605063,145301.33295841079,4580241.947346688,531.5548248520757,1659.3856206100102,531.3405876022999,-6.714981495319399,-0.21464201978978964,-6.715267661074464,17262.445078715646,0.0,0.19676087423338548,2.0472243320962105,2260733.6602814426,594.7464688871885
105500.0,4580099.727512929,145467.27044689553,4580295.047829399,530.8833353472056,1659.3641454225494,530.669069482847,-6.714808645010365,-0.21486175600581484,-6.715094770908784,17262.445078715646,0.0,0.19676087423338548,2.0472243320962105,2260733.6602814426,594.7464688871885
105600.0,4580152.782272708,145633.20578676258,4580348.081161161,530.211863114503,1659.3426482535262,529.9975686395478,-6.714636051823931,-0.21508165070773366,-6.7149221378549875,17262.445078715646,0.0,0.19676087423338548,2.0472243320962105,2260733.6602814426,594.7464688871885
105700.0,4580205.769886126,145799.138975813,4580401.047343702,529.5404081282988,1659.3211290871902,529.3260850467344,-6.714463714896694,-0.2153017019379126,-6.714749761049911,17262.445078715646,0.0,0.19676087423338548,2.0472243320962105,2260733.6602814426,594.7464688871885
105800.0,4580258.690354907,145965.07001184626,4580453.946378745,528.86897036301,1659.2995879079854,528.6546186788246,-6.714291633376325,-0.21552190776340954,-6.714577639641468,17262.445078715646,0.0,0.19676087423338548,2.0472243320962105,2260733.6602814426,594.7464688871885
105900.0,4580311.543680771,146130.9988926603,4580506.778268011,528.197549793138,1659.2780247005478,527.9831695103209,-6.714119806421441,-0.2157422662756505,-6.714405772788508,17262.445078715646,0.0,0.19676087423338548,2.0472243320962105,2260733.6602814426,594.7464688871885
106000.0,4580364.329865438,146296.9256160516,4580559.54301322,527.5261463932679,1659.2564394497035,527.3117375158093,-6.713948233201446,-0.21596277559010887,-6.71423415966067,17262.445078715646,0.0,0.19676087423338548,2.0472243320962105,2260733.6602814426,594.7464688871885
106100.0,4580417.048910622,146462.850179815,4580612.240616086,526.8547601380673,1659.2348321404652,526.6403226699586,-6.713776912896387,-0.21618343384599106,-6.71406279943823,17262.445078715646,0.0,0.19676087423338548,2.0472243320962105,2260733.6602814426,594.7464688871885
106200.0,4580469.700818036,146628.77258174392,4580664.8710783245,526.1833910022851,1659.2132027580308,525.9689249475185,-6.7136058446967946,-0.21640423920592397,-6.713891691311945,17262.445078715646,0.0,0.19676087423338548,2.0472243320962105,2260733.6602814426,594.7464688871885
106300.0,4580522.285589391,146794.69281963035,4580717.434401645,525.512038960751,1659.1915512877808,525.2975443233196,-6.713435027803567,-0.21662518985565024,-6.7137208344829356,17262.445078715646,0.0,0.19676087423338548,2.0472243320962105,2260733.6602814426,594.7464688871885
106400.0,4580574.803226396,146960.61089126475,4580769.930587758,524.8407039883739,1659.1698777152762,524.6261807722716,-6.713264461427782,-0.21684628400372294,-6.713550228162504,17262.445078715646,0.0,0.19676087423338548,2.0472243320962105,2260733.6602814426,594.7464688871885
106500.0,4580627.253730757,147126.52679443618,4580822.359638369,524.1693860601409,1659.1481820262557,523.9548342693628,-6.713094144790605,-0.21706751988120937,-6.713379871572034,17262.445078715646,0.0,0.19676087423338548,2.0472243320962105,2260733.6602814426,594.7464688871885
106600.0,4580679.637104176,147292.4405269323,4580874.72155518,523.4980851511168,1659.1264642066337,523.2835047896585,-6.712924077123126,-0.2172888957413964,-6.713209763942826,17262.445078715646,0.0,0.19676087423338548,2.0472243320962105,2260733.6602814426,594.7464688871885
106700.0,4580731.9533483535,147458.35208653935,4580927.016339893,522.8268012364426,1659.1047242424986,522.6121923083008,-6.712754257666222,-0.21751040985949877,-6.713039904515976,17262.445078715646,0.0,0.19676087423338548,2.0472243320962105,2260733.6602814426,594.7464688871885
106800.0,4580784.202464988,147624.26147104218,4580979.243994207,522.1555342913349,1659.0829621201099,521.940896800507,-6.71258468567043,-0.2177320605323741,-6.712870292542229,17262.445078715646,0.0,0.19676087423338548,2.0472243320962105,2260733.6602814426,594.7464688871885
106900.0,4580836.384455777,147790.1686782243,4581031.404519818,521.4842842910846,1659.0611778258963,521.2696182415687,-6.712415360395816,-0.2179538460782399,-6.7127009272818565,17262.445078715646,0.0,0.19676087423338548,2.0472243320962105,2260733.6602814426,594.7464688871885
107000.0,4580888.499322411,147956.07370586784,4581083.49791842,520.8130512110561,1659.0393713464537,520.5983566068512,-6.712246281111837,-0.21817576483639506,-6.712531808004526,17262.445078715646,0.0,0.19676087423338548,2.0472243320962105,2260733.6602814426,594.7464688871885
107100.0,4580940.547066581,148121.9765517536,4581135.524191703,520.1418350266865,1659.0175426685432,519.9271118717924,-6.71207744709722,-0.2183978151669452,-6.7123629339891595,17262.445078715646,0.0,0.19676087423338548,2.0472243320962105,2260733.6602814426,594.7464688871885
107200.0,4580992.527689978,148287.87721366115,4581187.483341357,519.4706357134847,1658.9956917790887,519.2558840119017,-6.7119088576398225,-0.21861999545053123,-6.71219430452382,17262.445078715646,0.0,0.19676087423338548,2.0472243320962105,2260733.6602814426,594.7464688871885
107300.0,4581044.441194286,148453.77568936863,4581239.375369067,518.7994532470301,1658.9738186651748,518.5846730027594,-6.71174051203654,-0.21884230408806357,-6.712025918905598,17262.445078715646,0.0,0.19676087423338548,2.0472243320962105,2260733.6602814426,594.7464688871885
107400.0,4581096.287581188,148619.67197665296,4581291.200276518,518.1282876029721,1658.9519233140454,517.9134788200155,-6.711572409593134,-0.21906473950045582,-6.711857776440453,17262.445078715646,0.0,0.19676087423338548,2.0472243320962105,2260733.6602814426,594.7464688871885
107500.0,4581148.066852366,148785.56607328978,4581342.9580653915,517.457138757029,1658.930005713101,517.242301439389,-6.711404549624154,-0.2192873001283676,-6.711689876443123,17262.445078715646,0.0,0.19676087423338548,2.0472243320962105,2260733.6602814426,594.7464688871885
107600.0,4581199.779009498,148951.4579770535,4581394.648737365,516.7860066849873,1658.9080658498974,516.5711408366672,-6.711236931452793,-0.2195099844319455,-6.711522218236994,17262.445078715646,0.0,0.19676087423338548,2.0472243320962105,2260733.6602814426,594.7464688871885
107700.0,4581251.42405426,149117.34768571728,4581446.272294117,516.1148913627009,1658.886103712143,515.8999969877042,-6.711069554410787,-0.2197327908905726,-6.711354801153988,17262.445078715646,0.0,0.19676087423338548,2.0472243320962105,2260733.6602814426,594.7464688871885
107800.0,4581303.001988327,149283.23519705306,4581497.82873732,515.4437927660896,1658.8641192876976,515.2288698684209,-6.710902417838272,-0.21995571800261612,-6.711187624534427,17262.445078715646,0.0,0.19676087423338548,2.0472243320962105,2260733.6602814426,594.7464688871885
107900.0,4581354.51281337,149449.12050883155,4581549.318068648,514.7727108711392,1658.8421125645702,514.5577594548037,-6.7107355210837,-0.22017876428518335,-6.711020687726948,17262.445078715646,0.0,0.19676087423338548,2.0472243320962105,2260733.6602814426,594.7464688871885
108000.0,4581405.956531057,149615.0036188223,4581600.740289767,514.1016456539003,1658.8200835309171,513.8866657229033,-6.710568863503717,-0.22040192827387894,-6.710853990088371,17262.445078715646,0.0,0.19676087423338548,2.0472243320962105,2260733.6602814426,594.7464688871885
108100.0,4581457.333143055,149780.88452479366,4581652.095402347,513.4305970904871,1658.7980321750401,513.2155886488349,-6.710402444463027,-0.22062520852256287,-6.710687530983586,17262.445078715646,0.0,0.19676087423338548,2.0472243320962105,2260733.6602814426,594.7464688871885
108200.0,4581508.642651029,149946.76322451283,4581703.383408051,512.7595651570773,1658.775958485385,512.5445282087765,-6.710236263334325,-0.2208486036031177,-6.710521309785465,17262.445078715646,0.0,0.19676087423338548,2.0472243320962105,2260733.6602814426,594.7464688871885
108300.0,4581559.88505664,150112.6397157459,4581754.604308542,512.0885498299106,1658.753862450539,511.87348437896827,-6.710070319498154,-0.22107211210521238,-6.71035532587472,17262.445078715646,0.0,0.19676087423338548,2.0472243320962105,2260733.6602814426,594.7464688871885
108400.0,4581611.060361547,150278.51399625774,4581805.758105479,511.4175510852883,1658.7317440592296,511.20245713571234,-6.709904612342815,-0.22129573263607444,-6.710189578639825,17262.445078715646,0.0,0.19676087423338548,2.0472243320962105,2260733.6602814426,594.7464688871885
108500.0,4581662.168567409,150444.38606381216,4581856.844800521,510.74656889957276,1658.7096033003234,510.5314464553713,-6.709739141264255,-0.22151946382026205,-6.7100240674768985,17262.445078715646,0.0,0.19676087423338548,2.0472243320962105,2260733.6602814426,594.7464688871885
108600.0,4581713.209675878,150610.25591617185,4581907.864395321,510.07560324918614,1658.6874401628224,509.86045231436776,-6.709573905665972,-0.22174330429944122,-6.709858791789607,17262.445078715646,0.0,0.19676087423338548,2.0472243320962105,2260733.6602814426,594.7464688871885
108700.0,4581764.183688609,150776.1235510984,4581958.816891534,509.4046541106099,1658.665254635865,509.1894746891838,-6.709408904958897,-0.2219672527321637,-6.709693750989045,17262.445078715646,0.0,0.19676087423338548,2.0472243320962105,2260733.6602814426,594.7464688871885
108800.0,4581815.09060725,150941.98896635234,4582009.702290809,508.73372146038406,1658.6430467087218,508.5185135563598,-6.709244138561316,-0.2221913077936515,-6.709528944493664,17262.445078715646,0.0,0.19676087423338548,2.0472243320962105,2260733.6602814426,594.7464688871885
108900.0,4581865.930433449,151107.8521596931,4582060.520594794,508.0628052751065,1658.6208163707956,507.847568892494,-6.709079605898747,-0.22241546817557978,-6.709364371729143,17262.445078715646,0.0,0.19676087423338548,2.0472243320962105,2260733.6602814426,594.7464688871885
109000.0,4581916.703168853,151273.7131288791,4582111.2718051355,507.3919055314321,1658.598563611619,507.1766406742418,-6.70891530640386,-0.22263973258586642,-6.70920003212831,17262.445078715646,0.0,0.19676087423338548,2.0472243320962105,2260733.6602814426,594.7464688871885
109100.0,4581967.408815104,151439.57187166772,4582161.955923476,506.7210222060722,1658.5762884208534,506.50572887831487,-6.708751239516369,-0.22286409974846277,-6.709035925131038,17262.445078715646,0.0,0.19676087423338548,2.0472243320962105,2260733.6602814426,594.7464688871885
109200.0,4582018.0473738415,151605.42838581523,4582212.572951457,506.0501552757937,1658.5539907882865,505.8348334814806,-6.708587404682949,-0.22308856840314745,-6.708872050184154,17262.445078715646,0.0,0.19676087423338548,2.0472243320962105,2260733.6602814426,594.7464688871885
109300.0,4582068.618846705,151771.282669077,4582263.122890718,505.3793047174187,1658.5316707038312,505.16395446056123,-6.708423801357117,-0.22331313730532232,-6.708708406741335,17262.445078715646,0.0,0.19676087423338548,2.0472243320962105,2260733.6602814426,594.7464688871885
109400.0,4582119.12323533,151937.13471920727,4582313.605742895,504.70847050782334,1658.5093281575248,504.49309179243346,-6.708260428999183,-0.22353780522581373,-6.708544994263042,17262.445078715646,0.0,0.19676087423338548,2.0472243320962105,2260733.6602814426,594.7464688871885
109500.0,4582169.56054135,152102.98453395942,4582364.021509621,504.0376526239377,1658.486963139526,503.82224545402755,-6.708097287076118,-0.22376257095067234,-6.708381812216393,17262.445078715646,0.0,0.19676087423338548,2.0472243320962105,2260733.6602814426,594.7464688871885
109600.0,4582219.930766398,152268.8321110858,4582414.37019253,503.36685104274454,1658.4645756401146,503.1514154223267,-6.707934375061476,-0.22398743328097884,-6.708218860075091,17262.445078715646,0.0,0.19676087423338548,2.0472243320962105,2260733.6602814426,594.7464688871885
109700.0,4582270.233912102,152434.67744833775,4582464.651793249,502.69606574127914,1658.4421656496893,502.48060167436637,-6.7077716924353155,-0.2242123910326514,-6.708056137319339,17262.445078715646,0.0,0.19676087423338548,2.0472243320962105,2260733.6602814426,594.7464688871885
109800.0,4582320.469980088,152600.5205434657,4582514.866313406,502.02529669662835,1658.4197331587663,501.80980418723374,-6.707609238684107,-0.224437443036256,-6.707893643435755,17262.445078715646,0.0,0.19676087423338548,2.0472243320962105,2260733.6602814426,594.7464688871885
109900.0,4582370.638971982,152766.36139421916,4582565.013754628,501.35454388593007,1658.3972781579787,501.13902293806706,-6.707447013300638,-0.22466258813681791,-6.707731377917268,17262.445078715646,0.0,0.19676087423338548,2.0472243320962105,2260733.6602814426,594.7464688871885
110000.0,4582420.740889405,152932.19999834665,4582615.094118535,500.68380728637266,1658.3748006380738,500.46825790405484,-6.707285015783944,-0.22488782519363754,-6.707569340263053,17262.445078715646,0.0,0.19676087423338548,2.0472243320962105,2260733.6602814426,594.7464688871885
110100.0,4582470.7757339785,153098.03635359582,4582665.107406748,500.01308687519423,1658.3523005899124,499.79750906243544,-6.707123245639206,-0.22511315308010751,-6.707407529978433,17262.445078715646,0.0,0.19676087423338548,2.0472243320962105,2260733.6602814426,594.7464688871885
110200.0,4582520.743507319,153263.87045771338,4582715.053620886,499.34238262968205,1658.3297780044672,499.12677639049645,-6.706961702377693,-0.22533857068353327,-6.707245946574809,17262.445078715646,0.0,0.19676087423338548,2.0472243320962105,2260733.6602814426,594.7464688871885
110300.0,4582570.644211043,153429.70230844515,4582764.932762564,498.671694527172,1658.3072328728217,498.4560598655739,-6.706800385516645,-0.22556407690495414,-6.707084589569562,17262.445078715646,0.0,0.19676087423338548,2.0472243320962105,2260733.6602814426,594.7464688871885
110400.0,4582620.477846762,153595.5319035361,4582814.744833397,498.00102254504793,1658.2846651861685,497.7853594650518,-6.706639294579232,-0.22578967065896993,-6.706923458485995,17262.445078715646,0.0,0.19676087423338548,2.0472243320962105,2260733.6602814426,594.7464688871885
110500.0,4582670.244416089,153761.35924073026,4582864.489834994,497.33036666074105,1658.262074935808,497.1146751663616,-6.7064784290944495,-0.2260153508735663,-6.706762552853233,17262.445078715646,0.0,0.19676087423338548,2.0472243320962105,2260733.6602814426,594.7464688871885
110600.0,4582719.943920631,153927.18431777085,4582914.1677689655,496.65972685172943,1658.239462113147,496.44400694698163,-6.706317788597046,-0.22624111648994547,-6.706601872206159,17262.445078715646,0.0,0.19676087423338548,2.0472243320962105,2260733.6602814426,594.7464688871885
110700.0,4582769.576361994,154093.0071324002,4582963.778636918,495.98910309553736,1658.2168267096981,495.7733547844362,-6.706157372627448,-0.22646696646235687,-6.706441416085328,17262.445078715646,0.0,0.19676087423338548,2.0472243320962105,2260733.6602814426,594.7464688871885
110800.0,4582819.141741784,154258.8276823598,4583013.322440457,495.3184953697348,1658.1941687170772,495.1027186562955,-6.705997180731684,-0.2266928997579319,-6.706281184036895,17262.445078715646,0.0,0.19676087423338548,2.0472243320962105,2260733.6602814426,594.7464688871885
110900.0,4582868.640061602,154424.64596539037,4583062.799181183,494.6479036519369,1658.1714881270032,494.4320985401747,-6.705837212461313,-0.22691891535652,-6.706121175612545,17262.445078715646,0.0,0.19676087423338548,2.0472243320962105,2260733.6602814426,594.7464688871885
111000.0,4582918.071323047,154590.4619792317,4583112.208860697,493.97732791980314,1658.1487849312962,493.7614944137336,-6.705677467373349,-0.22714501225052677,-6.705961390369414,17262.445078715646,0.0,0.19676087423338548,2.0472243320962105,2260733.6602814426,594.7464688871885
111100.0,4582967.435527718,154756.27572162286,4583161.551480598,493.3067681510374,1658.1260591218766,493.09090625467604,-6.70551794503017,-0.22737118944475398,-6.705801827870009,17262.445078715646,0.0,0.19676087423338548,2.0472243320962105,2260733.6602814426,594.7464688871885
111200.0,4583016.732677208,154922.08719030203,4583210.82704248,492.6362243233867,1658.1033106907635,492.42033404074925,-6.705358644999483,-0.2275974459562434,-6.705642487682154,17262.445078715646,0.0,0.19676087423338548,2.0472243320962105,2260733.6602814426,594.7464688871885
111300.0,4583065.962773113,155087.89638300668,4583260.035547937,491.96569641464134,1658.0805396300739,491.7497777497435,-6.705199566854222,-0.2278237808141206,-6.7054833693789035,17262.445078715646,0.0,0.19676087423338548,2.0472243320962105,2260733.6602814426,594.7464688871885
111400.0,4583115.125817021,155253.70329747346,4583309.17699856,491.29518440263377,1658.0577459320211,491.0792373594914,-6.705040710172496,-0.22805019305944277,-6.705324472538485,17262.445078715646,0.0,0.19676087423338548,2.0472243320962105,2260733.6602814426,594.7464688871885
111500.0,4583164.2218105225,155419.50793143825,4583358.251395939,490.6246882652386,1658.0349295889139,490.4087128478676,-6.704882074537512,-0.22827668174504587,-6.705165796744221,17262.445078715646,0.0,0.19676087423338548,2.0472243320962105,2260733.6602814426,594.7464688871885
111600.0,4583213.250755203,155585.31028263614,4583407.258741659,489.9542079803718,1658.012090593155,489.7382041927881,-6.704723659537499,-0.22850324593539695,-6.705007341584459,17262.445078715646,0.0,0.19676087423338548,2.0472243320962105,2260733.6602814426,594.7464688871885
111700.0,4583262.212652646,155751.11034880154,4583456.199037305,489.2837435259902,1657.9892289372408,489.06771137220977,-6.704565464765669,-0.2287298847064473,-6.704849106652523,17262.445078715646,0.0,0.19676087423338548,2.0472243320962105,2260733.6602814426,594.7464688871885
111800.0,4583311.107504435,155916.90812766802,4583505.07228446,488.61329488009113,1657.9663446137583,488.39723436413004,-6.704407489820126,-0.22895659714548564,-6.704691091546628,17262.445078715646,0.0,0.19676087423338548,2.0472243320962105,2260733.6602814426,594.7464688871885
111900.0,4583359.935312148,156082.70361696847,4583553.8784847045,487.94286202071186,1657.943437615386,487.72677314658614,-6.7042497343038,-0.22918338235099595,-6.704533295869822,17262.445078715646,0.0,0.19676087423338548,2.0472243320962105,2260733.6602814426,594.7464688871885
112000.0,4583408.6960773645,156248.49681443503,4583602.617639615,487.2724449259291,1657.9205079348922,487.05632769765487,-6.704092197824404,-0.22941023943251593,-6.704375719229919,17262.445078715646,0.0,0.19676087423338548,2.0472243320962105,2260733.6602814426,594.7464688871885
112100.0,4583457.389801659,156414.28771779913,4583651.289750769,486.6020435738586,1657.897555565133,486.3858979954519,-6.703934879994353,-0.22963716751049776,-6.704218361239449,17262.445078715646,0.0,0.19676087423338548,2.0472243320962105,2260733.6602814426,594.7464688871885
112200.0,4583506.016486604,156580.0763247915,4583699.894819738,485.9316579426547,1657.8745804990524,485.71548401813146,-6.703777780430706,-0.22986416571616974,-6.704061221515575,17262.445078715646,0.0,0.19676087423338548,2.0472243320962105,2260733.6602814426,594.7464688871885
112300.0,4583554.576133771,156745.86263314215,4583748.432848096,485.26128801050953,1657.8515827296808,485.04508574388586,-6.7036208987551085,-0.2300912331914012,-6.703904299680049,17262.445078715646,0.0,0.19676087423338548,2.0472243320962105,2260733.6602814426,594.7464688871885
112400.0,4583603.068744728,156911.64664058044,4583796.90383741,484.59093375565317,1657.8285622501335,484.374703150945,-6.703464234593729,-0.23031836908856856,-6.703747595359147,17262.445078715646,0.0,0.19676087423338548,2.0472243320962105,2260733.6602814426,594.7464688871885
112500.0,4583651.494321044,157077.42834483497,4583845.3077892475,483.92059515635265,1657.8055190536102,483.7043362175759,-6.703307787577197,-0.23054557257042194,-6.703591108183597,17262.445078715646,0.0,0.19676087423338548,2.0472243320962105,2260733.6602814426,594.7464688871885
112600.0,4583699.85286428,157243.2077436337,4583893.6447051745,483.25027219091174,1657.782453133394,483.03398492208225,-6.703151557340544,-0.2307728428099558,-6.703434837788537,17262.445078715646,0.0,0.19676087423338548,2.0472243320962105,2260733.6602814426,594.7464688871885
112700.0,4583748.144376001,157408.98483470397,4583941.914586753,482.57996483767056,1657.75936448285,482.3636492428042,-6.702995543523157,-0.23100017899028003,-6.7032787838134515,17262.445078715646,0.0,0.19676087423338548,2.0472243320962105,2260733.6602814426,594.7464688871885
112800.0,4583796.368857767,157574.75961577237,4583990.117435543,481.909673075005,1657.7362530954247,481.6933291581175,-6.702839745768705,-0.2312275803044926,-6.703122945902112,17262.445078715646,0.0,0.19676087423338548,2.0472243320962105,2260733.6602814426,594.7464688871885
112900.0,4583844.526311136,157740.53208456494,4584038.253253103,481.23939688132646,1657.7131189646445,481.0230246464334,-6.7026841637250945,-0.23145504595555424,-6.702967323702519,17262.445078715646,0.0,0.19676087423338548,2.0472243320962105,2260733.6602814426,594.7464688871885
113000.0,4583892.616737662,157906.302238807,4584086.32204099,480.56913623508126,1657.6899620841152,480.3527356861982,-6.702528797044402,-0.23168257515616472,-6.702811916866849,17262.445078715646,0.0,0.19676087423338548,2.0472243320962105,2260733.6602814426,594.7464688871885
113100.0,4583940.6401389,158072.07007622323,4584134.3238007575,479.8988911147503,1657.666782447521,479.6824622558927,-6.702373645382835,-0.2319101671286408,-6.702656725051407,17262.445078715646,0.0,0.19676087423338548,2.0472243320962105,2260733.6602814426,594.7464688871885
113200.0,4583988.5965164015,158237.83559453776,4584182.258533957,479.22866149884874,1657.6435800486229,479.0122043340319,-6.702218708400661,-0.23213782110479547,-6.7025017479165525,17262.445078715646,0.0,0.19676087423338548,2.0472243320962105,2260733.6602814426,594.7464688871885
113300.0,4584036.4858717155,158403.598791474,4584230.12624214,478.5584473659254,1657.6203548812587,478.3419618991645,-6.702063985762171,-0.23236553632581977,-6.702346985126671,17262.445078715646,0.0,0.19676087423338548,2.0472243320962105,2260733.6602814426,594.7464688871885
113400.0,4584084.30820639,158569.35966475485,4584277.926926853,477.8882486945626,1657.5971069393413,477.67173492987274,-6.7019094771356045,-0.23259331204216413,-6.702192436350096,17262.445078715646,0.0,0.19676087423338548,2.0472243320962105,2260733.6602814426,594.7464688871885
113500.0,4584132.063521969,158735.11821210253,4584325.660589641,477.2180654633755,1657.5738362168584,477.00152340477166,-6.701755182193131,-0.23282114751342461,-6.702038101259085,17262.445078715646,0.0,0.19676087423338548,2.0472243320962105,2260733.6602814426,594.7464688871885
113600.0,4584179.751819996,158900.87443123868,4584373.327232048,476.54789765101197,1657.550542707871,476.3313273025089,-6.701601100610753,-0.23304904200822588,-6.7018839795297325,17262.445078715646,0.0,0.19676087423338548,2.0472243320962105,2260733.6602814426,594.7464688871885
113700.0,4584227.373102012,159066.62831988436,4584420.926855614,475.877745236152,1657.5272264065134,475.66114660176436,-6.701447232068307,-0.23327699480411157,-6.701730070841966,17262.445078715646,0.0,0.19676087423338548,2.0472243320962105,2260733.6602814426,594.7464688871885
113800.0,4584274.927369555,159232.37987576003,4584468.459461881,475.2076081975075,1657.5038873069907,474.9909812812497,-6.701293576249371,-0.23350500518743003,-6.701576374879448,17262.445078715646,0.0,0.19676087423338548,2.0472243320962105,2260733.6602814426,594.7464688871885
113900.0,4584322.414624163,159398.12909658562,4584515.925052383,474.53748651382176,1657.4805254035798,474.320831319708,-6.701140132841239,-0.23373307245322678,-6.701422891329561,17262.445078715646,0.0,0.19676087423338548,2.0472243320962105,2260733.6602814426,594.7464688871885
114000.0,4584369.834867369,159563.87598008043,4584563.323628656,473.8673801638692,1657.4571406906273,473.6506966959136,-6.700986901534859,-0.23396119590513453,-6.70126961988334,17262.445078715646,0.0,0.19676087423338548,2.0472243320962105,2260733.6602814426,594.7464688871885
114100.0,4584417.188100707,159729.62052396324,4584610.655192233,473.1972891264549,1657.4337331625488,472.9805773886714,-6.700833882024805,-0.23418937485526733,-6.701116560235441,17262.445078715646,0.0,0.19676087423338548,2.0472243320962105,2260733.6602814426,594.7464688871885
114200.0,4584464.474325704,159895.36272595226,4584657.919744643,472.5272133804144,1657.4103028138288,472.3104733768167,-6.700681074009208,-0.2344176086241149,-6.700963712084082,17262.445078715646,0.0,0.19676087423338548,2.0472243320962105,2260733.6602814426,594.7464688871885
114300.0,4584511.693543891,160061.10258376514,4584705.117287417,471.8571529046132,1657.3868496390191,471.6403846392147,-6.7005284771897164,-0.2346458965404369,-6.700811075130991,17262.445078715646,0.0,0.19676087423338548,2.0472243320962105,2260733.6602814426,594.7464688871885
114400.0,4584558.845756793,160226.840095119,4584752.24782208,471.1871076779464,1657.363373632738,470.9703111547604,-6.700376091271456,-0.23487423794116222,-6.700658649081378,17262.445078715646,0.0,0.19676087423338548,2.0472243320962105,2260733.6602814426,594.7464688871885
114500.0,4584605.930965935,160392.57525773044,4584799.311350156,470.51707767933857,1657.33987478967,470.300252902378,-6.700223915962984,-0.23510263217128644,-6.700506433643878,17262.445078715646,0.0,0.19676087423338548,2.0472243320962105,2260733.6602814426,594.7464688871885
114600.0,4584652.949172837,160558.30806931554,4584846.307873167,469.8470628877431,1657.3163531045643,469.63020986102083,-6.700071950976232,-0.2353310785837717,-6.700354428530507,17262.445078715646,0.0,0.19676087423338548,2.0472243320962105,2260733.6602814426,594.7464688871885
114700.0,4584699.900379019,160724.0385275898,4584893.237392634,469.1770632821421,1657.2928085722351,468.96018200967063,-6.699920196026482,-0.23555957653944812,-6.700202633456622,17262.445078715646,0.0,0.19676087423338548,2.0472243320962105,2260733.6602814426,594.7464688871885
114800.0,4584746.784585998,160889.76663026822,4584940.099910075,468.507078841546,1657.2692411875594,468.2901693273376,-6.699768650832308,-0.2357881254069159,-6.7000510481408755,17262.445078715646,0.0,0.19676087423338548,2.0472243320962105,2260733.6602814426,594.7464688871885
114900.0,4584793.6017952915,161055.49237506537,4584986.895427004,467.8371095449931,1657.2456509454773,467.6201717930598,-6.699617315115539,-0.23601672456244957,-6.699899672305173,17262.445078715646,0.0,0.19676087423338548,2.0472243320962105,2260733.6602814426,594.7464688871885
115000.0,4584840.352008412,161221.21575969525,4585033.623944937,467.1671553715495,1657.222037840991,466.95018938590306,-6.699466188601205,-0.23624537338990198,-6.699748505674622,17262.445078715646,0.0,0.19676087423338548,2.0472243320962105,2260733.6602814426,594.7464688871885
115100.0,4584887.035226869,161386.93678187134,4585080.285465385,466.49721630030854,1657.198401869164,466.2802220849604,-6.699315271017519,-0.23647407128061174,-6.699597547977508,17262.445078715646,0.0,0.19676087423338548,2.0472243320962105,2260733.6602814426,594.7464688871885
115200.0,4584933.651452174,161552.65543930666,4585126.879989857,465.8272923103906,1657.1747430251196,465.61026986935207,-6.6991645620958185,-0.23670281763330994,-6.699446798945245,17262.445078715646,0.0,0.19676087423338548,2.0472243320962105,2260733.6602814426,594.7464688871885
115300.0,4584980.200685834,161718.37172971378,4585173.407519861,465.1573833809428,1657.1510613040416,464.94033271822474,-6.699014061570531,-0.23693161185402908,-6.6992962583123346,17262.445078715646,0.0,0.19676087423338548,2.0472243320962105,2260733.6602814426,594.7464688871885
115400.0,4585026.682929352,161884.08565080474,4585219.868056903,464.48748949113866,1657.1273567011726,464.2704106107517,-6.698863769179124,-0.23716045335601227,-6.699145925816311,17262.445078715646,0.0,0.19676087423338548,2.0472243320962105,2260733.6602814426,594.7464688871885
115500.0,4585073.098184233,162049.79720029113,4585266.261602485,463.8176106201778,1657.1036292118135,463.60050352613223,-6.698713684662086,-0.23738934155962516,-6.69899580119774,17262.445078715646,0.0,0.19676087423338548,2.0472243320962105,2260733.6602814426,594.7464688871885
115600.0,4585119.446451976,162215.50637588406,4585312.588158108,463.1477467472856,1657.079878831323,462.93061144359143,-6.6985638077628655,-0.23761827589226753,-6.698845884200138,17262.445078715646,0.0,0.19676087423338548,2.0472243320962105,2260733.6602814426,594.7464688871885
115700.0,4585165.727734081,162381.2131752942,4585358.847725273,462.47789785171307,1657.0561055551163,462.2607343423799,-6.6984141382278475,-0.2378472557882864,-6.698696174569959,17262.445078715646,0.0,0.19676087423338548,2.0472243320962105,2260733.6602814426,594.7464688871885
115800.0,4585211.942032045,162546.91759623174,4585405.040305476,461.80806391273626,1657.032309378665,461.59087220177355,-6.698264675806314,-0.2380762806888914,-6.6985466720565565,17262.445078715646,0.0,0.19676087423338548,2.0472243320962105,2260733.6602814426,594.7464688871885
115900.0,4585258.089347362,162712.61963640642,4585451.165900212,461.1382449096563,1657.0084902974968,460.921025001073,-6.698115420250393,-0.23830535004206868,-6.698397376412122,17262.445078715646,0.0,0.19676087423338548,2.0472243320962105,2260733.6602814426,594.7464688871885
116000.0,4585304.169681524,162878.31929352757,4585497.224510973,460.4684408217988,1656.9846483071933,460.2511927196037,-6.697966371315043,-0.23853446330249942,-6.698248287391683,17262.445078715646,0.0,0.19676087423338548,2.0472243320962105,2260733.6602814426,594.7464688871885
116100.0,4585350.183036023,163044.01656530407,4585543.216139252,459.798651628514,1656.9607834033907,459.5813753367153,-6.697817528757997,-0.23876361993147577,-6.698099404753042,17262.445078715646,0.0,0.19676087423338548,2.0472243320962105,2260733.6602814426,594.7464688871885
116200.0,4585396.129412346,163209.71144944432,4585589.140786537,459.12887730917595,1656.936895581779,458.9115728317817,-6.697668892339751,-0.23899281939682138,-6.697950728256756,17262.445078715646,0.0,0.19676087423338548,2.0472243320962105,2260733.6602814426,594.7464688871885
116300.0,4585442.00881198,163375.40394365636,4585634.998454314,458.45911784318264,1656.912984838101,458.24178518420047,-6.697520461823494,-0.2392220611728095,-6.69780225766608,17262.445078715646,0.0,0.19676087423338548,2.0472243320962105,2260733.6602814426,594.7464688871885
116400.0,4585487.821236408,163541.09404564774,4585680.789144068,457.7893732099556,1656.8890511681516,457.5720123733928,-6.697372236975104,-0.23945134474008484,-6.6976539927469565,17262.445078715646,0.0,0.19676087423338548,2.0472243320962105,2260733.6602814426,594.7464688871885
116500.0,4585533.566687115,163706.78175312563,4585726.5128572825,457.1196433889397,1656.865094567777,456.9022543788031,-6.697224217563096,-0.23968066958558515,-6.697505933267963,17262.445078715646,0.0,0.19676087423338548,2.0472243320962105,2260733.6602814426,594.7464688871885
116600.0,4585579.245165579,163872.4670637968,4585772.169595437,456.4499283596028,1656.8411150328755,456.23251117989884,-6.6970764033586,-0.23991003520246437,-6.697358079000293,17262.445078715646,0.0,0.19676087423338548,2.0472243320962105,2260733.6602814426,594.7464688871885
116700.0,4585624.856673279,164038.1499753676,4585817.759360011,455.78022810143534,1656.8171125593944,455.56278275617024,-6.696928794135328,-0.24013944109001675,-6.6972104297177175,17262.445078715646,0.0,0.19676087423338548,2.0472243320962105,2260733.6602814426,594.7464688871885
116800.0,4585670.401211691,164203.83048554393,4585863.28215248,455.11054259395047,1656.7930871433316,454.89306908712996,-6.696781389669513,-0.24036888675360008,-6.697062985196534,17262.445078715646,0.0,0.19676087423338548,2.0472243320962105,2260733.6602814426,594.7464688871885
116900.0,4585715.878782289,164369.50859203137,4585908.73797432,454.44087181668357,1656.769038780734,454.22337015231295,-6.69663418973992,-0.24059837170456388,-6.6969157452155645,17262.445078715646,0.0,0.19676087423338548,2.0472243320962105,2260733.6602814426,594.7464688871885
117000.0,4585761.289386545,164535.18429253506,4585954.126827002,453.7712157491919,1656.7449674676973,453.55368593127616,-6.696487194127785,-0.24082789546017447,-6.696768709556105,17262.445078715646,0.0,0.19676087423338548,2.0472243320962105,2260733.6602814426,594.7464688871885
117100.0,4585806.633025929,164700.85758475977,4585999.448711996,453.10157437105465,1656.7208732003646,452.88401640359825,-6.696340402616791,-0.24105745754354352,-6.696621878001897,17262.445078715646,0.0,0.19676087423338548,2.0472243320962105,2260733.6602814426,594.7464688871885
117200.0,4585851.909701909,164866.52846640986,4586044.7036307715,452.43194766187236,1656.6967559749269,452.2143615488794,-6.696193814993037,-0.2412870574835563,-6.6964752503390965,17262.445078715646,0.0,0.19676087423338548,2.0472243320962105,2260733.6602814426,594.7464688871885
117300.0,4585897.11941595,165032.19693518936,4586089.891584794,451.7623356012669,1656.6726157876217,451.54472134674114,-6.696047431045001,-0.24151669481480148,-6.6963288263562415,17262.445078715646,0.0,0.19676087423338548,2.0472243320962105,2260733.6602814426,594.7464688871885
117400.0,4585942.262169517,165197.86298880188,4586135.012575529,451.09273816888117,1656.6484526347328,450.87509577682584,-6.695901250563521,-0.24174636907750124,-6.696182605844226,17262.445078715646,0.0,0.19676087423338548,2.0472243320962105,2260733.6602814426,594.7464688871885
117500.0,4585987.337964071,165363.52662495067,4586180.066604436,450.42315534437887,1656.62426651259,450.20548481879683,-6.695755273341755,-0.24197607981744315,-6.696036588596258,17262.445078715646,0.0,0.19676087423338548,2.0472243320962105,2260733.6602814426,594.7464688871885
117600.0,4586032.346801072,165529.18784133863,4586225.053672979,449.75358710744433,1656.6000574175682,449.53588845233793,-6.695609499175164,-0.24220582658591247,-6.695890774407861,17262.445078715646,0.0,0.19676087423338548,2.0472243320962105,2260733.6602814426,594.7464688871885
117700.0,4586077.288681978,165694.8466356683,4586269.973782613,449.0840334377821,1656.5758253460867,448.86630665715336,-6.6954639278614625,-0.24243560893962451,-6.6957451630768015,17262.445078715646,0.0,0.19676087423338548,2.0472243320962105,2260733.6602814426,594.7464688871885
117800.0,4586122.163608245,165860.50300564186,4586314.826934795,448.41449431511694,1656.5515702946088,448.19673941296736,-6.695318559200619,-0.2426654264406598,-6.6955997544031005,17262.445078715646,0.0,0.19676087423338548,2.0472243320962105,2260733.6602814426,594.7464688871885
117900.0,4586166.971581325,166026.1569489611,4586359.613130979,447.7449697191935,1656.5272922596414,447.5271866995241,-6.695173392994788,-0.2428952786563973,-6.695454548188967,17262.445078715646,0.0,0.19676087423338548,2.0472243320962105,2260733.6602814426,594.7464688871885
118000.0,4586211.712602671,166191.80846332756,4586404.332372618,447.075459629776,1656.5029912377345,446.85764849658744,-6.695028429048323,-0.24312516515945162,-6.695309544238804,17262.445078715646,0.0,0.19676087423338548,2.0472243320962105,2260733.6602814426,594.7464688871885
118100.0,4586256.386673734,166357.4575464423,4586448.984661161,446.4059640266483,1656.4786672254806,446.1881247839407,-6.694883667167723,-0.24335508552760868,-6.695164742359165,17262.445078715646,0.0,0.19676087423338548,2.0472243320962105,2260733.6602814426,594.7464688871885
118200.0,4586300.993795959,166523.1041960062,4586493.569998057,445.73648288961334,1656.454320219514,445.51861554138634,-6.694739107161608,-0.24358503934376305,-6.69502014235872,17262.445078715646,0.0,0.19676087423338548,2.0472243320962105,2260733.6602814426,594.7464688871885
118300.0,4586345.533970794,166688.74840971964,4586538.088384751,445.06701619849315,1656.4299502165106,444.849120748746,-6.694594748840707,-0.24381502619585668,-6.694875744048251,17262.445078715646,0.0,0.19676087423338548,2.0472243320962105,2260733.6602814426,594.7464688871885
118400.0,4586390.00719968,166854.3901852828,4586582.539822687,444.3975639331286,1656.4055572131872,444.17964038585995,-6.694450592017809,-0.2440450456768165,-6.694731547240593,17262.445078715646,0.0,0.19676087423338548,2.0472243320962105,2260733.6602814426,594.7464688871885
118500.0,4586434.413484061,167020.02952039547,4586626.924313309,443.72812607337914,1656.381141206301,443.5101744325873,-6.694306636507757,-0.2442750973844954,-6.694587551750641,17262.445078715646,0.0,0.19676087423338548,2.0472243320962105,2260733.6602814426,594.7464688871885
118600.0,4586478.752825375,167185.66641275716,4586671.241858054,443.0587025991227,1656.3567021926492,442.84072286880536,-6.694162882127414,-0.2445051809216121,-6.694443757395305,17262.445078715646,0.0,0.19676087423338548,2.0472243320962105,2260733.6602814426,594.7464688871885
118700.0,4586523.025225059,167351.30086006701,4586715.492458361,442.38929349025534,1656.3322401690687,442.1712856744098,-6.694019328695635,-0.24473529589569232,-6.694300163993491,17262.445078715646,0.0,0.19676087423338548,2.0472243320962105,2260733.6602814426,594.7464688871885
118800.0,4586567.2306845505,167516.93286002387,4586759.6761156665,441.7198987266912,1656.307755132435,441.5018628293142,-6.6938759760332465,-0.24496544191901068,-6.6941567713660675,17262.445078715646,0.0,0.19676087423338548,2.0472243320962105,2260733.6602814426,594.7464688871885
118900.0,4586611.369205282,167682.5624103263,4586803.792831404,441.05051828836224,1656.2832470796625,440.83245431345,-6.693732823963012,-0.24519561860853342,-6.6940135793358495,17262.445078715646,0.0,0.19676087423338548,2.0472243320962105,2260733.6602814426,594.7464688871885
119000.0,4586655.440788685,167848.1895086725,4586847.842607006,440.38115215521805,1656.2587160077037,440.1630601067663,-6.693589872309626,-0.245425825585862,-6.693870587727577,17262.445078715646,0.0,0.19676087423338548,2.0472243320962105,2260733.6602814426,594.7464688871885
119100.0,4586699.44543619,168013.81415276043,4586891.825443902,439.7118003072256,1656.2341619135482,439.49368018922956,-6.693447120899673,-0.24565606247717725,-6.69372779636788,17262.445078715646,0.0,0.19676087423338548,2.0472243320962105,2260733.6602814426,594.7464688871885
119200.0,4586743.3831492225,168179.4363402877,4586935.74134352,439.0424627243691,1656.2095847942232,438.8243145408235,-6.693304569561611,-0.24588632891318363,-6.693585205085258,17262.445078715646,0.0,0.19676087423338548,2.0472243320962105,2260733.6602814426,594.7464688871885
119300.0,4586787.253929209,168345.05606895167,4586979.590307285,438.3731393866499,1656.1849846467928,438.15496314154893,-6.6931622181257415,-0.2461166245290554,-6.693442813710063,17262.445078715646,0.0,0.19676087423338548,2.0472243320962105,2260733.6602814426,594.7464688871885
119400.0,4586831.057777573,168510.67333644937,4587023.372336622,437.70383027408616,1656.1603614683568,437.48562597142353,-6.6930200664242,-0.24634694896438294,-6.693300622074474,17262.445078715646,0.0,0.19676087423338548,2.0472243320962105,2260733.6602814426,594.7464688871885
119500.0,4586874.794695737,168676.28814047755,4587067.0874329535,437.03453536671276,1656.135715256051,436.8163030104816,-6.692878114290919,-0.24657730186311885,-6.693158630012463,17262.445078715646,0.0,0.19676087423338548,2.0472243320962105,2260733.6602814426,594.7464688871885
119600.0,4586918.46468512,168841.90047873268,4587110.735597698,436.36525464458117,1656.111046007047,436.146994238774,-6.692736361561618,-0.24680768287352653,-6.693016837359794,17262.445078715646,0.0,0.19676087423338548,2.0472243320962105,2260733.6602814426,594.7464688871885
119700.0,4586962.067747138,169007.51034891096,4587154.316832274,435.6959880877591,1656.0863537185508,435.4776996363681,-6.692594808073756,-0.24703809164812726,-6.692875243953971,17262.445078715646,0.0,0.19676087423338548,2.0472243320962105,2260733.6602814426,594.7464688871885
119800.0,4587005.603883209,169173.11774870832,4587197.831138098,435.0267356763304,1656.0616383878032,434.80841918334704,-6.692453453666553,-0.24726852784365083,-6.692733849634252,17262.445078715646,0.0,0.19676087423338548,2.0472243320962105,2260733.6602814426,594.7464688871885
119900.0,4587049.073094744,169338.72267582038,4587241.278516582,434.35749739039505,1656.0369000120793,434.13915285981034,-6.692312298180925,-0.24749899112098325,-6.692592654241598,17262.445078715646,0.0,0.19676087423338548,2.0472243320962105,2260733.6602814426,594.7464688871885
120000.0,4587092.475383157,169504.3251279425,4587284.65896914,433.68827321006876,1656.0121385886875,433.4699006458731,-6.692171341459488,-0.24772948114511817,-6.692451657618662,17262.445078715646,0.0,0.19676087423338548,2.0472243320962105,2260733.6602814426,594.7464688871885
120100.0,4587135.810749856,169669.92510276978,4587327.972497181,433.0190631154829,1655.9873541149698,432.80066252166614,-6.692030583346523,-0.24795999758510678,-6.692310859609767,17262.445078715646,0.0,0.19676087423338548,2.0472243320962105,2260733.6602814426,594.7464688871885
120200.0,4587179.079196249,169835.52259799707,4587371.2191021135,432.3498670867843,1655.962546588301,432.1314384673358,-6.69189002368797,-0.2481905401140102,-6.6921702600608945,17262.445078715646,0.0,0.19676087423338548,2.0472243320962105,2260733.6602814426,594.7464688871885
120300.0,4587222.280723741,170001.11761131894,4587414.398785343,431.6806851041352,1655.937716006088,431.4622284630437,-6.691749662331393,-0.24842110840885107,-6.692029858819649,17262.445078715646,0.0,0.19676087423338548,2.0472243320962105,2260733.6602814426,594.7464688871885
120400.0,4587265.415333737,170166.7101404297,4587457.511548274,431.01151714771294,1655.912862365771,430.7930324889666,-6.691609499125974,-0.24865170215056617,-6.691889655735245,17262.445078715646,0.0,0.19676087423338548,2.0472243320962105,2260733.6602814426,594.7464688871885
120500.0,4587308.483027637,170332.3001830234,4587500.5573923085,430.3423631977099,1655.8879856648202,430.12385052529635,-6.691469533922471,-0.24888232102395932,-6.691749650658487,17262.445078715646,0.0,0.19676087423338548,2.0472243320962105,2260733.6602814426,594.7464688871885
120600.0,4587351.483806842,170497.8877367939,4587543.536318846,429.6732232343333,1655.8630859007387,429.45468255223955,-6.691329766573226,-0.24911296471765623,-6.691609843441749,17262.445078715646,0.0,0.19676087423338548,2.0472243320962105,2260733.6602814426,594.7464688871885
120700.0,4587394.41767275,170663.4727994347,4587586.448329285,429.004097237805,1655.8381630710596,428.78552855001755,-6.691190196932119,-0.24934363292405778,-6.691470233938952,17262.445078715646,0.0,0.19676087423338548,2.0472243320962105,2260733.6602814426,594.7464688871885
120800.0,4587437.284626755,170829.05536863918,4587629.293425021,428.33498518836143,1655.8132171733469,428.1163884988661,-6.691050824854575,-0.24957432533929608,-6.691330822005552,17262.445078715646,0.0,0.19676087423338548,2.0472243320962105,2260733.6602814426,594.7464688871885
120900.0,4587480.084670251,170994.63544210038,4587672.071607449,427.6658870662534,1655.7882482051948,427.4472623790355,-6.690911650197517,-0.2498050416631889,-6.691191607498517,17262.445078715646,0.0,0.19676087423338548,2.0472243320962105,2260733.6602814426,594.7464688871885
121000.0,4587522.817804632,171160.21301751112,4587714.782877961,426.99680285174594,1655.7632561642272,426.77815017079024,-6.690772672819377,-0.25003578159919715,-6.6910525902763105,17262.445078715646,0.0,0.19676087423338548,2.0472243320962105,2260733.6602814426,594.7464688871885
121100.0,4587565.484031285,171325.78809256403,4587757.427237947,426.3277325251182,1655.7382410480977,426.1090518544088,-6.690633892580046,-0.25026654485438,-6.690913770198858,17262.445078715646,0.0,0.19676087423338548,2.0472243320962105,2260733.6602814426,594.7464688871885
121200.0,4587608.083351599,171491.3606649515,4587800.004688794,425.65867606666325,1655.7132028544888,425.4399674101836,-6.6904953093408865,-0.2504973311393537,-6.69077514712756,17262.445078715646,0.0,0.19676087423338548,2.0472243320962105,2260733.6602814426,594.7464688871885
121300.0,4587650.61576696,171656.9307323656,4587842.51523189,424.9896334566879,1655.6881415811117,424.77089681842097,-6.6903569229646855,-0.25072814016824746,-6.6906367209252355,17262.445078715646,0.0,0.19676087423338548,2.0472243320962105,2260733.6602814426,594.7464688871885
121400.0,4587693.081278752,171822.49829249832,4587884.958868618,424.3206046755127,1655.6630572257063,424.1018400594408,-6.69021873331567,-0.2509589716586642,-6.69049849145615,17262.445078715646,0.0,0.19676087423338548,2.0472243320962105,2260733.6602814426,594.7464688871885
121500.0,4587735.479888355,171988.06334304129,4587927.335600362,423.65158970347164,1655.6379497860405,423.43279711357644,-6.690080740259455,-0.2511898253316368,-6.690360458585948,17262.445078715646,0.0,0.19676087423338548,2.0472243320962105,2260733.6602814426,594.7464688871885
121600.0,4587777.811597152,172153.625881686,4587969.645428501,422.98258852091215,1655.6128192599097,422.7637679611747,-6.689942943663042,-0.25142070091158897,-6.690222622181668,17262.445078715646,0.0,0.19676087423338548,2.0472243320962105,2260733.6602814426,594.7464688871885
121700.0,4587820.076406519,172319.18590612366,4588011.888354413,422.3136011081948,1655.587665645137,422.0947525825956,-6.68980534339481,-0.2516515981262947,-6.69008498211172,17262.445078715646,0.0,0.19676087423338548,2.0472243320962105,2260733.6602814426,594.7464688871885
121800.0,4587862.274317832,172484.74341404534,4588054.064379476,421.6446274456933,1655.5624889395722,421.42575095821223,-6.689667939324489,-0.2518825167068388,-6.6899475382458675,17262.445078715646,0.0,0.19676087423338548,2.0472243320962105,2260733.6602814426,594.7464688871885
121900.0,4587904.405332466,172650.29840314182,4588096.173505063,420.9756675137943,1655.5372891410923,420.75676306841063,-6.689530731323139,-0.25211345638757693,-6.689810290455203,17262.445078715646,0.0,0.19676087423338548,2.0472243320962105,2260733.6602814426,594.7464688871885
122000.0,4587946.469451792,172815.85087110373,4588138.215732547,420.3067212928973,1655.5120662476002,420.0877888935896,-6.689393719263147,-0.2523444169060981,-6.6896732386121425,17262.445078715646,0.0,0.19676087423338548,2.0472243320962105,2260733.6602814426,594.7464688871885
122100.0,4587988.4666771805,172981.40081562145,4588180.191063299,419.6377887634145,1655.486820257025,419.4188284141608,-6.689256903018198,-0.2525753980031856,-6.689536382590406,17262.445078715646,0.0,0.19676087423338548,2.0472243320962105,2260733.6602814426,594.7464688871885
122200.0,4588030.39701,173146.94823438517,4588222.099498686,418.96886990577065,1655.461551167322,418.74988161054836,-6.689120282463262,-0.25280639942277927,-6.689399722264992,17262.445078715646,0.0,0.19676087423338548,2.0472243320962105,2260733.6602814426,594.7464688871885
122300.0,4588072.260451617,173312.49312508487,4588263.941040076,418.29996470040294,1655.4362589764717,418.08094846318875,-6.688983857474593,-0.25303742091193926,-6.689263257512184,17262.445078715646,0.0,0.19676087423338548,2.0472243320962105,2260733.6602814426,594.7464688871885
122400.0,4588114.057003395,173478.03548541036,4588305.715688834,417.63107312776094,1655.4109436824792,417.41202895253093,-6.688847627929684,-0.25326846222080757,-6.689126988209513,17262.445078715646,0.0,0.19676087423338548,2.0472243320962105,2260733.6602814426,594.7464688871885
122500.0,4588155.786666696,173643.5753130512,4588347.423446321,416.96219516830627,1655.385605283375,416.7431230590359,-6.688711593707283,-0.25349952310257334,-6.688990914235748,17262.445078715646,0.0,0.19676087423338548,2.0472243320962105,2260733.6602814426,594.7464688871885
122600.0,4588197.449442881,173809.1126056968,4588389.064313899,416.29333080251274,1655.3602437772142,416.0742307631768,-6.688575754687358,-0.2537306033134361,-6.688855035470889,17262.445078715646,0.0,0.19676087423338548,2.0472243320962105,2260733.6602814426,594.7464688871885
122700.0,4588239.045333309,173974.64736103636,4588430.638292926,415.624480010866,1655.334859162076,415.4053520454387,-6.68844011075108,-0.25396170261257006,-6.688719351796139,17262.445078715646,0.0,0.19676087423338548,2.0472243320962105,2260733.6602814426,594.7464688871885
122800.0,4588280.574339336,174140.17957675888,4588472.14538476,414.95564277386364,1655.3094514360635,414.73648688631846,-6.688304661780833,-0.2541928207620905,-6.688583863093905,17262.445078715646,0.0,0.19676087423338548,2.0472243320962105,2260733.6602814426,594.7464688871885
122900.0,4588322.036462315,174305.70925055316,4588513.585590755,414.28681907201485,1655.2840205973032,414.0676352663247,-6.688169407660162,-0.25442395752701696,-6.688448569247767,17262.445078715646,0.0,0.19676087423338548,2.0472243320962105,2260733.6602814426,594.7464688871885
123000.0,4588363.431703601,174471.23638010785,4588554.958912264,413.6180088858405,1655.2585666439454,413.39879716597756,-6.688034348273798,-0.25465511267524205,-6.688313470142481,17262.445078715646,0.0,0.19676087423338548,2.0472243320962105,2260733.6602814426,594.7464688871885
123100.0,4588404.760064542,174636.7609631114,4588596.265350638,412.94921219587275,1655.2330895741632,412.7299725658086,-6.687899483507612,-0.25488628597749463,-6.688178565663946,17262.445078715646,0.0,0.19676087423338548,2.0472243320962105,2260733.6602814426,594.7464688871885
123200.0,4588446.021546489,174802.28299725207,4588637.504907226,412.28042898265534,1655.2075893861524,412.0611614463609,-6.687764813248617,-0.255117477207309,-6.688043855699203,17262.445078715646,0.0,0.19676087423338548,2.0472243320962105,2260733.6602814426,594.7464688871885
123300.0,4588487.216150787,174967.80248021797,4588678.677583376,411.61165922674314,1655.1820660781316,411.3923637881887,-6.68763033738495,-0.25534868614099027,-6.687909340136413,17262.445078715646,0.0,0.19676087423338548,2.0472243320962105,2260733.6602814426,594.7464688871885
123400.0,4588528.343878781,175133.319409697,4588719.783380432,410.9429029087022,1655.1565196483414,410.7235795718573,-6.687496055805867,-0.25557991255758344,-6.687775018864862,17262.445078715646,0.0,0.19676087423338548,2.0472243320962105,2260733.6602814426,594.7464688871885
123500.0,4588569.404731816,175298.83378337687,4588760.8222997375,410.2741600091095,1655.1309500950445,410.054808777943,-6.687361968401713,-0.2558111562388402,-6.687640891774917,17262.445078715646,0.0,0.19676087423338548,2.0472243320962105,2260733.6602814426,594.7464688871885
123600.0,4588610.39871123,175464.34559894516,4588801.794342634,409.60543050855296,1655.1053574165253,409.38605138703315,-6.687228075063915,-0.25604241696918734,-6.687506958758039,17262.445078715646,0.0,0.19676087423338548,2.0472243320962105,2260733.6602814426,594.7464688871885
123700.0,4588651.325818363,175629.85485408927,4588842.699510461,408.9367143876314,1655.0797416110895,408.71730737972587,-6.687094375684982,-0.25627369453569615,-6.687373219706755,17262.445078715646,0.0,0.19676087423338548,2.0472243320962105,2260733.6602814426,594.7464688871885
123800.0,4588692.186054552,175795.36154649642,4588883.537804555,408.26801162695426,1655.054102677064,408.04857673662985,-6.686960870158475,-0.2565049887280508,-6.687239674514655,17262.445078715646,0.0,0.19676087423338548,2.0472243320962105,2260733.6602814426,594.7464688871885
123900.0,4588732.979421132,175960.86567385367,4588924.309226253,407.5993222071415,1655.0284406127967,407.37985943836446,-6.686827558379001,-0.2567362993385183,-6.687106323076368,17262.445078715646,0.0,0.19676087423338548,2.0472243320962105,2260733.6602814426,594.7464688871885
124000.0,4588773.705919437,176126.3672338479,4588965.013776887,406.9306461088237,1655.0027554166559,406.71115546555956,-6.6866944402421975,-0.2569676261619182,-6.686973165287559,17262.445078715646,0.0,0.19676087423338548,2.0472243320962105,2260733.6602814426,594.7464688871885
124100.0,4588814.365550797,176291.8662241659,4589005.651457789,406.26198331264175,1654.9770470870305,406.0424647988554,-6.686561515644729,-0.257198968995593,-6.686840201044917,17262.445078715646,0.0,0.19676087423338548,2.0472243320962105,2260733.6602814426,594.7464688871885
124200.0,4588854.958316542,176457.36264249415,4589046.222270289,405.59333379924686,1654.9513156223297,405.37378741890245,-6.686428784484273,-0.25743032763937856,-6.68670743024614,17262.445078715646,0.0,0.19676087423338548,2.0472243320962105,2260733.6602814426,594.7464688871885
124300.0,4588895.4842179995,176622.85648651913,4589086.7262157155,404.9246975493004,1654.9255610209823,404.70512330636143,-6.686296246659483,-0.25766170189557436,-6.686574852789908,17262.445078715646,0.0,0.19676087423338548,2.0472243320962105,2260733.6602814426,594.7464688871885
124400.0,4588935.943256494,176788.34775392708,4589127.163295393,404.2560745434738,1654.8997832814368,404.0364724419031,-6.686163902070009,-0.2578930915689165,-6.686442468575898,17262.445078715646,0.0,0.19676087423338548,2.0472243320962105,2260733.6602814426,594.7464688871885
124500.0,4588976.335433349,176953.8364424041,4589167.533510645,403.5874647624485,1654.8739824021611,403.3678348062082,-6.686031750616486,-0.2581244964665483,-6.68631027750476,17262.445078715646,0.0,0.19676087423338548,2.0472243320962105,2260733.6602814426,594.7464688871885
124600.0,4589016.660749886,177119.32254963616,4589207.836862794,402.9188681869159,1654.8481583816424,402.6992103799673,-6.68589979220049,-0.2583559163979919,-6.686178279478099,17262.445078715646,0.0,0.19676087423338548,2.0472243320962105,2260733.6602814426,594.7464688871885
124700.0,4589056.919207426,177284.806073309,4589248.07335316,402.2502847975771,1654.8223112183866,402.030599143881,-6.685768026724553,-0.2585873511751215,-6.6860464743984656,17262.445078715646,0.0,0.19676087423338548,2.0472243320962105,2260733.6602814426,594.7464688871885
124800.0,4589097.110807285,177450.28701110836,4589288.242983062,401.5817145751429,1654.7964409109186,401.36200107865926,-6.685636454092148,-0.25881880061213586,-6.685914862169359,17262.445078715646,0.0,0.19676087423338548,2.0472243320962105,2260733.6602814426,594.7464688871885
124900.0,4589137.235550779,177615.76536071967,4589328.345753814,400.91315750033374,1654.7705474577815,400.6934161650219,-6.685505074207676,-0.2590502645255311,-6.685783442695198,17262.445078715646,0.0,0.19676087423338548,2.0472243320962105,2260733.6602814426,594.7464688871885
125000.0,4589177.2934392225,177781.24111982834,4589368.381666732,400.24461355387956,1654.744630857537,400.0248443836982,-6.685373886976444,-0.2592817427340741,-6.6856522158813165,17262.445078715646,0.0,0.19676087423338548,2.0472243320962105,2260733.6602814426,594.7464688871885
125100.0,4589217.284473927,177946.71428611956,4589408.350723128,399.57608271651975,1654.7186911087642,399.3562857154268,-6.685242892304676,-0.2595132350587765,-6.6855211816339555,17262.445078715646,0.0,0.19676087423338548,2.0472243320962105,2260733.6602814426,594.7464688871885
125200.0,4589257.208656202,178112.18485727842,4589448.252924312,398.90756496900303,1654.6927282100605,398.68774014095567,-6.685112090099487,-0.2597447413228685,-6.685390339860252,17262.445078715646,0.0,0.19676087423338548,2.0472243320962105,2260733.6602814426,594.7464688871885
125300.0,4589297.065987356,178277.65283098986,4589488.088271592,398.23906029208734,1654.6667421600407,398.01920764104204,-6.68498148026886,-0.2599762613517727,-6.685259690468212,17262.445078715646,0.0,0.19676087423338548,2.0472243320962105,2260733.6602814426,594.7464688871885
125400.0,4589336.856468695,178443.11820493868,4589527.856766275,397.5705686665398,1654.640732957337,397.3506881964523,-6.684851062721673,-0.26020779497307983,-6.685129233366732,17262.445078715646,0.0,0.19676087423338548,2.0472243320962105,2260733.6602814426,594.7464688871885
125500.0,4589376.580101524,178608.58097680955,4589567.558409666,396.9020900731366,1654.6147006005986,396.682181787962,-6.68472083736766,-0.2604393420165231,-6.684998968465565,17262.445078715646,0.0,0.19676087423338548,2.0472243320962105,2260733.6602814426,594.7464688871885
125600.0,4589416.236887144,178774.04114428698,4589607.1932030665,396.23362449266284,1654.5886450884918,396.0136883963555,-6.684590804117401,-0.26067090231395323,-6.684868895675313,17262.445078715646,0.0,0.19676087423338548,2.0472243320962105,2260733.6602814426,594.7464688871885
125700.0,4589455.826826856,178939.49870505536,4589646.7611477785,395.5651719059126,1654.5625664196996,395.3452080024262,-6.684460962882316,-0.26090247569931424,-6.684739014907418,17262.445078715646,0.0,0.19676087423338548,2.0472243320962105,2260733.6602814426,594.7464688871885
125800.0,4589495.349921958,179104.95365679899,4589686.2622451,394.8967322936888,1654.5364645929212,394.6767405869762,-6.684331313574671,-0.26113406200861966,-6.68460932607416,17262.445078715646,0.0,0.19676087423338548,2.0472243320962105,2260733.6602814426,594.7464688871885
125900.0,4589534.8061737465,179270.40599720197,4589725.696496328,394.228305636803,1654.5103396068725,394.00828613081643,-6.684201856107544,-0.2613656610799284,-6.68447982908864,17262.445078715646,0.0,0.19676087423338548,2.0472243320962105,2260733.6602814426,594.7464688871885
126000.0,4589574.195583517,179435.85572394833,4589765.063902758,393.55989191607546,1654.4841914602853,393.33984461476643,-6.684072590394824,-0.26159727275332084,-6.684350523864766,17262.445078715646,0.0,0.19676087423338548,2.0472243320962105,2260733.6602814426,594.7464688871885
126100.0,4589613.518152561,179601.30283472195,4589804.364465682,392.891491112335,1654.458020151907,392.67141601965426,-6.683943516351214,-0.26182889687087635,-6.684221410317257,17262.445078715646,0.0,0.19676087423338548,2.0472243320962105,2260733.6602814426,594.7464688871885
126200.0,4589652.773882169,179766.7473272066,4589843.598186391,392.223103206419,1654.4318256805013,392.00300032631657,-6.683814633892199,-0.26206053327664963,-6.68409248836162,17262.445078715646,0.0,0.19676087423338548,2.0472243320962105,2260733.6602814426,594.7464688871885
126300.0,4589691.962773631,179932.1891990859,4589882.765066177,391.5547281791732,1654.4056080448472,391.3345975155983,-6.683685942934053,-0.2622921818166482,-6.683963757914146,17262.445078715646,0.0,0.19676087423338548,2.0472243320962105,2260733.6602814426,594.7464688871885
126400.0,4589731.084828233,180097.62844804337,4589921.865106324,390.8863660114516,1654.3793672437387,390.6662075683529,-6.683557443393824,-0.26252384233881004,-6.683835218891902,17262.445078715646,0.0,0.19676087423338548,2.0472243320962105,2260733.6602814426,594.7464688871885
126500.0,4589770.1400472615,180263.06507176242,4589960.898308119,390.2180166841166,1654.353103275985,389.99783046544184,-6.6834291351893285,-0.2627555146929816,-6.683706871212718,17262.445078715646,0.0,0.19676087423338548,2.0472243320962105,2260733.6602814426,594.7464688871885
126600.0,4589809.128431998,180428.4990679263,4589999.864672844,389.5496801780386,1654.3268161404105,389.32946618773497,-6.683301018239138,-0.2629871987308959,-6.683578714795187,17262.445078715646,0.0,0.19676087423338548,2.0472243320962105,2260733.6602814426,594.7464688871885
126700.0,4589848.049983724,180593.9304342182,4590038.764201783,388.8813564740963,1654.3005058358542,388.6611147161101,-6.6831730924625745,-0.2632188943061504,-6.683450749558648,17262.445078715646,0.0,0.19676087423338548,2.0472243320962105,2260733.6602814426,594.7464688871885
126800.0,4589886.904703719,180759.35916832113,4590077.5968962135,388.2130455531763,1654.2741723611696,387.99277603145316,-6.683045357779693,-0.26345060127418624,-6.683322975423173,17262.445078715646,0.0,0.19676087423338548,2.0472243320962105,2260733.6602814426,594.7464688871885
126900.0,4589925.69259326,180924.78526791805,4590116.362757415,387.5447473961732,1654.2478157152243,387.324450114658,-6.682917814111284,-0.26368231949226656,-6.683195392309567,17262.445078715646,0.0,0.19676087423338548,2.0472243320962105,2260733.6602814426,594.7464688871885
127000.0,4589964.413653622,181090.20873069175,4590155.061786662,386.8764619839895,1654.2214358969006,386.6561369466264,-6.682790461378855,-0.2639140488194563,-6.683068000139358,17262.445078715646,0.0,0.19676087423338548,2.0472243320962105,2260733.6602814426,594.7464688871885
127100.0,4590003.067886081,181255.62955432496,4590193.693985228,386.20818929753545,1654.1950329050946,385.98783650826795,-6.682663299504642,-0.26414578911660175,-6.682940798834796,17262.445078715646,0.0,0.19676087423338548,2.0472243320962105,2260733.6602814426,594.7464688871885
127200.0,4590041.655291906,181421.04773650027,4590232.259354387,385.53992931772916,1654.168606738716,385.3195487804999,-6.682536328411566,-0.2643775402463088,-6.682813788318818,17262.445078715646,0.0,0.19676087423338548,2.0472243320962105,2260733.6602814426,594.7464688871885
127300.0,4590080.175872367,181586.4632749002,4590270.757895408,384.8716820254963,1654.1421573966886,384.65127374424713,-6.682409548023255,-0.26460930207292443,-6.682686968515069,17262.445078715646,0.0,0.19676087423338548,2.0472243320962105,2260733.6602814426,594.7464688871885
127400.0,4590118.629628733,181751.87616720705,4590309.189609559,384.2034474017702,1654.1156848779492,383.9830113804423,-6.682282958264031,-0.26484107446251626,-6.682560339347883,17262.445078715646,0.0,0.19676087423338548,2.0472243320962105,2260733.6602814426,594.7464688871885
127500.0,4590157.016562269,181917.28641110318,4590347.554498106,383.5352254274917,1654.0891891814483,383.31476167002546,-6.68215655905889,-0.26507285728285307,-6.682433900742279,17262.445078715646,0.0,0.19676087423338548,2.0472243320962105,2260733.6602814426,594.7464688871885
127600.0,4590195.3366742395,182082.6940042707,4590385.852562314,382.8670160836091,1654.0626703061494,382.64652459394426,-6.682030350333501,-0.2653046504033847,-6.682307652623935,17262.445078715646,0.0,0.19676087423338548,2.0472243320962105,2260733.6602814426,594.7464688871885
127700.0,4590233.589965906,182248.09894439174,4590424.083803445,382.1988193510781,1654.0361282510287,381.9783001331536,-6.681904332014205,-0.26553645369522416,-6.682181594919208,17262.445078715646,0.0,0.19676087423338548,2.0472243320962105,2260733.6602814426,594.7464688871885
127800.0,4590271.77643853,182413.5012291482,4590462.24822276,381.5306352108618,1654.0095630150756,381.31008826861574,-6.681778504027985,-0.2657682670311272,-6.682055727555098,17262.445078715646,0.0,0.19676087423338548,2.0472243320962105,2260733.6602814426,594.7464688871885
127900.0,4590309.896093368,182578.90085622203,4590500.3458215175,380.8624636439305,1653.982974597292,380.64188898130027,-6.681652866302493,-0.26600009028547555,-6.681930050459271,17262.445078715646,0.0,0.19676087423338548,2.0472243320962105,2260733.6602814426,594.7464688871885
128000.0,4590347.948931677,182744.2978232949,4590538.376600974,380.1943046312617,1653.9563629966922,379.97370225218395,-6.681527418766013,-0.26623192333425644,-6.681804563560023,17262.445078715646,0.0,0.19676087423338548,2.0472243320962105,2260733.6602814426,594.7464688871885
128100.0,4590385.934954712,182909.69212804857,4590576.3405623855,379.52615815384,1653.9297282123027,379.30552806225074,-6.681402161347466,-0.2664637660550461,-6.681679266786295,17262.445078715646,0.0,0.19676087423338548,2.0472243320962105,2260733.6602814426,594.7464688871885
128200.0,4590423.854163725,183075.08376816456,4590614.237707004,378.85802419265724,1653.9030702431628,378.6373663924916,-6.681277093976401,-0.2666956183269904,-6.681554160067645,17262.445078715646,0.0,0.19676087423338548,2.0472243320962105,2260733.6602814426,594.7464688871885
128300.0,4590461.706559967,183240.47274132437,4590652.06803608,378.1899027287121,1653.876389088323,377.9692172239044,-6.681152216582986,-0.26692748003078753,-6.681429243334256,17262.445078715646,0.0,0.19676087423338548,2.0472243320962105,2260733.6602814426,594.7464688871885
128400.0,4590499.492144687,183405.85904520936,4590689.8315508645,377.52179374301033,1653.8496847468462,377.3010805374942,-6.681027529098002,-0.26715935104867083,-6.681304516516925,17262.445078715646,0.0,0.19676087423338548,2.0472243320962105,2260733.6602814426,594.7464688871885
128500.0,4590537.2109191315,183571.24267750082,4590727.5282526035,376.8536972165645,1653.8229572178066,376.6329563142728,-6.6809030314528375,-0.26739123126439096,-6.68117997954705,17262.445078715646,0.0,0.19676087423338548,2.0472243320962105,2260733.6602814426,594.7464688871885
128600.0,4590574.862884546,183736.62363587998,4590765.1581425425,376.1856131303941,1653.7962065002905,375.9648445352588,-6.68077872357948,-0.2676231205631986,-6.681055632356635,17262.445078715646,0.0,0.19676087423338548,2.0472243320962105,2260733.6602814426,594.7464688871885
128700.0,4590612.448042172,183902.0019180279,4590802.721221925,375.51754146552514,1653.769432593395,375.2967451814777,-6.680654605410515,-0.26785501883182833,-6.680931474878278,17262.445078715646,0.0,0.19676087423338548,2.0472243320962105,2260733.6602814426,594.7464688871885
128800.0,4590649.966393252,184067.37752162563,4590840.217491992,374.8494822029907,1653.742635496229,374.62865823396163,-6.680530676879108,-0.268086925958481,-6.68080750704516,17262.445078715646,0.0,0.19676087423338548,2.0472243320962105,2260733.6602814426,594.7464688871885
128900.0,4590687.417939025,184232.7504443541,4590877.646953984,374.18143532383027,1653.7158152079119,373.9605836737494,-6.680406937918991,-0.2683188418328063,-6.6806837287910215,17262.445078715646,0.0,0.19676087423338548,2.0472243320962105,2260733.6602814426,594.7464688871885
129000.0,4590724.802680729,184398.12068389414,4590915.009609139,373.51340080909006,1653.6889717275744,373.29252148188635,-6.6802833884645,-0.2685507663458896,-6.6805601400502095,17262.445078715646,0.0,0.19676087423338548,2.0472243320962105,2260733.6602814426,594.7464688871885
129100.0,4590762.120619599,184563.4882379265,4590952.305458692,372.8453786398227,1653.6621050543583,372.6244716394244,-6.6801600284505085,-0.26878269939023214,-6.6804367407576155,17262.445078715646,0.0,0.19676087423338548,2.0472243320962105,2260733.6602814426,594.7464688871885
129200.0,4590799.371756868,184728.85310413188,4590989.534503877,372.1773687970874,1653.6352151874155,371.956434127422,-6.680036857812453,-0.2690146408597369,-6.680313530848686,17262.445078715646,0.0,0.19676087423338548,2.0472243320962105,2260733.6602814426,594.7464688871885
129300.0,4590836.556093769,184894.21528019084,4591026.696745927,371.5093712619498,1653.608302125909,371.28840892694404,-6.679913876486337,-0.2692465906496932,-6.680190510259436,17262.445078715646,0.0,0.19676087423338548,2.0472243320962105,2260733.6602814426,594.7464688871885
129400.0,4590873.67363153,185059.5747637839,4591063.792186072,370.8413860154819,1653.5813658690117,370.6203960190616,-6.6797910844086985,-0.2694785486567598,-6.680067678926417,17262.445078715646,0.0,0.19676087423338548,2.0472243320962105,2260733.6602814426,594.7464688871885
129500.0,4590910.724371381,185224.93155259144,4591100.82082554,370.1734130387619,1653.5544064159071,369.9523953848523,-6.679668481516624,-0.26971051477895036,-6.679945036786726,17262.445078715646,0.0,0.19676087423338548,2.0472243320962105,2260733.6602814426,594.7464688871885
129600.0,4590947.708314546,185390.28564429385,4591137.782665558,369.50545231287447,1653.5274237657889,369.2844070053999,-6.679546067747727,-0.26994248891561806,-6.679822583777987,17262.445078715646,0.0,0.19676087423338548,2.0472243320962105,2260733.6602814426,594.7464688871885
129700.0,4590984.625462251,185555.63703657134,4591174.67770735,368.8375038189103,1653.5004179178602,368.6164308617944,-6.679423843040154,-0.27017447096744046,-6.6797003198383615,17262.445078715646,0.0,0.19676087423338548,2.0472243320962105,2260733.6602814426,594.7464688871885
129800.0,4591021.475815717,185720.98572710413,4591211.505952138,368.16956753796643,1653.4733888713347,367.948466935132,-6.6793018073325685,-0.2704064608364044,-6.679578244906519,17262.445078715646,0.0,0.19676087423338548,2.0472243320962105,2260733.6602814426,594.7464688871885
129900.0,4591058.259376165,185886.3317135723,4591248.267401144,367.5016434511458,1653.4463366254356,367.2805152065149,-6.67917996056416,-0.27063845842579204,-6.679456358921664,17262.445078715646,0.0,0.19676087423338548,2.0472243320962105,2260733.6602814426,594.7464688871885
130000.0,4591094.976144814,186051.67499365588,4591284.962055585,366.8337315395576,1653.4192611793956,366.6125756570515,-6.679058302674622,-0.2708704636401658,-6.679334661823498,17262.445078715646,0.0,0.19676087423338548,2.0472243320962105,2260733.6602814426,594.7464688871885
130100.0,4591131.626122879,186217.01556503482,4591321.58991668,366.16583178431694,1653.3921625324567,365.944648267856,-6.678936833604153,-0.27110247638535384,-6.679213153552233,17262.445078715646,0.0,0.19676087423338548,2.0472243320962105,2260733.6602814426,594.7464688871885
130200.0,4591168.209311576,186382.35342538898,4591358.150985643,365.4979441665448,1653.3650406838706,365.27673302004877,-6.678815553293444,-0.27133449656843595,-6.67909183404857,17262.445078715646,0.0,0.19676087423338548,2.0472243320962105,2260733.6602814426,594.7464688871885
130300.0,4591204.725712117,186547.68857239818,4591394.645263688,364.8300686673682,1653.3378956328982,364.60882989475596,-6.678694461683694,-0.2715665240977306,-6.678970703253718,17262.445078715646,0.0,0.19676087423338548,2.0472243320962105,2260733.6602814426,594.7464688871885
130400.0,4591241.175325713,186713.02100374212,4591431.072752025,364.16220526792,1653.3107273788091,363.94093887310964,-6.6785735587165895,-0.27179855888277976,-6.6788497611093725,17262.445078715646,0.0,0.19676087423338548,2.0472243320962105,2260733.6602814426,594.7464688871885
130500.0,4591277.558153573,186878.35071710046,4591467.433451865,363.49435394933874,1653.2835359208827,363.27305993624765,-6.678452844334276,-0.2720306008343353,-6.678729007557693,17262.445078715646,0.0,0.19676087423338548,2.0472243320962105,2260733.6602814426,594.7464688871885
130600.0,4591313.874196905,187043.6777101528,4591503.727364414,362.8265146927689,1653.2563212584064,362.6051930653136,-6.678332318479403,-0.2722626498643466,-6.678608442541334,17262.445078715646,0.0,0.19676087423338548,2.0472243320962105,2260733.6602814426,594.7464688871885
130700.0,4591350.123456913,187209.00198057864,4591539.95449088,362.15868747936054,1653.2290833906768,361.93733824145676,-6.678211981095082,-0.27249470588594626,-6.678488066003423,17262.445078715646,0.0,0.19676087423338548,2.0472243320962105,2260733.6602814426,594.7464688871885
130800.0,4591386.305934802,187374.32352605741,4591576.114832464,361.4908722902694,1653.2018223169991,361.26949544583215,-6.6780918321248866,-0.272726768813437,-6.6783678778875375,17262.445078715646,0.0,0.19676087423338548,2.0472243320962105,2260733.6602814426,594.7464688871885
130900.0,4591422.421631771,187539.6423442685,4591612.208390369,360.82306910665693,1653.174538036687,360.6016646596004,-6.677971871512862,-0.2729588385622791,-6.678247878137734,17262.445078715646,0.0,0.19676087423338548,2.0472243320962105,2260733.6602814426,594.7464688871885
131000.0,4591458.470549022,187704.9584328912,4591648.235165795,360.1552779096901,1653.1472305490622,359.93384586392756,-6.677852099203495,-0.2731909150490766,-6.678128066698511,17262.445078715646,0.0,0.19676087423338548,2.0472243320962105,2260733.6602814426,594.7464688871885
131100.0,4591494.4526877515,187870.27178960474,4591684.195159941,359.4874986805413,1653.1198998534553,359.26603903998546,-6.677732515141739,-0.27342299819156585,-6.678008443514829,17262.445078715646,0.0,0.19676087423338548,2.0472243320962105,2260733.6602814426,594.7464688871885
131200.0,4591530.368049156,188035.5824120883,4591720.088374002,358.8197314003886,1653.0925459492048,358.5982441689512,-6.677613119272983,-0.27365508790860177,-6.677889008532083,17262.445078715646,0.0,0.19676087423338548,2.0472243320962105,2260733.6602814426,594.7464688871885
131300.0,4591566.216634429,188200.89029802094,4591755.914809173,358.1519760504154,1653.0651688356572,357.9304612320075,-6.677493911543058,-0.27388718412014595,-6.677769761696122,17262.445078715646,0.0,0.19676087423338548,2.0472243320962105,2260733.6602814426,594.7464688871885
131400.0,4591601.998444763,188366.19544508174,4591791.674466646,357.48423261181046,1653.037768512167,357.2626902103422,-6.6773748918982365,-0.27411928674725455,-6.677650702953218,17262.445078715646,0.0,0.19676087423338548,2.0472243320962105,2260733.6602814426,594.7464688871885
131500.0,4591637.713481348,188531.49785094967,4591827.367347612,356.81650106576797,1653.0103449780966,356.5949310851488,-6.677256060285218,-0.27435139571206557,-6.677531832250083,17262.445078715646,0.0,0.19676087423338548,2.0472243320962105,2260733.6602814426,594.7464688871885
131600.0,4591673.361745372,188696.79751330364,4591862.99345326,356.1487813934874,1652.9828982328158,355.92718383762593,-6.677137416651131,-0.27458351093778727,-6.677413149533854,17262.445078715646,0.0,0.19676087423338548,2.0472243320962105,2260733.6602814426,594.7464688871885
131700.0,4591708.943238022,188862.0944298225,4591898.552784775,355.4810735761735,1652.9554282757028,355.25944844897754,-6.6770189609435295,-0.2748156323486868,-6.677294654752095,17262.445078715646,0.0,0.19676087423338548,2.0472243320962105,2260733.6602814426,594.7464688871885
131800.0,4591744.457960482,189027.38859818503,4591934.045343344,354.81337759503623,1652.9279351061425,354.59172490041277,-6.6769006931103725,-0.2750477598700769,-6.677176347852771,17262.445078715646,0.0,0.19676087423338548,2.0472243320962105,2260733.6602814426,594.7464688871885
131900.0,4591779.905913935,189192.68001606996,4591969.471130149,354.1456934312907,1652.9004187235275,353.92401317314597,-6.6767826131000385,-0.2752798934283057,-6.677058228784271,17262.445078715646,0.0,0.19676087423338548,2.0472243320962105,2260733.6602814426,594.7464688871885
132000.0,4591815.287099562,189357.96868115597,4592004.830146372,353.47802106615717,1652.8728791272579,353.2563132483966,-6.676664720861324,-0.27551203295074544,-6.6769402974953955,17262.445078715646,0.0,0.19676087423338548,2.0472243320962105,2260733.6602814426,594.7464688871885
132100.0,4591850.601518541,189523.25459112163,4592040.122393192,352.81036048086105,1652.8453163167408,352.5886251073893,-6.676547016343416,-0.2757441783657802,-6.676822553935342,17262.445078715646,0.0,0.19676087423338548,2.0472243320962105,2260733.6602814426,594.7464688871885
132200.0,4591885.849172049,189688.5377436455,4592075.347871786,352.1427116566328,1652.8177302913905,351.92094873135363,-6.676429499495902,-0.27597632960279467,-6.676704998053708,17262.445078715646,0.0,0.19676087423338548,2.0472243320962105,2260733.6602814426,594.7464688871885
132300.0,4591921.030061263,189853.81813640604,4592110.50658333,351.47507457470783,1652.7901210506284,351.2532841015243,-6.676312170268772,-0.27620848659216457,-6.676587629800489,17262.445078715646,0.0,0.19676087423338548,2.0472243320962105,2260733.6602814426,594.7464688871885
132400.0,4591956.1441873545,190019.09576708174,4592145.598528998,350.80744921632663,1652.7624885938826,350.5856311991409,-6.676195028612398,-0.2764406492652438,-6.676470449126062,17262.445078715646,0.0,0.19676087423338548,2.0472243320962105,2260733.6602814426,594.7464688871885
132500.0,4591991.191551496,190184.37063335095,4592180.623709961,350.1398355627346,1652.7348329205881,349.9179900054481,-6.676078074477541,-0.276672817554355,-6.6763534559812,17262.445078715646,0.0,0.19676087423338548,2.0472243320962105,2260733.6602814426,594.7464688871885
132600.0,4592026.172154857,190349.64273289195,4592215.582127389,349.47223359518205,1652.7071540301868,349.2503605016953,-6.6759613078153555,-0.276904991392779,-6.676236650317062,17262.445078715646,0.0,0.19676087423338548,2.0472243320962105,2260733.6602814426,594.7464688871885
132700.0,4592061.085998604,190514.91206338306,4592250.47378245,348.80464329492406,1652.6794519221269,348.5827426691369,-6.675844728577349,-0.27713717071474253,-6.676120032085163,17262.445078715646,0.0,0.19676087423338548,2.0472243320962105,2260733.6602814426,594.7464688871885
132800.0,4592095.933083904,190680.17862250246,4592285.298676311,348.1370646432207,1652.6517265958632,347.91513648903214,-6.675728336715428,-0.27736935545541014,-6.676003601237419,17262.445078715646,0.0,0.19676087423338548,2.0472243320962105,2260733.6602814426,594.7464688871885
132900.0,4592130.713411921,190845.4424079283,4592320.056810136,347.4694976213367,1652.6239780508572,347.2475419426449,-6.675612132181855,-0.277601545550872,-6.675887357726094,17262.445078715646,0.0,0.19676087423338548,2.0472243320962105,2260733.6602814426,594.7464688871885
133000.0,4592165.426983816,191010.70341733866,4592354.748185087,346.8019422105416,1652.5962062865765,346.57995901124394,-6.675496114929261,-0.2778337409381351,-6.67577130150383,17262.445078715646,0.0,0.19676087423338548,2.0472243320962105,2260733.6602814426,594.7464688871885
133100.0,4592200.073800749,191175.9616484116,4592389.372802325,346.1343983921097,1652.5684113024952,345.91238767610275,-6.67538028491064,-0.2780659415551123,-6.675655432523629,17262.445078715646,0.0,0.19676087423338548,2.0472243320962105,2260733.6602814426,594.7464688871885
133200.0,4592234.65386388,191341.21709882515,4592423.930663008,345.4668661473199,1652.5405930980933,345.2448279184994,-6.6752646420793464,-0.2782981473406129,-6.67553975073885,17262.445078715646,0.0,0.19676087423338548,2.0472243320962105,2260733.6602814426,594.7464688871885
133300.0,4592269.1671743635,191506.4697662572,4592458.421768294,344.7993454574558,1652.512751672857,344.5772797197167,-6.675149186389077,-0.2785303582343321,-6.675424256103195,17262.445078715646,0.0,0.19676087423338548,2.0472243320962105,2260733.6602814426,594.7464688871885
133400.0,4592303.613733356,191671.71964838568,4592492.846119337,344.1318363038056,1652.484887026278,343.90974306104204,-6.675033917793896,-0.27876257417684247,-6.675308948570738,17262.445078715646,0.0,0.19676087423338548,2.0472243320962105,2260733.6602814426,594.7464688871885
133500.0,4592337.993542008,191836.9667428884,4592527.20371729,343.46433866766205,1652.456999157855,343.2422179237673,-6.6749188362482,-0.27899479510958325,-6.67519382809588,17262.445078715646,0.0,0.19676087423338548,2.0472243320962105,2260733.6602814426,594.7464688871885
133600.0,4592372.306601472,192002.21104744318,4592561.494563306,342.7968525303225,1652.4290880670917,342.5747042891891,-6.674803941706742,-0.27922702097485175,-6.675078894633378,17262.445078715646,0.0,0.19676087423338548,2.0472243320962105,2260733.6602814426,594.7464688871885
133700.0,4592406.5529128965,192167.45255972774,4592595.718658531,342.12937787308874,1652.4011537534975,341.9072021386084,-6.674689234124592,-0.2794592517157926,-6.6749641481383115,17262.445078715646,0.0,0.19676087423338548,2.0472243320962105,2260733.6602814426,594.7464688871885
133800.0,4592440.732477428,192332.69127741977,4592629.876004116,341.4619146772671,1652.3731962165878,341.2397114533307,-6.674574713457181,-0.2796914872763906,-6.674849588566118,17262.445078715646,0.0,0.19676087423338548,2.0472243320962105,2260733.6602814426,594.7464688871885
133900.0,4592474.845296213,192497.92719819694,4592663.966601204,340.7944629241683,1652.3452154558834,340.5722322146659,-6.674460379660256,-0.27992372760145945,-6.674735215872547,17262.445078715646,0.0,0.19676087423338548,2.0472243320962105,2260733.6602814426,594.7464688871885
134000.0,4592508.891370394,192663.1603197368,4592697.99045094,340.12702259510746,1652.3172114709105,339.90476440392837,-6.6743462326898975,-0.2801559726366341,-6.674621030013684,17262.445078715646,0.0,0.19676087423338548,2.0472243320962105,2260733.6602814426,594.7464688871885
134100.0,4592542.870701113,192828.39063971696,4592731.947554465,339.4595936714042,1652.2891842612007,339.2373080024368,-6.674232272502508,-0.2803882223283611,-6.67450703094594,17262.445078715646,0.0,0.19676087423338548,2.0472243320962105,2260733.6602814426,594.7464688871885
134200.0,4592576.783289508,192993.61815581488,4592765.83791292,338.7921761343823,1652.2611338262911,338.56986299151424,-6.674118499054818,-0.28062047662389034,-6.674393218626052,17262.445078715646,0.0,0.19676087423338548,2.0472243320962105,2260733.6602814426,594.7464688871885
134300.0,4592610.629136718,193158.84286570802,4592799.661527443,338.12476996537004,1652.233060165724,337.90242935248807,-6.674004912303865,-0.2808527354712652,-6.674279593011062,17262.445078715646,0.0,0.19676087423338548,2.0472243320962105,2260733.6602814426,594.7464688871885
134400.0,4592644.408243879,193324.0647670738,4592833.418399169,337.45737514569976,1652.2049632790468,337.23500706668995,-6.673891512207011,-0.2810849988193154,-6.674166154058335,17262.445078715646,0.0,0.19676087423338548,2.0472243320962105,2260733.6602814426,594.7464688871885
134500.0,4592678.120612125,193489.28385758962,4592867.108529234,336.78999165670825,1652.1768431658118,336.56759611545573,-6.6737782987219205,-0.28131726661764717,-6.674052901725544,17262.445078715646,0.0,0.19676087423338548,2.0472243320962105,2260733.6602814426,594.7464688871885
134600.0,4592711.766242588,193654.50013493275,4592900.73191877,336.1226194797364,1652.1486998255766,335.90019648012554,-6.673665271806576,-0.2815495388166359,-6.673939835970675,17262.445078715646,0.0,0.19676087423338548,2.0472243320962105,2260733.6602814426,594.7464688871885
134700.0,4592745.3451363975,193819.7135967805,4592934.2885689065,335.45525859612934,1652.1205332579034,335.2328081420437,-6.673552431419263,-0.28178181536741687,-6.673826956752017,17262.445078715646,0.0,0.19676087423338548,2.0472243320962105,2260733.6602814426,594.7464688871885
134800.0,4592778.857294682,193984.92424081007,4592967.778480774,334.78790898723634,1652.0923434623596,334.5654310825587,-6.67343977751856,-0.28201409622187745,-6.673714264028157,17262.445078715646,0.0,0.19676087423338548,2.0472243320962105,2260733.6602814426,594.7464688871885
134900.0,4592812.3027185695,194150.13206469867,4593001.201655499,334.1205706344108,1652.0641304385172,333.898065283023,-6.673327310063345,-0.2822463813326487,-6.67360175775798,17262.445078715646,0.0,0.19676087423338548,2.0472243320962105,2260733.6602814426,594.7464688871885
135000.0,4592845.681409184,194315.33706612347,4593034.558094205,333.4532435190102,1652.0358941859527,333.23071072479337,-6.673215029012803,-0.2824786706530975,-6.673489437900665,17262.445078715646,0.0,0.19676087423338548,2.0472243320962105,2260733.6602814426,594.7464688871885
135100.0,4592878.993367648,194480.53924276156,4593067.847798018,332.7859276223961,1652.0076347042477,332.5633673892305,-6.6731029343264,-0.2827109641373192,-6.673377304415693,17262.445078715646,0.0,0.19676087423338548,2.0472243320962105,2260733.6602814426,594.7464688871885
135200.0,4592912.2385950815,194645.73859229,4593101.070768056,332.1186229259341,1651.979351992988,331.89603525769917,-6.672991025963899,-0.28294326174012846,-6.673265357262828,17262.445078715646,0.0,0.19676087423338548,2.0472243320962105,2260733.6602814426,594.7464688871885
135300.0,4592945.4170926055,194810.93511238584,4593134.227005442,331.4513294109939,1651.951046051764,331.2287143115682,-6.672879303885342,-0.28317556341705225,-6.673153596402116,17262.445078715646,0.0,0.19676087423338548,2.0472243320962105,2260733.6602814426,594.7464688871885
135400.0,4592978.528861336,194976.12880072603,4593167.316511291,330.78404705894894,1651.9227168801704,330.5614045322103,-6.67276776805105,-0.2834078691243217,-6.673042021793885,17262.445078715646,0.0,0.19676087423338548,2.0472243320962105,2260733.6602814426,594.7464688871885
135500.0,4593011.573902389,195141.3196549875,4593200.33928672,330.11677585117684,1651.8943644778062,329.89410590100226,-6.672656418421638,-0.28364017881886544,-6.672930633398754,17262.445078715646,0.0,0.19676087423338548,2.0472243320962105,2260733.6602814426,594.7464688871885
135600.0,4593044.552216877,195306.50767284722,4593233.2953328425,329.4495157690591,1651.865988844275,329.2268183993247,-6.672545254957994,-0.2838724924583015,-6.6728194311776114,17262.445078715646,0.0,0.19676087423338548,2.0472243320962105,2260733.6602814426,594.7464688871885
135700.0,4593077.463805913,195471.692851982,4593266.18465077,328.782266793981,1651.8375899791845,328.55954200856223,-6.672434277621273,-0.28410481000092896,-6.672708415091619,17262.445078715646,0.0,0.19676087423338548,2.0472243320962105,2260733.6602814426,594.7464688871885
135800.0,4593110.3086706055,195636.87519006865,4593299.007241614,328.1150289073319,1651.809167882146,327.8922767101032,-6.672323486372904,-0.2843371314057222,-6.672597585102213,17262.445078715646,0.0,0.19676087423338548,2.0472243320962105,2260733.6602814426,594.7464688871885
135900.0,4593143.086812063,195802.054684784,4593331.763106482,327.4478020905048,1651.7807225527758,327.2250224853399,-6.672212881174587,-0.28456945663232247,-6.6724869411710905,17262.445078715646,0.0,0.19676087423338548,2.0472243320962105,2260733.6602814426,594.7464688871885
136000.0,4593175.798231392,195967.23133380478,4593364.45224648,326.7805863248966,1651.7522539906936,326.5577793156683,-6.672102461988293,-0.28480178564103176,-6.67237648326023,17262.445078715646,0.0,0.19676087423338548,2.0472243320962105,2260733.6602814426,594.7464688871885
136100.0,4593208.442929696,196132.4051348077,4593397.074662712,326.113381591908,1651.723762195523,325.89054718248843,-6.671992228776246,-0.28503411839280446,-6.672266211331862,17262.445078715646,0.0,0.19676087423338548,2.0472243320962105,2260733.6602814426,594.7464688871885
136200.0,4593241.020908078,196297.57608546942,4593429.630356283,325.4461878729435,1651.6952471668917,325.2233260672038,-6.671882181500938,-0.28526645484924124,-6.6721561253484785,17262.445078715646,0.0,0.19676087423338548,2.0472243320962105,2260733.6602814426,594.7464688871885
136300.0,4593273.532167638,196462.7441834666,4593462.119328292,324.7790051494112,1651.666708904431,324.5561159512218,-6.671772320125116,-0.28549879497258185,-6.672046225272829,17262.445078715646,0.0,0.19676087423338548,2.0472243320962105,2260733.6602814426,594.7464688871885
136400.0,4593305.976709474,196627.90942647582,4593494.541579839,324.11183340272305,1651.6381474077762,323.8889168159535,-6.671662644611778,-0.28573113872569805,-6.67193651106792,17262.445078715646,0.0,0.19676087423338548,2.0472243320962105,2260733.6602814426,594.7464688871885
136500.0,4593338.354534684,196793.07181217364,4593526.89711202,323.44467261429463,1651.6095626765662,323.22172864281373,-6.6715531549241875,-0.2859634860720875,-6.671826982697017,17262.445078715646,0.0,0.19676087423338548,2.0472243320962105,2260733.6602814426,594.7464688871885
136600.0,4593370.665644362,196958.23133823663,4593559.185925932,322.7775227655452,1651.5809547104432,322.55455141322085,-6.67144385102584,-0.28619583697586576,-6.6717176401236165,17262.445078715646,0.0,0.19676087423338548,2.0472243320962105,2260733.6602814426,594.7464688871885
136700.0,4593402.910039601,197123.38800234123,4593591.408022666,322.1103838378977,1651.5523235090534,321.88738510859696,-6.671334732880491,-0.2864281914017613,-6.67160848331148,17262.445078715646,0.0,0.19676087423338548,2.0472243320962105,2260733.6602814426,594.7464688871885
136800.0,4593435.087721493,197288.54180216393,4593623.563403317,321.44325581277855,1651.5236690720465,321.22022971036773,-6.6712258004521425,-0.28666054931510787,-6.67149951222461,17262.445078715646,0.0,0.19676087423338548,2.0472243320962105,2260733.6602814426,594.7464688871885
136900.0,4593467.198691127,197453.69273538113,4593655.652068972,320.7761386716179,1651.4949913990752,320.5530851999624,-6.6711170537050295,-0.28689291068183814,-6.671390726827248,17262.445078715646,0.0,0.19676087423338548,2.0472243320962105,2260733.6602814426,594.7464688871885
137000.0,4593499.24294959,197618.8407996692,4593687.674020719,320.10903239584934,1651.466290489796,319.8859515588138,-6.6710084926036375,-0.28712527546847766,-6.671282127083881,17262.445078715646,0.0,0.19676087423338548,2.0472243320962105,2260733.6602814426,594.7464688871885
137100.0,4593531.220497968,197783.98599270455,4593719.629259645,319.44193696691013,1651.4375663438684,319.2188287683583,-6.670900117112676,-0.287357643642138,-6.671173712959222,17262.445078715646,0.0,0.19676087423338548,2.0472243320962105,2260733.6602814426,594.7464688871885
137200.0,4593563.131337344,197949.12831216343,4593751.517786833,318.77485236624096,1651.4088189609556,318.5517168100358,-6.670791927197101,-0.28759001517051114,-6.6710654844182296,17262.445078715646,0.0,0.19676087423338548,2.0472243320962105,2260733.6602814426,594.7464688871885
137300.0,4593594.9754688,198114.26775572216,4593783.339603367,318.10777857528603,1651.3800483407235,317.8846156652897,-6.670683922822099,-0.2878223900218629,-6.670957441426095,17262.445078715646,0.0,0.19676087423338548,2.0472243320962105,2260733.6602814426,594.7464688871885
137400.0,4593626.752893418,198279.404321057,4593815.094710327,317.440715575493,1651.3512544828416,317.2175253155668,-6.670576103953086,-0.2880547681650266,-6.670849583948234,17262.445078715646,0.0,0.19676087423338548,2.0472243320962105,2260733.6602814426,594.7464688871885
137500.0,4593658.463612274,198444.53800584414,4593846.7831087895,316.77366334831305,1651.3224373869818,316.5504457423174,-6.670468470555707,-0.2882871495693977,-6.670741911950296,17262.445078715646,0.0,0.19676087423338548,2.0472243320962105,2260733.6602814426,594.7464688871885
137600.0,4593690.107626446,198609.6688077598,4593878.404799833,316.10662187520063,1651.29359705282,315.8833769269952,-6.670361022595831,-0.28851953420492715,-6.67063442539815,17262.445078715646,0.0,0.19676087423338548,2.0472243320962105,2260733.6602814426,594.7464688871885
137700.0,4593721.684937007,198774.79672448008,4593909.959784533,315.4395911376138,1651.264733480034,315.21631885105734,-6.670253760039552,-0.28875192204211575,-6.670527124257899,17262.445078715646,0.0,0.19676087423338548,2.0472243320962105,2260733.6602814426,594.7464688871885
137800.0,4593753.195545031,198939.92175368115,4593941.448063961,314.77257111701374,1651.2358466683056,314.5492714959643,-6.670146682853179,-0.288984313052008,-6.6704200084958485,17262.445078715646,0.0,0.19676087423338548,2.0472243320962105,2260733.6602814426,594.7464688871885
137900.0,4593784.639451588,199105.04389303908,4593972.869639189,314.10556179486525,1651.206936617319,313.88223484318,-6.670039791003258,-0.2892167072061874,-6.670313078078549,17262.445078715646,0.0,0.19676087423338548,2.0472243320962105,2260733.6602814426,594.7464688871885
138000.0,4593816.016657746,199270.16314022994,4594004.224511286,313.43856315263633,1651.1780033267605,313.2152088741716,-6.669933084456532,-0.28944910447676936,-6.670206332972747,17262.445078715646,0.0,0.19676087423338548,2.0472243320962105,2260733.6602814426,594.7464688871885
138100.0,4593847.327164574,199435.27949292975,4594035.512681319,312.7715751717983,1651.1490467963206,312.5481935704095,-6.669826563179968,-0.28968150483639626,-6.670099773145412,17262.445078715646,0.0,0.19676087423338548,2.0472243320962105,2260733.6602814426,594.7464688871885
138200.0,4593878.5709731355,199600.39294881452,4594066.734150355,312.1045978338258,1651.1200670256912,311.8811889133676,-6.6697202271407505,-0.28991390825823177,-6.6699933985637285,17262.445078715646,0.0,0.19676087423338548,2.0472243320962105,2260733.6602814426,594.7464688871885
138300.0,4593909.748084495,199765.50350556022,4594097.888919456,311.43763112019667,1651.0910640145678,311.214194884523,-6.6696140763062655,-0.2901463147159553,-6.669887209195085,17262.445078715646,0.0,0.19676087423338548,2.0472243320962105,2260733.6602814426,594.7464688871885
138400.0,4593940.858499713,199930.61116084276,4594128.976989685,310.77067501239213,1651.0620377626478,310.54721146535593,-6.669508110644113,-0.2903787241837565,-6.6697812050070855,17262.445078715646,0.0,0.19676087423338548,2.0472243320962105,2260733.6602814426,594.7464688871885
138500.0,4593971.902219851,200095.71591233806,4594159.998362102,310.1037294918965,1651.0329882696317,309.88023863735,-6.669402330122094,-0.29061113663632987,-6.669675385967532,17262.445078715646,0.0,0.19676087423338548,2.0472243320962105,2260733.6602814426,594.7464688871885
138600.0,4594002.879245964,200260.817757722,4594190.953037765,309.4367945401974,1651.003915535222,309.2132763819919,-6.669296734708218,-0.29084355204886947,-6.669569752044441,17262.445078715646,0.0,0.19676087423338548,2.0472243320962105,2260733.6602814426,594.7464688871885
138700.0,4594033.78957911,200425.9166946704,4594221.8410177305,308.7698701387856,1650.974819559124,308.5463246807716,-6.669191324370701,-0.29107597039706373,-6.6694643032060235,17262.445078715646,0.0,0.19676087423338548,2.0472243320962105,2260733.6602814426,594.7464688871885
138800.0,4594064.633220343,200591.0127208591,4594252.662303053,308.1029562691551,1650.9457003410455,307.8793835151822,-6.669086099077952,-0.2913083916570901,-6.669359039420692,17262.445078715646,0.0,0.19676087423338548,2.0472243320962105,2260733.6602814426,594.7464688871885
138900.0,4594095.410170714,200756.10583396387,4594283.416894784,307.4360529128029,1650.9165578806962,307.21245286672,-6.668981058798586,-0.29154081580561014,-6.669253960657065,17262.445078715646,0.0,0.19676087423338548,2.0472243320962105,2260733.6602814426,594.7464688871885
139000.0,4594126.120431275,200921.19603166048,4594314.104793976,306.7691600512293,1650.8873921777888,306.5455327168844,-6.668876203501409,-0.29177324281976363,-6.669149066883951,17262.445078715646,0.0,0.19676087423338548,2.0472243320962105,2260733.6602814426,594.7464688871885
139100.0,4594156.764003074,201086.28331162466,4594344.726001677,306.10227766593755,1650.8582032320376,305.8786230471779,-6.668771533155425,-0.29200567267716476,-6.669044358070352,17262.445078715646,0.0,0.19676087423338548,2.0472243320962105,2260733.6602814426,594.7464688871885
139200.0,4594187.340887157,201251.36767153212,4594375.280518934,305.43540573843416,1650.8289910431592,305.211723839106,-6.6686670477298255,-0.2922381053558957,-6.668939834185464,17262.445078715646,0.0,0.19676087423338548,2.0472243320962105,2260733.6602814426,594.7464688871885
139300.0,4594217.8510845695,201416.4491090585,4594405.768346793,304.76854425022856,1650.799755610873,304.5448350741775,-6.668562747193995,-0.29247054083450336,-6.6688354951986755,17262.445078715646,0.0,0.19676087423338548,2.0472243320962105,2260733.6602814426,594.7464688871885
139400.0,4594248.2945963545,201581.5276218795,4594436.189486297,304.10169318283334,1650.7704969348997,303.87795673390406,-6.668458631517518,-0.292702979091993,-6.668731341079567,17262.445078715646,0.0,0.19676087423338548,2.0472243320962105,2260733.6602814426,594.7464688871885
139500.0,4594278.671423553,201746.6032076707,4594466.543938487,303.43485251776406,1650.7412150149626,303.2110887998004,-6.668354700670154,-0.2929354201078242,-6.668627371797905,17262.445078715646,0.0,0.19676087423338548,2.0472243320962105,2260733.6602814426,594.7464688871885
139600.0,4594308.981567204,201911.6758641077,4594496.831704403,302.7680222365393,1650.711909850787,302.5442312533842,-6.668250954621848,-0.29316786386190574,-6.668523587323632,17262.445078715646,0.0,0.19676087423338548,2.0472243320962105,2260733.6602814426,594.7464688871885
139700.0,4594339.225028345,202076.74558886606,4594527.052785084,302.1012023206807,1650.6825814420997,301.8773840761764,-6.66814739334273,-0.29340031033459096,-6.668419987626881,17262.445078715646,0.0,0.19676087423338548,2.0472243320962105,2260733.6602814426,594.7464688871885
139800.0,4594369.401808013,202241.81237962132,4594557.207181564,301.43439275171283,1650.6532297886301,301.2105472497006,-6.668044016803126,-0.2936327595066742,-6.66831657267798,17262.445078715646,0.0,0.19676087423338548,2.0472243320962105,2260733.6602814426,594.7464688871885
139900.0,4594399.51190724,202406.87623404898,4594587.294894878,300.7675935111631,1650.623854890109,300.54372075548355,-6.66794082497352,-0.29386521135938354,-6.6682133424474115,17262.445078715646,0.0,0.19676087423338548,2.0472243320962105,2260733.6602814426,594.7464688871885
140000.0,4594429.555327059,202571.93714982452,4594617.315926058,300.1008045805621,1650.5944567462693,299.8769045750548,-6.6678378178245925,-0.29409766587437924,-6.668110296905861,17262.445078715646,0.0,0.19676087423338548,2.0472243320962105,2260733.6602814426,594.7464688871885
140100.0,4594459.532068499,202736.99512462338,4594647.270276136,299.43402594144317,1650.5650353568458,299.210098689947,-6.667734995327187,-0.2943301230337469,-6.66800743602417,17262.445078715646,0.0,0.19676087423338548,2.0472243320962105,2260733.6602814426,594.7464688871885
140200.0,4594489.442132589,202902.05015612103,4594677.157946139,298.76725757534257,1650.5355907215749,298.5433030816956,-6.667632357452328,-0.29456258281999453,-6.667904759773368,17262.445078715646,0.0,0.19676087423338548,2.0472243320962105,2260733.6602814426,594.7464688871885
140300.0,4594519.285520356,203067.10224199283,4594706.978937094,298.10049946379957,1650.5061228401948,297.87651773183893,-6.667529904171223,-0.2947950452160479,-6.667802268124661,17262.445078715646,0.0,0.19676087423338548,2.0472243320962105,2260733.6602814426,594.7464688871885
140400.0,4594549.062232823,203232.1513799142,4594736.733250027,297.4337515883562,1650.4766317124454,297.2097426219182,-6.667427635455241,-0.29502751020524515,-6.667699961049418,17262.445078715646,0.0,0.19676087423338548,2.0472243320962105,2260733.6602814426,594.7464688871885
140500.0,4594578.772271014,203397.19756756045,4594766.42088596,296.7670139305573,1650.447117338068,296.5429777334775,-6.667325551275918,-0.2952599777713333,-6.667597838519178,17262.445078715646,0.0,0.19676087423338548,2.0472243320962105,2260733.6602814426,594.7464688871885
140600.0,4594608.415635949,203562.24080260692,4594796.041845914,296.1002864719507,1650.4175797168057,295.8762230480638,-6.667223651604965,-0.2954924478984643,-6.667495900505652,17262.445078715646,0.0,0.19676087423338548,2.0472243320962105,2260733.6602814426,594.7464688871885
140700.0,4594637.9923286475,203727.2810827289,4594825.596130909,295.43356919408694,1650.3880188484034,295.2094785472268,-6.667121936414259,-0.29572492057119,-6.667394146980721,17262.445078715646,0.0,0.19676087423338548,2.0472243320962105,2260733.6602814426,594.7464688871885
140800.0,4594667.502350126,203892.3184056017,4594855.083741963,294.7668620785194,1650.358434732607,294.542744212519,-6.66702040567585,-0.2959573957744588,-6.667292577916428,17262.445078715646,0.0,0.19676087423338548,2.0472243320962105,2260733.6602814426,594.7464688871885
140900.0,4594696.945701401,204057.3527689005,4594884.504680091,294.1001651068043,1650.3288273691646,293.87602002549573,-6.666919059361936,-0.2961898734936108,-6.667191193284981,17262.445078715646,0.0,0.19676087423338548,2.0472243320962105,2260733.6602814426,594.7464688871885
141000.0,4594726.322383485,204222.3841703006,4594913.858946306,293.43347826050046,1650.299196757825,293.2093059677151,-6.666817897444891,-0.29642235371437403,-6.667089993058748,17262.445078715646,0.0,0.19676087423338548,2.0472243320962105,2260733.6602814426,594.7464688871885
141100.0,4594755.63239739,204387.41260747713,4594943.146541621,292.76680152116967,1650.2695428983388,292.54260202073806,-6.666716919897243,-0.2966548364228604,-6.666988977210261,17262.445078715646,0.0,0.19676087423338548,2.0472243320962105,2260733.6602814426,594.7464688871885
141200.0,4594784.875744126,204552.4380781053,4594972.367467046,292.1001348703763,1650.239865790458,291.87590816612806,-6.666616126691685,-0.29688732160556214,-6.666888145712212,17262.445078715646,0.0,0.19676087423338548,2.0472243320962105,2260733.6602814426,594.7464688871885
141300.0,4594814.0524247,204717.46057986026,4595001.52172359,291.4334782896875,1650.2101654339358,291.2092243854515,-6.666515517801063,-0.29711980924934694,-6.66678749853745,17262.445078715646,0.0,0.19676087423338548,2.0472243320962105,2260733.6602814426,594.7464688871885
141400.0,4594843.162440118,204882.48011041712,4595030.609312259,290.76683176067314,1650.1804418285267,290.54255066027736,-6.666415093198378,-0.29735229934145474,-6.666687035658977,17262.445078715646,0.0,0.19676087423338548,2.0472243320962105,2260733.6602814426,594.7464688871885
141500.0,4594872.205791386,205047.496667451,4595059.630234057,290.1001952649058,1650.1506949739864,289.8758869721774,-6.666314852856794,-0.2975847918694937,-6.666586757049953,17262.445078715646,0.0,0.19676087423338548,2.0472243320962105,2260733.6602814426,594.7464688871885
141600.0,4594901.1824795045,205212.51024863694,4595088.584489987,289.43356878396065,1650.120924870072,289.209233302726,-6.666214796749626,-0.2978172868214368,-6.666486662683697,17262.445078715646,0.0,0.19676087423338548,2.0472243320962105,2260733.6602814426,594.7464688871885
141700.0,4594930.0925054755,205377.52085165,4595117.472081051,288.7669522994156,1650.0911315165417,288.54258963350014,-6.666114924850339,-0.29804978418561706,-6.666386752533672,17262.445078715646,0.0,0.19676087423338548,2.0472243320962105,2260733.6602814426,594.7464688871885
141800.0,4594958.935870297,205542.52847416524,4595146.293008247,288.1003457928512,1650.0613149131548,287.8759559460796,-6.666015237132547,-0.2982822839507246,-6.666287026573497,17262.445078715646,0.0,0.19676087423338548,2.0472243320962105,2260733.6602814426,594.7464688871885
141900.0,4594987.712574966,205707.53311385764,4595175.047272573,287.4337492458506,1650.0314750596717,287.20933222204667,-6.665915733570021,-0.2985147861058028,-6.666187484776937,17262.445078715646,0.0,0.19676087423338548,2.0472243320962105,2260733.6602814426,594.7464688871885
142000.0,4595016.422620478,205872.53476840217,4595203.734875023,286.7671626399996,1650.0016119558543,286.5427184429863,-6.665816414136673,-0.29874729064024474,-6.6660881271179075,17262.445078715646,0.0,0.19676087423338548,2.0472243320962105,2260733.6602814426,594.7464688871885
142100.0,4595045.066007826,206037.5334354738,4595232.355816592,286.1005859568865,1649.9717256014649,285.87611459048605,-6.6657172788065635,-0.2989797975437893,-6.665988953570469,17262.445078715646,0.0,0.19676087423338548,2.0472243320962105,2260733.6602814426,594.7464688871885
142200.0,4595073.642738,206202.52911274743,4595260.910098271,285.43401917810235,1649.941815996267,285.209520646136,-6.665618327553906,-0.299212306806518,-6.665889964108838,17262.445078715646,0.0,0.19676087423338548,2.0472243320962105,2260733.6602814426,594.7464688871885
142300.0,4595102.15281199,206367.52179789802,4595289.397721051,284.76746228524064,1649.9118831400253,284.5429365915289,-6.665519560353046,-0.29944481841885084,-6.665791158707359,17262.445078715646,0.0,0.19676087423338548,2.0472243320962105,2260733.6602814426,594.7464688871885
142400.0,4595130.596230785,206532.5114886004,4595317.818685919,284.10091525989753,1649.8819270325052,283.87636240826004,-6.6654209771784805,-0.29967733237154337,-6.665692537340526,17262.445078715646,0.0,0.19676087423338548,2.0472243320962105,2260733.6602814426,594.7464688871885
142500.0,4595158.972995371,206697.49818252947,4595346.172993861,283.4343780836716,1649.8519476734732,283.2097980779272,-6.6653225780048455,-0.2999098486556832,-6.665594099982975,17262.445078715646,0.0,0.19676087423338548,2.0472243320962105,2260733.6602814426,594.7464688871885
142600.0,4595187.28310673,206862.48187736003,4595374.460645862,282.76785073816404,1649.8219450626966,282.5432435821307,-6.665224362806921,-0.30014236726268656,-6.665495846609488,17262.445078715646,0.0,0.19676087423338548,2.0472243320962105,2260733.6602814426,594.7464688871885
142700.0,4595215.526565846,207027.46257076692,4595402.681642905,282.1013332049785,1649.7919191999435,281.8766989024733,-6.665126331559615,-0.3003748881842943,-6.665397777194976,17262.445078715646,0.0,0.19676087423338548,2.0472243320962105,2260733.6602814426,594.7464688871885
142800.0,4595243.703373698,207192.44026042495,4595430.83598597,281.43482546572125,1649.761870084983,281.2101640205605,-6.665028484237993,-0.30060741141256986,-6.6652998917145,17262.445078715646,0.0,0.19676087423338548,2.0472243320962105,2260733.6602814426,594.7464688871885
142900.0,4595271.813531265,207357.41494400884,4595458.923676035,280.7683275020009,1649.7317977175844,280.5436389180001,-6.664930820817235,-0.30083993693989425,-6.66520219014324,17262.445078715646,0.0,0.19676087423338548,2.0472243320962105,2260733.6602814426,594.7464688871885
143000.0,4595299.857039523,207522.38661919336,4595486.944714079,280.1018392954286,1649.7017020975186,279.87712357640237,-6.664833341272679,-0.3010724647589649,-6.665104672456537,17262.445078715646,0.0,0.19676087423338548,2.0472243320962105,2260733.6602814426,594.7464688871885
143100.0,4595327.833899449,207687.35528365325,4595514.899101076,279.43536082761796,1649.6715832245566,279.21061797738014,-6.664736045579777,-0.30130499486279,-6.6650073386298425,17262.445078715646,0.0,0.19676087423338548,2.0472243320962105,2260733.6602814426,594.7464688871885
143200.0,4595355.744112013,207852.32093506318,4595542.786837999,278.768892080185,1649.64144109847,278.54412210254856,-6.664638933714126,-0.30153752724468735,-6.664910188638749,17262.445078715646,0.0,0.19676087423338548,2.0472243320962105,2260733.6602814426,594.7464688871885
143300.0,4595383.5876781875,208017.28357109783,4595570.60792582,278.10243303474834,1649.611275719032,277.8776359335253,-6.664542005651454,-0.3017700618982803,-6.664813222458991,17262.445078715646,0.0,0.19676087423338548,2.0472243320962105,2260733.6602814426,594.7464688871885
143400.0,4595411.364598942,208182.24318943187,4595598.362365508,277.4359836729288,1649.581087086015,277.2111594519305,-6.664445261367621,-0.3020025988174946,-6.66471644006642,17262.445078715646,0.0,0.19676087423338548,2.0472243320962105,2260733.6602814426,594.7464688871885
143500.0,4595439.074875244,208347.19978773993,4595626.050158032,276.76954397634967,1649.5508751991931,276.5446926393866,-6.664348700838603,-0.3022351379965552,-6.664619841437019,17262.445078715646,0.0,0.19676087423338548,2.0472243320962105,2260733.6602814426,594.7464688871885
143600.0,4595466.718508059,208512.1533636966,4595653.671304358,276.1031139266367,1649.5206400583406,275.87823547751844,-6.664252324040522,-0.3024676794299837,-6.664523426546905,17262.445078715646,0.0,0.19676087423338548,2.0472243320962105,2260733.6602814426,594.7464688871885
143700.0,4595494.295498351,208677.10391497647,4595681.225805449,275.43669350541796,1649.4903816632323,275.2117879479533,-6.6641561309496264,-0.30270022311259553,-6.664427195372328,17262.445078715646,0.0,0.19676087423338548,2.0472243320962105,2260733.6602814426,594.7464688871885
143800.0,4595521.80584708,208842.0514392541,4595708.713662269,274.77028269432395,1649.4601000136433,274.54535003232087,-6.664060121542279,-0.30293276903949573,-6.664331147889651,17262.445078715646,0.0,0.19676087423338548,2.0472243320962105,2260733.6602814426,594.7464688871885
143900.0,4595549.249555209,209006.99593420405,4595736.134875776,274.1038814749875,1649.4297951093497,273.8789217122531,-6.663964295794978,-0.30316531720607703,-6.664235284075372,17262.445078715646,0.0,0.19676087423338548,2.0472243320962105,2260733.6602814426,594.7464688871885
144000.0,4595576.626623694,209171.93739750082,4595763.489446931,273.4374898290437,1649.3994669501276,273.2125029693843,-6.6638686536843394,-0.3033978676080165,-6.664139603906105,17262.445078715646,0.0,0.19676087423338548,2.0472243320962105,2260733.6602814426,594.7464688871885
144100.0,4595603.937053492,209336.8758268189,4595790.777376689,272.7711077381302,1649.3691155357537,272.5460937853511,-6.663773195187106,-0.3036304202412731,-6.664044107358594,17262.445078715646,0.0,0.19676087423338548,2.0472243320962105,2260733.6602814426,594.7464688871885
144200.0,4595631.180845559,209501.81121983277,4595817.998666006,272.10473518388665,1649.338740866005,271.8796941417926,-6.663677920280149,-0.3038629751020846,-6.663948794409706,17262.445078715646,0.0,0.19676087423338548,2.0472243320962105,2260733.6602814426,594.7464688871885
144300.0,4595658.358000846,209666.7435742169,4595845.153315835,271.43837214795525,1649.3083429406593,271.21330402035,-6.66358282894045,-0.30409553218696433,-6.6638536650364255,17262.445078715646,0.0,0.19676087423338548,2.0472243320962105,2260733.6602814426,594.7464688871885
144400.0,4595685.468520304,209831.67288764572,4595872.2413271265,270.7720186119804,1649.2779217594937,270.5469234026669,-6.663487921145111,-0.3043280914926985,-6.663758719215853,17262.445078715646,0.0,0.19676087423338548,2.0472243320962105,2260733.6602814426,594.7464688871885
144500.0,4595712.512404883,209996.59915779362,4595899.2627008315,270.10567455760884,1649.2474773222866,269.88055227038916,-6.663393196871362,-0.30456065301634433,-6.663663956925216,17262.445078715646,0.0,0.19676087423338548,2.0472243320962105,2260733.6602814426,594.7464688871885
144600.0,4595739.489655531,210161.52238233498,4595926.217437897,269.4393399664895,1649.2170096288164,269.21419060516496,-6.66329865609654,-0.3047932167552258,-6.663569378141855,17262.445078715646,0.0,0.19676087423338548,2.0472243320962105,2260733.6602814426,594.7464688871885
144700.0,4595766.400273192,210326.44255894417,4595953.105539268,268.77301482027366,1649.1865186788618,268.54783838864466,-6.6632042987981155,-0.3050257827069329,-6.663474982843236,17262.445078715646,0.0,0.19676087423338548,2.0472243320962105,2260733.6602814426,594.7464688871885
144800.0,4595793.244258809,210491.35968529552,4595979.927005889,268.1066991006148,1649.1560044722014,267.8814956024809,-6.663110124953656,-0.30525835086931663,-6.663380771006925,17262.445078715646,0.0,0.19676087423338548,2.0472243320962105,2260733.6602814426,594.7464688871885
144900.0,4595820.021613325,210656.27375906336,4596006.681838702,267.4403927891685,1649.1254670086144,267.2151622283286,-6.663016134540858,-0.3054909212404882,-6.663286742610623,17262.445078715646,0.0,0.19676087423338548,2.0472243320962105,2260733.6602814426,594.7464688871885
145000.0,4595846.73233768,210821.184777922,4596033.370038648,266.7740958675929,1649.0949062878797,266.54883824784486,-6.662922327537526,-0.3057234938188157,-6.663192897632128,17262.445078715646,0.0,0.19676087423338548,2.0472243320962105,2260733.6602814426,594.7464688871885
145100.0,4595873.376432811,210986.09273954568,4596059.991606665,266.10780831754806,1649.064322309777,265.88252364268897,-6.662828703921577,-0.3059560686029211,-6.66309923604936,17262.445078715646,0.0,0.19676087423338548,2.0472243320962105,2260733.6602814426,594.7464688871885
145200.0,4595899.953899655,211150.9976416087,4596086.5465436885,265.44153012069637,1649.0337150740856,265.2162183945225,-6.662735263671048,-0.30618864559167897,-6.663005757840354,17262.445078715646,0.0,0.19676087423338548,2.0472243320962105,2260733.6602814426,594.7464688871885
145300.0,4595926.464739146,211315.89948178525,4596113.034850655,264.7752612587024,1649.0030845805852,264.5499224850092,-6.6626420067640755,-0.3064212247842121,-6.662912462983245,17262.445078715646,0.0,0.19676087423338548,2.0472243320962105,2260733.6602814426,594.7464688871885
145400.0,4595952.908952217,211480.79825774956,4596139.456528497,264.10900171323283,1648.9724308290554,263.88363589581485,-6.662548933178917,-0.3066538061798905,-6.662819351456291,17262.445078715646,0.0,0.19676087423338548,2.0472243320962105,2260733.6602814426,594.7464688871885
145500.0,4595979.286539799,211645.6939671758,4596165.811578144,263.4427514659566,1648.9417538192758,263.21735860860764,-6.662456042893937,-0.3068863897783287,-6.662726423237849,17262.445078715646,0.0,0.19676087423338548,2.0472243320962105,2260733.6602814426,594.7464688871885
145600.0,4596005.597502819,211810.58660773814,4596192.100000528,262.7765104985447,1648.9110535510263,262.5510906050577,-6.662363335887602,-0.3071189755793823,-6.662633678306395,17262.445078715646,0.0,0.19676087423338548,2.0472243320962105,2260733.6602814426,594.7464688871885
145700.0,4596031.841842207,211975.47617711072,4596218.321796574,262.1102787926705,1648.8803300240866,261.8848318668375,-6.662270812138496,-0.30735156358314664,-6.6625411166405035,17262.445078715646,0.0,0.19676087423338548,2.0472243320962105,2260733.6602814426,594.7464688871885
145800.0,4596058.019558886,212140.36267296766,4596244.476967209,261.4440563300092,1648.8495832382362,261.21858237562145,-6.6621784716253085,-0.3075841537899542,-6.662448738218868,17262.445078715646,0.0,0.19676087423338548,2.0472243320962105,2260733.6602814426,594.7464688871885
145900.0,4596084.13065378,212305.24609298306,4596270.565513357,260.77784309223824,1648.818813193255,260.55234211308624,-6.662086314326821,-0.3078167462003712,-6.662356543020269,17262.445078715646,0.0,0.19676087423338548,2.0472243320962105,2260733.6602814426,594.7464688871885
146000.0,4596110.175127811,212470.126434831,4596296.587435938,260.11163906103735,1648.7880198889227,259.88611106091065,-6.661994340221942,-0.308049340815197,-6.66226453102361,17262.445078715646,0.0,0.19676087423338548,2.0472243320962105,2260733.6602814426,594.7464688871885
146100.0,4596136.152981898,212635.00369618554,4596322.542735875,259.44544421808814,1648.7572033250185,259.21988920077547,-6.661902549289672,-0.3082819376354603,-6.662172702207894,17262.445078715646,0.0,0.19676087423338548,2.0472243320962105,2260733.6602814426,594.7464688871885
146200.0,4596162.064216959,212799.8778747207,4596348.431414084,258.77925854507436,1648.726363501322,258.5536765143637,-6.661810941509115,-0.30851453666241735,-6.6620810565522195,17262.445078715646,0.0,0.19676087423338548,2.0472243320962105,2260733.6602814426,594.7464688871885
146300.0,4596187.908833912,212964.74896811048,4596374.253471483,258.11308202368195,1648.6955004176125,257.8874729833604,-6.661719516859479,-0.30874713789754976,-6.6619895940358,17262.445078715646,0.0,0.19676087423338548,2.0472243320962105,2260733.6602814426,594.7464688871885
146400.0,4596213.6868336685,213129.61697402888,4596400.008908985,257.44691463559883,1648.6646140736689,257.2212785894526,-6.661628275320079,-0.3089797413425624,-6.661898314637945,17262.445078715646,0.0,0.19676087423338548,2.0472243320962105,2260733.6602814426,594.7464688871885
146500.0,4596239.398217143,213294.48189014985,4596425.697727504,256.780756362515,1648.6337044692702,256.55509331432955,-6.66153721687032,-0.3092123469993803,-6.661807218338055,17262.445078715646,0.0,0.19676087423338548,2.0472243320962105,2260733.6602814426,594.7464688871885
146600.0,4596265.042985245,213459.34371414737,4596451.319927951,256.11460718612244,1648.6027716041951,255.88891713968243,-6.661446341489722,-0.3094449548701479,-6.661716305115653,17262.445078715646,0.0,0.19676087423338548,2.0472243320962105,2260733.6602814426,594.7464688871885
146700.0,4596290.621138883,213624.20244369534,4596476.875511235,255.4484670881154,1648.5718154782223,255.22275004720453,-6.66135564915789,-0.3096775649572255,-6.661625574950343,17262.445078715646,0.0,0.19676087423338548,2.0472243320962105,2260733.6602814426,594.7464688871885
146800.0,4596316.132678964,213789.05807646766,4596502.364478262,254.7823360501899,1648.54083609113,254.55659201859115,-6.661265139854542,-0.30991017726318787,-6.661535027821842,17262.445078715646,0.0,0.19676087423338548,2.0472243320962105,2260733.6602814426,594.7464688871885
146900.0,4596341.577606394,213953.9106101382,4596527.786829939,254.1162140540442,1648.5098334426957,253.89044303553962,-6.661174813559485,-0.3101427917908219,-6.661444663709952,17262.445078715646,0.0,0.19676087423338548,2.0472243320962105,2260733.6602814426,594.7464688871885
147000.0,4596366.955922076,214118.76004238083,4596553.14256717,253.45010108137842,1648.4788075326976,253.2243030797493,-6.661084670252619,-0.31037540854312407,-6.661354482594578,17262.445078715646,0.0,0.19676087423338548,2.0472243320962105,2260733.6602814426,594.7464688871885
147100.0,4596392.2676269105,214283.60637086935,4596578.431690856,252.78399711389474,1648.4477583609128,252.5581721329215,-6.660994709913947,-0.310608027523299,-6.661264484455715,17262.445078715646,0.0,0.19676087423338548,2.0472243320962105,2260733.6602814426,594.7464688871885
147200.0,4596417.512721798,214448.44959327762,4596603.654201897,252.11790213329735,1648.4166859271184,251.8920501767596,-6.660904932523575,-0.31084064873475786,-6.661174669273469,17262.445078715646,0.0,0.19676087423338548,2.0472243320962105,2260733.6602814426,594.7464688871885
147300.0,4596442.691207636,214613.2897072794,4596628.810101191,251.4518161212924,1648.385590231091,251.2259371929689,-6.660815338061692,-0.3110732721811145,-6.661085037028031,17262.445078715646,0.0,0.19676087423338548,2.0472243320962105,2260733.6602814426,594.7464688871885
147400.0,4596467.803085321,214778.12671054841,4596653.899389634,250.78573905958805,1648.3544712726075,250.55983316325674,-6.660725926508585,-0.3113058978661852,-6.6609955876996825,17262.445078715646,0.0,0.19676087423338548,2.0472243320962105,2260733.6602814426,594.7464688871885
147500.0,4596492.848355746,214942.96060075847,4596678.922068121,250.1196709298944,1648.3233290514431,249.8937380693324,-6.660636697844632,-0.31153852579398544,-6.660906321268803,17262.445078715646,0.0,0.19676087423338548,2.0472243320962105,2260733.6602814426,594.7464688871885
147600.0,4596517.827019804,215107.79137558327,4596703.878137545,249.4536117139235,1648.2921635673738,249.22765189290706,-6.660547652050317,-0.31177115596872956,-6.6608172377158725,17262.445078715646,0.0,0.19676087423338548,2.0472243320962105,2260733.6602814426,594.7464688871885
147700.0,4596542.739078386,215272.6190326965,4596728.767598796,248.78756139338932,1648.2609748201744,248.56157461569393,-6.6604587891061975,-0.3120037883948265,-6.660728337021448,17262.445078715646,0.0,0.19676087423338548,2.0472243320962105,2260733.6602814426,594.7464688871885
147800.0,4596567.584532379,215437.44356977186,4596753.590452763,248.12151995000787,1648.2297628096196,247.89550621940813,-6.660370108992933,-0.31223642307687977,-6.6606396191661865,17262.445078715646,0.0,0.19676087423338548,2.0472243320962105,2260733.6602814426,594.7464688871885
147900.0,4596592.363382671,215602.264984483,4596778.346700335,247.455487365497,1648.1985275354837,247.2294466857667,-6.660281611691272,-0.3124690600196847,-6.660551084130839,17262.445078715646,0.0,0.19676087423338548,2.0472243320962105,2260733.6602814426,594.7464688871885
148000.0,4596617.075630147,215767.0832745035,4596803.0363423955,246.78946362157652,1648.16726899754,246.56339599648862,-6.660193297182059,-0.3127016992282268,-6.660462731896245,17262.445078715646,0.0,0.19676087423338548,2.0472243320962105,2260733.6602814426,594.7464688871885
148100.0,4596641.72127569,215931.898437507,4596827.659379829,246.12344869996812,1648.1359871955622,245.89735413329475,-6.660105165446214,-0.31293434070767934,-6.6603745624433195,17262.445078715646,0.0,0.19676087423338548,2.0472243320962105,2260733.6602814426,594.7464688871885
148200.0,4596666.300320181,216096.71047116714,4596852.215813516,245.45744258239546,1648.1046821293226,245.23132107790786,-6.6600172164647535,-0.31316698446340224,-6.6602865757530845,17262.445078715646,0.0,0.19676087423338548,2.0472243320962105,2260733.6602814426,594.7464688871885
148300.0,4596690.812764499,216261.5193731574,4596876.705644337,244.791445250584,1648.0733537985934,244.56529681205265,-6.659929450218794,-0.31339963050094044,-6.660198771806653,17262.445078715646,0.0,0.19676087423338548,2.0472243320962105,2260733.6602814426,594.7464688871885
148400.0,4596715.258609523,216426.32514115138,4596901.128873171,244.12545668626115,1648.0420022031462,243.8992813174557,-6.659841866689512,-0.31363227882602024,-6.660111150585197,17262.445078715646,0.0,0.19676087423338548,2.0472243320962105,2260733.6602814426,594.7464688871885
148500.0,4596739.637856128,216591.12777282254,4596925.485500893,243.45947687115617,1648.0106273427518,243.2332745758454,-6.659754465858202,-0.31386492944455013,-6.660023712070009,17262.445078715646,0.0,0.19676087423338548,2.0472243320962105,2260733.6602814426,594.7464688871885
148600.0,4596763.950505188,216755.92726584442,4596949.775528377,242.79350578700019,1647.9792292171808,242.5672765689521,-6.659667247706222,-0.31409758236261687,-6.659936456242446,17262.445078715646,0.0,0.19676087423338548,2.0472243320962105,2260733.6602814426,594.7464688871885
148700.0,4596788.196557575,216920.72361789047,4596973.998956497,242.12754341552622,1647.9478078262025,241.90128727850797,-6.659580212215028,-0.31433023758648493,-6.659849383083964,17262.445078715646,0.0,0.19676087423338548,2.0472243320962105,2260733.6602814426,594.7464688871885
148800.0,4596812.37601416,217085.51682663415,4596998.155786122,241.46158973846912,1647.9163631695862,241.235306686247,-6.659493359366147,-0.3145628951225941,-6.659762492576087,17262.445078715646,0.0,0.19676087423338548,2.0472243320962105,2260733.6602814426,594.7464688871885
148900.0,4596836.488875812,217250.30688974887,4597022.246018123,240.79564473756554,1647.8848952471005,240.569334773905,-6.659406689141208,-0.3147955549775581,-6.659675784700441,17262.445078715646,0.0,0.19676087423338548,2.0472243320962105,2260733.6602814426,594.7464688871885
149000.0,4596860.535143397,217415.09380490804,4597046.269653366,240.12970839455403,1647.8534040585132,239.90337152321976,-6.659320201521914,-0.31502821715816315,-6.659589259438729,17262.445078715646,0.0,0.19676087423338548,2.0472243320962105,2260733.6602814426,594.7464688871885
149100.0,4596884.514817779,217579.87756978502,4597070.226692716,239.46378069117492,1647.8218896035912,239.23741691593074,-6.659233896490045,-0.31526088167136523,-6.6595029167727295,17262.445078715646,0.0,0.19676087423338548,2.0472243320962105,2260733.6602814426,594.7464688871885
149200.0,4596908.427899823,217744.6581820532,4597094.117137036,238.79786160917038,1647.790351882101,238.5714709337793,-6.659147774027482,-0.31549354852428996,-6.659416756684318,17262.445078715646,0.0,0.19676087423338548,2.0472243320962105,2260733.6602814426,594.7464688871885
149300.0,4596932.274390388,217909.43563938586,4597117.940987189,238.1319511302844,1647.7587908938083,237.90553355850855,-6.659061834116172,-0.31572621772422954,-6.659330779155444,17262.445078715646,0.0,0.19676087423338548,2.0472243320962105,2260733.6602814426,594.7464688871885
149400.0,4596956.054290335,218074.20993945637,4597141.698244034,237.4660492362627,1647.7272066384778,237.23960477186347,-6.6589760767381465,-0.3159588892786417,-6.659244984168136,17262.445078715646,0.0,0.19676087423338548,2.0472243320962105,2260733.6602814426,594.7464688871885
149500.0,4596979.7676005205,218238.98107993798,4597165.388908429,236.8001559088529,1647.6955991158738,236.5736845555908,-6.658890501875524,-0.3161915631951483,-6.659159371704509,17262.445078715646,0.0,0.19676087423338548,2.0472243320962105,2260733.6602814426,594.7464688871885
149600.0,4597003.414321802,218403.74905850395,4597189.01298123,236.13427112980435,1647.6639683257597,235.90777289143904,-6.658805109510496,-0.3164242394815332,-6.659073941746755,17262.445078715646,0.0,0.19676087423338548,2.0472243320962105,2260733.6602814426,594.7464688871885
149700.0,4597026.994455031,218568.51387282752,4597212.570463292,235.46839488086815,1647.6323142678982,235.2418697611585,-6.658719899625337,-0.3166569181457412,-6.658988694277142,17262.445078715646,0.0,0.19676087423338548,2.0472243320962105,2260733.6602814426,594.7464688871885
149800.0,4597050.508001061,218733.27552058193,4597236.061355467,234.8025271437972,1647.600636942051,234.57597514650126,-6.658634872202403,-0.31688959919587634,-6.65890362927803,17262.445078715646,0.0,0.19676087423338548,2.0472243320962105,2260733.6602814426,594.7464688871885
149900.0,4597073.954960743,218898.03399944032,4597259.485658605,234.13666790034617,1647.5689363479794,233.91008902922113,-6.65855002722412,-0.3171222826401996,-6.658818746731837,17262.445078715646,0.0,0.19676087423338548,2.0472243320962105,2260733.6602814426,594.7464688871885
150000.0,4597097.335334924,219062.7893070759,4597282.843373555,233.47081713227146,1647.537212485443,233.2442113910737,-6.658465364673005,-0.31735496848712874,-6.658734046621082,17262.445078715646,0.0,0.19676087423338548,2.0472243320962105,2260733.6602814426,594.7464688871885
150100.0,4597120.649124451,219227.5414411618,4597306.134501165,232.80497482133123,1647.5054653542015,232.57834221381628,-6.658380884531641,-0.31758765674523565,-6.658649528928346,17262.445078715646,0.0,0.19676087423338548,2.0472243320962105,2260733.6602814426,594.7464688871885
150200.0,4597143.896330169,219392.29039937112,4597329.359042279,232.13914094928538,1647.4736949540134,231.912481479208,-6.658296586782693,-0.3178203474232452,-6.6585651936362895,17262.445078715646,0.0,0.19676087423338548,2.0472243320962105,2260733.6602814426,594.7464688871885
150300.0,4597167.076952921,219557.03617937697,4597352.516997742,231.47331549789553,1647.441901284636,231.2466291690096,-6.6582124714089055,-0.31805304053003447,-6.658481040727658,17262.445078715646,0.0,0.19676087423338548,2.0472243320962105,2260733.6602814426,594.7464688871885
150400.0,4597190.190993548,219721.7787788524,4597375.608368393,230.807498448925,1647.4100843458261,230.5807852649836,-6.658128538393092,-0.3182857360746294,-6.6583970701852575,17262.445078715646,0.0,0.19676087423338548,2.0472243320962105,2260733.6602814426,594.7464688871885
150500.0,4597213.23845289,219886.51819547047,4597398.633155074,230.1416897841389,1647.3782441373396,229.91494974889426,-6.658044787718143,-0.3185184340662054,-6.658313281991982,17262.445078715646,0.0,0.19676087423338548,2.0472243320962105,2260733.6602814426,594.7464688871885
150600.0,4597236.219331784,220051.2544269042,4597421.591358622,229.47588948530392,1647.3463806589311,229.24912260250747,-6.657961219367026,-0.3187511345140849,-6.658229676130796,17262.445078715646,0.0,0.19676087423338548,2.0472243320962105,2260733.6602814426,594.7464688871885
150700.0,4597259.1336310655,220215.98747082657,4597444.482979872,228.8100975341886,1647.3144939103547,228.5833038075909,-6.657877833322792,-0.31898383742773617,-6.658146252584745,17262.445078715646,0.0,0.19676087423338548,2.0472243320962105,2260733.6602814426,594.7464688871885
150800.0,4597281.981351568,220380.71732491057,4597467.30801966,228.14431391256304,1647.2825838913632,227.9174933459139,-6.657794629568544,-0.3192165428167713,-6.658063011336932,17262.445078715646,0.0,0.19676087423338548,2.0472243320962105,2260733.6602814426,594.7464688871885
150900.0,4597304.7624941245,220545.44398682914,4597490.066478819,227.4785386021991,1647.2506506017085,227.25169119924746,-6.657711608087475,-0.3194492506909459,-6.657979952370549,17262.445078715646,0.0,0.19676087423338548,2.0472243320962105,2260733.6602814426,594.7464688871885
151000.0,4597327.477059565,220710.1674542552,4597512.758358177,226.81277158487032,1647.2186940411418,226.5858973493643,-6.657628768862854,-0.31968196106015695,-6.65789707566886,17262.445078715646,0.0,0.19676087423338548,2.0472243320962105,2260733.6602814426,594.7464688871885
151100.0,4597350.1250487175,220874.88772486165,4597535.383658565,226.14701284235187,1647.186714209413,225.92011177803877,-6.657546111878,-0.31991467393444095,-6.657814381215184,17262.445078715646,0.0,0.19676087423338548,2.0472243320962105,2260733.6602814426,594.7464688871885
151200.0,4597372.706462408,221039.60479632136,4597557.942380808,225.48126235642061,1647.154711106271,225.2543344670469,-6.657463637116333,-0.3201473893239746,-6.657731868992938,17262.445078715646,0.0,0.19676087423338548,2.0472243320962105,2260733.6602814426,594.7464688871885
151300.0,4597395.221301463,221204.31866630717,4597580.434525733,224.81552010885505,1647.1226847314638,224.58856539816637,-6.657381344561328,-0.32038010723907095,-6.657649538985593,17262.445078715646,0.0,0.19676087423338548,2.0472243320962105,2260733.6602814426,594.7464688871885
151400.0,4597417.669566705,221369.02933249192,4597602.860094162,224.14978608143534,1647.0906350847386,223.9228045531765,-6.657299234196531,-0.3206128276901794,-6.657567391176695,17262.445078715646,0.0,0.19676087423338548,2.0472243320962105,2260733.6602814426,594.7464688871885
151500.0,4597440.051258953,221533.73679254838,4597625.219086917,223.4840602559433,1647.0585621658408,223.25705191385828,-6.657217306005563,-0.32084555068788484,-6.657485425549863,17262.445078715646,0.0,0.19676087423338548,2.0472243320962105,2260733.6602814426,594.7464688871885
151600.0,4597462.366379029,221698.44104414934,4597647.511504818,222.8183426141623,1647.0264659745158,222.59130746199432,-6.657135559972115,-0.3210782762429051,-6.657403642088784,17262.445078715646,0.0,0.19676087423338548,2.0472243320962105,2260733.6602814426,594.7464688871885
151700.0,4597484.614927749,221863.14208496752,4597669.737348682,222.15263313787747,1646.9943465105068,221.92557117936886,-6.657053996079942,-0.3213110043660899,-6.657322040777214,17262.445078715646,0.0,0.19676087423338548,2.0472243320962105,2260733.6602814426,594.7464688871885
151800.0,4597506.796905928,222027.83991267567,4597691.8966193255,221.48693180887548,1646.9622037735567,221.25984304776776,-6.656972614312884,-0.3215437350684216,-6.657240621598986,17262.445078715646,0.0,0.19676087423338548,2.0472243320962105,2260733.6602814426,594.7464688871885
151900.0,4597528.912314381,222192.53452494647,4597713.989317562,220.8212386089446,1646.9300377634067,220.59412304897847,-6.656891414654825,-0.32177646836101026,-6.657159384537983,17262.445078715646,0.0,0.19676087423338548,2.0472243320962105,2260733.6602814426,594.7464688871885
152000.0,4597550.961153921,222357.22591945258,4597736.015444205,220.15555351987476,1646.8978484797976,219.9284111647901,-6.65681039708974,-0.3220092042550957,-6.657078329578178,17262.445078715646,0.0,0.19676087423338548,2.0472243320962105,2260733.6602814426,594.7464688871885
152100.0,4597572.9434253555,222521.91409386665,4597757.975000065,219.48987652345744,1646.8656359224685,219.26270737699332,-6.656729561601656,-0.3222419427620447,-6.656997456703597,17262.445078715646,0.0,0.19676087423338548,2.0472243320962105,2260733.6602814426,594.7464688871885
152200.0,4597594.859129494,222686.59904586128,4597779.86798595,218.82420760148574,1646.8334000911577,218.5970116673804,-6.6566489081746765,-0.32247468389335,-6.656916765898343,17262.445078715646,0.0,0.19676087423338548,2.0472243320962105,2260733.6602814426,594.7464688871885
152300.0,4597616.708267144,222851.28077310906,4597801.694402667,218.15854673575433,1646.801140985602,217.9313240177452,-6.656568436792975,-0.3227074276606292,-6.65683625714658,17262.445078715646,0.0,0.19676087423338548,2.0472243320962105,2260733.6602814426,594.7464688871885
152400.0,4597638.490839109,223015.95927328258,4597823.454251021,217.4928939080595,1646.7688586055372,217.26564440988315,-6.656488147440779,-0.3229401740756238,-6.6567559304325385,17262.445078715646,0.0,0.19676087423338548,2.0472243320962105,2260733.6602814426,594.7464688871885
152500.0,4597660.2068461925,223180.63454405437,4597845.147531816,216.82724910019905,1646.736552950698,216.5999728255913,-6.656408040102394,-0.32317292315019736,-6.6566757857405205,17262.445078715646,0.0,0.19676087423338548,2.0472243320962105,2260733.6602814426,594.7464688871885
152600.0,4597681.856289196,223345.3065830969,4597866.774245853,216.1616122939724,1646.704224020818,215.9343092466682,-6.6563281147621876,-0.32340567489633515,-6.656595823054891,17262.445078715646,0.0,0.19676087423338548,2.0472243320962105,2260733.6602814426,594.7464688871885
152700.0,4597703.439168918,223509.9753880827,4597888.334393932,215.49598347118052,1646.6718718156292,215.26865365491398,-6.656248371404594,-0.3236384293261423,-6.656516042360081,17262.445078715646,0.0,0.19676087423338548,2.0472243320962105,2260733.6602814426,594.7464688871885
152800.0,4597724.955486156,223674.6409566842,4597909.82797685,214.8303626136259,1646.6394963348628,214.60300603213034,-6.656168810014102,-0.3238711864518427,-6.65643644364058,17262.445078715646,0.0,0.19676087423338548,2.0472243320962105,2260733.6602814426,594.7464688871885
152900.0,4597746.4052417055,223839.30328657382,4597931.254995403,214.16474970311265,1646.6070975782486,213.93736636012054,-6.656089430575285,-0.32410394628577893,-6.656357026880952,17262.445078715646,0.0,0.19676087423338548,2.0472243320962105,2260733.6602814426,594.7464688871885
153000.0,4597767.788436361,224003.962375424,4597952.615450386,213.49914472144633,1646.574675545515,213.27173462068933,-6.656010233072767,-0.3243367088404096,-6.656277792065825,17262.445078715646,0.0,0.19676087423338548,2.0472243320962105,2260733.6602814426,594.7464688871885
153100.0,4597789.105070913,224168.61822090705,4597973.909342591,212.83354765043407,1646.5422302363893,212.60611079564305,-6.655931217491237,-0.3245694741283091,-6.656198739179883,17262.445078715646,0.0,0.19676087423338548,2.0472243320962105,2260733.6602814426,594.7464688871885
153200.0,4597810.355146154,224333.27082069538,4597995.136672808,212.16795847188456,1646.5097616505977,211.94049486678955,-6.655852383815449,-0.32480224216216647,-6.656119868207877,17262.445078715646,0.0,0.19676087423338548,2.0472243320962105,2260733.6602814426,594.7464688871885
153300.0,4597831.53866287,224497.92017246128,4598016.297441826,211.50237716760796,1646.477269787865,211.27488681593817,-6.6557737320302195,-0.32503501295478393,-6.656041179134623,17262.445078715646,0.0,0.19676087423338548,2.0472243320962105,2260733.6602814426,594.7464688871885
153400.0,4597852.655621849,224662.56627387705,4598037.391650433,210.836803719416,1646.4447546479144,210.60928662489982,-6.655695262120428,-0.3252677865190764,-6.655962671944997,17262.445078715646,0.0,0.19676087423338548,2.0472243320962105,2260733.6602814426,594.7464688871885
153500.0,4597873.706023876,224827.20912261494,4598058.4192994125,210.17123810912187,1646.4122162304682,209.94369427548688,-6.655616974071021,-0.32550056286807,-6.655884346623941,17262.445078715646,0.0,0.19676087423338548,2.0472243320962105,2260733.6602814426,594.7464688871885
153600.0,4597894.689869732,224991.84871634722,4598079.380389549,209.5056803185403,1646.3796545352475,209.27810974951325,-6.655538867867002,-0.3257333420149011,-6.655806203156458,17262.445078715646,0.0,0.19676087423338548,2.0472243320962105,2260733.6602814426,594.7464688871885
153700.0,4597915.607160199,225156.48505274605,4598100.274921623,208.84013032948747,1646.3470695619715,208.6125330287943,-6.655460943493436,-0.3259661239728153,-6.65572824152761,17262.445078715646,0.0,0.19676087423338548,2.0472243320962105,2260733.6602814426,594.7464688871885
153800.0,4597936.4578960575,225321.11812948366,4598121.102896415,208.1745881237811,1646.3144613103586,207.94696409514694,-6.6553832009354466,-0.32619890875516594,-6.655650461722518,17262.445078715646,0.0,0.19676087423338548,2.0472243320962105,2260733.6602814426,594.7464688871885
153900.0,4597957.242078084,225485.74794423216,4598141.864314701,207.50905368324035,1646.281829780126,207.2814029303895,-6.655305640178232,-0.3264316963754144,-6.655572863726376,17262.445078715646,0.0,0.19676087423338548,2.0472243320962105,2260733.6602814426,594.7464688871885
154000.0,4597977.959707052,225650.3744946637,4598162.559177259,206.8435269896859,1646.2491749709886,206.61584951634185,-6.655228261207032,-0.32666448684712746,-6.655495447524422,17262.445078715646,0.0,0.19676087423338548,2.0472243320962105,2260733.6602814426,594.7464688871885
154100.0,4597998.610783739,225814.99777845037,4598183.187484862,206.17800802493988,1646.216496882661,205.9503038348253,-6.65515106400716,-0.3268972801839773,-6.655418213101969,17262.445078715646,0.0,0.19676087423338548,2.0472243320962105,2260733.6602814426,594.7464688871885
154200.0,4598019.195308914,225979.61779326425,4598203.749238283,205.51249677082592,1646.1837955148558,205.28476586766263,-6.655074048563983,-0.3271300763997402,-6.65534116044438,17262.445078715646,0.0,0.19676087423338548,2.0472243320962105,2260733.6602814426,594.7464688871885
154300.0,4598039.71328335,226144.23453677734,4598224.244438292,204.84699320916903,1646.1510708672845,204.61923559667807,-6.654997214862938,-0.32736287550829585,-6.6552642895370875,17262.445078715646,0.0,0.19676087423338548,2.0472243320962105,2260733.6602814426,594.7464688871885
154400.0,4598060.1647078125,226308.8480066617,4598244.673085659,204.18149732179575,1646.1183229396572,203.95371300369735,-6.654920562889498,-0.3275956775236253,-6.655187600365562,17262.445078715646,0.0,0.19676087423338548,2.0472243320962105,2260733.6602814426,594.7464688871885
154500.0,4598080.549583069,226473.45820058926,4598265.035181149,203.51600909053403,1646.0855517316825,203.2881980705476,-6.654844092629227,-0.3278284824598124,-6.6551110929153685,17262.445078715646,0.0,0.19676087423338548,2.0472243320962105,2260733.6602814426,594.7464688871885
154600.0,4598100.867909885,226638.065116232,4598285.330725527,202.85052849721328,1646.0527572430674,202.6226907790574,-6.654767804067719,-0.3280612903310398,-6.655034767172092,17262.445078715646,0.0,0.19676087423338548,2.0472243320962105,2260733.6602814426,594.7464688871885
154700.0,4598121.119689022,226802.66875126184,4598305.559719559,202.18505552366435,1646.019939473518,201.95719111105677,-6.654691697190646,-0.3282941011515905,-6.65495862312141,17262.445078715646,0.0,0.19676087423338548,2.0472243320962105,2260733.6602814426,594.7464688871885
154800.0,4598141.304921242,226967.26910335067,4598325.722164003,201.51959015171948,1645.9870984227384,201.29169904837718,-6.654615771983723,-0.3285269149358449,-6.654882660749026,17262.445078715646,0.0,0.19676087423338548,2.0472243320962105,2260733.6602814426,594.7464688871885
154900.0,4598161.423607305,227131.86617017034,4598345.818059621,200.85413236321241,1645.9542340904316,200.6262145728515,-6.654540028432729,-0.3287597316982816,-6.654806880040725,17262.445078715646,0.0,0.19676087423338548,2.0472243320962105,2260733.6602814426,594.7464688871885
155000.0,4598181.475747967,227296.45994939268,4598365.847407171,200.18868213997823,1645.921346476299,199.96073766631403,-6.654464466523507,-0.32899255145347583,-6.654731280982339,17262.445078715646,0.0,0.19676087423338548,2.0472243320962105,2260733.6602814426,594.7464688871885
155100.0,4598201.461343984,227461.0504386895,4598385.810207407,199.52323946385346,1645.8884355800408,199.2952683106005,-6.65438908624195,-0.32922537421609854,-6.654655863559764,17262.445078715646,0.0,0.19676087423338548,2.0472243320962105,2260733.6602814426,594.7464688871885
155200.0,4598221.380396111,227625.6376357326,4598405.706461084,198.85780431667604,1645.8555014013552,198.62980648754802,-6.654313887574004,-0.32945820000091486,-6.654580627758938,17262.445078715646,0.0,0.19676087423338548,2.0472243320962105,2260733.6602814426,594.7464688871885
155300.0,4598241.232905098,227790.22153819367,4598425.536168955,198.19237668028532,1645.8225439399394,197.9643521789951,-6.654238870505676,-0.3296910288227843,-6.654505573565871,17262.445078715646,0.0,0.19676087423338548,2.0472243320962105,2260733.6602814426,594.7464688871885
155400.0,4598261.018871697,227954.80214374445,4598445.29933177,197.52695653652205,1645.7895631954889,197.29890536678172,-6.654164035023034,-0.3299238606966595,-6.654430700966627,17262.445078715646,0.0,0.19676087423338548,2.0472243320962105,2260733.6602814426,594.7464688871885
155500.0,4598280.738296655,228119.37945005664,4598464.995950278,196.86154386722833,1645.7565591676978,196.63346603274914,-6.654089381112193,-0.33015669563758493,-6.654356009947313,17262.445078715646,0.0,0.19676087423338548,2.0472243320962105,2260733.6602814426,594.7464688871885
155600.0,4598300.391180719,228283.95345480187,4598484.626025225,196.19613865424768,1645.7235318562587,195.96803415874007,-6.654014908759332,-0.33038953366069673,-6.654281500494108,17262.445078715646,0.0,0.19676087423338548,2.0472243320962105,2260733.6602814426,594.7464688871885
155700.0,4598319.977524634,228448.52415565177,4598504.189557358,195.530740879425,1645.6904812608625,195.30260972659858,-6.653940617950675,-0.33062237478122103,-6.654207172593235,17262.445078715646,0.0,0.19676087423338548,2.0472243320962105,2260733.6602814426,594.7464688871885
155800.0,4598339.497329143,228613.09155027792,4598523.686547418,194.86535052460653,1645.6574073811987,194.63719271817013,-6.653866508672511,-0.330855219014474,-6.65413302623098,17262.445078715646,0.0,0.19676087423338548,2.0472243320962105,2260733.6602814426,594.7464688871885
155900.0,4598358.950594986,228777.65563635188,4598543.116996149,194.19996757163992,1645.6243102169553,193.97178311530155,-6.6537925809111735,-0.3310880663758602,-6.654059061393673,17262.445078715646,0.0,0.19676087423338548,2.0472243320962105,2260733.6602814426,594.7464688871885
156000.0,4598378.337322903,228942.21641154515,4598562.480904288,193.53459200237418,1645.5911897678188,193.30638089984103,-6.653718834653063,-0.33132091688087234,-6.65398527806771,17262.445078715646,0.0,0.19676087423338548,2.0472243320962105,2260733.6602814426,594.7464688871885
156100.0,4598397.6575136315,229106.77387352925,4598581.778272574,192.86922379865965,1645.5580460334738,192.6409860536381,-6.653645269884625,-0.3315537705450908,-6.653911676239535,17262.445078715646,0.0,0.19676087423338548,2.0472243320962105,2260733.6602814426,594.7464688871885
156200.0,4598416.9111679075,229271.32801997566,4598601.009101743,192.20386294234805,1645.5248790136038,191.97559855854365,-6.653571886592358,-0.33178662738418124,-6.653838255895645,17262.445078715646,0.0,0.19676087423338548,2.0472243320962105,2260733.6602814426,594.7464688871885
156300.0,4598436.098286465,229435.8788485558,4598620.17339253,191.53850941529242,1645.4916887078905,191.31021839640994,-6.653498684762815,-0.33201948741389536,-6.653765017022588,17262.445078715646,0.0,0.19676087423338548,2.0472243320962105,2260733.6602814426,594.7464688871885
156400.0,4598455.218870034,229600.42635694103,4598639.271145666,190.87316319934718,1645.4584751160141,190.64484554909055,-6.653425664382615,-0.3322523506500702,-6.65369195960698,17262.445078715646,0.0,0.19676087423338548,2.0472243320962105,2260733.6602814426,594.7464688871885
156500.0,4598474.2729193475,229764.97054280277,4598658.302361882,190.20782427636803,1645.425238237653,189.9794799984404,-6.653352825438407,-0.3324852171086256,-6.653619083635468,17262.445078715646,0.0,0.19676087423338548,2.0472243320962105,2260733.6602814426,594.7464688871885
156600.0,4598493.260435132,229929.51140381233,4598677.267041908,189.54249262821207,1645.3919780724843,189.31412172631576,-6.653280167916915,-0.33271808680556586,-6.653546389094775,17262.445078715646,0.0,0.19676087423338548,2.0472243320962105,2260733.6602814426,594.7464688871885
156700.0,4598512.181418115,230094.04893764103,4598696.165186469,188.87716823673767,1645.3586946201833,188.6487707145742,-6.653207691804894,-0.3329509597569762,-6.653473875971648,17262.445078715646,0.0,0.19676087423338548,2.0472243320962105,2260733.6602814426,594.7464688871885
156800.0,4598531.035869021,230258.58314196012,4598714.996796292,188.21185108380456,1645.325387880424,187.98342694507463,-6.653135397089172,-0.3331838359790249,-6.653401544252915,17262.445078715646,0.0,0.19676087423338548,2.0472243320962105,2260733.6602814426,594.7464688871885
156900.0,4598549.823788573,230423.11401444086,4598733.7618721,187.54654115127374,1645.292057852878,187.31809039967726,-6.653063283756616,-0.3334167154879604,-6.653329393925441,17262.445078715646,0.0,0.19676087423338548,2.0472243320962105,2260733.6602814426,594.7464688871885
157000.0,4598568.545177491,230587.64155275442,4598752.460414613,186.88123842100757,1645.2587045372163,186.65276106024362,-6.652991351794151,-0.33364959830011187,-6.653257424976149,17262.445078715646,0.0,0.19676087423338548,2.0472243320962105,2260733.6602814426,594.7464688871885
157100.0,4598587.200036496,230752.165754572,4598771.092424551,186.21594287486968,1645.2253279331073,185.98743890863653,-6.652919601188748,-0.3338824844318873,-6.653185637392004,17262.445078715646,0.0,0.19676087423338548,2.0472243320962105,2260733.6602814426,594.7464688871885
157200.0,4598605.788366305,230916.68661756473,4598789.657902633,185.55065449472502,1645.1919280402187,185.32212392672014,-6.652848031927434,-0.33411537389977364,-6.653114031160028,17262.445078715646,0.0,0.19676087423338548,2.0472243320962105,2260733.6602814426,594.7464688871885
157300.0,4598624.310167633,231081.20413940374,4598808.156849574,184.88537326243983,1645.1585048582158,184.65681609635988,-6.652776643997283,-0.33434826672033585,-6.653042606267298,17262.445078715646,0.0,0.19676087423338548,2.0472243320962105,2260733.6602814426,594.7464688871885
157400.0,4598642.765441195,231245.71831776007,4598826.58926609,184.2200991598816,1645.1250583867625,183.99151539942247,-6.652705437385421,-0.3345811629102159,-6.652971362700935,17262.445078715646,0.0,0.19676087423338548,2.0472243320962105,2260733.6602814426,594.7464688871885
157500.0,4598661.154187703,231410.22915030477,4598844.955152892,183.5548321689192,1645.091588625521,183.32622181777592,-6.652634412079028,-0.3348140624861328,-6.65290030044811,17262.445078715646,0.0,0.19676087423338548,2.0472243320962105,2260733.6602814426,594.7464688871885
157600.0,4598679.476407866,231574.73663470885,4598863.25451069,182.8895722714227,1645.0580955741518,182.6609353332895,-6.6525635680653314,-0.3350469654648813,-6.652829419496056,17262.445078715646,0.0,0.19676087423338548,2.0472243320962105,2260733.6602814426,594.7464688871885
157700.0,4598697.732102393,231739.24076864327,4598881.487340194,182.22431944926348,1645.024579232314,181.99565592783378,-6.652492905331603,-0.3352798718633309,-6.652758719832038,17262.445078715646,0.0,0.19676087423338548,2.0472243320962105,2260733.6602814426,594.7464688871885
157800.0,4598715.921271991,231903.74154977896,4598899.6536421105,181.55907368431414,1644.9910395996646,181.3303835832806,-6.652422423865179,-0.33551278169842624,-6.6526882014433895,17262.445078715646,0.0,0.19676087423338548,2.0472243320962105,2260733.6602814426,594.7464688871885
157900.0,4598734.043917364,232068.23897578684,4598917.753417145,180.89383495844862,1644.9574766758592,180.66511828150303,-6.652352123653431,-0.3357456949871851,-6.65261786431748,17262.445078715646,0.0,0.19676087423338548,2.0472243320962105,2260733.6602814426,594.7464688871885
158000.0,4598752.100039217,232232.73304433774,4598935.786666001,180.22860325354205,1644.9238904605515,179.99986000437542,-6.652282004683782,-0.3359786117466986,-6.652547708441725,17262.445078715646,0.0,0.19676087423338548,2.0472243320962105,2260733.6602814426,594.7464688871885
158100.0,4598770.089638249,232397.22375310253,4598953.75338938,179.56337855147086,1644.8902809533936,179.33460873377342,-6.652212066943709,-0.3362115319941306,-6.652477733803604,17262.445078715646,0.0,0.19676087423338548,2.0472243320962105,2260733.6602814426,594.7464688871885
158200.0,4598788.01271516,232561.711099752,4598971.653587981,178.89816083411273,1644.8566481540358,178.66936445157387,-6.65214231042074,-0.3364444557467167,-6.65240794039064,17262.445078715646,0.0,0.19676087423338548,2.0472243320962105,2260733.6602814426,594.7464688871885
158300.0,4598805.869270648,232726.19508195692,4598989.487262502,178.23295008334657,1644.8229920621268,178.00412713965488,-6.652072735102445,-0.3366773830217635,-6.652338328190398,17262.445078715646,0.0,0.19676087423338548,2.0472243320962105,2260733.6602814426,594.7464688871885
158400.0,4598823.659305409,232890.675697388,4599007.25441364,177.5677462810525,1644.7893126773135,177.33889677989578,-6.652003340976442,-0.33691031383664805,-6.652268897190495,17262.445078715646,0.0,0.19676087423338548,2.0472243320962105,2260733.6602814426,594.7464688871885
158500.0,4598841.382820135,233055.15294371595,4599024.955042089,176.90254940911194,1644.755609999241,176.67367335417717,-6.651934128030408,-0.33714324820881775,-6.652199647378605,17262.445078715646,0.0,0.19676087423338548,2.0472243320962105,2260733.6602814426,594.7464688871885
158600.0,4598859.03981552,233219.6268186114,4599042.589148542,176.2373594494075,1644.7218840275525,176.00845684438087,-6.651865096252049,-0.3373761861557883,-6.652130578742432,17262.445078715646,0.0,0.19676087423338548,2.0472243320962105,2260733.6602814426,594.7464688871885
158700.0,4598876.6302922545,233384.097319745,4599060.156733688,175.57217638382303,1644.68813476189,175.3432472323899,-6.651796245629141,-0.33760912769514495,-6.652061691269744,17262.445078715646,0.0,0.19676087423338548,2.0472243320962105,2260733.6602814426,594.7464688871885
158800.0,4598894.154251026,233548.5644447873,4599077.657798218,174.90700019424358,1644.6543622018933,174.67804450008853,-6.65172757614949,-0.3378420728445406,-6.651992984948349,17262.445078715646,0.0,0.19676087423338548,2.0472243320962105,2260733.6602814426,594.7464688871885
158900.0,4598911.611692522,233713.02819140887,4599095.092342817,174.24183086255545,1644.6205663472003,174.01284862936225,-6.651659087800954,-0.33807502162169534,-6.651924459766099,17262.445078715646,0.0,0.19676087423338548,2.0472243320962105,2260733.6602814426,594.7464688871885
159000.0,4598929.002617426,233877.48855728022,4599112.460368172,173.5766683706461,1644.5867471974475,173.34765960209774,-6.651590780571449,-0.3383079740443966,-6.65185611571091,17262.445078715646,0.0,0.19676087423338548,2.0472243320962105,2260733.6602814426,594.7464688871885
159100.0,4598946.327026423,234041.94554007184,4599129.761874965,172.91151270040427,1644.5529047522693,172.6824774001829,-6.65152265444892,-0.33854093013049713,-6.651787952770718,17262.445078715646,0.0,0.19676087423338548,2.0472243320962105,2260733.6602814426,594.7464688871885
159200.0,4598963.584920193,234206.39913745417,4599146.996863879,172.24636383371984,1644.5190390112987,172.01730200550682,-6.651454709421372,-0.33877388989791607,-6.651719970933531,17262.445078715646,0.0,0.19676087423338548,2.0472243320962105,2260733.6602814426,594.7464688871885
159300.0,4598980.776299416,234370.84934709757,4599164.165335593,171.5812217524839,1644.4851499741665,171.35213339995983,-6.651386945476852,-0.33900685336463715,-6.65165217018739,17262.445078715646,0.0,0.19676087423338548,2.0472243320962105,2260733.6602814426,594.7464688871885
159400.0,4598997.901164769,234535.29616667243,4599181.267290785,170.91608643858876,1644.4512376405019,170.68697156543337,-6.651319362603456,-0.3392398205487086,-6.651584550520388,17262.445078715646,0.0,0.19676087423338548,2.0472243320962105,2260733.6602814426,594.7464688871885
159500.0,4599014.9595169285,234699.73959384908,4599198.302730131,170.25095787392792,1644.4173020099322,170.02181648382015,-6.651251960789315,-0.33947279146824205,-6.651517111920653,17262.445078715646,0.0,0.19676087423338548,2.0472243320962105,2260733.6602814426,594.7464688871885
159600.0,4599031.951356568,234864.17962629782,4599215.271654306,169.585836040396,1644.383343082083,169.35666813701405,-6.65118474002263,-0.3397057661414136,-6.651449854376382,17262.445078715646,0.0,0.19676087423338548,2.0472243320962105,2260733.6602814426,594.7464688871885
159700.0,4599048.87668436,235028.6162616889,4599232.174063982,168.92072091988888,1644.3493608565782,168.6915265069101,-6.65111770029162,-0.33993874458646056,-6.651382777875793,17262.445078715646,0.0,0.19676087423338548,2.0472243320962105,2260733.6602814426,594.7464688871885
159800.0,4599065.7355009755,235193.04949769253,4599249.009959831,168.25561249430356,1644.3153553330394,168.0263915754045,-6.651050841584561,-0.340171726821683,-6.651315882407156,17262.445078715646,0.0,0.19676087423338548,2.0472243320962105,2260733.6602814426,594.7464688871885
159900.0,4599082.527807082,235357.4793319789,4599265.77934252,167.59051074553824,1644.281326511087,167.36126332439466,-6.6509841638897855,-0.3404047128654431,-6.651249167958803,17262.445078715646,0.0,0.19676087423338548,2.0472243320962105,2260733.6602814426,594.7464688871885
160000.0,4599099.253603347,235521.9057622181,4599282.482212718,166.92541565549226,1644.2472743903388,166.69614173577912,-6.6509176671956585,-0.34063770273616334,-6.651182634519093,17262.445078715646,0.0,0.19676087423338548,2.0472243320962105,2260733.6602814426,594.7464688871885
160100.0,4599115.912890434,235686.32878608032,4599299.118571089,166.26032720606614,1644.2131989704114,166.0310267914576,-6.650851351490587,-0.34087069645232676,-6.6511162820764325,17262.445078715646,0.0,0.19676087423338548,2.0472243320962105,2260733.6602814426,594.7464688871885
160200.0,4599132.505669008,235850.74840123556,4599315.688418297,165.59524537916155,1644.1791002509194,165.365918473331,-6.650785216763032,-0.34110369403247665,-6.65105011061928,17262.445078715646,0.0,0.19676087423338548,2.0472243320962105,2260733.6602814426,594.7464688871885
160300.0,4599149.03193973,236015.16460535384,4599332.191755004,164.93017015668133,1644.1449782314755,164.7008167633013,-6.650719263001497,-0.3413366954952153,-6.6509841201361315,17262.445078715646,0.0,0.19676087423338548,2.0472243320962105,2260733.6602814426,594.7464688871885
160400.0,4599165.491703259,236179.57739610516,4599348.628581869,164.26510152052944,1644.1108329116903,164.0357216432717,-6.650653490194533,-0.34156970085920474,-6.6509183106155385,17262.445078715646,0.0,0.19676087423338548,2.0472243320962105,2260733.6602814426,594.7464688871885
160500.0,4599181.884960253,236343.98677115949,4599364.998899552,163.600039452611,1644.0766642911728,163.3706330951465,-6.650587898330719,-0.34180271014316393,-6.650852682046073,17262.445078715646,0.0,0.19676087423338548,2.0472243320962105,2260733.6602814426,594.7464688871885
160600.0,4599198.211711368,236508.3927281867,4599381.302708708,162.93498393483225,1644.0424723695303,162.70555110083117,-6.6505224873987006,-0.3420357233658711,-6.650787234416382,17262.445078715646,0.0,0.19676087423338548,2.0472243320962105,2260733.6602814426,594.7464688871885
160700.0,4599214.471957257,236672.7952648567,4599397.54000999,162.2699349491006,1644.0082571463677,162.04047564223228,-6.6504572573871545,-0.3422687405461611,-6.6507219677151355,17262.445078715646,0.0,0.19676087423338548,2.0472243320962105,2260733.6602814426,594.7464688871885
160800.0,4599230.665698574,236837.19437883925,4599413.710804054,161.6048924773245,1643.9740186212885,161.37540670125756,-6.6503922082848,-0.3425017617029254,-6.650656881931052,17262.445078715646,0.0,0.19676087423338548,2.0472243320962105,2260733.6602814426,594.7464688871885
160900.0,4599246.792935968,237001.5900678042,4599429.815091548,160.9398565014137,1643.9397567938938,160.71034425981586,-6.650327340080413,-0.34273478685511277,-6.650591977052903,17262.445078715646,0.0,0.19676087423338548,2.0472243320962105,2260733.6602814426,594.7464688871885
161000.0,4599262.8536700895,237165.98232942127,4599445.852873121,160.27482700327886,1643.9054716637836,160.04528829981714,-6.650262652762796,-0.34296781602172655,-6.6505272530694866,17262.445078715646,0.0,0.19676087423338548,2.0472243320962105,2260733.6602814426,594.7464688871885
161100.0,4599278.847901585,237330.37116136018,4599461.824149422,159.60980396483194,1643.871163230555,159.38023880317252,-6.650198146320807,-0.34320084922182614,-6.650462709969656,17262.445078715646,0.0,0.19676087423338548,2.0472243320962105,2260733.6602814426,594.7464688871885
161200.0,4599294.775631098,237494.7565612906,4599477.728921097,158.9447873679859,1643.836831493804,158.71519575179414,-6.650133820743334,-0.3434338864745257,-6.650398347742302,17262.445078715646,0.0,0.19676087423338548,2.0472243320962105,2260733.6602814426,594.7464688871885
161300.0,4599310.636859273,237659.13852688213,4599493.567188787,158.27977719465483,1643.8024764531244,158.05015912759535,-6.650069676019328,-0.34366692779899377,-6.650334166376367,17262.445078715646,0.0,0.19676087423338548,2.0472243320962105,2260733.6602814426,594.7464688871885
161400.0,4599326.431586751,237823.5170558044,4599509.338953136,157.61477342675394,1643.768098108108,157.38512891249053,-6.650005712137763,-0.3438999732144526,-6.650270165860824,17262.445078715646,0.0,0.19676087423338548,2.0472243320962105,2260733.6602814426,594.7464688871885
161500.0,4599342.1598141715,237987.89214572695,4599525.044214782,156.94977604619956,1643.7336964583446,156.7201050883952,-6.649941929087672,-0.34413302274017826,-6.6502063461847,17262.445078715646,0.0,0.19676087423338548,2.0472243320962105,2260733.6602814426,594.7464688871885
161600.0,4599357.821542173,238152.26379431924,4599540.682974366,156.28478503490905,1643.6992715034223,156.05508763722597,-6.649878326858114,-0.3443660763954991,-6.650142707337055,17262.445078715646,0.0,0.19676087423338548,2.0472243320962105,2260733.6602814426,594.7464688871885
161700.0,4599373.4167713905,238316.63199925076,4599556.255232521,155.61980037480095,1643.6648232429272,155.39007654090054,-6.6498149054382045,-0.3445991341997965,-6.650079249306998,17262.445078715646,0.0,0.19676087423338548,2.0472243320962105,2260733.6602814426,594.7464688871885
161800.0,4599388.945502459,238480.99675819094,4599571.760989885,154.95482204779478,1643.6303516764435,154.72507178133768,-6.649751664817092,-0.3448321961725036,-6.650015972083678,17262.445078715646,0.0,0.19676087423338548,2.0472243320962105,2260733.6602814426,594.7464688871885
161900.0,4599404.407736011,238645.35806880918,4599587.200247088,154.28985003581124,1643.5958568035533,154.06007334045725,-6.649688604983974,-0.3450652623331054,-6.649952875656285,17262.445078715646,0.0,0.19676087423338548,2.0472243320962105,2260733.6602814426,594.7464688871885
162000.0,4599419.803472676,238809.71592877476,4599602.573004763,153.62488432077208,1643.5613386238367,153.39508120018024,-6.6496257259280895,-0.3452983327011379,-6.649889960014056,17262.445078715646,0.0,0.19676087423338548,2.0472243320962105,2260733.6602814426,594.7464688871885
162100.0,4599435.132713084,238974.07033575702,4599617.879263538,152.9599248846001,1643.5267971368721,152.73009534242863,-6.649563027638706,-0.34553140729618714,-6.649827225146255,17262.445078715646,0.0,0.19676087423338548,2.0472243320962105,2260733.6602814426,594.7464688871885
162200.0,4599450.395457862,239138.4212874252,4599633.11902404,152.29497170921917,1643.4922323422359,152.0651157491255,-6.649500510105149,-0.3457644861378904,-6.649764671042205,17262.445078715646,0.0,0.19676087423338548,2.0472243320962105,2260733.6602814426,594.7464688871885
162300.0,4599465.591707635,239302.76878144854,4599648.292286896,151.63002477655425,1643.4576442395023,151.40014240219506,-6.649438173316784,-0.3459975692459344,-6.649702297691265,17262.445078715646,0.0,0.19676087423338548,2.0472243320962105,2260733.6602814426,594.7464688871885
162400.0,4599480.721463026,239467.11281549616,4599663.399052729,150.96508406853133,1643.4230328282438,150.73517528356248,-6.649376017263003,-0.34623065664005465,-6.64964010508283,17262.445078715646,0.0,0.19676087423338548,2.0472243320962105,2260733.6602814426,594.7464688871885
162500.0,4599495.784724656,239631.4533872372,4599678.439322161,150.3001495670775,1643.3883981080307,150.07021437515408,-6.649314041933258,-0.34646374834003674,-6.649578093206344,17262.445078715646,0.0,0.19676087423338548,2.0472243320962105,2260733.6602814426,594.7464688871885
162600.0,4599510.781493145,239795.7904943408,4599693.41309581,149.6352212541209,1643.3537400784317,149.40525965889717,-6.649252247317032,-0.34669684436571374,-6.649516262051287,17262.445078715646,0.0,0.19676087423338548,2.0472243320962105,2260733.6602814426,594.7464688871885
162700.0,4599525.711769112,239960.12413447592,4599708.320374298,148.97029911159066,1643.319058739013,148.74031111672014,-6.6491906334038475,-0.3469299447369671,-6.649454611607178,17262.445078715646,0.0,0.19676087423338548,2.0472243320962105,2260733.6602814426,594.7464688871885
162800.0,4599540.575553173,240124.45430531158,4599723.1611582395,148.30538312141704,1643.2843540893389,148.07536873055238,-6.649129200183267,-0.3471630494737261,-6.649393141863578,17262.445078715646,0.0,0.19676087423338548,2.0472243320962105,2260733.6602814426,594.7464688871885
162900.0,4599555.372845941,240288.78100451676,4599737.935448249,147.64047326553128,1643.249626128972,147.4104324823244,-6.6490679476449035,-0.3473961585959674,-6.6493318528100955,17262.445078715646,0.0,0.19676087423338548,2.0472243320962105,2260733.6602814426,594.7464688871885
163000.0,4599570.10364803,240453.10422976033,4599752.64324494,146.97556952586567,1643.214874857473,146.7455023539677,-6.6490068757784035,-0.3476292721237143,-6.649270744436373,17262.445078715646,0.0,0.19676087423338548,2.0472243320962105,2260733.6602814426,594.7464688871885
163100.0,4599584.76796005,240617.4239787112,4599767.284548923,146.31067188435355,1643.1801002743998,146.08057832741483,-6.64894598457345,-0.34786239007703634,-6.649209816732089,17262.445078715646,0.0,0.19676087423338548,2.0472243320962105,2260733.6602814426,594.7464688871885
163200.0,4599599.36578261,240781.74024903815,4599781.8593608085,145.64578032292928,1643.1453023793092,145.41566038459933,-6.648885274019777,-0.34809551247605,-6.649149069686978,17262.445078715646,0.0,0.19676087423338548,2.0472243320962105,2260733.6602814426,594.7464688871885
163300.0,4599613.897116317,240946.05303840997,4599796.3676812025,144.98089482352825,1643.1104811717557,144.75074850745582,-6.648824744107143,-0.34832863934091596,-6.649088503290793,17262.445078715646,0.0,0.19676087423338548,2.0472243320962105,2260733.6602814426,594.7464688871885
163400.0,4599628.361961776,241110.3623444954,4599810.809510712,144.31601536808682,1643.0756366512915,144.08584267791989,-6.648764394825364,-0.34856177069184174,-6.649028117533347,17262.445078715646,0.0,0.19676087423338548,2.0472243320962105,2260733.6602814426,594.7464688871885
163500.0,4599642.7603195915,241274.6681649631,4599825.184849939,143.65114193854248,1643.040768817467,143.42094287792818,-6.648704226164285,-0.34879490654907874,-6.648967912404479,17262.445078715646,0.0,0.19676087423338548,2.0472243320962105,2260733.6602814426,594.7464688871885
163600.0,4599657.092190364,241438.97049748176,4599839.493699487,142.98627451683362,1643.0058776698309,142.75604908941835,-6.64864423811379,-0.349028046932923,-6.6489078878940715,17262.445078715646,0.0,0.19676087423338548,2.0472243320962105,2260733.6602814426,594.7464688871885
163700.0,4599671.357574695,241603.26933971993,4599853.736059956,142.3214130848997,1642.970963207929,142.09116129432908,-6.648584430663808,-0.34926119186371507,-6.648848043992051,17262.445078715646,0.0,0.19676087423338548,2.0472243320962105,2260733.6602814426,594.7464688871885
163800.0,4599685.556473181,241767.56468934618,4599867.911931945,141.65655762468117,1642.9360254313058,141.4262794746,-6.648524803804301,-0.3494943413618388,-6.648788380688377,17262.445078715646,0.0,0.19676087423338548,2.0472243320962105,2260733.6602814426,594.7464688871885
163900.0,4599699.688886418,241931.85654402903,4599882.02131605,140.99170811811948,1642.9010643395036,140.7614036121718,-6.648465357525283,-0.349727495447722,-6.648728897973056,17262.445078715646,0.0,0.19676087423338548,2.0472243320962105,2260733.6602814426,594.7464688871885
164000.0,4599713.754815002,242096.1449014369,4599896.064212865,140.32686454715707,1642.8660799320626,140.0965336889861,-6.648406091816793,-0.34996065414183475,-6.648669595836128,17262.445078715646,0.0,0.19676087423338548,2.0472243320962105,2260733.6602814426,594.7464688871885
164100.0,4599727.754259525,242260.42975923824,4599910.040622985,139.66202689373742,1642.831072208521,139.43166968698563,-6.648347006668909,-0.35019381746469,-6.648610474267666,17262.445078715646,0.0,0.19676087423338548,2.0472243320962105,2260733.6602814426,594.7464688871885
164200.0,4599741.687220577,242424.71111510138,4599923.950546999,138.99719513980494,1642.7960411684146,138.76681158811397,-6.6482881020717635,-0.3504269854368435,-6.6485515332577965,17262.445078715646,0.0,0.19676087423338548,2.0472243320962105,2260733.6602814426,594.7464688871885
164300.0,4599755.553698748,242588.98896669468,4599937.793985499,138.33236926730504,1642.760986811278,138.10195937431578,-6.6482293780155075,-0.3506601580788919,-6.64849277279667,17262.445078715646,0.0,0.19676087423338548,2.0472243320962105,2260733.6602814426,594.7464688871885
164400.0,4599769.353694626,242753.2633116864,4599951.570939071,137.66754925818412,1642.7259091366425,137.43711302753667,-6.648170834490349,-0.35089333541147477,-6.6484341928744906,17262.445078715646,0.0,0.19676087423338548,2.0472243320962105,2260733.6602814426,594.7464688871885
164500.0,4599783.087208795,242917.53414774477,4599965.2814083,137.00273509438958,1642.6908081440386,136.77227252972324,-6.648112471486525,-0.3511265174552718,-6.648375793481493,17262.445078715646,0.0,0.19676087423338548,2.0472243320962105,2260733.6602814426,594.7464688871885
164600.0,4599796.754241839,243081.80147253795,4599978.92539377,136.33792675786975,1642.6556838329939,136.10743786282305,-6.6480542889943095,-0.35135970423100393,-6.648317574607944,17262.445078715646,0.0,0.19676087423338548,2.0472243320962105,2260733.6602814426,594.7464688871885
164700.0,4599810.35479434,243246.06528373406,4599992.502896066,135.673124230574,1642.6205362030341,135.44260900878464,-6.6479962870040215,-0.3515928957594326,-6.648259536244162,17262.445078715646,0.0,0.19676087423338548,2.0472243320962105,2260733.6602814426,594.7464688871885
164800.0,4599823.888866878,243410.32557900122,4600006.013915765,135.00832749445254,1642.585365253683,134.77778594955754,-6.6479384655060105,-0.3518260920613594,-6.6482016783804925,17262.445078715646,0.0,0.19676087423338548,2.0472243320962105,2260733.6602814426,594.7464688871885
164900.0,4599837.356460031,243574.58235600745,4600019.458453448,134.3435365314567,1642.550170984462,134.1129686670922,-6.647880824490673,-0.35205929315762585,-6.64814400100733,17262.445078715646,0.0,0.19676087423338548,2.0472243320962105,2260733.6602814426,594.7464688871885
165000.0,4599850.757574376,243738.83561242075,4600032.836509691,133.67875132353865,1642.5149533948909,133.44815714334004,-6.647823363948431,-0.35229249906911286,-6.648086504115092,17262.445078715646,0.0,0.19676087423338548,2.0472243320962105,2260733.6602814426,594.7464688871885
165100.0,4599864.0922104865,243903.08534590906,4600046.148085068,133.01397185265157,1642.479712484487,132.78335136025345,-6.647766083869757,-0.3525257098167405,-6.648029187694246,17262.445078715646,0.0,0.19676087423338548,2.0472243320962105,2260733.6602814426,594.7464688871885
165200.0,4599877.360368936,244067.33155414026,4600059.393180153,132.34919810074956,1642.4444482527656,132.1185512997858,-6.647708984245158,-0.352758925421468,-6.647972051735296,17262.445078715646,0.0,0.19676087423338548,2.0472243320962105,2260733.6602814426,594.7464688871885
165300.0,4599890.562050296,244231.5742347822,4600072.5717955185,131.68443004978772,1642.4091606992401,131.4537569438913,-6.64765206506517,-0.35299214590429256,-6.647915096228777,17262.445078715646,0.0,0.19676087423338548,2.0472243320962105,2260733.6602814426,594.7464688871885
165400.0,4599903.6972551355,244395.81338550267,4600085.683931733,131.01966768172204,1642.3738498234216,130.78896827452525,-6.647595326320383,-0.3532253712862505,-6.6478583211652715,17262.445078715646,0.0,0.19676087423338548,2.0472243320962105,2260733.6602814426,594.7464688871885
165500.0,4599916.765984021,244560.04900396944,4600098.729589363,130.35491097850945,1642.338515624819,130.12418527364377,-6.647538768001409,-0.3534586015884149,-6.64780172653539,17262.445078715646,0.0,0.19676087423338548,2.0472243320962105,2260733.6602814426,594.7464688871885
165600.0,4599929.768237519,244724.2810878502,4600111.708768976,129.69015992210788,1642.303158102939,129.45940792320403,-6.647482390098902,-0.35369183683189725,-6.647745312329786,17262.445078715646,0.0,0.19676087423338548,2.0472243320962105,2260733.6602814426,594.7464688871885
165700.0,4599942.704016193,244888.50963481257,4600124.621471136,129.0254144944761,1642.267777257287,128.794636205164,-6.647426192603557,-0.3539250770378459,-6.6476890785391465,17262.445078715646,0.0,0.19676087423338548,2.0472243320962105,2260733.6602814426,594.7464688871885
165800.0,4599955.573320605,245052.73464252416,4600137.467696404,128.3606746775739,1642.2323730873654,128.12987010148268,-6.647370175506106,-0.35415832222744653,-6.647633025154201,17262.445078715646,0.0,0.19676087423338548,2.0472243320962105,2260733.6602814426,594.7464688871885
165900.0,4599968.376151315,245216.95610865252,4600150.247445342,127.69594045336194,1642.1969455926749,127.46510959411995,-6.647314338797313,-0.35439157242192093,-6.647577152165711,17262.445078715646,0.0,0.19676087423338548,2.0472243320962105,2260733.6602814426,594.7464688871885
166000.0,4599981.112508882,245381.17403086516,4600162.960718509,127.0312118038018,1642.1614947727137,126.80035466503664,-6.647258682467983,-0.3546248276425279,-6.647521459564479,17262.445078715646,0.0,0.19676087423338548,2.0472243320962105,2260733.6602814426,594.7464688871885
166100.0,4599993.782393862,245545.38840682953,4600175.607516461,126.366488710856,1642.1260206269783,126.13560529619446,-6.647203206508953,-0.35485808791056134,-6.647465947341335,17262.445078715646,0.0,0.19676087423338548,2.0472243320962105,2260733.6602814426,594.7464688871885
166200.0,4600006.385806809,245709.599234213,4600188.187839753,125.70177115648798,1642.0905231549627,125.47086146955607,-6.647147910911104,-0.35509135324735186,-6.64741061548716,17262.445078715646,0.0,0.19676087423338548,2.0472243320962105,2260733.6602814426,594.7464688871885
166300.0,4600018.922748277,245873.80651068295,4600200.701688939,125.03705912266206,1642.055002356159,124.80612316708503,-6.6470927956653485,-0.35532462367426526,-6.647355463992862,17262.445078715646,0.0,0.19676087423338548,2.0472243320962105,2260733.6602814426,594.7464688871885
166400.0,4600031.393218817,246038.01023390665,4600213.14906457,124.37235259134349,1642.0194582300574,124.14139037074581,-6.647037860762637,-0.35555789921270226,-6.647300492849387,17262.445078715646,0.0,0.19676087423338548,2.0472243320962105,2260733.6602814426,594.7464688871885
166500.0,4600043.797218978,246202.21040155136,4600225.529967195,123.7076515444984,1641.9838907761455,123.47666306250376,-6.6469831061939635,-0.3557911798840988,-6.647245702047724,17262.445078715646,0.0,0.19676087423338548,2.0472243320962105,2260733.6602814426,594.7464688871885
166600.0,4600056.134749308,246366.40701128426,4600237.844397364,123.04295596409386,1641.948299993909,122.81194122432517,-6.646928531950339,-0.3560244657099249,-6.647191091578886,17262.445078715646,0.0,0.19676087423338548,2.0472243320962105,2260733.6602814426,594.7464688871885
166700.0,4600068.405810352,246530.6000607725,4600250.092355622,122.3782658320978,1641.912685882831,122.1472248381772,-6.646874138022829,-0.3562577567116853,-6.647136661433932,17262.445078715646,0.0,0.19676087423338548,2.0472243320962105,2260733.6602814426,594.7464688871885
166800.0,4600080.610402656,246694.78954768318,4600262.273842513,121.71358113047906,1641.8770484423933,121.48251388602789,-6.6468199244025294,-0.3564910529109187,-6.647082411603951,17262.445078715646,0.0,0.19676087423338548,2.0472243320962105,2260733.6602814426,594.7464688871885
166900.0,4600092.748526759,246858.97546968333,4600274.388858579,121.04890184120735,1641.841387672075,120.8178083498462,-6.6467658910805705,-0.3567243543291975,-6.647028342080074,17262.445078715646,0.0,0.19676087423338548,2.0472243320962105,2260733.6602814426,594.7464688871885
167000.0,4600104.820183204,247023.15782443993,4600286.4374043625,120.38422794625329,1641.8057035713528,120.15310821160196,-6.646712038048125,-0.35695766098812787,-6.6469744528534696,17262.445078715646,0.0,0.19676087423338548,2.0472243320962105,2260733.6602814426,594.7464688871885
167100.0,4600116.825372527,247187.3366096199,4600298.419480401,119.71955942758836,1641.7699961397018,119.48841345326589,-6.646658365296392,-0.3571909729093487,-6.6469207439153335,17262.445078715646,0.0,0.19676087423338548,2.0472243320962105,2260733.6602814426,594.7464688871885
167200.0,4600128.764095267,247351.51182289014,4600310.335087232,119.05489626718494,1641.7342653765947,118.82372405680958,-6.64660487281661,-0.35742429011453203,-6.6468672152569,17262.445078715646,0.0,0.19676087423338548,2.0472243320962105,2260733.6602814426,594.7464688871885
167300.0,4600140.636351959,247515.68346191748,4600322.184225391,118.39023844701627,1641.698511281502,118.15904000420548,-6.646551560600056,-0.3576576126253826,-6.64681386686944,17262.445078715646,0.0,0.19676087423338548,2.0472243320962105,2260733.6602814426,594.7464688871885
167400.0,4600152.442143135,247679.85152436869,4600333.966895411,117.72558594905645,1641.6627338538922,117.49436127742695,-6.646498428638041,-0.3578909404636378,-6.646760698744266,17262.445078715646,0.0,0.19676087423338548,2.0472243320962105,2260733.6602814426,594.7464688871885
167500.0,4600164.181469326,247844.01600791048,4600345.6830978235,117.06093875528046,1641.6269330932312,116.82968785844818,-6.646445476921915,-0.3581242736510669,-6.646707710872721,17262.445078715646,0.0,0.19676087423338548,2.0472243320962105,2260733.6602814426,594.7464688871885
167600.0,4600175.854331062,248008.17691020953,4600357.332833159,116.39629684766416,1641.591108998983,116.16501972924425,-6.646392705443054,-0.3583576122094709,-6.6466549032461755,17262.445078715646,0.0,0.19676087423338548,2.0472243320962105,2260733.6602814426,594.7464688871885
167700.0,4600187.460728871,248172.33422893245,4600368.916101945,115.73166020818424,1641.5552615706094,115.50035687179107,-6.646340114192878,-0.3585909561606828,-6.646602275856052,17262.445078715646,0.0,0.19676087423338548,2.0472243320962105,2260733.6602814426,594.7464688871885
167800.0,4600199.000663279,248336.48796174582,4600380.432904708,115.06702881881824,1641.5193908075703,114.83569926806544,-6.6462877031628365,-0.3588243055265667,-6.646549828693792,17262.445078715646,0.0,0.19676087423338548,2.0472243320962105,2260733.6602814426,594.7464688871885
167900.0,4600210.474134809,248500.63810631612,4600391.883241973,114.40240266154461,1641.483496709323,114.171046900045,-6.646235472344423,-0.3590576603290182,-6.646497561750887,17262.445078715646,0.0,0.19676087423338548,2.0472243320962105,2260733.6602814426,594.7464688871885
168000.0,4600221.881143985,248664.78466030982,4600403.267114262,113.73778171834259,1641.4475792753226,113.50639974970824,-6.646183421729155,-0.3592910205899634,-6.646445475018851,17262.445078715646,0.0,0.19676087423338548,2.0472243320962105,2260733.6602814426,594.7464688871885
168100.0,4600233.221691326,248828.9276213933,4600414.584522096,113.0731659711923,1641.4116385050222,112.84175779903448,-6.646131551308594,-0.3595243863313592,-6.646393568489241,17262.445078715646,0.0,0.19676087423338548,2.0472243320962105,2260733.6602814426,594.7464688871885
168200.0,4600244.495777352,248993.06698723292,4600425.835465995,112.40855540207467,1641.375674397873,112.17712103000392,-6.64607986107433,-0.35975775757519307,-6.646341842153645,17262.445078715646,0.0,0.19676087423338548,2.0472243320962105,2260733.6602814426,594.7464688871885
168300.0,4600255.703402579,249157.20275549495,4600437.019946475,111.7439499929715,1641.339686953323,111.51248942459756,-6.646028351017995,-0.3599911343434821,-6.646290296003688,17262.445078715646,0.0,0.19676087423338548,2.0472243320962105,2260733.6602814426,594.7464688871885
168400.0,4600266.844567522,249321.33492384563,4600448.137964051,111.07934972586541,1641.3036761708192,110.84786296479727,-6.645977021131244,-0.36022451665827393,-6.646238930031024,17262.445078715646,0.0,0.19676087423338548,2.0472243320962105,2260733.6602814426,594.7464688871885
168500.0,4600277.919272696,249485.46348995116,4600459.189519239,110.41475458273987,1641.2676420498058,110.18324163258573,-6.645925871405779,-0.3604579045416454,-6.646187744227351,17262.445078715646,0.0,0.19676087423338548,2.0472243320962105,2260733.6602814426,594.7464688871885
168600.0,4600288.92751861,249649.58845147764,4600470.174612548,109.75016454557915,1641.2315845897247,109.51862540994645,-6.645874901833338,-0.36069129801570365,-6.646136738584405,17262.445078715646,0.0,0.19676087423338548,2.0472243320962105,2260733.6602814426,594.7464688871885
168700.0,4600299.869305775,249813.70980609112,4600481.09324449,109.08557959636838,1641.1955037900157,108.85401427886377,-6.645824112405672,-0.36092469710258335,-6.646085913093931,17262.445078715646,0.0,0.19676087423338548,2.0472243320962105,2260733.6602814426,594.7464688871885
168800.0,4600310.744634698,249977.82755145762,4600491.945415573,108.42099971709347,1641.1593996501163,108.18940822132285,-6.645773503114598,-0.3611581018244502,-6.646035267747746,17262.445078715646,0.0,0.19676087423338548,2.0472243320962105,2260733.6602814426,594.7464688871885
168900.0,4600321.553505886,250141.9416852431,4600502.731126303,107.75642488974117,1641.123272169462,107.52480721930968,-6.64572307395194,-0.36139151220349697,-6.645984802537666,17262.445078715646,0.0,0.19676087423338548,2.0472243320962105,2260733.6602814426,594.7464688871885
169000.0,4600332.295919844,250306.05220511346,4600513.450377185,107.09185509629906,1641.0871213474863,106.86021125481105,-6.64567282490957,-0.36162492826194587,-6.64593451745556,17262.445078715646,0.0,0.19676087423338548,2.0472243320962105,2260733.6602814426,594.7464688871885
169100.0,4600342.971877073,250470.15910873454,4600524.103168721,106.42729031875551,1641.0509471836197,106.19562030981457,-6.645622755979398,-0.36185835002204747,-6.645884412493338,17262.445078715646,0.0,0.19676087423338548,2.0472243320962105,2260733.6602814426,594.7464688871885
169200.0,4600353.581378074,250634.2623937721,4600534.689501413,105.7627305390997,1641.014749677291,105.53103436630866,-6.645572867153354,-0.3620917775060798,-6.645834487642923,17262.445078715646,0.0,0.19676087423338548,2.0472243320962105,2260733.6602814426,594.7464688871885
169300.0,4600364.1244233465,250798.3620578919,4600545.2093757605,105.09817573932163,1640.978528827927,104.86645340628253,-6.645523158423416,-0.36232521073634943,-6.645784742896292,17262.445078715646,0.0,0.19676087423338548,2.0472243320962105,2260733.6602814426,594.7464688871885
169400.0,4600374.601013388,250962.45809875958,4600555.66279226,104.43362590141209,1640.9422846349516,104.20187741172622,-6.645473629781587,-0.36255864973519003,-6.645735178245439,17262.445078715646,0.0,0.19676087423338548,2.0472243320962105,2260733.6602814426,594.7464688871885
169500.0,4600385.011148692,251126.55051404075,4600566.0497514075,103.76908100736264,1640.906017097787,103.53730636463052,-6.645424281219907,-0.36279209452496297,-6.645685793682406,17262.445078715646,0.0,0.19676087423338548,2.0472243320962105,2260733.6602814426,594.7464688871885
169600.0,4600395.354829754,251290.63930140098,4600576.370253697,103.1045410391657,1640.869726215853,102.87274024698708,-6.645375112730447,-0.3630255451280569,-6.645636589199259,17262.445078715646,0.0,0.19676087423338548,2.0472243320962105,2260733.6602814426,594.7464688871885
169700.0,4600405.632057064,251454.72445850575,4600586.62429962,102.44000597881441,1640.833411988567,102.20817904078828,-6.645326124305322,-0.36325900156688773,-6.645587564788111,17262.445078715646,0.0,0.19676087423338548,2.0472243320962105,2260733.6602814426,594.7464688871885
169800.0,4600415.842831112,251618.8059830205,4600596.811889668,101.77547580830274,1640.7970744153442,101.54362272802732,-6.6452773159366725,-0.36349246386389783,-6.6455387204410945,17262.445078715646,0.0,0.19676087423338548,2.0472243320962105,2260733.6602814426,594.7464688871885
169900.0,4600425.987152387,251782.8838726106,4600606.933024328,101.11095050962545,1640.760713495598,100.87907129069818,-6.645228687616669,-0.36372593204155607,-6.64549005615038,17262.445078715646,0.0,0.19676087423338548,2.0472243320962105,2260733.6602814426,594.7464688871885
170000.0,4600436.065021376,251946.9581249414,4600616.987704088,100.44643006477806,1640.7243292287392,100.21452471079562,-6.645180239337522,-0.3639594061223579,-6.645441571908173,17262.445078715646,0.0,0.19676087423338548,2.0472243320962105,2260733.6602814426,594.7464688871885
170100.0,4600446.076438562,252111.0287376781,4600626.975929432,99.78191445575685,1640.687921614176,99.54998297031518,-6.645131971091471,-0.3641928861288249,-6.6453932677067105,17262.445078715646,0.0,0.19676087423338548,2.0472243320962105,2260733.6602814426,594.7464688871885
170200.0,4600456.021404428,252275.09570848595,4600636.8977008425,99.1174036645589,1640.651490651315,98.88544605125318,-6.6450838828708,-0.3644263720835052,-6.64534514353827,17262.445078715646,0.0,0.19676087423338548,2.0472243320962105,2260733.6602814426,594.7464688871885
170300.0,4600465.899919455,252439.15903503008,4600646.753018802,98.4528976731821,1640.6150363395602,98.22091393560669,-6.645035974667812,-0.36465986400897193,-6.645297199395155,17262.445078715646,0.0,0.19676087423338548,2.0472243320962105,2260733.6602814426,594.7464688871885
170400.0,4600475.711984122,252603.21871497555,4600656.541883789,97.788396463625,1640.5785586783134,97.55638660537356,-6.644988246474851,-0.3648933619278242,-6.645249435269702,17262.445078715646,0.0,0.19676087423338548,2.0472243320962105,2260733.6602814426,594.7464688871885
170500.0,4600485.457598907,252767.2747459874,4600666.264296282,97.12390001788704,1640.542057666974,96.89186404255241,-6.644940698284292,-0.36512686586268644,-6.645201851154286,17262.445078715646,0.0,0.19676087423338548,2.0472243320962105,2260733.6602814426,594.7464688871885
170600.0,4600495.136764284,252931.3271257306,4600675.920256756,96.45940831796833,1640.5055333049395,96.22734622914263,-6.644893330088544,-0.36536037583620856,-6.645154447041309,17262.445078715646,0.0,0.19676087423338548,2.0472243320962105,2260733.6602814426,594.7464688871885
170700.0,4600504.749480728,253095.37585187002,4600685.509765686,95.79492134586975,1640.4689855916047,95.56283314714433,-6.644846141880049,-0.3655938918710652,-6.645107222923211,17262.445078715646,0.0,0.19676087423338548,2.0472243320962105,2260733.6602814426,594.7464688871885
170800.0,4600514.295748711,253259.4209220705,4600695.032823543,95.13043908359299,1640.4324145263624,94.89832477855842,-6.644799133651285,-0.3658274139899562,-6.645060178792466,17262.445078715646,0.0,0.19676087423338548,2.0472243320962105,2260733.6602814426,594.7464688871885
170900.0,4600523.775568701,253423.46233399687,4600704.489430798,94.46596151314043,1640.3958201086032,94.23382110538651,-6.644752305394757,-0.3660609422156056,-6.645013314641578,17262.445078715646,0.0,0.19676087423338548,2.0472243320962105,2260733.6602814426,594.7464688871885
171000.0,4600533.188941169,253587.5000853138,4600713.87958792,93.80148861651521,1640.359202337715,93.56932210963102,-6.644705657103006,-0.3662944765707622,-6.644966630463082,17262.445078715646,0.0,0.19676087423338548,2.0472243320962105,2260733.6602814426,594.7464688871885
171100.0,4600542.535866579,253751.53417368597,4600723.203295376,93.13702037572125,1640.3225612130839,92.90482777329507,-6.6446591887686095,-0.36652801707819915,-6.64492012624955,17262.445078715646,0.0,0.19676087423338548,2.0472243320962105,2260733.6602814426,594.7464688871885
171200.0,4600551.816345398,253915.56459677796,4600732.46055363,92.47255677276316,1640.2858967340935,92.24033807838252,-6.644612900384174,-0.3667615637607137,-6.644873801993588,17262.445078715646,0.0,0.19676087423338548,2.0472243320962105,2260733.6602814426,594.7464688871885
171300.0,4600561.030378088,254079.5913522543,4600741.6513631465,91.80809778964633,1640.2492089001253,91.575853006898,-6.644566791942334,-0.3669951166411267,-6.644827657687825,17262.445078715646,0.0,0.19676087423338548,2.0472243320962105,2260733.6602814426,594.7464688871885
171400.0,4600570.17796511,254243.61443777947,4600750.775724386,91.14364340837685,1640.212497710558,90.91137254084686,-6.644520863435766,-0.367228675742283,-6.6447816933249335,17262.445078715646,0.0,0.19676087423338548,2.0472243320962105,2260733.6602814426,594.7464688871885
171500.0,4600579.259106923,254407.63385101786,4600759.8336378075,90.47919361096157,1640.1757631647686,90.24689666223516,-6.644475114857182,-0.36746224108705167,-6.644735908897623,17262.445078715646,0.0,0.19676087423338548,2.0472243320962105,2260733.6602814426,594.7464688871885
171600.0,4600588.273803985,254571.64958963386,4600768.825103871,89.81474837940806,1640.1390052621316,89.58242535306972,-6.644429546199302,-0.3676958126983237,-6.644690304398612,17262.445078715646,0.0,0.19676087423338548,2.0472243320962105,2260733.6602814426,594.7464688871885
171700.0,4600597.222056751,254735.6616512917,4600777.7501230305,89.15030769572459,1640.1022240020193,88.91795859535807,-6.64438415745491,-0.3679293905990146,-6.644644879820674,17262.445078715646,0.0,0.19676087423338548,2.0472243320962105,2260733.6602814426,594.7464688871885
171800.0,4600606.103865676,254899.67003365565,4600786.608695741,88.48587154192019,1640.0654193838013,88.25349637110845,-6.644338948616806,-0.3681629748120628,-6.644599635156612,17262.445078715646,0.0,0.19676087423338548,2.0472243320962105,2260733.6602814426,594.7464688871885
171900.0,4600614.91923121,255063.67473438985,4600795.400822455,87.82143990000459,1640.0285914068456,87.58903866232986,-6.644293919677822,-0.368396565360429,-6.644554570399254,17262.445078715646,0.0,0.19676087423338548,2.0472243320962105,2260733.6602814426,594.7464688871885
172000.0,4600623.668153805,255227.6757511584,4600804.126503623,87.15701275198823,1639.9917400705174,86.92458545103196,-6.6442490706308295,-0.36863016226709716,-6.644509685541466,17262.445078715646,0.0,0.19676087423338548,2.0472243320962105,2260733.6602814426,594.7464688871885
172100.0,4600632.350633909,255391.67308162528,4600812.785739695,86.49259007988226,1639.9548653741795,86.26013671922516,-6.644204401468728,-0.3688637655550737,-6.644464980576143,17262.445078715646,0.0,0.19676087423338548,2.0472243320962105,2260733.6602814426,594.7464688871885
172200.0,4600640.966671969,255555.66672345452,4600821.378531116,85.82817186569855,1639.9179673171927,85.59569244892056,-6.6441599121844455,-0.3690973752473874,-6.64442045549621,17262.445078715646,0.0,0.19676087423338548,2.0472243320962105,2260733.6602814426,594.7464688871885
172300.0,4600649.516268429,255719.65667431,4600829.904878332,85.16375809144968,1639.8810458989158,84.93125262212997,-6.644115602770946,-0.36933099136708897,-6.644376110294628,17262.445078715646,0.0,0.19676087423338548,2.0472243320962105,2260733.6602814426,594.7464688871885
172400.0,4600657.999423734,255883.64293185557,4600838.364781788,84.4993487391489,1639.8441011187044,84.26681722086592,-6.64407147322123,-0.36956461393725193,-6.644331944964391,17262.445078715646,0.0,0.19676087423338548,2.0472243320962105,2260733.6602814426,594.7464688871885
172500.0,4600666.416138324,256047.62549375498,4600846.7582419235,83.8349437908102,1639.8071329759125,83.60238622714161,-6.644027523528322,-0.3697982429809711,-6.644287959498526,17262.445078715646,0.0,0.19676087423338548,2.0472243320962105,2260733.6602814426,594.7464688871885
172600.0,4600674.766412638,256211.60435767198,4600855.08525918,83.17054322844824,1639.7701414698915,82.93795962297096,-6.643983753685282,-0.37003187852136316,-6.644244153890084,17262.445078715646,0.0,0.19676087423338548,2.0472243320962105,2260733.6602814426,594.7464688871885
172700.0,4600683.050247115,256375.57952127018,4600863.3458339935,82.50614703407838,1639.7331265999908,82.27353739036857,-6.643940163685204,-0.37026552058156675,-6.644200528132158,17262.445078715646,0.0,0.19676087423338548,2.0472243320962105,2260733.6602814426,594.7464688871885
172800.0,4600691.26764219,256539.55098221317,4600871.539966802,81.84175518971666,1639.696088365557,81.60911951134975,-6.643896753521215,-0.3704991691847419,-6.644157082217868,17262.445078715646,0.0,0.19676087423338548,2.0472243320962105,2260733.6602814426,594.7464688871885
172900.0,4600699.418598297,256703.51873816445,4600879.66765804,81.17736767737983,1639.6590267659349,80.94470596793045,-6.643853523186464,-0.37073282435406935,-6.644113816140363,17262.445078715646,0.0,0.19676087423338548,2.0472243320962105,2260733.6602814426,594.7464688871885
173000.0,4600707.503115869,256867.4827867875,4600887.72890814,80.51298447908529,1639.6219418004666,80.28029674212735,-6.6438104726741445,-0.3709664861127516,-6.644070729892832,17262.445078715646,0.0,0.19676087423338548,2.0472243320962105,2260733.6602814426,594.7464688871885
173100.0,4600715.521195336,257031.44312574566,4600895.723717532,79.84860557685114,1639.584833468492,79.61589181595778,-6.643767601977474,-0.37120015448401217,-6.644027823468487,17262.445078715646,0.0,0.19676087423338548,2.0472243320962105,2260733.6602814426,594.7464688871885
173200.0,4600723.472837127,257195.39975270227,4600903.652086646,79.18423095269617,1639.5477017693486,78.95149117143977,-6.643724911089704,-0.3714338294910952,-6.643985096860577,17262.445078715646,0.0,0.19676087423338548,2.0472243320962105,2260733.6602814426,594.7464688871885
173300.0,4600731.358041668,257359.3526653206,4600911.514015909,78.5198605886398,1639.5105467023718,78.28709479059201,-6.643682400004115,-0.3716675111572654,-6.643942550062382,17262.445078715646,0.0,0.19676087423338548,2.0472243320962105,2260733.6602814426,594.7464688871885
173400.0,4600739.176809385,257523.30186126378,4600919.309505747,77.85549446670217,1639.4733682668943,77.62270265543386,-6.643640068714027,-0.3719011995058086,-6.643900183067212,17262.445078715646,0.0,0.19676087423338548,2.0472243320962105,2260733.6602814426,594.7464688871885
173500.0,4600746.929140702,257687.24733819498,4600927.038556581,77.19113256890404,1639.436166462247,76.95831474798536,-6.643597917212784,-0.37213489456003057,-6.643857995868412,17262.445078715646,0.0,0.19676087423338548,2.0472243320962105,2260733.6602814426,594.7464688871885
173600.0,4600754.61503604,257851.18909377724,4600934.701168836,76.52677487726687,1639.398941287758,76.29393105026719,-6.643555945493757,-0.37236859634325725,-6.643815988459347,17262.445078715646,0.0,0.19676087423338548,2.0472243320962105,2260733.6602814426,594.7464688871885
173700.0,4600762.234495818,258015.12712567352,4600942.297342931,75.86242137381277,1639.3616927427531,75.62955154430071,-6.643514153550366,-0.3726023048788356,-6.643774160833434,17262.445078715646,0.0,0.19676087423338548,2.0472243320962105,2260733.6602814426,594.7464688871885
173800.0,4600769.787520453,258179.06143154675,4600949.827079284,75.1980720405645,1639.3244208265562,74.96517621210795,-6.643472541376046,-0.37283602019013157,-6.643732512984106,17262.445078715646,0.0,0.19676087423338548,2.0472243320962105,2260733.6602814426,594.7464688871885
173900.0,4600777.274110364,258342.9920090598,4600957.290378312,74.53372685954548,1639.2871255384885,74.30080503571156,-6.643431108964267,-0.37306974230053136,-6.643691044904827,17262.445078715646,0.0,0.19676087423338548,2.0472243320962105,2260733.6602814426,594.7464688871885
174000.0,4600784.694265963,258506.91885587538,4600964.687240429,73.86938581277978,1639.2498068778687,73.63643799713486,-6.643389856308536,-0.37330347123344115,-6.6436497565891015,17262.445078715646,0.0,0.19676087423338548,2.0472243320962105,2260733.6602814426,594.7464688871885
174100.0,4600792.047987663,258670.84196965626,4600972.017666048,73.20504888229212,1639.2124648440135,72.97207507840183,-6.6433487834023826,-0.3735372070122861,-6.643608648030455,17262.445078715646,0.0,0.19676087423338548,2.0472243320962105,2260733.6602814426,594.7464688871885
174200.0,4600799.335275875,258834.76134806505,4600979.281655582,72.54071605010786,1639.1750994362371,72.30771626153708,-6.643307890239373,-0.37377094966051144,-6.643567719222451,17262.445078715646,0.0,0.19676087423338548,2.0472243320962105,2260733.6602814426,594.7464688871885
174300.0,4600806.556131009,258998.67698876435,4600986.479209437,71.87638729825302,1639.1377106538516,71.64336152856586,-6.643267176813109,-0.37400469920158164,-6.6435269701586845,17262.445078715646,0.0,0.19676087423338548,2.0472243320962105,2260733.6602814426,594.7464688871885
174400.0,4600813.710553471,259162.58888941666,4600993.610328022,71.21206260875424,1639.1002984961663,70.97901086151408,-6.643226643117215,-0.37423845565898023,-6.643486400832779,17262.445078715646,0.0,0.19676087423338548,2.0472243320962105,2260733.6602814426,594.7464688871885
174500.0,4600820.798543666,259326.4970476844,4601000.675011744,70.54774196363879,1639.0628629624885,70.31466424240826,-6.64318628914535,-0.3744722190562098,-6.643446011238391,17262.445078715646,0.0,0.19676087423338548,2.0472243320962105,2260733.6602814426,594.7464688871885
174600.0,4600827.820101998,259490.40146122992,4601007.673261005,69.88342534493458,1639.025404052123,69.65032165327555,-6.643146114891203,-0.3747059894167917,-6.643405801369201,17262.445078715646,0.0,0.19676087423338548,2.0472243320962105,2260733.6602814426,594.7464688871885
174700.0,4600834.775228868,259654.30212771555,4601014.605076209,69.21911273467016,1638.9879217643722,68.98598307614378,-6.643106120348495,-0.3749397667642665,-6.6433657712189325,17262.445078715646,0.0,0.19676087423338548,2.0472243320962105,2260733.6602814426,594.7464688871885
174800.0,4600841.663924677,259818.1990448035,4601021.470457754,68.5548041148747,1638.9504160985364,68.32164849304135,-6.643066305510977,-0.37517355112219325,-6.643325920781329,17262.445078715646,0.0,0.19676087423338548,2.0472243320962105,2260733.6602814426,594.7464688871885
174900.0,4600848.486189824,259982.09221015594,4601028.26940604,67.890499467578,1638.9128870539132,67.6573178859973,-6.6430266703724365,-0.3754073425141498,-6.643286250050176,17262.445078715646,0.0,0.19676087423338548,2.0472243320962105,2260733.6602814426,594.7464688871885
175000.0,4600855.242024703,260145.98162143497,4601035.001921464,67.22619877481046,1638.8753346297983,66.99299123704131,-6.642987214926682,-0.3756411409637319,-6.643246759019275,17262.445078715646,0.0,0.19676087423338548,2.0472243320962105,2260733.6602814426,594.7464688871885
175100.0,4600861.93142971,260309.86727630257,4601041.66800442,66.5619020186031,1638.8377588254846,66.32866852820365,-6.642947939167559,-0.3758749464945541,-6.643207447682472,17262.445078715646,0.0,0.19676087423338548,2.0472243320962105,2260733.6602814426,594.7464688871885
175200.0,4600868.554405238,260473.7491724207,4601048.267655301,65.89760918098759,1638.8001596402626,65.66434974151522,-6.6429088430889465,-0.37610875913024944,-6.643168316033639,17262.445078715646,0.0,0.19676087423338548,2.0472243320962105,2260733.6602814426,594.7464688871885
175300.0,4600875.110951676,260637.62730745124,4601054.800874499,65.23332024399616,1638.7625370734208,65.00003485900753,-6.642869926684746,-0.37634257889446804,-6.6431293640666755,17262.445078715646,0.0,0.19676087423338548,2.0472243320962105,2260733.6602814426,594.7464688871885
175400.0,4600881.601069415,260801.50167905597,4601061.267662402,64.56903518966169,1638.7248911242452,64.3357238627127,-6.642831189948895,-0.376576405810879,-6.643090591775516,17262.445078715646,0.0,0.19676087423338548,2.0472243320962105,2260733.6602814426,594.7464688871885
175500.0,4600888.024758843,260965.37228489664,4601067.6680194,63.90475400001764,1638.6872217920195,63.67141673466344,-6.642792632875362,-0.37681023990316853,-6.643051999154124,17262.445078715646,0.0,0.19676087423338548,2.0472243320962105,2260733.6602814426,594.7464688871885
175600.0,4600894.382020344,261129.2391226349,4601074.001945877,63.24047665709808,1638.6495290760247,63.00711345689308,-6.642754255458138,-0.3770440811950408,-6.643013586196485,17262.445078715646,0.0,0.19676087423338548,2.0472243320962105,2260733.6602814426,594.7464688871885
175700.0,4600900.672854302,261293.10218993234,4601080.269442219,62.57620314293767,1638.6118129755398,62.34281401143555,-6.6427160576912625,-0.37727792971021823,-6.642975352896637,17262.445078715646,0.0,0.19676087423338548,2.0472243320962105,2260733.6602814426,594.7464688871885
175800.0,4600906.8972611,261456.9614844505,4601086.470508807,61.91193343957168,1638.574073489841,61.67851838032536,-6.642678039568784,-0.3775117854724398,-6.642937299248627,17262.445078715646,0.0,0.19676087423338548,2.0472243320962105,2260733.6602814426,594.7464688871885
175900.0,4600913.055241116,261620.8170038508,4601092.6051460225,61.247667529035965,1638.5363106182028,61.01422654559762,-6.642640201084799,-0.3777456485054627,-6.642899425246546,17262.445078715646,0.0,0.19676087423338548,2.0472243320962105,2260733.6602814426,594.7464688871885
176000.0,4600919.146794731,261784.6687457946,4601098.673354243,60.58340539336697,1638.4985243598967,60.34993848928804,-6.642602542233424,-0.37797951883306075,-6.642861730884507,17262.445078715646,0.0,0.19676087423338548,2.0472243320962105,2260733.6602814426,594.7464688871885
176100.0,4600925.17192232,261948.5167079432,4601104.675133846,59.91914701460172,1638.4607147141921,59.68565419343291,-6.642565063008811,-0.37821339647902524,-6.6428242161566535,17262.445078715646,0.0,0.19676087423338548,2.0472243320962105,2260733.6602814426,594.7464688871885
176200.0,4600931.130624258,262112.36088795782,4601110.610485206,59.25489237477784,1638.422881680356,59.0213736400691,-6.642527763405141,-0.3784472814671648,-6.6427868810571695,17262.445078715646,0.0,0.19676087423338548,2.0472243320962105,2260733.6602814426,594.7464688871885
176300.0,4600937.0229009185,262276.20128349966,4601116.479408698,58.59064145593352,1638.385025257653,58.35709681123406,-6.642490643416619,-0.3786811738213042,-6.642749725580254,17262.445078715646,0.0,0.19676087423338548,2.0472243320962105,2260733.6602814426,594.7464688871885
176400.0,4600942.848752673,262440.03789222974,4601122.281904693,57.92639424010754,1638.3471454453454,57.692823688965824,-6.642453703037488,-0.3789150735652858,-6.642712749720146,17262.445078715646,0.0,0.19676087423338548,2.0472243320962105,2260733.6602814426,594.7464688871885
176500.0,4600948.60817989,262603.8707118091,4601128.017973559,57.26215070933924,1638.3092422426928,57.028554255303,-6.642416942262021,-0.37914898072296865,-6.642675953471111,17262.445078715646,0.0,0.19676087423338548,2.0472243320962105,2260733.6602814426,594.7464688871885
176600.0,4600954.301182937,262767.6997398986,4601133.687615666,56.59791084566854,1638.2713156489529,56.36428849228476,-6.642380361084522,-0.37938289531822844,-6.642639336827455,17262.445078715646,0.0,0.19676087423338548,2.0472243320962105,2260733.6602814426,594.7464688871885
176700.0,4600959.927762181,262931.52497415914,4601139.290831379,55.93367463113592,1638.2333656633805,55.70002638195085,-6.642343959499317,-0.379616817374957,-6.642602899783498,17262.445078715646,0.0,0.19676087423338548,2.0472243320962105,2260733.6602814426,594.7464688871885
176800.0,4600965.487917984,263095.3464122515,4601144.827621063,55.26944204778245,1638.1953922852283,55.03576790634159,-6.6423077375007695,-0.37985074691706305,-6.642566642333604,17262.445078715646,0.0,0.19676087423338548,2.0472243320962105,2260733.6602814426,594.7464688871885
176900.0,4600970.98165071,263259.1640518364,4601150.297985081,54.60521307764973,1638.1573955137467,54.37151304749785,-6.642271695083275,-0.38008468396847167,-6.642530564472158,17262.445078715646,0.0,0.19676087423338548,2.0472243320962105,2260733.6602814426,594.7464688871885
177000.0,4600976.40896072,263422.9778905745,4601155.701923792,53.94098770277994,1638.1193753481834,53.707261787461064,-6.642235832241251,-0.38031862855312365,-6.642494666193574,17262.445078715646,0.0,0.19676087423338548,2.0472243320962105,2260733.6602814426,594.7464688871885
177100.0,4600981.76984837,263586.7879261263,4601161.039437558,53.27676590521582,1638.0813317877842,53.043014108273226,-6.642200148969151,-0.3805525806949766,-6.642458947492307,17262.445078715646,0.0,0.19676087423338548,2.0472243320962105,2260733.6602814426,594.7464688871885
177200.0,4600987.064314019,263750.5941561522,4601166.310526733,52.612547667000634,1638.0432648317917,52.37876999197688,-6.642164645261454,-0.38078654041800364,-6.642423408362831,17262.445078715646,0.0,0.19676087423338548,2.0472243320962105,2260733.6602814426,594.7464688871885
177300.0,4600992.292358021,263914.39657831274,4601171.515191674,51.94833297017823,1638.005174479447,51.71452942061512,-6.642129321112677,-0.3810205077461944,-6.642388048799656,17262.445078715646,0.0,0.19676087423338548,2.0472243320962105,2260733.6602814426,594.7464688871885
177400.0,4600997.45398073,264078.19519026816,4601176.653432734,51.28412179679298,1637.9670607299884,51.05029237623159,-6.642094176517358,-0.3812544827035538,-6.64235286879732,17262.445078715646,0.0,0.19676087423338548,2.0472243320962105,2260733.6602814426,594.7464688871885
177500.0,4601002.549182497,264241.9899896788,4601181.725250266,50.61991412888982,1637.9289235826514,50.386058840870476,-6.642059211470065,-0.38148846531410263,-6.642317868350384,17262.445078715646,0.0,0.19676087423338548,2.0472243320962105,2260733.6602814426,594.7464688871885
177600.0,4601007.577963672,264405.78097420477,4601186.730644618,49.95570994851421,1637.8907630366696,49.72182879657651,-6.642024425965407,-0.38172245560187806,-6.642283047453454,17262.445078715646,0.0,0.19676087423338548,2.0472243320962105,2260733.6602814426,594.7464688871885
177700.0,4601012.540324602,264569.56814150617,4601191.66961614,49.29150923771216,1637.8525790912743,49.057602225394966,-6.64198981999801,-0.3819564535909318,-6.642248406101154,17262.445078715646,0.0,0.19676087423338548,2.0472243320962105,2260733.6602814426,594.7464688871885
177800.0,4601017.436265634,264733.35148924304,4601196.542165179,48.627311978530216,1637.814371745694,48.39337910937164,-6.641955393562534,-0.3821904593053316,-6.642213944288141,17262.445078715646,0.0,0.19676087423338548,2.0472243320962105,2260733.6602814426,594.7464688871885
177900.0,4601022.2657871125,264897.1310150753,4601201.348292077,47.96311815301544,1637.776140999155,47.72915943055287,-6.6419211466536705,-0.3824244727691607,-6.642179662009099,17262.445078715646,0.0,0.19676087423338548,2.0472243320962105,2260733.6602814426,594.7464688871885
178000.0,4601027.0288893785,265060.9067166628,4601206.087997179,47.29892774321544,1637.737886850881,47.06494317098553,-6.641887079266142,-0.38265849400651747,-6.642145559258751,17262.445078715646,0.0,0.19676087423338548,2.0472243320962105,2260733.6602814426,594.7464688871885
178100.0,4601031.725572774,265224.6785916654,4601210.761280824,46.63474073117834,1637.6996093000937,46.40073031271701,-6.641853191394699,-0.38289252304151566,-6.642111636031839,17262.445078715646,0.0,0.19676087423338548,2.0472243320962105,2260733.6602814426,594.7464688871885
178200.0,4601036.355837638,265388.44663774275,4601215.368143354,45.9705570989528,1637.661308346012,45.736520837795226,-6.641819483034117,-0.3831265598982839,-6.642077892323139,17262.445078715646,0.0,0.19676087423338548,2.0472243320962105,2260733.6602814426,594.7464688871885
178300.0,4601040.919684306,265552.2108525545,4601219.908585104,45.30637682858799,1637.6229839878524,45.072314728268616,-6.641785954179201,-0.3833606046009657,-6.642044328127452,17262.445078715646,0.0,0.19676087423338548,2.0472243320962105,2260733.6602814426,594.7464688871885
178400.0,4601045.417113114,265715.9712337602,4601224.382606411,44.64219990213361,1637.5846362248294,44.40811196618614,-6.641752604824803,-0.38359465717372065,-6.642010943439624,17262.445078715646,0.0,0.19676087423338548,2.0472243320962105,2260733.6602814426,594.7464688871885
178500.0,4601049.848124397,265879.7277790193,4601228.790207609,43.97802630163986,1637.5462650561547,43.74391253359727,-6.641719434965777,-0.38382871764072163,-6.641977738254506,17262.445078715646,0.0,0.19676087423338548,2.0472243320962105,2260733.6602814426,594.7464688871885
178600.0,4601054.212718485,266043.48048599117,4601233.131389028,43.31385600915745,1637.5078704810373,43.07971641255198,-6.6416864445970285,-0.38406278602615734,-6.641944712567,17262.445078715646,0.0,0.19676087423338548,2.0472243320962105,2260733.6602814426,594.7464688871885
178700.0,4601058.510895709,266207.2293523352,4601237.406151001,42.64968900673761,1637.4694524986846,42.41552358510078,-6.641653633713482,-0.38429686235423116,-6.641911866372028,17262.445078715646,0.0,0.19676087423338548,2.0472243320962105,2260733.6602814426,594.7464688871885
178800.0,4601062.742656396,266370.97437571065,4601241.614493855,41.98552527643208,1637.431011108301,41.75133403329466,-6.641621002310095,-0.38453094664916077,-6.64187919966454,17262.445078715646,0.0,0.19676087423338548,2.0472243320962105,2260733.6602814426,594.7464688871885
178900.0,4601066.9080008725,266534.7155537766,4601245.756417917,41.32136480029309,1637.3925463090884,41.08714773918513,-6.641588550381849,-0.38476503893517855,-6.641846712439521,17262.445078715646,0.0,0.19676087423338548,2.0472243320962105,2260733.6602814426,594.7464688871885
179000.0,4601071.006929464,266698.4528841922,4601249.831923512,40.65720756037337,1637.3540581002467,40.42296468482418,-6.641556277923768,-0.3849991392365314,-6.641814404691983,17262.445078715646,0.0,0.19676087423338548,2.0472243320962105,2260733.6602814426,594.7464688871885
179100.0,4601075.039442492,266862.1863646163,4601253.841010962,39.993053538726166,1637.3155464809731,39.75878485226431,-6.641524184930891,-0.3852332475774808,-6.641782276416967,17262.445078715646,0.0,0.19676087423338548,2.0472243320962105,2260733.6602814426,594.7464688871885
179200.0,4601079.005540278,267025.915992708,4601257.783680589,39.328902717405185,1637.2770114504624,39.09460822355853,-6.641492271398289,-0.3854673639823018,-6.641750327609536,17262.445078715646,0.0,0.19676087423338548,2.0472243320962105,2260733.6602814426,594.7464688871885
179300.0,4601082.905223141,267189.64176612603,4601261.659932713,38.66475507846466,1637.238453007907,38.430434780760315,-6.641460537321069,-0.38570148847528457,-6.641718558264796,17262.445078715646,0.0,0.19676087423338548,2.0472243320962105,2260733.6602814426,594.7464688871885
179400.0,4601086.738491399,267353.3636825292,4601265.469767651,38.00061060395929,1637.199871152497,37.766264505923644,-6.641428982694361,-0.38593562108073304,-6.641686968377872,17262.445078715646,0.0,0.19676087423338548,2.0472243320962105,2260733.6602814426,594.7464688871885
179500.0,4601090.505345367,267517.0817395761,4601269.213185719,37.33646927594426,1637.1612658834197,37.10209738110297,-6.641397607513329,-0.3861697618229654,-6.641655557943928,17262.445078715646,0.0,0.19676087423338548,2.0472243320962105,2260733.6602814426,594.7464688871885
179600.0,4601094.205785358,267680.79593492544,4601272.890187232,36.67233107647526,1637.1226371998603,36.43793338835325,-6.641366411773162,-0.3864039107263136,-6.641624326958143,17262.445078715646,0.0,0.19676087423338548,2.0472243320962105,2260733.6602814426,594.7464688871885
179700.0,4601097.8398116855,267844.5062662356,4601276.5007725,36.00819598760843,1637.0839851010014,35.7737725097299,-6.641335395469082,-0.38663806781512394,-6.64159327541574,17262.445078715646,0.0,0.19676087423338548,2.0472243320962105,2260733.6602814426,594.7464688871885
179800.0,4601101.407424659,268008.2127311651,4601280.044941837,35.344063991400404,1637.0453095860234,35.10961472728882,-6.641304558596331,-0.38687223311375574,-6.641562403311956,17262.445078715646,0.0,0.19676087423338548,2.0472243320962105,2260733.6602814426,594.7464688871885
179900.0,4601104.908624586,268171.91532737226,4601283.522695549,34.67993506990828,1637.0066106541042,34.44546002308638,-6.641273901150189,-0.3871064066465831,-6.6415317106420675,17262.445078715646,0.0,0.19676087423338548,2.0472243320962105,2260733.6602814426,594.7464688871885
180000.0,4601108.343411774,268335.61405251536,4601286.934033943,34.01580920518964,1636.967888304419,33.781308379179436,-6.641243423125973,-0.38734058843799374,-6.641501197401385,17262.445078715646,0.0,0.19676087423338548,2.0472243320962105,2260733.6602814426,594.7464688871885
180100.0,4601111.711786528,268499.30890425254,4601290.278957326,33.351686379302514,1636.9291425361405,33.11715977762529,-6.641213124519005,-0.38757477851238836,-6.641470863585232,17262.445078715646,0.0,0.19676087423338548,2.0472243320962105,2260733.6602814426,594.7464688871885
180200.0,4601115.013749151,268662.9998802419,4601293.557465999,32.687566574305414,1636.8903733484394,32.453014200481725,-6.64118300532466,-0.38780897689418203,-6.641440709188973,17262.445078715646,0.0,0.19676087423338548,2.0472243320962105,2260733.6602814426,594.7464688871885
180300.0,4601118.2492999425,268826.68697814154,4601296.769560266,32.023449772257315,1636.8515807404838,31.788871629806984,-6.641153065538325,-0.3880431836078026,-6.641410734207998,17262.445078715646,0.0,0.19676087423338548,2.0472243320962105,2260733.6602814426,594.7464688871885
180400.0,4601121.418439204,268990.37019560934,4601299.915240426,31.359335955217638,1636.8127647114393,31.12473204765977,-6.641123305155425,-0.388277398677692,-6.641380938637726,17262.445078715646,0.0,0.19676087423338548,2.0472243320962105,2260733.6602814426,594.7464688871885
180500.0,4601124.521167233,269154.0495303031,4601302.994506775,30.69522510524627,1636.773925260469,30.460595436099236,-6.641093724171415,-0.38851162212830526,-6.641351322473605,17262.445078715646,0.0,0.19676087423338548,2.0472243320962105,2260733.6602814426,594.7464688871885
180600.0,4601127.557484324,269317.7249798807,4601306.007359612,30.031117204403543,1636.7350623867335,29.796461777184994,-6.641064322581771,-0.38874585398411077,-6.641321885711111,17262.445078715646,0.0,0.19676087423338548,2.0472243320962105,2260733.6602814426,594.7464688871885
180700.0,4601130.527390772,269481.39654199965,4601308.953799229,29.367012234750252,1636.6961760893912,29.132331052977108,-6.6410351003820045,-0.38898009426959035,-6.641292628345751,17262.445078715646,0.0,0.19676087423338548,2.0472243320962105,2260733.6602814426,594.7464688871885
180800.0,4601133.430886868,269645.0642143177,4601311.83382592,28.70291017834763,1636.657266367598,28.46820324553609,-6.641006057567654,-0.3892143430092387,-6.641263550373058,17262.445078715646,0.0,0.19676087423338548,2.0472243320962105,2260733.6602814426,594.7464688871885
180900.0,4601136.267972904,269808.72799449234,4601314.647439974,28.038811017257355,1636.6183332205069,27.80407833692289,-6.640977194134289,-0.38944860022756406,-6.641234651788598,17262.445078715646,0.0,0.19676087423338548,2.0472243320962105,2260733.6602814426,594.7464688871885
181000.0,4601139.038649168,269972.38788018096,4601317.3946416825,27.374714733541552,1636.579376647269,27.139956309198908,-6.6409485100775,-0.38968286594908724,-6.641205932587962,17262.445078715646,0.0,0.19676087423338548,2.0472243320962105,2260733.6602814426,594.7464688871885
181100.0,4601141.742915946,270136.0438690409,4601320.075431331,26.71062130926278,1636.5403966470328,26.47583714442598,-6.640920005392915,-0.3899171401983424,-6.641177392766768,17262.445078715646,0.0,0.19676087423338548,2.0472243320962105,2260733.6602814426,594.7464688871885
181200.0,4601144.380773524,270299.6959587294,4601322.689809206,26.04653072648404,1636.5013932189443,25.811720824666384,-6.640891680076185,-0.39015142299987665,-6.641149032320668,17262.445078715646,0.0,0.19676087423338548,2.0472243320962105,2260733.6602814426,594.7464688871885
181300.0,4601146.952222185,270463.3441469037,4601325.23777559,25.38244296726876,1636.462366362147,25.147607331982822,-6.640863534122993,-0.3903857143782499,-6.641120851245343,17262.445078715646,0.0,0.19676087423338548,2.0472243320962105,2260733.6602814426,594.7464688871885
181400.0,4601149.457262211,270626.9884312209,4601327.719330766,24.7183580136808,1636.423316075782,24.483496648438432,-6.640835567529046,-0.39062001435803456,-6.641092849536489,17262.445078715646,0.0,0.19676087423338548,2.0472243320962105,2260733.6602814426,594.7464688871885
181500.0,4601151.89589388,270790.62880933785,4601330.134475013,24.05427584778445,1636.3842423589879,23.81938875609678,-6.640807780290093,-0.3908543229638168,-6.641065027189855,17262.445078715646,0.0,0.19676087423338548,2.0472243320962105,2260733.6602814426,594.7464688871885
181600.0,4601154.2681174725,270954.2652789116,4601332.48320861,23.39019645164442,1636.345145210901,23.15528363702186,-6.640780172401893,-0.39108864022019446,-6.641037384201199,17262.445078715646,0.0,0.19676087423338548,2.0472243320962105,2260733.6602814426,594.7464688871885
181700.0,4601156.573933262,271117.897837599,4601334.765531832,22.72611980732585,1636.3060246306547,22.49118127327808,-6.6407527438602445,-0.3913229661517784,-6.64100992056631,17262.445078715646,0.0,0.19676087423338548,2.0472243320962105,2260733.6602814426,594.7464688871885
181800.0,4601158.813341524,271281.52648305666,4601336.981444956,22.062045896894293,1636.2668806173806,21.827081646930278,-6.6407254946609715,-0.3915573007831922,-6.640982636281013,17262.445078715646,0.0,0.19676087423338548,2.0472243320962105,2260733.6602814426,594.7464688871885
181900.0,4601160.986342532,271445.15121294133,4601339.130948253,21.397974702415716,1636.2277131702074,21.162984740043697,-6.640698424799926,-0.39179164413907175,-6.640955531341158,17262.445078715646,0.0,0.19676087423338548,2.0472243320962105,2260733.6602814426,594.7464688871885
182000.0,4601163.092936555,271608.77202490956,4601341.214041994,20.733906205956504,1636.1885222882613,20.498890534684,-6.640671534272998,-0.3920259962440658,-6.640928605742621,17262.445078715646,0.0,0.19676087423338548,2.0472243320962105,2260733.6602814426,594.7464688871885
182100.0,4601165.133123863,271772.3889166178,4601343.230726449,20.06984038958345,1636.149307970666,19.834799012917266,-6.64064482307609,-0.3922603571228353,-6.640901859481312,17262.445078715646,0.0,0.19676087423338548,2.0472243320962105,2260733.6602814426,594.7464688871885
182200.0,4601167.106904722,271936.00188572245,4601345.181001885,19.405777235363754,1636.1100702165434,19.170710156809967,-6.640618291205143,-0.3924947268000533,-6.640875292553162,17262.445078715646,0.0,0.19676087423338548,2.0472243320962105,2260733.6602814426,594.7464688871885
182300.0,4601169.014279398,272099.6109298798,4601347.064868568,18.741716725365023,1636.070809025012,18.506623948428995,-6.640591938656125,-0.39272910530040583,-6.640848904954136,17262.445078715646,0.0,0.19676087423338548,2.0472243320962105,2260733.6602814426,594.7464688871885
182400.0,4601170.855248155,272263.2160467462,4601348.882326762,18.077658841655264,1636.0315243951884,17.842540369841636,-6.64056576542503,-0.39296349264859065,-6.640822696680227,17262.445078715646,0.0,0.19676087423338548,2.0472243320962105,2260733.6602814426,594.7464688871885
182500.0,4601172.629811253,272426.8172339776,4601350.633376729,17.413603566302886,1635.9922163261865,17.17845940311558,-6.640539771507884,-0.3931978888693182,-6.640796667727456,17262.445078715646,0.0,0.19676087423338548,2.0472243320962105,2260733.6602814426,594.7464688871885
182600.0,4601174.337968954,272590.4144892301,4601352.318018729,16.74955088137669,1635.9528848171178,16.514381030318905,-6.640513956900736,-0.3934322939873102,-6.640770818091869,17262.445078715646,0.0,0.19676087423338548,2.0472243320962105,2260733.6602814426,594.7464688871885
182700.0,4601175.979721515,272754.00781015964,4601353.936253021,16.08550076894587,1635.9135298670915,15.850305233520096,-6.640488321599667,-0.3936667080273014,-6.6407451477695405,17262.445078715646,0.0,0.19676087423338548,2.0472243320962105,2260733.6602814426,594.7464688871885
182800.0,4601177.555069193,272917.5971944221,4601355.488079861,15.421453211080015,1635.8741514752141,15.186231994788018,-6.640462865600794,-0.3939011310140388,-6.640719656756586,17262.445078715646,0.0,0.19676087423338548,2.0472243320962105,2260733.6602814426,594.7464688871885
182900.0,4601179.0640122425,273081.18263967324,4601356.973499504,14.7574081898491,1635.8347496405897,14.52216129619193,-6.640437588900241,-0.3941355629722802,-6.6406943450491225,17262.445078715646,0.0,0.19676087423338548,2.0472243320962105,2260733.6602814426,594.7464688871885
183000.0,4601180.506550916,273244.76414356875,4601358.392512204,14.093365687323484,1635.79532436232,13.858093119801472,-6.64041249149418,-0.3943700039267965,-6.640669212643325,17262.445078715646,0.0,0.19676087423338548,2.0472243320962105,2260733.6602814426,594.7464688871885
183100.0,4601181.882685464,273408.3417037642,4601359.745118212,13.429325685573907,1635.7558756395038,13.19402744768667,-6.6403875733788125,-0.39460445390237076,-6.640644259535384,17262.445078715646,0.0,0.19676087423338548,2.0472243320962105,2260733.6602814426,594.7464688871885
183200.0,4601183.192416136,273571.91531791515,4601361.031317777,12.76528816667149,1635.716403471238,12.529964261917927,-6.6403628345503485,-0.3948389129237964,-6.64061948572151,17262.445078715646,0.0,0.19676087423338548,2.0472243320962105,2260733.6602814426,594.7464688871885
183300.0,4601184.43574318,273735.4849836769,4601362.251111147,12.101253112687733,1635.6769078566167,11.865903544566024,-6.640338275005041,-0.39507338101587997,-6.640594891197951,17262.445078715646,0.0,0.19676087423338548,2.0472243320962105,2260733.6602814426,594.7464688871885
183400.0,4601185.612666841,273899.0506987049,4601363.404498568,11.437220505694501,1635.6373887947316,11.201845277702116,-6.64031389473917,-0.39530785820343967,-6.640570475960985,17262.445078715646,0.0,0.19676087423338548,2.0472243320962105,2260733.6602814426,594.7464688871885
183500.0,4601186.723187362,274062.6124606543,4601364.491480283,10.77319032776404,1635.597846284672,10.53778944339773,-6.640289693749044,-0.3955423445113053,-6.6405462400069135,17262.445078715646,0.0,0.19676087423338548,2.0472243320962105,2260733.6602814426,594.7464688871885
183600.0,4601187.767304987,274226.1702671802,4601365.512056537,10.109162560968956,1635.5582803255245,9.873736023724758,-6.640265672030993,-0.3957768399643178,-6.640522183332063,17262.445078715646,0.0,0.19676087423338548,2.0472243320962105,2260733.6602814426,594.7464688871885
183700.0,4601188.745019955,274389.7241159377,4601366.466227569,9.445137187382226,1635.5186909163735,9.209685000755464,-6.640241829581378,-0.39601134458733056,-6.640498305932795,17262.445078715646,0.0,0.19676087423338548,2.0472243320962105,2260733.6602814426,594.7464688871885
183800.0,4601189.656332504,274553.2740045818,4601367.353993617,8.781114189077186,1635.4790780563008,8.545636356562467,-6.6402181663966005,-0.3962458584052087,-6.640474607805501,17262.445078715646,0.0,0.19676087423338548,2.0472243320962105,2260733.6602814426,594.7464688871885
183900.0,4601190.501242871,274716.81993076723,4601368.175354918,8.117093548127531,1635.4394417443852,7.88159007321875,-6.640194682473068,-0.39648038144282804,-6.640451088946591,17262.445078715646,0.0,0.19676087423338548,2.0472243320962105,2260733.6602814426,594.7464688871885
184000.0,4601191.2797512915,274880.36189214885,4601368.93031171,7.453075246607316,1635.399781979704,7.217546132797654,-6.640171377807229,-0.3967149137250765,-6.640427749352506,17262.445078715646,0.0,0.19676087423338548,2.0472243320962105,2260733.6602814426,594.7464688871885
184100.0,4601191.991857998,275043.89988638135,4601369.618864222,6.789059266590947,1635.360098761331,6.553504517372872,-6.640148252395561,-0.39694945527685355,-6.6404045890197185,17262.445078715646,0.0,0.19676087423338548,2.0472243320962105,2260733.6602814426,594.7464688871885
184200.0,4601192.637563222,275207.4339111193,4601370.24101269,6.1250455901531815,1635.3203920883386,5.88946520901845,-6.640125306234566,-0.39718400612307003,-6.6403816079447315,17262.445078715646,0.0,0.19676087423338548,2.0472243320962105,2260733.6602814426,594.7464688871885
184300.0,4601193.216867193,275370.96396401717,4601370.79675734,5.461034199369127,1635.280661959796,5.225428189808782,-6.640102539320771,-0.39741856628864797,-6.640358806124063,17262.445078715646,0.0,0.19676087423338548,2.0472243320962105,2260733.6602814426,594.7464688871885
184400.0,4601193.729770138,275534.49004272936,4601371.286098403,4.7970250763142355,1635.2409083747696,4.561393441818608,-6.640079951650741,-0.3976531357985213,-6.640336183554279,17262.445078715646,0.0,0.19676087423338548,2.0472243320962105,2260733.6602814426,594.7464688871885
184500.0,4601194.176272283,275698.0121449102,4601371.709036103,4.133018203064301,1635.201131332324,3.897360947123011,-6.640057543221056,-0.3978877146776346,-6.640313740231954,17262.445078715646,0.0,0.19676087423338548,2.0472243320962105,2260733.6602814426,594.7464688871885
184600.0,4601194.556373853,275861.5302682138,4601372.065570666,3.469013561695459,1635.161330831521,3.233330687797415,-6.640035314028334,-0.39812230295094436,-6.640291476153701,17262.445078715646,0.0,0.19676087423338548,2.0472243320962105,2260733.6602814426,594.7464688871885
184700.0,4601194.870075069,276025.04441029445,4601372.3557023145,2.805011134284181,1635.1215068714198,2.569302645917581,-6.640013264069216,-0.39835690064341783,-6.640269391316157,17262.445078715646,0.0,0.19676087423338548,2.0472243320962105,2260733.6602814426,594.7464688871885
184800.0,4601195.117376153,276188.5545688061,4601372.579431268,2.1410109029072735,1635.0816594510775,1.9052768035596048,-6.639991393340371,-0.3985915077800341,-6.640247485715986,17262.445078715646,0.0,0.19676087423338548,2.0472243320962105,2260733.6602814426,594.7464688871885
184900.0,4601195.298277323,276352.0607414026,4601372.736757748,1.4770128496418744,1635.0417885695483,1.2412531427999147,-6.639969701838498,-0.3988261243857828,-6.640225759349888,17262.445078715646,0.0,0.19676087423338548,2.0472243320962105,2260733.6602814426,594.7464688871885
185000.0,4601195.412778796,276515.56292573793,4601372.827681969,0.8130169565654509,1635.001894225884,0.5772316457152676,-6.639948189560321,-0.3990607504856651,-6.640204212214581,17262.445078715646,0.0,0.19676087423338548,2.0472243320962105,2260733.6602814426,594.7464688871885
185100.0,4601195.460880786,276679.06111946574,4601372.852204148,0.14902320575579597,1634.9619764191339,-0.08678770561725246,-6.639926856502591,-0.39929538610469323,-6.640182844306813,17262.445078715646,0.0,0.19676087423338548,2.0472243320962105,2260733.6602814426,594.7464688871885
185200.0,4601195.442583508,276842.5553202396,4601372.810324498,-0.5149684207089749,1634.9220351483448,-0.7508049291202387,-6.6399057026620945,-0.3995300312678906,-6.6401616556233645,17262.445078715646,0.0,0.19676087423338548,2.0472243320962105,2260733.6602814426,594.7464688871885
185300.0,4601195.357887172,277006.04552571324,4601372.7020432325,-1.1789579407504243,1634.8820704125612,-1.4148200427159627,-6.6398847280356375,-0.39976468600029147,-6.640140646161038,17262.445078715646,0.0,0.19676087423338548,2.0472243320962105,2260733.6602814426,594.7464688871885
185400.0,4601195.2067919895,277169.53173353994,4601372.527360559,-1.8429453722897982,1634.8420822108249,-2.0788330643263784,-6.639863932620058,-0.3999993503269411,-6.640119815916669,17262.445078715646,0.0,0.19676087423338548,2.0472243320962105,2260733.6602814426,594.7464688871885
185500.0,4601194.989298167,277333.01394137315,4601372.286276689,-2.506930733248027,1634.8020705421752,-2.7428440118731237,-6.639843316412216,-0.40023402427289606,-6.640099164887117,17262.445078715646,0.0,0.19676087423338548,2.0472243320962105,2260733.6602814426,594.7464688871885
185600.0,4601194.7054059105,277496.4921468661,4601371.978791826,-3.170914041545729,1634.762035405649,-3.406852903277525,-6.639822879409006,-0.40046870786322364,-6.640078693069267,17262.445078715646,0.0,0.19676087423338548,2.0472243320962105,2260733.6602814426,594.7464688871885
185700.0,4601194.355115426,277659.966347672,4601371.604906176,-3.8348953151032132,1634.7219768002803,-4.070859756460598,-6.63980262160735,-0.4007034011230022,-6.640058400460038,17262.445078715646,0.0,0.19676087423338548,2.0472243320962105,2260733.6602814426,594.7464688871885
185800.0,4601193.938426915,277823.43654144387,4601371.164619942,-4.498874571840482,1634.6818947251013,-4.734864589343051,-6.639782543004194,-0.40093810407732094,-6.640038287056375,17262.445078715646,0.0,0.19676087423338548,2.0472243320962105,2260733.6602814426,594.7464688871885
185900.0,4601193.455340578,277986.9027258347,4601370.6579333255,-5.162851829677234,1634.641789179141,-5.39886741984529,-6.639762643596505,-0.40117281675127936,-6.640018352855239,17262.445078715646,0.0,0.19676087423338548,2.0472243320962105,2260733.6602814426,594.7464688871885
186000.0,4601192.905856615,278150.3648984973,4601370.0848465245,-5.826827106532867,1634.6016601614263,-6.062868265887417,-6.639742923381293,-0.40140753916998895,-6.639998597853637,17262.445078715646,0.0,0.19676087423338548,2.0472243320962105,2260733.6602814426,594.7464688871885
186100.0,4601192.289975222,278313.8230570845,4601369.445359738,-6.490800420326478,1634.5615076709814,-6.726867145389236,-6.639723382355591,-0.4016422713585714,-6.6399790220486,17262.445078715646,0.0,0.19676087423338548,2.0472243320962105,2260733.6602814426,594.7464688871885
186200.0,4601191.607696596,278477.277199249,4601368.73947316,-7.154771788976871,1634.521331706828,-7.390864076270256,-6.63970402051645,-0.4018770133421588,-6.639959625437171,17262.445078715646,0.0,0.19676087423338548,2.0472243320962105,2260733.6602814426,594.7464688871885
186300.0,4601190.859020929,278640.7273226434,4601367.9671869865,-7.818741230402556,1634.4811322679857,-8.054859076449693,-6.639684837860955,-0.40211176514589475,-6.639940408016435,17262.445078715646,0.0,0.19676087423338548,2.0472243320962105,2260733.6602814426,594.7464688871885
186400.0,4601190.043948414,278804.1734249201,4601367.128501409,-8.482708762521753,1634.4409093534707,-8.71885216384647,-6.639665834386216,-0.4023465267949328,-6.639921369783497,17262.445078715646,0.0,0.19676087423338548,2.0472243320962105,2260733.6602814426,594.7464688871885
186500.0,4601189.1624792395,278967.61550373153,4601366.223416617,-9.146674403252396,1634.4006629622977,-9.382843356379224,-6.639647010089383,-0.40258129831443806,-6.639902510735503,17262.445078715646,0.0,0.19676087423338548,2.0472243320962105,2260733.6602814426,594.7464688871885
186600.0,4601188.214613595,279131.05355673,4601365.2519328,-9.810638170512131,1634.360393093478,-10.046832671966307,-6.639628364967614,-0.40281607972958594,-6.639883830869609,17262.445078715646,0.0,0.19676087423338548,2.0472243320962105,2260733.6602814426,594.7464688871885
186700.0,4601187.200351667,279294.4875815676,4601364.214050144,-10.474600082218327,1634.320099746021,-10.71082012852579,-6.639609899018107,-0.4030508710655619,-6.639865330183007,17262.445078715646,0.0,0.19676087423338548,2.0472243320962105,2260733.6602814426,594.7464688871885
186800.0,4601186.11969364,279457.91757589654,4601363.109768835,-11.138560156288069,1634.2797829189333,-11.37480574397546,-6.639591612238082,-0.40328567234756285,-6.639847008672913,17262.445078715646,0.0,0.19676087423338548,2.0472243320962105,2260733.6602814426,594.7464688871885
186900.0,4601184.972639697,279621.34353736875,4601361.939089056,-11.802518410638168,1634.2394426112191,-12.03878953623283,-6.63957350462479,-0.40352048360079606,-6.639828866336575,17262.445078715646,0.0,0.19676087423338548,2.0472243320962105,2260733.6602814426,594.7464688871885
187000.0,4601183.759190018,279784.7654636361,4601360.702010988,-12.46647486318516,1634.19907882188,-12.70277152321514,-6.639555576175509,-0.40375530485047917,-6.639810903171266,17262.445078715646,0.0,0.19676087423338548,2.0472243320962105,2260733.6602814426,594.7464688871885
187100.0,4601182.479344783,279948.1833523504,4601359.398534811,-13.130429531845314,1634.158691549915,-13.36675172283936,-6.639537826887541,-0.40399013612184087,-6.63979311917429,17262.445078715646,0.0,0.19676087423338548,2.0472243320962105,2260733.6602814426,594.7464688871885
187200.0,4601181.133104171,280111.5972011633,4601358.0286607025,-13.794382434534624,1634.1182807943208,-14.030730153022187,-6.639520256758221,-0.40422497744011987,-6.639775514342971,17262.445078715646,0.0,0.19676087423338548,2.0472243320962105,2260733.6602814426,594.7464688871885
187300.0,4601179.720468355,280275.0070077264,4601356.5923888385,-14.458333589168824,1634.0778465540914,-14.694706831680055,-6.6395028657849045,-0.4044598288305655,-6.639758088674664,17262.445078715646,0.0,0.19676087423338548,2.0472243320962105,2260733.6602814426,594.7464688871885
187400.0,4601178.241437511,280438.41276969126,4601355.089719393,-15.122283013663385,1634.0373888282181,-15.358681776729133,-6.639485653964981,-0.40469469031843797,-6.639740842166755,17262.445078715646,0.0,0.19676087423338548,2.0472243320962105,2260733.6602814426,594.7464688871885
187500.0,4601176.69601181,280601.8144847092,4601353.52065254,-15.786230725933514,1633.9969076156901,-16.022655006085333,-6.639468621295863,-0.40492956192900736,-6.639723774816651,17262.445078715646,0.0,0.19676087423338548,2.0472243320962105,2260733.6602814426,594.7464688871885
187600.0,4601175.084191422,280765.2121504315,4601351.885188449,-16.450176743894165,1633.956402915494,-16.686626537664306,-6.639451767774988,-0.40516444368755455,-6.639706886621788,17262.445078715646,0.0,0.19676087423338548,2.0472243320962105,2260733.6602814426,594.7464688871885
187700.0,4601173.405976516,280928.6057645093,4601350.183327289,-17.114121085460035,1633.9158747266135,-17.350596389381447,-6.639435093399825,-0.4053993356193708,-6.639690177579632,17262.445078715646,0.0,0.19676087423338548,2.0472243320962105,2260733.6602814426,594.7464688871885
187800.0,4601171.66136726,281091.9953245938,4601348.415069227,-17.778063768545568,1633.8753230480302,-18.014564579151905,-6.639418598167869,-0.40563423774975754,-6.639673647687669,17262.445078715646,0.0,0.19676087423338548,2.0472243320962105,2260733.6602814426,594.7464688871885
187900.0,4601169.850363817,281255.3808283359,4601346.580414428,-18.442004811064965,1633.8347478787227,-18.678531124890572,-6.639402282076649,-0.4058691501040275,-6.6396572969434295,17262.445078715646,0.0,0.19676087423338548,2.0472243320962105,2260733.6602814426,594.7464688871885
188000.0,4601167.972966352,281418.76227338647,4601344.679363056,-19.105944230932174,1633.7941492176676,-19.3424960445121,-6.639386145123708,-0.4061040727075027,-6.639641125344449,17262.445078715646,0.0,0.19676087423338548,2.0472243320962105,2260733.6602814426,594.7464688871885
188100.0,4601166.0291750245,281582.1396573963,4601342.711915272,-19.7698820460609,1633.7535270638386,-20.00645935593089,-6.639370187306626,-0.40633900558551583,-6.639625132888305,17262.445078715646,0.0,0.19676087423338548,2.0472243320962105,2260733.6602814426,594.7464688871885
188200.0,4601164.018989995,281745.5129780161,4601340.678071237,-20.43381827436461,1633.7128814162072,-20.670421077061107,-6.639354408623004,-0.4065739487634102,-6.639609319572598,17262.445078715646,0.0,0.19676087423338548,2.0472243320962105,2260733.6602814426,594.7464688871885
188300.0,4601161.942411422,281908.8822328964,4601338.577831109,-21.097752933756535,1633.672212273742,-21.334381225816678,-6.639338809070475,-0.40680890226653915,-6.639593685394953,17262.445078715646,0.0,0.19676087423338548,2.0472243320962105,2260733.6602814426,594.7464688871885
188400.0,4601159.79943946,282072.2474196877,4601336.4111950435,-21.761686042149663,1633.631519635409,-21.99833982011129,-6.6393233886466945,-0.40704386612026633,-6.639578230353025,17262.445078715646,0.0,0.19676087423338548,2.0472243320962105,2260733.6602814426,594.7464688871885
188500.0,4601157.590074264,282235.6085360403,4601334.178163196,-22.425617617456755,1633.5908035001721,-22.6622968778584,-6.639308147349355,-0.4072788403499662,-6.639562954444497,17262.445078715646,0.0,0.19676087423338548,2.0472243320962105,2260733.6602814426,594.7464688871885
188600.0,4601155.314315987,282398.9655796045,4601331.878735718,-23.08954767759034,1633.5500638669923,-23.32625241697123,-6.639293085176162,-0.4075138249810227,-6.639547857667077,17262.445078715646,0.0,0.19676087423338548,2.0472243320962105,2260733.6602814426,594.7464688871885
188700.0,4601152.972164779,282562.3185480304,4601329.512912762,-23.753476240462717,1633.5093007348282,-23.990206455362777,-6.639278202124854,-0.4077488200388303,-6.639532940018498,17262.445078715646,0.0,0.19676087423338548,2.0472243320962105,2260733.6602814426,594.7464688871885
188800.0,4601150.563620788,282725.6674389681,4601327.080694477,-24.417403323985965,1633.4685141026362,-24.654159010945815,-6.639263498193201,-0.40798382554879403,-6.639518201496524,17262.445078715646,0.0,0.19676087423338548,2.0472243320962105,2260733.6602814426,594.7464688871885
188900.0,4601148.088684162,282889.01225006755,4601324.58208101,-25.081328946071938,1633.4277039693693,-25.318110101632893,-6.639248973378997,-0.40821884153632915,-6.63950364209895,17262.445078715646,0.0,0.19676087423338548,2.0472243320962105,2260733.6602814426,594.7464688871885
189000.0,4601145.5473550465,283052.3529789786,4601322.017072505,-25.745253124632274,1633.3868703339788,-25.982059745336343,-6.63923462768006,-0.4084538680268607,-6.639489261823586,17262.445078715646,0.0,0.19676087423338548,2.0472243320962105,2260733.6602814426,594.7464688871885
189100.0,4601142.939633585,283215.6896233509,4601319.3856691085,-26.409175877578388,1633.346013195413,-26.64600795996828,-6.63922046109424,-0.4086889050458241,-6.639475060668279,17262.445078715646,0.0,0.19676087423338548,2.0472243320962105,2260733.6602814426,594.7464688871885
189200.0,4601140.265519918,283379.0221808342,4601316.687870961,-27.073097222821488,1633.3051325526178,-27.309954763440597,-6.639206473619408,-0.4089239526186651,-6.6394610386308965,17262.445078715646,0.0,0.19676087423338548,2.0472243320962105,2260733.6602814426,594.7464688871885
189300.0,4601137.525014186,283542.35064907797,4601313.923678203,-27.737017178272566,1633.2642284045367,-27.973900173664987,-6.639192665253472,-0.4091590107708399,-6.639447195709341,17262.445078715646,0.0,0.19676087423338548,2.0472243320962105,2260733.6602814426,594.7464688871885
189400.0,4601134.718116528,283705.6750257316,4601311.093090972,-28.40093576184241,1633.2233007501102,-28.637844208552924,-6.639179035994353,-0.40939407952781387,-6.639433531901531,17262.445078715646,0.0,0.19676087423338548,2.0472243320962105,2260733.6602814426,594.7464688871885
189500.0,4601131.844827079,283868.9953084444,4601308.196109406,-29.064852991441594,1633.1823495882768,-29.301786886015684,-6.639165585840011,-0.40962915891506385,-6.639420047205425,17262.445078715646,0.0,0.19676087423338548,2.0472243320962105,2260733.6602814426,594.7464688871885
189600.0,4601128.905145974,284032.31149486563,4601305.232733639,-29.7287688849805,1633.1413749179721,-29.965728223964334,-6.639152314788424,-0.4098642489580757,-6.639406741618996,17262.445078715646,0.0,0.19676087423338548,2.0472243320962105,2260733.6602814426,594.7464688871885
189700.0,4601125.899073346,284195.62358264433,4601302.202963805,-30.392683460369305,1633.1003767381292,-30.62966824030974,-6.639139222837606,-0.4100993496823462,-6.639393615140252,17262.445078715646,0.0,0.19676087423338548,2.0472243320962105,2260733.6602814426,594.7464688871885
189800.0,4601122.826609325,284358.9315694295,4601299.106800035,-31.05659673551798,1633.0593550476788,-31.293606952962573,-6.639126309985589,-0.41033446111338195,-6.639380667767226,17262.445078715646,0.0,0.19676087423338548,2.0472243320962105,2260733.6602814426,594.7464688871885
189900.0,4601119.687754041,284522.23545287014,4601295.944242457,-31.720508728336316,1633.0183098455489,-31.95754437983331,-6.639113576230435,-0.41056958327669957,-6.63936789949797,17262.445078715646,0.0,0.19676087423338548,2.0472243320962105,2260733.6602814426,594.7464688871885
190000.0,4601116.482507621,284685.5352306149,4601292.7152912,-32.3844194567339,1632.9772411306649,-32.62148053883223,-6.6391010215702355,-0.41080471619782577,-6.639355310330576,17262.445078715646,0.0,0.19676087423338548,2.0472243320962105,2260733.6602814426,594.7464688871885
190100.0,4601113.2108701905,284848.83090031246,4601289.41994639,-33.04832893862014,1632.9361489019498,-33.285415447869426,-6.639088646003106,-0.41103985990229785,-6.639342900263155,17262.445078715646,0.0,0.19676087423338548,2.0472243320962105,2260733.6602814426,594.7464688871885
190200.0,4601109.872841874,285012.12245961145,4601286.058208152,-33.71223719190424,1632.895033158324,-33.9493491248548,-6.639076449527194,-0.4112750144156629,-6.639330669293847,17262.445078715646,0.0,0.19676087423338548,2.0472243320962105,2260733.6602814426,594.7464688871885
190300.0,4601106.468422793,285175.40990616026,4601282.630076606,-34.37614423449523,1632.8538938987053,-34.61328158769807,-6.639064432140657,-0.41151017976347737,-6.639318617420813,17262.445078715646,0.0,0.19676087423338548,2.0472243320962105,2260733.6602814426,594.7464688871885
190400.0,4601102.997613067,285338.69323760725,4601279.135551874,-35.04005008430196,1632.8127311220092,-35.27721285430878,-6.639052593841708,-0.41174535597130957,-6.639306744642258,17262.445078715646,0.0,0.19676087423338548,2.0472243320962105,2260733.6602814426,594.7464688871885
190500.0,4601099.460412815,285501.9724516007,4601275.574634074,-35.7039547592331,1632.771544827148,-35.94114294259628,-6.639040934628561,-0.4119805430647362,-6.63929505095639,17262.445078715646,0.0,0.19676087423338548,2.0472243320962105,2260733.6602814426,594.7464688871885
190600.0,4601095.856822154,285665.2475457887,4601271.947323324,-36.36785827719714,1632.7303350130323,-36.60507187046976,-6.639029454499463,-0.41221574106934444,-6.6392835363614555,17262.445078715646,0.0,0.19676087423338548,2.0472243320962105,2260733.6602814426,594.7464688871885
190700.0,4601092.186841197,285828.5185178193,4601268.253619739,-37.031760656102406,1632.6891016785696,-37.268999655838215,-6.639018153452697,-0.4124509500107324,-6.6392722008557365,17262.445078715646,0.0,0.19676087423338548,2.0472243320962105,2260733.6602814426,594.7464688871885
190800.0,4601088.450470059,285991.78536534036,4601264.493523431,-37.69566191385704,1632.6478448226649,-37.93292631661049,-6.639007031486566,-0.4126861699145073,-6.639261044437525,17262.445078715646,0.0,0.19676087423338548,2.0472243320962105,2260733.6602814426,594.7464688871885
190900.0,4601084.647708851,286155.04808599973,4601260.667034512,-38.359562068369016,1632.6065644442206,-38.59685187069525,-6.638996088599394,-0.4129214008062867,-6.639250067105149,17262.445078715646,0.0,0.19676087423338548,2.0472243320962105,2260733.6602814426,594.7464688871885
191000.0,4601080.7785576815,286318.30667744507,4601256.774153093,-39.02346113754616,1632.5652605421365,-39.260776336000994,-6.638985324789549,-0.4131566427116984,-6.6392392688569615,17262.445078715646,0.0,0.19676087423338548,2.0472243320962105,2260733.6602814426,594.7464688871885
191100.0,4601076.843016659,286481.56113732397,4601252.8148792805,-39.68735913929611,1632.5239331153102,-39.92469973043606,-6.638974740055403,-0.41339189565637996,-6.639228649691343,17262.445078715646,0.0,0.19676087423338548,2.0472243320962105,2260733.6602814426,594.7464688871885
191200.0,4601072.841085888,286644.8114632839,4601248.7892131815,-40.35125609152637,1632.4825821626364,-40.58862207190863,-6.638964334395372,-0.4136271596659795,-6.6392182096067,17262.445078715646,0.0,0.19676087423338548,2.0472243320962105,2260733.6602814426,594.7464688871885
191300.0,4601068.772765474,286808.05765297223,4601244.6971549,-41.01515201214427,1632.4412076830074,-41.25254337832672,-6.638954107807891,-0.4138624347661545,-6.639207948601463,17262.445078715646,0.0,0.19676087423338548,2.0472243320962105,2260733.6602814426,594.7464688871885
191400.0,4601064.638055519,286971.2997040362,4601240.53870454,-41.67904691905699,1632.3998096753128,-41.91646366759819,-6.638944060291421,-0.4140977209825728,-6.639197866674093,17262.445078715646,0.0,0.19676087423338548,2.0472243320962105,2260733.6602814426,594.7464688871885
191500.0,4601060.436956123,287134.53761412296,4601236.3138622,-42.34294083017154,1632.3583881384395,-42.580382957630746,-6.638934191844458,-0.41433301834091285,-6.639187963823079,17262.445078715646,0.0,0.19676087423338548,2.0472243320962105,2260733.6602814426,594.7464688871885
191600.0,4601056.169467386,287297.77138087957,4601232.02262798,-43.006833763394816,1632.3169430712724,-43.24430126633196,-6.638924502465509,-0.4145683268668619,-6.639178240046921,17262.445078715646,0.0,0.19676087423338548,2.0472243320962105,2260733.6602814426,594.7464688871885
191700.0,4601051.835589403,287461.00100195286,4601227.665001978,-43.670725736633536,1632.275474472693,-43.90821861160924,-6.6389149921531265,-0.4148036465861187,-6.639168695344174,17262.445078715646,0.0,0.19676087423338548,2.0472243320962105,2260733.6602814426,594.7464688871885
191800.0,4601047.435322271,287624.2264749897,4601223.240984289,-44.33461676779428,1632.2339823415812,-44.57213501136986,-6.63890566090587,-0.4150389775243907,-6.639159329713392,17262.445078715646,0.0,0.19676087423338548,2.0472243320962105,2260733.6602814426,594.7464688871885
191900.0,4601042.968666081,287787.44779763673,4601218.750575007,-44.9985068747835,1632.1924666768134,-45.23605048352094,-6.638896508722341,-0.4152743197073963,-6.639150143153169,17262.445078715646,0.0,0.19676087423338548,2.0472243320962105,2260733.6602814426,594.7464688871885
192000.0,4601038.435620926,287950.6649675406,4601214.193774223,-45.662396075507495,1632.150927477264,-45.899965045969466,-6.6388875356011585,-0.41550967316086396,-6.63914113566213,17262.445078715646,0.0,0.19676087423338548,2.0472243320962105,2260733.6602814426,594.7464688871885
192100.0,4601033.836186896,288113.8779823477,4601209.570582028,-46.326284387872434,1632.1093647418047,-46.56387871662229,-6.638878741540976,-0.4157450379105317,-6.639132307238915,17262.445078715646,0.0,0.19676087423338548,2.0472243320962105,2260733.6602814426,594.7464688871885
192200.0,4601029.170364078,288277.08683970437,4601204.880998509,-46.990171829784344,1632.0677784693046,-47.22779151338613,-6.638870126540467,-0.41598041398214775,-6.639123657882195,17262.445078715646,0.0,0.19676087423338548,2.0472243320962105,2260733.6602814426,594.7464688871885
192300.0,4601024.438152559,288440.2915372569,4601200.125023753,-47.65405841914914,1632.02616865863,-47.89170345416757,-6.63886169059833,-0.4162158014014706,-6.639115187590667,17262.445078715646,0.0,0.19676087423338548,2.0472243320962105,2260733.6602814426,594.7464688871885
192400.0,4601019.639552423,288603.49207265145,4601195.302657846,-48.31794417387258,1631.984535308645,-48.55561455687306,-6.638853433713295,-0.4164512001942687,-6.639106896363058,17262.445078715646,0.0,0.19676087423338548,2.0472243320962105,2260733.6602814426,594.7464688871885
192500.0,4601014.774563752,288766.68844353396,4601190.41390087,-48.98182911186033,1631.9428784182112,-49.21952483940893,-6.638845355884113,-0.41668661038632027,-6.639098784198115,17262.445078715646,0.0,0.19676087423338548,2.0472243320962105,2260733.6602814426,594.7464688871885
192600.0,4601009.843186627,288929.88064755034,4601185.458752905,-49.645713251017895,1631.901197986187,-49.8834343196814,-6.63883745710957,-0.41692203200341427,-6.639090851094617,17262.445078715646,0.0,0.19676087423338548,2.0472243320962105,2260733.6602814426,594.7464688871885
192700.0,4601004.845421128,289093.06868234643,4601180.437214032,-50.30959660925069,1631.8594940114288,-50.54734301559653,-6.638829737388469,-0.4171574650713491,-6.639083097051366,17262.445078715646,0.0,0.19676087423338548,2.0472243320962105,2260733.6602814426,594.7464688871885
192800.0,4600999.781267331,289256.25254556787,4601175.349284328,-50.973479204464,1631.81776649279,-51.21125094506031,-6.638822196719646,-0.41739290961593384,-6.639075522067196,17262.445078715646,0.0,0.19676087423338548,2.0472243320962105,2260733.6602814426,594.7464688871885
192900.0,4600994.650725312,289419.4322348602,4601170.194963868,-51.637361054562994,1631.776015429122,-51.87515812597857,-6.638814835101957,-0.41762836566298683,-6.639068126140956,17262.445078715646,0.0,0.19676087423338548,2.0472243320962105,2260733.6602814426,594.7464688871885
193000.0,4600989.453795144,289582.60774786887,4601164.974252727,-52.30124217745273,1631.734240819273,-52.53906457625706,-6.63880765253429,-0.4178638332383371,-6.639060909271529,17262.445078715646,0.0,0.19676087423338548,2.0472243320962105,2260733.6602814426,594.7464688871885
193100.0,4600984.1904769,289745.77908223914,4601159.687150977,-52.96512259103815,1631.6924426620892,-53.2029703138014,-6.638800649015562,-0.41809931236782394,-6.639053871457832,17262.445078715646,0.0,0.19676087423338548,2.0472243320962105,2260733.6602814426,594.7464688871885
193200.0,4600978.860770649,289908.9462356163,4601154.333658688,-53.629002313224106,1631.6506209564136,-53.86687535651711,-6.638793824544698,-0.4183348030772958,-6.639047012698785,17262.445078715646,0.0,0.19676087423338548,2.0472243320962105,2260733.6602814426,594.7464688871885
193300.0,4600973.46467646,290072.1092056454,4601148.913775928,-54.29288136191532,1631.6087757010869,-54.53077972230961,-6.638787179120679,-0.4185703053926128,-6.639040332993361,17262.445078715646,0.0,0.19676087423338548,2.0472243320962105,2260733.6602814426,594.7464688871885
193400.0,4600968.002194399,290235.26798997144,4601143.427502765,-54.956759755016435,1631.5669068949474,-55.19468342908421,-6.6387807127424825,-0.41880581933964367,-6.639033832340544,17262.445078715646,0.0,0.19676087423338548,2.0472243320962105,2260733.6602814426,594.7464688871885
193500.0,4600962.473324531,290398.4225862393,4601137.874839264,-55.620637510431976,1631.5250145368304,-55.858586494746106,-6.638774425409133,-0.41904134494426815,-6.639027510739344,17262.445078715646,0.0,0.19676087423338548,2.0472243320962105,2260733.6602814426,594.7464688871885
193600.0,4600956.878066918,290561.5729920937,4601132.255785488,-56.28451464606639,1631.483098625569,-56.52248893720043,-6.6387683171196725,-0.4192768822323758,-6.639021368188803,17262.445078715646,0.0,0.19676087423338548,2.0472243320962105,2260733.6602814426,594.7464688871885
193700.0,4600951.216421622,290724.71920517925,4601126.570341497,-56.948391179824014,1631.4411591599935,-57.18639077435219,-6.638762387873171,-0.4195124312298666,-6.6390154046879895,17262.445078715646,0.0,0.19676087423338548,2.0472243320962105,2260733.6602814426,594.7464688871885
193800.0,4600945.488388701,290887.8612231405,4601120.818507352,-57.612267129609094,1631.3991961389318,-57.85029202410632,-6.6387566376687195,-0.41974799196264995,-6.639009620235987,17262.445078715646,0.0,0.19676087423338548,2.0472243320962105,2260733.6602814426,594.7464688871885
193900.0,4600939.693968214,291050.9990436218,4601115.000283111,-58.276142513325794,1631.357209561209,-58.51419270436765,-6.638751066505444,-0.41998356445664653,-6.639004014831923,17262.445078715646,0.0,0.19676087423338548,2.0472243320962105,2260733.6602814426,594.7464688871885
194000.0,4600933.833160217,291214.1326642675,4601109.1156688295,-58.94001734887819,1631.3151994256475,-59.178092833040935,-6.6387456743824895,-0.4202191487377861,-6.638998588474931,17262.445078715646,0.0,0.19676087423338548,2.0472243320962105,2260733.6602814426,594.7464688871885
194100.0,4600927.905964762,291377.2620827217,4601103.164664562,-59.603891654170276,1631.2731657310676,-59.84199242803084,-6.638740461299034,-0.4204547448320096,-6.638993341164192,17262.445078715646,0.0,0.19676087423338548,2.0472243320962105,2260733.6602814426,594.7464688871885
194200.0,4600921.912381902,291540.3872966284,4601097.147270361,-60.26776544710596,1631.2311084762864,-60.505891507241955,-6.638735427254274,-0.42069035276526756,-6.638988272898898,17262.445078715646,0.0,0.19676087423338548,2.0472243320962105,2260733.6602814426,594.7464688871885
194300.0,4600915.852411688,291703.50830363156,4601091.063486277,-60.93163874558906,1631.1890276601189,-61.16979008857878,-6.638730572247435,-0.4209259725635207,-6.638983383678267,17262.445078715646,0.0,0.19676087423338548,2.0472243320962105,2260733.6602814426,594.7464688871885
194400.0,4600909.726054168,291866.625101375,4601084.91331236,-61.595511567523346,1631.1469232813772,-61.83368818994574,-6.638725896277769,-0.4211616042527402,-6.63897867350155,17262.445078715646,0.0,0.19676087423338548,2.0472243320962105,2260733.6602814426,594.7464688871885
194500.0,4600903.53330939,292029.73768750235,4601078.696748655,-62.2593839308125,1631.104795338871,-62.49758582924719,-6.63872139934456,-0.42139724785890753,-6.638974142368025,17262.445078715646,0.0,0.19676087423338548,2.0472243320962105,2260733.6602814426,594.7464688871885
194600.0,4600897.274177397,292192.8460596572,4601072.413795209,-62.92325585336012,1631.0626438314073,-63.16148302438742,-6.638717081447112,-0.42163290340801474,-6.638969790276994,17262.445078715646,0.0,0.19676087423338548,2.0472243320962105,2260733.6602814426,594.7464688871885
194700.0,4600890.948658233,292355.9502154831,4601066.064452064,-63.587127353069754,1631.0204687577905,-63.82537979327065,-6.6387129425847435,-0.42186857092606267,-6.638965617227771,17262.445078715646,0.0,0.19676087423338548,2.0472243320962105,2260733.6602814426,594.7464688871885
194800.0,4600884.5567519395,292519.0501526232,4601059.648719263,-64.25099844784488,1630.9782701168224,-64.48927615380101,-6.638708982756819,-0.42210425043906424,-6.638961623219719,17262.445078715646,0.0,0.19676087423338548,2.0472243320962105,2260733.6602814426,594.7464688871885
194900.0,4600878.098458556,292682.14586872084,4601053.166596847,-64.9148691555889,1630.936047907302,-65.15317212388261,-6.638705201962721,-0.42233994197304175,-6.638957808252213,17262.445078715646,0.0,0.19676087423338548,2.0472243320962105,2260733.6602814426,594.7464688871885
195000.0,4600871.573778121,292845.237361419,4601046.618084852,-65.5787394942052,1630.8938021280262,-65.81706772141946,-6.638701600201853,-0.4225756455540279,-6.638954172324657,17262.445078715646,0.0,0.19676087423338548,2.0472243320962105,2260733.6602814426,594.7464688871885
195100.0,4600864.982710669,293008.32462836074,4601040.003183315,-66.24260948159703,1630.8515327777889,-66.48096296431552,-6.638698177473654,-0.4228113612080661,-6.638950715436481,17262.445078715646,0.0,0.19676087423338548,2.0472243320962105,2260733.6602814426,594.7464688871885
195200.0,4600858.325256235,293171.40766718885,4601033.32189227,-66.90647913566765,1630.8092398553813,-67.14485787047472,-6.638694933777583,-0.4230470889612096,-6.638947437587144,17262.445078715646,0.0,0.19676087423338548,2.0472243320962105,2260733.6602814426,594.7464688871885
195300.0,4600851.601414852,293334.48647554603,4601026.574211751,-67.57034847432026,1630.7669233595925,-67.8087524578009,-6.638691869113128,-0.42328282883952245,-6.638944338776128,17262.445078715646,0.0,0.19676087423338548,2.0472243320962105,2260733.6602814426,594.7464688871885
195400.0,4600844.81118655,293497.56105107494,4601019.760141789,-68.23421751545797,1630.7245832892083,-68.47264674419787,-6.638688983479792,-0.4235185808690783,-6.6389414190029346,17262.445078715646,0.0,0.19676087423338548,2.0472243320962105,2260733.6602814426,594.7464688871885
195500.0,4600837.954571358,293660.631391418,4601012.879682412,-68.89808627698389,1630.6822196430128,-69.1365407475694,-6.638686276877118,-0.4237543450759624,-6.6389386782671025,17262.445078715646,0.0,0.19676087423338548,2.0472243320962105,2260733.6602814426,594.7464688871885
195600.0,4600831.031569303,293823.6974942176,4601005.932833648,-69.56195477680106,1630.6398324197864,-69.8004344858192,-6.638683749304673,-0.42399012148626963,-6.638936116568192,17262.445078715646,0.0,0.19676087423338548,2.0472243320962105,2260733.6602814426,594.7464688871885
195700.0,4600824.042180411,293986.759357116,4600998.919595523,-70.22582303281249,1630.5974216183079,-70.46432797685092,-6.638681400762038,-0.42422591012610517,-6.638933733905783,17262.445078715646,0.0,0.19676087423338548,2.0472243320962105,2260733.6602814426,594.7464688871885
195800.0,4600816.986404704,294149.8169777553,4600991.83996806,-70.88969106292112,1630.5549872373526,-71.12822123856822,-6.638679231248836,-0.42446171102158536,-6.638931530279494,17262.445078715646,0.0,0.19676087423338548,2.0472243320962105,2260733.6602814426,594.7464688871885
195900.0,4600809.864242204,294312.8703537774,4600984.693951282,-71.55355888502989,1630.512529275694,-71.79211428887467,-6.638677240764704,-0.42469752419883644,-6.638929505688959,17262.445078715646,0.0,0.19676087423338548,2.0472243320962105,2260733.6602814426,594.7464688871885
196000.0,4600802.675692933,294475.91948282433,4600977.481545208,-72.21742651704169,1630.4700477321026,-72.45600714567385,-6.638675429309302,-0.424933349683995,-6.638927660133833,17262.445078715646,0.0,0.19676087423338548,2.0472243320962105,2260733.6602814426,594.7464688871885
196100.0,4600795.420756906,294638.9643625377,4600970.202749858,-72.88129397685937,1630.4275426053462,-73.11989982686927,-6.638673796882331,-0.42516918750320887,-6.638925993613817,17262.445078715646,0.0,0.19676087423338548,2.0472243320962105,2260733.6602814426,594.7464688871885
196200.0,4600788.099434142,294802.00499055925,4600962.857565247,-73.54516128238576,1630.38501389419,-73.78379235036444,-6.638672343483507,-0.4254050376826359,-6.638924506128618,17262.445078715646,0.0,0.19676087423338548,2.0472243320962105,2260733.6602814426,594.7464688871885
196300.0,4600780.711724654,294965.0413645304,4600955.445991392,-74.20902845152366,1630.3424615973968,-74.44768473406282,-6.638671069112571,-0.4256409002484445,-6.638923197677974,17262.445078715646,0.0,0.19676087423338548,2.0472243320962105,2260733.6602814426,594.7464688871885
196400.0,4600773.257628455,295128.0734820925,4600947.968028305,-74.87289550217587,1630.2998857137266,-75.11157699586785,-6.638669973769293,-0.4258767752268138,-6.638922068261655,17262.445078715646,0.0,0.19676087423338548,2.0472243320962105,2260733.6602814426,594.7464688871885
196500.0,4600765.737145556,295291.1013408869,4600940.423675997,-75.53676245224511,1630.2572862419368,-75.77546915368295,-6.6386690574534715,-0.42611266264393377,-6.638921117879453,17262.445078715646,0.0,0.19676087423338548,2.0472243320962105,2260733.6602814426,594.7464688871885
196600.0,4600758.150275967,295454.1249385546,4600932.812934478,-76.20062931963415,1630.2146631807823,-76.43936122541153,-6.638668320164921,-0.4263485625260041,-6.638920346531178,17262.445078715646,0.0,0.19676087423338548,2.0472243320962105,2260733.6602814426,594.7464688871885
196700.0,4600750.497019694,295617.1442727367,4600925.135803754,-76.86449612224567,1630.1720165290153,-77.10325322895697,-6.638667761903489,-0.4265844748992362,-6.638919754216673,17262.445078715646,0.0,0.19676087423338548,2.0472243320962105,2260733.6602814426,594.7464688871885
196800.0,4600742.777376744,295780.159341074,4600917.392283834,-77.5283628779824,1630.1293462853853,-77.76714518222265,-6.638667382669051,-0.42682039978985187,-6.638919340935812,17262.445078715646,0.0,0.19676087423338548,2.0472243320962105,2260733.6602814426,594.7464688871885
196900.0,4600734.991347119,295943.17014120735,4600909.582374719,-78.19222960474704,1630.0866524486391,-78.43103710311192,-6.638667182461507,-0.4270563372240838,-6.638919106688493,17262.445078715646,0.0,0.19676087423338548,2.0472243320962105,2260733.6602814426,594.7464688871885
197000.0,4600727.138930823,296106.17667077726,4600901.706076413,-78.85609632044226,1630.0439350175213,-79.09492900952813,-6.638667161280772,-0.4272922872281742,-6.638919051474624,17262.445078715646,0.0,0.19676087423338548,2.0472243320962105,2260733.6602814426,594.7464688871885
197100.0,4600719.2201278545,296269.1789274243,4600893.763388917,-79.51996304297074,1630.0011939907736,-79.75882091937463,-6.6386673191267995,-0.42752824982837756,-6.638919175294155,17262.445078715646,0.0,0.19676087423338548,2.0472243320962105,2260733.6602814426,594.7464688871885
197200.0,4600711.234938213,296432.17690878885,4600885.754312228,-80.18382979023518,1629.9584293671348,-80.42271285055475,-6.638667655999561,-0.4277642250509582,-6.638919478147053,17262.445078715646,0.0,0.19676087423338548,2.0472243320962105,2260733.6602814426,594.7464688871885
197300.0,4600703.183361894,296595.1706125111,4600877.678846345,-80.84769658013822,1629.9156411453416,-81.08660482097181,-6.638668171899059,-0.42800021292219165,-6.63891996003332,17262.445078715646,0.0,0.19676087423338548,2.0472243320962105,2260733.6602814426,594.7464688871885
197400.0,4600695.065398894,296758.1600362313,4600869.536991263,-81.51156343058256,1629.872829324128,-81.75049684852918,-6.638668866825317,-0.42823621346836427,-6.638920620952972,17262.445078715646,0.0,0.19676087423338548,2.0472243320962105,2260733.6602814426,594.7464688871885
197500.0,4600686.881049206,296921.14517758926,4600861.328746974,-82.17543035947085,1629.8299939022247,-82.41438895113019,-6.638669740778382,-0.4284722267157729,-6.638921460906055,17262.445078715646,0.0,0.19676087423338548,2.0472243320962105,2260733.6602814426,594.7464688871885
197600.0,4600678.630312819,297084.126034225,4600853.054113469,-82.8392973847058,1629.7871348783606,-83.07828114667818,-6.638670793758341,-0.4287082526907262,-6.638922479892649,17262.445078715646,0.0,0.19676087423338548,2.0472243320962105,2260733.6602814426,594.7464688871885
197700.0,4600670.313189724,297247.1026037782,4600844.71309074,-83.5031645241901,1629.7442522512615,-83.7421734530765,-6.638672025765282,-0.4289442914195423,-6.638923677912842,17262.445078715646,0.0,0.19676087423338548,2.0472243320962105,2260733.6602814426,594.7464688871885
197800.0,4600661.92967991,297410.0748838884,4600836.305678775,-84.16703179582643,1629.7013460196508,-84.40606588822854,-6.638673436799336,-0.42918034292855145,-6.638925054966761,17262.445078715646,0.0,0.19676087423338548,2.0472243320962105,2260733.6602814426,594.7464688871885
197900.0,4600653.47978336,297573.04287219525,4600827.831877558,-84.83089921751754,1629.658416182249,-85.06995847003766,-6.6386750268606605,-0.4294164072440947,-6.638926611054555,17262.445078715646,0.0,0.19676087423338548,2.0472243320962105,2260733.6602814426,594.7464688871885
198000.0,4600644.96350006,297736.006566338,4600819.291687075,-85.49476680716614,1629.6154627377744,-85.73385121640726,-6.638676795949428,-0.4296524843925235,-6.638928346176399,17262.445078715646,0.0,0.19676087423338548,2.0472243320962105,2260733.6602814426,594.7464688871885
198100.0,4600636.380829993,297898.9659639559,4600810.685107308,-86.158634582675,1629.572485684942,-86.39774414524075,-6.638678744065846,-0.4298885744002013,-6.638930260332492,17262.445078715646,0.0,0.19676087423338548,2.0472243320962105,2260733.6602814426,594.7464688871885
198200.0,4600627.731773137,298061.92106268805,4600802.012138239,-86.8225025619469,1629.5294850224648,-87.06163727444158,-6.638680871210143,-0.4301246772935018,-6.6389323535230576,17262.445078715646,0.0,0.19676087423338548,2.0472243320962105,2260733.6602814426,594.7464688871885
198300.0,4600619.016329473,298224.8718601734,4600793.272779847,-87.48637076288463,1629.4864607490529,-87.7255306219132,-6.638683177382564,-0.43036079309880965,-6.638934625748343,17262.445078715646,0.0,0.19676087423338548,2.0472243320962105,2260733.6602814426,594.7464688871885
198400.0,4600610.234498977,298387.8183540508,4600784.4670321075,-88.15023920339102,1629.4434128634136,-88.38942420555908,-6.638685662583397,-0.43059692184252163,-6.638937077008627,17262.445078715646,0.0,0.19676087423338548,2.0472243320962105,2260733.6602814426,594.7464688871885
198500.0,4600601.3862816235,298550.76054195897,4600775.594894997,-88.81410790136893,1629.4003413642522,-89.05331804328276,-6.638688326812942,-0.4308330635510449,-6.638939707304209,17262.445078715646,0.0,0.19676087423338548,2.0472243320962105,2260733.6602814426,594.7464688871885
198600.0,4600592.471677387,298713.6984215365,4600766.656368489,-89.47797687472124,1629.3572462502705,-89.71721215298777,-6.6386911700715325,-0.4310692182507982,-6.638942516635417,17262.445078715646,0.0,0.19676087423338548,2.0472243320962105,2260733.6602814426,594.7464688871885
198700.0,4600583.490686239,298876.6319904218,4600757.651452556,-90.14184614135088,1629.314127520168,-90.3811065525777,-6.638694192359521,-0.4313053859682112,-6.638945505002603,17262.445078715646,0.0,0.19676087423338548,2.0472243320962105,2260733.6602814426,594.7464688871885
198800.0,4600574.4433081485,299039.56124625326,4600748.580147169,-90.8057157191608,1629.270985172642,-91.04500125995617,-6.638697393677282,-0.4315415667297247,-6.638948672406133,17262.445078715646,0.0,0.19676087423338548,2.0472243320962105,2260733.6602814426,594.7464688871885
198900.0,4600565.329543084,299202.48618666903,4600739.442452294,-91.46958562605401,1629.2278192063864,-91.70889629302683,-6.638700774025237,-0.4317777605617919,-6.638952018846425,17262.445078715646,0.0,0.19676087423338548,2.0472243320962105,2260733.6602814426,594.7464688871885
199000.0,4600556.149391011,299365.40680930717,4600730.238367898,-92.13345587993354,1629.184629620093,-92.37279166969336,-6.638704333403795,-0.4320139674908754,-6.638955544323888,17262.445078715646,0.0,0.19676087423338548,2.0472243320962105,2260733.6602814426,594.7464688871885
199100.0,4600546.902851895,299528.32311180566,4600720.967893948,-92.79732649870247,1629.1414164124506,-93.03668740785952,-6.63870807181343,-0.43225018754345135,-6.638959248838989,17262.445078715646,0.0,0.19676087423338548,2.0472243320962105,2260733.6602814426,594.7464688871885
199200.0,4600537.589925699,299691.23509180226,4600711.631030404,-93.46119750026395,1629.0981795821458,-93.7005835254291,-6.638711989254607,-0.4324864207460054,-6.638963132392192,17262.445078715646,0.0,0.19676087423338548,2.0472243320962105,2260733.6602814426,594.7464688871885
199300.0,4600528.210612382,299854.1427469346,4600702.227777229,-94.12506890252114,1629.0549191278621,-94.36448004030592,-6.6387160857278475,-0.43272266712503626,-6.638967194984012,17262.445078715646,0.0,0.19676087423338548,2.0472243320962105,2260733.6602814426,594.7464688871885
199400.0,4600518.764911904,300017.0460748403,4600692.758134382,-94.78894072337727,1629.0116350482806,-95.02837697039388,-6.638720361233672,-0.4329589267070527,-6.638971436614966,17262.445078715646,0.0,0.19676087423338548,2.0472243320962105,2260733.6602814426,594.7464688871885
199500.0,4600509.252824223,300179.94507315673,4600683.222101821,-95.45281298073563,1628.9683273420796,-95.69227433359691,-6.638724815772633,-0.4331951995185758,-6.638975857285607,17262.445078715646,0.0,0.19676087423338548,2.0472243320962105,2260733.6602814426,594.7464688871885
199600.0,4600499.674349293,300342.83973952115,4600673.6196795,-96.11668569249957,1628.924996007935,-96.35617214781901,-6.638729449345327,-0.4334314855861386,-6.638980456996519,17262.445078715646,0.0,0.19676087423338548,2.0472243320962105,2260733.6602814426,594.7464688871885
199700.0,4600490.029487069,300505.73007157067,4600663.950867375,-96.7805588765725,1628.8816410445197,-97.02007043096424,-6.638734261952346,-0.4336677849362846,-6.638985235748299,17262.445078715646,0.0,0.19676087423338548,2.0472243320962105,2260733.6602814426,594.7464688871885
199800.0,4600480.318237501,300668.61606694234,4600654.215665398,-97.44443255085787,1628.838262450504,-97.68396920093672,-6.638739253594329,-0.43390409759557,-6.638990193541577,17262.445078715646,0.0,0.19676087423338548,2.0472243320962105,2260733.6602814426,594.7464688871885
199900.0,4600470.540600541,300831.49772327306,4600644.4140735185,-98.10830673325921,1628.794860224556,-98.34786847564062,-6.63874442427193,-0.4341404235905621,-6.638995330377005,17262.445078715646,0.0,0.19676087423338548,2.0472243320962105,2260733.6602814426,594.7464688871885
200000.0,4600460.696576137,300994.3750381995,4600634.546091685,-98.77218144168013,1628.7514343653406,-99.0117682729802,-6.638749773985826,-0.4343767629478398,-6.639000646255257,17262.445078715646,0.0,0.19676087423338548,2.0472243320962105,2260733.6602814426,594.7464688871885
200100.0,4600450.786164235,301157.2480093583,4600624.611719846,-99.43605669402429,1628.7079848715202,-99.67566861085979,-6.638755302736728,-0.43461311569399436,-6.639006141177037,17262.445078715646,0.0,0.19676087423338548,2.0472243320962105,2260733.6602814426,594.7464688871885
200200.0,4600440.80936478,301320.11663438595,4600614.610957945,-100.09993250819541,1628.6645117417547,-100.33956950718375,-6.638761010525365,-0.43484948185562833,-6.639011815143074,17262.445078715646,0.0,0.19676087423338548,2.0472243320962105,2260733.6602814426,594.7464688871885
200300.0,4600430.766177714,301482.98091091873,4600604.543805925,-100.76380890209731,1628.6210149747012,-101.00347097985657,-6.6387668973525,-0.43508586145935685,-6.639017668154126,17262.445078715646,0.0,0.19676087423338548,2.0472243320962105,2260733.6602814426,594.7464688871885
200400.0,4600420.656602979,301645.8408365929,4600594.410263729,-101.42768589363388,1628.577494569014,-101.66737304678277,-6.6387729632189,-0.4353222545318054,-6.639023700210956,17262.445078715646,0.0,0.19676087423338548,2.0472243320962105,2260733.6602814426,594.7464688871885
200500.0,4600410.480640514,301808.6964090445,4600584.210331296,-102.09156350070909,1628.533950523345,-102.33127572586697,-6.6387792081253805,-0.4355586610996131,-6.639029911314375,17262.445078715646,0.0,0.19676087423338548,2.0472243320962105,2260733.6602814426,594.7464688871885
200600.0,4600400.238290257,301971.5476259095,4600573.944008563,-102.75544174122699,1628.4903828363433,-102.99517903501389,-6.638785632072775,-0.4357950811894305,-6.639036301465209,17262.445078715646,0.0,0.19676087423338548,2.0472243320962105,2260733.6602814426,594.7464688871885
200700.0,4600389.929552143,302134.3944848237,4600563.611295467,-103.4193206330917,1628.4467915066555,-103.65908299212829,-6.638792235061927,-0.4360315148279193,-6.639042870664307,17262.445078715646,0.0,0.19676087423338548,2.0472243320962105,2260733.6602814426,594.7464688871885
200800.0,4600379.554426108,302297.2369834227,4600553.212191942,-104.08320019420746,1628.4031765329253,-104.32298761511505,-6.638799017093728,-0.4362679620417548,-6.639049618912551,17262.445078715646,0.0,0.19676087423338548,2.0472243320962105,2260733.6602814426,594.7464688871885
200900.0,4600369.112912081,302460.0751193421,4600542.746697921,-104.74708044247858,1628.3595379137937,-104.98689292187913,-6.6388059781690725,-0.4365044228576225,-6.6390565462108295,17262.445078715646,0.0,0.19676087423338548,2.0472243320962105,2260733.6602814426,594.7464688871885
201000.0,4600358.605009995,302622.9088902172,4600532.214813335,-105.41096139580944,1628.3158756478995,-105.65079893032558,-6.638813118288898,-0.4367408973022221,-6.639063652560083,17262.445078715646,0.0,0.19676087423338548,2.0472243320962105,2260733.6602814426,594.7464688871885
201100.0,4600348.0307197785,302785.73829368333,4600521.616538111,-106.07484307210454,1628.2721897338781,-106.31470565835954,-6.638820437454163,-0.4369773854022646,-6.6390709379612565,17262.445078715646,0.0,0.19676087423338548,2.0472243320962105,2260733.6602814426,594.7464688871885
201200.0,4600337.390041357,302948.5633273756,4600510.951872178,-106.73872548926849,1628.228480170363,-106.97861312388626,-6.638827935665836,-0.43721388718447285,-6.639078402415324,17262.445078715646,0.0,0.19676087423338548,2.0472243320962105,2260733.6602814426,594.7464688871885
201300.0,4600326.682974655,303111.38398892904,4600500.220815461,-107.40260866520596,1628.1847469559843,-107.64252134481107,-6.638835612924927,-0.43745040267558255,-6.639086045923287,17262.445078715646,0.0,0.19676087423338548,2.0472243320962105,2260733.6602814426,594.7464688871885
201400.0,4600315.909519598,303274.2002759784,4600489.423367883,-108.06649261782175,1628.14099008937,-108.30643033903942,-6.638843469232463,-0.4376869319023415,-6.639093868486168,17262.445078715646,0.0,0.19676087423338548,2.0472243320962105,2260733.6602814426,594.7464688871885
201500.0,4600305.069676106,303437.01218615845,4600478.559529367,-108.73037736502077,1628.0972095691452,-108.97034012447685,-6.638851504589497,-0.43792347489150996,-6.639101870105021,17262.445078715646,0.0,0.19676087423338548,2.0472243320962105,2260733.6602814426,594.7464688871885
201600.0,4600294.163444098,303599.81971710373,4600467.629299832,-109.394262924708,1628.053405393932,-109.634250719029,-6.6388597189971055,-0.4381600316698607,-6.639110050780914,17262.445078715646,0.0,0.19676087423338548,2.0472243320962105,2260733.6602814426,594.7464688871885
201700.0,4600283.1908234935,303762.6228664487,4600456.632679195,-110.05814931478858,1628.0095775623506,-110.29816214060163,-6.638868112456397,-0.43839660226417937,-6.639118410514952,17262.445078715646,0.0,0.19676087423338548,2.0472243320962105,2260733.6602814426,594.7464688871885
201800.0,4600272.151814207,303925.42163182766,4600445.569667375,-110.72203655316771,1627.9657260730178,-110.96207440710063,-6.6388766849684915,-0.4386331867012632,-6.6391269493082525,17262.445078715646,0.0,0.19676087423338548,2.0472243320962105,2260733.6602814426,594.7464688871885
201900.0,4600261.046416154,304088.2160108747,4600434.440264285,-111.38592465775075,1627.921850924548,-111.62598753643196,-6.6388854365345455,-0.43886978500792323,-6.63913566716197,17262.445078715646,0.0,0.19676087423338548,2.0472243320962105,2260733.6602814426,594.7464688871885
202000.0,4600249.874629246,304251.0060012239,4600423.244469838,-112.04981364644313,1627.877952115553,-112.28990154650174,-6.638894367155726,-0.4391063972109816,-6.639144564077267,17262.445078715646,0.0,0.19676087423338548,2.0472243320962105,2260733.6602814426,594.7464688871885
202100.0,4600238.636453395,304413.79160050914,4600411.982283946,-112.71370353715044,1627.8340296446418,-112.95381645521617,-6.638903476833245,-0.43934302333727504,-6.639153640055349,17262.445078715646,0.0,0.19676087423338548,2.0472243320962105,2260733.6602814426,594.7464688871885
202200.0,4600227.331888508,304576.5728063641,4600400.653706517,-113.37759434777837,1627.7900835104206,-113.6177322804816,-6.638912765568325,-0.4395796634136519,-6.639162895097434,17262.445078715646,0.0,0.19676087423338548,2.0472243320962105,2260733.6602814426,594.7464688871885
202300.0,4600215.960934494,304739.34961642243,4600389.258737459,-114.04148609623273,1627.746113711493,-114.2816490402045,-6.638922233362208,-0.43981631746697325,-6.639172329204767,17262.445078715646,0.0,0.19676087423338548,2.0472243320962105,2260733.6602814426,594.7464688871885
202400.0,4600204.523591257,304902.12202831754,4600377.797376677,-114.70537880041948,1627.7021202464603,-114.94556675229144,-6.638931880216176,-0.4400529855241134,-6.639181942378618,17262.445078715646,0.0,0.19676087423338548,2.0472243320962105,2260733.6602814426,594.7464688871885
202500.0,4600193.019858701,305064.8900396828,4600366.269624076,-115.36927247824468,1627.6581031139206,-115.60948543464914,-6.6389417061315275,-0.44028966761196014,-6.639191734620285,17262.445078715646,0.0,0.19676087423338548,2.0472243320962105,2260733.6602814426,594.7464688871885
202600.0,4600181.449736728,305227.6536481514,4600354.675479557,-116.03316714761455,1627.6140623124693,-116.27340510518447,-6.638951711109576,-0.44052636375741266,-6.63920170593108,17262.445078715646,0.0,0.19676087423338548,2.0472243320962105,2260733.6602814426,594.7464688871885
202700.0,4600169.813225238,305390.4128513563,4600343.014943021,-116.6970628264354,1627.5699978406994,-116.93732578180438,-6.638961895151678,-0.4407630739873851,-6.639211856312354,17262.445078715646,0.0,0.19676087423338548,2.0472243320962105,2260733.6602814426,594.7464688871885
202800.0,4600158.1103241285,305553.1676469305,4600331.288014366,-117.36095953261372,1627.5259096972013,-117.601247482416,-6.638972258259205,-0.44099979832880354,-6.63922218576547,17262.445078715646,0.0,0.19676087423338548,2.0472243320962105,2260733.6602814426,594.7464688871885
202900.0,4600146.341033297,305715.91803250666,4600319.49469349,-118.02485728405613,1627.4817978805625,-118.26517022492658,-6.638982800433543,-0.441236536808607,-6.639232694291817,17262.445078715646,0.0,0.19676087423338548,2.0472243320962105,2260733.6602814426,594.7464688871885
203000.0,4600134.505352637,305878.66400571744,4600307.6349802865,-118.68875609866937,1627.4376623893675,-118.92909402724352,-6.638993521676122,-0.44147328945374875,-6.639243381892817,17262.445078715646,0.0,0.19676087423338548,2.0472243320962105,2260733.6602814426,594.7464688871885
203100.0,4600122.603282041,306041.4055641953,4600295.708874648,-119.35265599436035,1627.3935032221987,-119.59301890727436,-6.639004421988385,-0.44171005629119486,-6.639254248569915,17262.445078715646,0.0,0.19676087423338548,2.0472243320962105,2260733.6602814426,594.7464688871885
203200.0,4600110.634821401,306204.1427055726,4600283.716376469,-120.01655698903609,1627.3493203776354,-120.25694488292676,-6.6390155013717935,-0.44194683734792417,-6.639265294324562,17262.445078715646,0.0,0.19676087423338548,2.0472243320962105,2260733.6602814426,594.7464688871885
203300.0,4600098.599970606,306366.87542748154,4600271.657485635,-120.6804591006038,1627.3051138542544,-120.92087197210857,-6.639026759827846,-0.44218363265092986,-6.639276519158254,17262.445078715646,0.0,0.19676087423338548,2.0472243320962105,2260733.6602814426,594.7464688871885
203400.0,4600086.498729544,306529.60372755415,4600259.532202036,-121.3443623469708,1627.2608836506295,-121.58480019272777,-6.639038197358061,-0.442420442227218,-6.639287923072508,17262.445078715646,0.0,0.19676087423338548,2.0472243320962105,2260733.6602814426,594.7464688871885
203500.0,4600074.331098099,306692.3276034223,4600247.340525558,-122.0082667460446,1627.2166297653323,-122.24872956269247,-6.639049813963971,-0.44265726610380784,-6.639299506068851,17262.445078715646,0.0,0.19676087423338548,2.0472243320962105,2260733.6602814426,594.7464688871885
203600.0,4600062.097076156,306855.04705271777,4600235.082456085,-122.67217231573284,1627.1723521969313,-122.912660099911,-6.6390616096471495,-0.4428941043077336,-6.639311268148853,17262.445078715646,0.0,0.19676087423338548,2.0472243320962105,2260733.6602814426,594.7464688871885
203700.0,4600049.796663596,307017.7620730722,4600222.757993499,-123.33607907394332,1627.1280509439923,-123.57659182229176,-6.639073584409187,-0.4431309568660421,-6.6393232093141,17262.445078715646,0.0,0.19676087423338548,2.0472243320962105,2260733.6602814426,594.7464688871885
203800.0,4600037.4298603,307180.47266211704,4600210.367137681,-123.99998703858402,1627.0837260050787,-124.24052474774338,-6.639085738251689,-0.4433678238057937,-6.6393353295662,17262.445078715646,0.0,0.19676087423338548,2.0472243320962105,2260733.6602814426,594.7464688871885
203900.0,4600024.996666147,307343.17881748365,4600197.909888509,-124.66389622756307,1627.039377378751,-124.90445889417461,-6.639098071176294,-0.44360470515406253,-6.639347628906777,17262.445078715646,0.0,0.19676087423338548,2.0472243320962105,2260733.6602814426,594.7464688871885
204000.0,4600012.497081013,307505.88053680316,4600185.386245861,-125.32780665878875,1626.9950050635669,-125.5683942794944,-6.639110583184669,-0.4438416009379376,-6.6393601073375015,17262.445078715646,0.0,0.19676087423338548,2.0472243320962105,2260733.6602814426,594.7464688871885
204100.0,4599999.931104774,307668.5778177067,4600172.796209611,-125.99171835016952,1626.9506090580815,-126.23233092161183,-6.6391232742784965,-0.4440785111845209,-6.639372764860049,17262.445078715646,0.0,0.19676087423338548,2.0472243320962105,2260733.6602814426,594.7464688871885
204200.0,4599987.298737301,307831.27065782505,4600160.139779634,-126.65563131961402,1626.906189360847,-126.89626883843619,-6.639136144459487,-0.44431543592092865,-6.6393856014761266,17262.445078715646,0.0,0.19676087423338548,2.0472243320962105,2260733.6602814426,594.7464688871885
204300.0,4599974.5999784665,307993.95905478904,4600147.416955801,-127.31954558503105,1626.8617459704135,-127.5602080478769,-6.639149193729369,-0.444552375174291,-6.639398617187463,17262.445078715646,0.0,0.19676087423338548,2.0472243320962105,2260733.6602814426,594.7464688871885
204400.0,4599961.83482814,308156.6430062293,4600134.627737981,-127.98346116432958,1626.8172788853276,-128.22414856784357,-6.639162422089903,-0.44478932897175244,-6.639411811995808,17262.445078715646,0.0,0.19676087423338548,2.0472243320962105,2260733.6602814426,594.7464688871885
204500.0,4599949.003286189,308319.3225097763,4600121.772126043,-128.64737807541877,1626.7727881041335,-128.888090416246,-6.639175829542873,-0.4450262973404718,-6.6394251859029465,17262.445078715646,0.0,0.19676087423338548,2.0472243320962105,2260733.6602814426,594.7464688871885
204600.0,4599936.10535248,308481.99756306026,4600108.850119853,-129.31129633620796,1626.7282736253728,-129.55203361099416,-6.639189416090079,-0.4452632803076214,-6.639438738910672,17262.445078715646,0.0,0.19676087423338548,2.0472243320962105,2260733.6602814426,594.7464688871885
204700.0,4599923.141026876,308644.6681637114,4600095.861719276,-129.97521596460666,1626.6837354475845,-130.2159781699982,-6.639203181733352,-0.44550027790038893,-6.639452471020817,17262.445078715646,0.0,0.19676087423338548,2.0472243320962105,2260733.6602814426,594.7464688871885
204800.0,4599910.11030924,308807.3343093597,4600082.806924174,-130.63913697852456,1626.6391735693044,-130.87992411116846,-6.639217126474544,-0.44573729014597535,-6.639466382235223,17262.445078715646,0.0,0.19676087423338548,2.0472243320962105,2260733.6602814426,594.7464688871885
204900.0,4599897.013199434,308969.9959976352,4600069.685734407,-131.30305939587157,1626.594587989066,-131.54387145241546,-6.6392312503155315,-0.4459743170715972,-6.639480472555762,17262.445078715646,0.0,0.19676087423338548,2.0472243320962105,2260733.6602814426,594.7464688871885
205000.0,4599883.849697314,309132.65322616743,4600056.4981498355,-131.96698323455774,1626.5499787053998,-132.2078202116499,-6.639245553258214,-0.44621135870448486,-6.639494741984337,17262.445078715646,0.0,0.19676087423338548,2.0472243320962105,2260733.6602814426,594.7464688871885
205100.0,4599870.619802739,309295.3059925861,4600043.2441703165,-132.63090851249333,1626.505345716834,-132.87177040678267,-6.639260035304519,-0.44644841507188365,-6.639509190522865,17262.445078715646,0.0,0.19676087423338548,2.0472243320962105,2260733.6602814426,594.7464688871885
205200.0,4599857.323515562,309457.95429452055,4600029.923795706,-133.29483524758882,1626.4606890218934,-133.53572205572488,-6.639274696456385,-0.44668548620105314,-6.63952381817329,17262.445078715646,0.0,0.19676087423338548,2.0472243320962105,2260733.6602814426,594.7464688871885
205300.0,4599843.960835639,309620.59812960017,4600016.537025857,-133.95876345775486,1626.4160086191007,-134.19967517638779,-6.63928953671579,-0.446922572119268,-6.639538624937574,17262.445078715646,0.0,0.19676087423338548,2.0472243320962105,2260733.6602814426,594.7464688871885
205400.0,4599830.531762821,309783.2374954541,4600003.083860621,-134.6226931609023,1626.3713045069755,-134.8636297866829,-6.6393045560847295,-0.44715967285381825,-6.639553610817714,17262.445078715646,0.0,0.19676087423338548,2.0472243320962105,2260733.6602814426,594.7464688871885
205500.0,4599817.036296956,309945.8723897112,4599989.564299849,-135.2866243749422,1626.326576684035,-135.5275859045219,-6.639319754565218,-0.4473967884320078,-6.639568775815722,17262.445078715646,0.0,0.19676087423338548,2.0472243320962105,2260733.6602814426,594.7464688871885
205600.0,4599803.474437894,310108.50281000044,4599975.978343389,-135.9505571177858,1626.2818251487934,-136.1915435478167,-6.639335132159298,-0.44763391888115606,-6.639584119933636,17262.445078715646,0.0,0.19676087423338548,2.0472243320962105,2260733.6602814426,594.7464688871885
205700.0,4599789.846185481,310271.12875395047,4599962.325991088,-136.61449140734456,1626.237049899762,-136.8555027344794,-6.639350688869034,-0.4478710642285977,-6.639599643173515,17262.445078715646,0.0,0.19676087423338548,2.0472243320962105,2260733.6602814426,594.7464688871885
205800.0,4599776.15153956,310433.75021918985,4599948.60724279,-137.27842726153017,1626.19225093545,-137.51946348242222,-6.63936642469652,-0.44810822450168253,-6.63961534553745,17262.445078715646,0.0,0.19676087423338548,2.0472243320962105,2260733.6602814426,594.7464688871885
205900.0,4599762.3904999755,310596.367203347,4599934.822098339,-137.94236469825452,1626.1474282543631,-138.18342580955775,-6.639382339643862,-0.44834539972777504,-6.639631227027545,17262.445078715646,0.0,0.19676087423338548,2.0472243320962105,2260733.6602814426,594.7464688871885
206000.0,4599748.563066567,310758.9797040501,4599920.970557575,-138.6063037354297,1626.102581855005,-138.84738973379868,-6.639398433713198,-0.44858258993425554,-6.639647287645931,17262.445078715646,0.0,0.19676087423338548,2.0472243320962105,2260733.6602814426,594.7464688871885
206100.0,4599734.669239175,310921.5877189273,4599907.052620338,-139.27024439096797,1626.057711735876,-139.51135527305794,-6.639414706906685,-0.44881979514851966,-6.639663527394765,17262.445078715646,0.0,0.19676087423338548,2.0472243320962105,2260733.6602814426,594.7464688871885
206200.0,4599720.709017634,311084.1912456066,4599893.068286466,-139.9341866827819,1626.012817895474,-140.17532244524872,-6.639431159226511,-0.4490570153979787,-6.639679946276227,17262.445078715646,0.0,0.19676087423338548,2.0472243320962105,2260733.6602814426,594.7464688871885
206300.0,4599706.682401783,311246.7902817157,4599879.017555795,-140.59813062878422,1625.9679003322942,-140.83929126828437,-6.639447790674874,-0.44929425071005863,-6.639696544292514,17262.445078715646,0.0,0.19676087423338548,2.0472243320962105,2260733.6602814426,594.7464688871885
206400.0,4599692.589391453,311409.38482488226,4599864.900428157,-141.2620762468879,1625.922959044829,-141.50326176007846,-6.639464601254011,-0.4495315011122026,-6.639713321445858,17262.445078715646,0.0,0.19676087423338548,2.0472243320962105,2260733.6602814426,594.7464688871885
206500.0,4599678.429986477,311571.9748727338,4599850.716903387,-141.9260235550061,1625.8779940315678,-142.16723393854485,-6.639481590966173,-0.4497687666318682,-6.639730277738507,17262.445078715646,0.0,0.19676087423338548,2.0472243320962105,2260733.6602814426,594.7464688871885
206600.0,4599664.204186684,311734.5604228977,4599836.466981313,-142.5899725710523,1625.8330052909978,-142.83120782159756,-6.639498759813628,-0.4500060472965289,-6.6397474131727225,17262.445078715646,0.0,0.19676087423338548,2.0472243320962105,2260733.6602814426,594.7464688871885
206700.0,4599649.9119919045,311897.14147300104,4599822.150661766,-143.2539233129401,1625.7879928216028,-143.49518342715086,-6.639516107798684,-0.45024334313367514,-6.639764727750815,17262.445078715646,0.0,0.19676087423338548,2.0472243320962105,2260733.6602814426,594.7464688871885
206800.0,4599635.553401964,312059.718020671,4599807.76794457,-143.91787579858337,1625.7429566218643,-144.15916077311925,-6.639533634923657,-0.4504806541708119,-6.639782221475086,17262.445078715646,0.0,0.19676087423338548,2.0472243320962105,2260733.6602814426,594.7464688871885
206900.0,4599621.128416686,312222.29006353434,4599793.318829552,-144.58183004589623,1625.6978966902611,-144.82313987741747,-6.639551341190894,-0.45071798043546146,-6.639799894347888,17262.445078715646,0.0,0.19676087423338548,2.0472243320962105,2260733.6602814426,594.7464688871885
207000.0,4599606.637035895,312384.8575992179,4599778.803316535,-145.24578607279304,1625.6528130252689,-145.48712075796053,-6.639569226602766,-0.4509553219551618,-6.639817746371585,17262.445078715646,0.0,0.19676087423338548,2.0472243320962105,2260733.6602814426,594.7464688871885
207100.0,4599592.079259411,312547.4206253482,4599764.221405341,-145.90974389718835,1625.6077056253607,-146.15110343266358,-6.63958729116166,-0.4511926787574671,-6.639835777548562,17262.445078715646,0.0,0.19676087423338548,2.0472243320962105,2260733.6602814426,594.7464688871885
207200.0,4599577.4550870545,312709.97913955175,4599749.573095789,-146.57370353699702,1625.5625744890071,-146.81508791944208,-6.639605534869993,-0.4514300508699478,-6.63985398788123,17262.445078715646,0.0,0.19676087423338548,2.0472243320962105,2260733.6602814426,594.7464688871885
207300.0,4599562.764518643,312872.5331394548,4599734.858387697,-147.2376650101341,1625.5174196146756,-147.47907423621174,-6.639623957730203,-0.45166743832019096,-6.6398723773720185,17262.445078715646,0.0,0.19676087423338548,2.0472243320962105,2260733.6602814426,594.7464688871885
207400.0,4599548.007553991,313035.0826226834,4599720.07728088,-147.90162833451487,1625.472241000831,-148.1430624008885,-6.639642559744744,-0.4519048411358001,-6.639890946023388,17262.445078715646,0.0,0.19676087423338548,2.0472243320962105,2260733.6602814426,594.7464688871885
207500.0,4599533.184192914,313197.6275868636,4599705.229775154,-148.56559352805493,1625.4270386459355,-148.80705243138854,-6.639661340916103,-0.4521422593443952,-6.639909693837814,17262.445078715646,0.0,0.19676087423338548,2.0472243320962105,2260733.6602814426,594.7464688871885
207600.0,4599518.294435223,313360.1680296212,4599690.315870331,-149.22956060867008,1625.3818125484481,-149.47104434562826,-6.639680301246791,-0.4523796929736139,-6.639928620817805,17262.445078715646,0.0,0.19676087423338548,2.0472243320962105,2260733.6602814426,594.7464688871885
207700.0,4599503.338280728,313522.7039485818,4599675.335566221,-149.89352959427637,1625.3365627068258,-150.13503816152436,-6.639699440739334,-0.4526171420511094,-6.639947726965883,17262.445078715646,0.0,0.19676087423338548,2.0472243320962105,2260733.6602814426,594.7464688871885
207800.0,4599488.315729239,313685.23534137104,4599660.2888626335,-150.5575005027901,1625.2912891195222,-150.7990338969938,-6.639718759396277,-0.452854606604552,-6.639967012284593,17262.445078715646,0.0,0.19676087423338548,2.0472243320962105,2260733.6602814426,594.7464688871885
207900.0,4599473.226780563,313847.7622056142,4599645.175759376,-151.22147335212787,1625.245991784988,-151.46303156995373,-6.6397382572202055,-0.45309208666163014,-6.639986476776512,17262.445078715646,0.0,0.19676087423338548,2.0472243320962105,2260733.6602814426,594.7464688871885
208000.0,4599458.071434503,314010.28453893645,4599629.996256254,-151.88544816020647,1625.200670701672,-152.12703119832162,-6.6397579342137085,-0.4533295822500479,-6.640006120444228,17262.445078715646,0.0,0.19676087423338548,2.0472243320962105,2260733.6602814426,594.7464688871885
208100.0,4599442.849690865,314172.80233896285,4599614.75035307,-152.549424944943,1625.1553258680194,-152.7910328000152,-6.639777790379411,-0.45356709339752754,-6.640025943290361,17262.445078715646,0.0,0.19676087423338548,2.0472243320962105,2260733.6602814426,594.7464688871885
208200.0,4599427.561549448,314335.31560331833,4599599.438049627,-153.21340372425485,1625.109957282473,-153.4550363929524,-6.639797825719951,-0.4538046201318081,-6.640045945317542,17262.445078715646,0.0,0.19676087423338548,2.0472243320962105,2260733.6602814426,594.7464688871885
208300.0,4599412.207010053,314497.82432962756,4599584.059345724,-153.87738451605958,1625.0645649434728,-154.11904199505148,-6.639818040237994,-0.4540421624806464,-6.640066126528441,17262.445078715646,0.0,0.19676087423338548,2.0472243320962105,2260733.6602814426,594.7464688871885
208400.0,4599396.786072478,314660.3285155152,4599568.61424116,-154.5413673382751,1625.0191488494556,-154.78304962423096,-6.639838433936233,-0.4542797204718165,-6.64008648692574,17262.445078715646,0.0,0.19676087423338548,2.0472243320962105,2260733.6602814426,594.7464688871885
208500.0,4599381.298736517,314822.8281586056,4599553.102735732,-155.2053522088196,1624.9737089988562,-155.44705929840958,-6.639859006817373,-0.4545172941331104,-6.640107026512141,17262.445078715646,0.0,0.19676087423338548,2.0472243320962105,2260733.6602814426,594.7464688871885
208600.0,4599365.745001967,314985.32325652306,4599537.524829232,-155.86933914561143,1624.9282453901058,-156.11107103550643,-6.639879758884153,-0.4547548834923376,-6.640127745290381,17262.445078715646,0.0,0.19676087423338548,2.0472243320962105,2260733.6602814426,594.7464688871885
208700.0,4599350.124868619,315147.8138068917,4599521.880521455,-156.53332816656936,1624.8827580216334,-156.7750848534408,-6.639900690139322,-0.4549924885773252,-6.640148643263201,17262.445078715646,0.0,0.19676087423338548,2.0472243320962105,2260733.6602814426,594.7464688871885
208800.0,4599334.438336264,315310.29980733537,4599506.169812191,-157.19731928961235,1624.837246891865,-157.4391007701323,-6.63992180058566,-0.45523010941591857,-6.6401697204333825,17262.445078715646,0.0,0.19676087423338548,2.0472243320962105,2260733.6602814426,594.7464688871885
208900.0,4599318.685404691,315472.7812554779,4599490.39270123,-157.86131253265964,1624.7917119992242,-158.10311880350082,-6.6399430902259695,-0.4554677460359813,-6.640190976803724,17262.445078715646,0.0,0.19676087423338548,2.0472243320962105,2260733.6602814426,594.7464688871885
209000.0,4599302.866073687,315635.258148943,4599474.549188359,-158.52530791363077,1624.746153342131,-158.7671389714665,-6.639964559063071,-0.4557053984653944,-6.640212412377038,17262.445078715646,0.0,0.19676087423338548,2.0472243320962105,2260733.6602814426,594.7464688871885
209100.0,4599286.980343036,315797.73048535414,4599458.639273363,-159.18930545044557,1624.7005709190032,-159.43116129194976,-6.639986207099814,-0.45594306673205814,-6.640234027156172,17262.445078715646,0.0,0.19676087423338548,2.0472243320962105,2260733.6602814426,594.7464688871885
209200.0,4599271.028212524,315960.19826233457,4599442.662956027,-159.85330516102414,1624.6549647282557,-160.09518578287134,-6.640008034339058,-0.4561807508638899,-6.640255821143983,17262.445078715646,0.0,0.19676087423338548,2.0472243320962105,2260733.6602814426,594.7464688871885
209300.0,4599255.009681931,316122.6614775075,4599426.620236133,-160.5173070632869,1624.6093347683006,-160.75921246215228,-6.6400300407836985,-0.4564184508888267,-6.640277794343361,17262.445078715646,0.0,0.19676087423338548,2.0472243320962105,2260733.6602814426,594.7464688871885
209400.0,4599238.924751038,316285.1201284959,4599410.511113461,-161.1813111751545,1624.5636810375472,-161.42324134771383,-6.640052226436641,-0.4566561668348231,-6.6402999467572075,17262.445078715646,0.0,0.19676087423338548,2.0472243320962105,2260733.6602814426,594.7464688871885
209500.0,4599222.773419622,316447.5742129226,4599394.335587789,-161.84531751454793,1624.518003534402,-162.0872724574776,-6.6400745913008254,-0.4568938987298535,-6.640322278388458,17262.445078715646,0.0,0.19676087423338548,2.0472243320962105,2260733.6602814426,594.7464688871885
209600.0,4599206.55568746,316610.0237284103,4599378.093658894,-162.50932609938846,1624.4723022572687,-162.75130580936553,-6.640097135379204,-0.4571316466019102,-6.640344789240064,17262.445078715646,0.0,0.19676087423338548,2.0472243320962105,2260733.6602814426,594.7464688871885
209700.0,4599190.271554327,316772.46867258154,4599361.785326552,-163.17333694759768,1624.426577204548,-163.41534142129976,-6.640119858674759,-0.4573694104790049,-6.6403674793150005,17262.445078715646,0.0,0.19676087423338548,2.0472243320962105,2260733.6602814426,594.7464688871885
209800.0,4599173.921019995,316934.90904305864,4599345.410590534,-163.83735007709743,1624.3808283746384,-164.07937931120276,-6.640142761190482,-0.457607190389168,-6.640390348616258,17262.445078715646,0.0,0.19676087423338548,2.0472243320962105,2260733.6602814426,594.7464688871885
209900.0,4599157.504084235,317097.3448374638,4599328.969450613,-164.50136550580987,1624.3350557659348,-164.74341949699732,-6.640165842929405,-0.4578449863604495,-6.640413397146862,17262.445078715646,0.0,0.19676087423338548,2.0472243320962105,2260733.6602814426,594.7464688871885
210000.0,4599141.020746817,317259.7760534191,4599312.461906557,-165.16538325165752,1624.28925937683,-165.40746199660654,-6.640189103894568,-0.4580827984209186,-6.6404366249098485,17262.445078715646,0.0,0.19676087423338548,2.0472243320962105,2260733.6602814426,594.7464688871885
210100.0,4599124.471007507,317422.20268854644,4599295.887958135,-165.82940333256312,1624.2434392057135,-166.0715068279538,-6.6402125440890325,-0.458320626598663,-6.640460031908278,17262.445078715646,0.0,0.19676087423338548,2.0472243320962105,2260733.6602814426,594.7464688871885
210200.0,4599107.854866072,317584.62474046747,4599279.247605113,-166.49342576644975,1624.1975952509722,-166.73555400896282,-6.640236163515889,-0.4585584709217913,-6.640483618145234,17262.445078715646,0.0,0.19676087423338548,2.0472243320962105,2260733.6602814426,594.7464688871885
210300.0,4599091.172322274,317747.0422068038,4599262.540847255,-167.15745057124082,1624.15172751099,-167.39960355755758,-6.640259962178252,-0.45879633141843124,-6.640507383623829,17262.445078715646,0.0,0.19676087423338548,2.0472243320962105,2260733.6602814426,594.7464688871885
210400.0,4599074.423375878,317909.4550851768,4599245.767684323,-167.82147776486002,1624.1058359841484,-168.06365549166242,-6.640283940079244,-0.45903420811672957,-6.6405313283471825,17262.445078715646,0.0,0.19676087423338548,2.0472243320962105,2260733.6602814426,594.7464688871885
210500.0,4599057.608026641,318071.8633732077,4599228.928116077,-168.4855073652314,1624.0599206688257,-168.72770982920196,-6.640308097222027,-0.45927210104485405,-6.640555452318448,17262.445078715646,0.0,0.19676087423338548,2.0472243320962105,2260733.6602814426,594.7464688871885
210600.0,4599040.726274324,318234.26706851757,4599212.022142276,-169.14953939027927,1624.0139815633975,-169.39176658810115,-6.640332433609766,-0.45951001023099164,-6.6405797555407915,17262.445078715646,0.0,0.19676087423338548,2.0472243320962105,2260733.6602814426,594.7464688871885
210700.0,4599023.778118682,318396.66616872733,4599195.049762677,-169.8135738579283,1623.9680186662365,-170.05582578628525,-6.640356949245666,-0.4597479357033501,-6.640604238017412,17262.445078715646,0.0,0.19676087423338548,2.0472243320962105,2260733.6602814426,594.7464688871885
210800.0,4599006.763559471,318559.06067145773,4599178.010977036,-170.47761078610347,1623.9220319757128,-170.71988744167987,-6.640381644132939,-0.4599858774901566,-6.6406288997515155,17262.445078715646,0.0,0.19676087423338548,2.0472243320962105,2260733.6602814426,594.7464688871885
210900.0,4598989.682596442,318721.4505743293,4599160.905785106,-171.14165019273005,1623.8760214901936,-171.38395157221092,-6.640406518274827,-0.46022383561965996,-6.6406537407463455,17262.445078715646,0.0,0.19676087423338548,2.0472243320962105,2260733.6602814426,594.7464688871885
211000.0,4598972.535229349,318883.8358749625,4599143.734186638,-171.8056920957337,1623.8299872080431,-172.04801819580462,-6.64043157167459,-0.46046181012012827,-6.640678761005154,17262.445078715646,0.0,0.19676087423338548,2.0472243320962105,2260733.6602814426,594.7464688871885
211100.0,4598955.321457939,319046.2165709776,4599126.496181383,-172.46973651304035,1623.783929127623,-172.71208733038753,-6.6404568043355106,-0.46069980101985075,-6.640703960531219,17262.445078715646,0.0,0.19676087423338548,2.0472243320962105,2260733.6602814426,594.7464688871885
211200.0,4598938.041281962,319208.59265999467,4599109.191769088,-173.13378346257628,1623.7378472472917,-173.37615899388655,-6.640482216260891,-0.46093780834713777,-6.6407293393278435,17262.445078715646,0.0,0.19676087423338548,2.0472243320962105,2260733.6602814426,594.7464688871885
211300.0,4598920.694701162,319370.96413963364,4599091.8209494995,-173.7978329622681,1623.691741565405,-174.04023320422888,-6.6405078074540524,-0.4611758321303198,-6.640754897398341,17262.445078715646,0.0,0.19676087423338548,2.0472243320962105,2260733.6602814426,594.7464688871885
211400.0,4598903.281715284,319533.33100751427,4599074.383722362,-174.4618850300428,1623.6456120803161,-174.7043099793421,-6.640533577918349,-0.4614138723977496,-6.640780634746061,17262.445078715646,0.0,0.19676087423338548,2.0472243320962105,2260733.6602814426,594.7464688871885
211500.0,4598885.80232407,319695.6932612562,4599056.880087418,-175.1259396838276,1623.5994587903751,-175.3683893371541,-6.640559527657147,-0.4616519291778003,-6.640806551374367,17262.445078715646,0.0,0.19676087423338548,2.0472243320962105,2260733.6602814426,594.7464688871885
211600.0,4598868.25652726,319858.05089847883,4599039.310044408,-175.78999694155016,1623.5532816939292,-176.0324712955931,-6.640585656673831,-0.4618900024988663,-6.640832647286642,17262.445078715646,0.0,0.19676087423338548,2.0472243320962105,2260733.6602814426,594.7464688871885
211700.0,4598850.644324594,320020.4039168014,4599021.673593071,-176.4540568211384,1623.507080789323,-176.69655587258768,-6.640611964971812,-0.4621280923893636,-6.64085892248629,17262.445078715646,0.0,0.19676087423338548,2.0472243320962105,2260733.6602814426,594.7464688871885
211800.0,4598832.965715808,320182.752313843,4599003.970733145,-177.11811934052068,1623.4608560748982,-177.36064308606672,-6.64063845255452,-0.4623661988777299,-6.640885376976737,17262.445078715646,0.0,0.19676087423338548,2.0472243320962105,2260733.6602814426,594.7464688871885
211900.0,4598815.220700637,320345.0960872226,4598986.201464365,-177.78218451762558,1623.4146075489934,-178.0247329539595,-6.64066511942541,-0.4626043219924248,-6.640912010761435,17262.445078715646,0.0,0.19676087423338548,2.0472243320962105,2260733.6602814426,594.7464688871885
212000.0,4598797.409278816,320507.435234559,4598968.365786465,-178.44625237038213,1623.3683352099447,-178.6888254941956,-6.640691965587954,-0.46284246176192967,-6.640938823843851,17262.445078715646,0.0,0.19676087423338548,2.0472243320962105,2260733.6602814426,594.7464688871885
212100.0,4598779.531450074,320669.7697534708,4598950.463699176,-179.11032291671967,1623.322039056085,-179.35292072470497,-6.640718991045641,-0.4630806182147477,-6.640965816227472,17262.445078715646,0.0,0.19676087423338548,2.0472243320962105,2260733.6602814426,594.7464688871885
212200.0,4598761.587214142,320832.09964157635,4598932.495202229,-179.77439617456787,1623.2757190857446,-180.01701866341793,-6.64074619580199,-0.46331879137940457,-6.640992987915814,17262.445078715646,0.0,0.19676087423338548,2.0472243320962105,2260733.6602814426,594.7464688871885
212300.0,4598743.576570748,320994.424896494,4598914.460295352,-180.4384721618568,1623.2293752972512,-180.68111932826508,-6.640773579860535,-0.46355698128444833,-6.641020338912403,17262.445078715646,0.0,0.19676087423338548,2.0472243320962105,2260733.6602814426,594.7464688871885
212400.0,4598725.499519618,321156.7455158418,4598896.3589782715,-181.10255089651685,1623.183007688929,-181.34522273717747,-6.640801143224835,-0.46379518795844926,-6.641047869220799,17262.445078715646,0.0,0.19676087423338548,2.0472243320962105,2260733.6602814426,594.7464688871885
212500.0,4598707.356060477,321319.06149723777,4598878.191250713,-181.76663239647874,1623.1366162590996,-182.00932890808642,-6.640828885898463,-0.46403341143000026,-6.641075578844566,17262.445078715646,0.0,0.19676087423338548,2.0472243320962105,2260733.6602814426,594.7464688871885
212600.0,4598689.146193046,321481.37283829955,4598859.957112397,-182.43071667967362,1623.090201006082,-182.67343785892368,-6.64085680788502,-0.4642716517277175,-6.641103467787303,17262.445078715646,0.0,0.19676087423338548,2.0472243320962105,2260733.6602814426,594.7464688871885
212700.0,4598670.869917047,321643.67953664484,4598841.656563047,-183.09480376403295,1623.0437619281922,-183.3375496076213,-6.640884909188114,-0.46450990888023913,-6.641131536052618,17262.445078715646,0.0,0.19676087423338548,2.0472243320962105,2260733.6602814426,594.7464688871885
212800.0,4598652.527232199,321805.981589891,4598823.289602382,-183.75889366748856,1622.9972990237432,-184.00166417211173,-6.640913189811399,-0.4647481829162277,-6.641159783644155,17262.445078715646,0.0,0.19676087423338548,2.0472243320962105,2260733.6602814426,594.7464688871885
212900.0,4598634.118138219,321968.27899565536,4598804.856230118,-184.42298640797267,1622.9508122910452,-184.6657815703278,-6.640941649758522,-0.46498647386436787,-6.641188210565561,17262.445078715646,0.0,0.19676087423338548,2.0472243320962105,2260733.6602814426,594.7464688871885
213000.0,4598615.642634823,322130.5717515549,4598786.356445973,-185.08708200341783,1622.9043017284055,-185.32990182020265,-6.640970289033168,-0.46522478175336807,-6.6412168168205135,17262.445078715646,0.0,0.19676087423338548,2.0472243320962105,2260733.6602814426,594.7464688871885
213100.0,4598597.100721723,322292.8598552066,4598767.790249659,-185.751180471757,1622.8577673341288,-185.99402493966983,-6.640999107639035,-0.4654631066119606,-6.64124560241271,17262.445078715646,0.0,0.19676087423338548,2.0472243320962105,2260733.6602814426,594.7464688871885
213200.0,4598578.492398633,322455.14330422727,4598749.157640888,-186.41528183092348,1622.8112091065166,-186.65815094666323,-6.641028105579848,-0.4657014484689015,-6.641274567345868,17262.445078715646,0.0,0.19676087423338548,2.0472243320962105,2260733.6602814426,594.7464688871885
213300.0,4598559.81766526,322617.4220962334,4598730.458619372,-187.07938609885093,1622.7646270438674,-187.32227985911715,-6.641057282859345,-0.46593980735297014,-6.641303711623724,17262.445078715646,0.0,0.19676087423338548,2.0472243320962105,2260733.6602814426,594.7464688871885
213400.0,4598541.076521315,322779.6962288415,4598711.693184819,-187.74349329347342,1622.7180211444775,-187.98641169496625,-6.64108663948128,-0.46617818329297006,-6.641333035250031,17262.445078715646,0.0,0.19676087423338548,2.0472243320962105,2260733.6602814426,594.7464688871885
213500.0,4598522.268966503,322941.9656996677,4598692.861336935,-188.40760343272538,1622.6713914066395,-188.65054647214555,-6.641116175449441,-0.4664165763177293,-6.641362538228566,17262.445078715646,0.0,0.19676087423338548,2.0472243320962105,2260733.6602814426,594.7464688871885
213600.0,4598503.3950005295,323104.2305063281,4598673.963075426,-189.07171653454162,1622.6247378286434,-189.31468420859048,-6.641145890767623,-0.46665498645610015,-6.6413922205631275,17262.445078715646,0.0,0.19676087423338548,2.0472243320962105,2260733.6602814426,594.7464688871885
213700.0,4598484.454623097,323266.4906464387,4598654.998399994,-189.73583261685735,1622.5780604087768,-189.97882492223684,-6.641175785439655,-0.4668934137369598,-6.6414220822575345,17262.445078715646,0.0,0.19676087423338548,2.0472243320962105,2260733.6602814426,594.7464688871885
213800.0,4598465.447833906,323428.7461176151,4598635.967310342,-190.39995169760815,1622.5313591453237,-190.64296863102078,-6.6412058594693715,-0.4671318581892093,-6.641452123315619,17262.445078715646,0.0,0.19676087423338548,2.0472243320962105,2260733.6602814426,594.7464688871885
213900.0,4598446.374632657,323590.9969174729,4598616.869806168,-191.06407379472995,1622.4846340365657,-191.30711535287887,-6.641236112860635,-0.46737031984177524,-6.64148234374124,17262.445078715646,0.0,0.19676087423338548,2.0472243320962105,2260733.6602814426,594.7464688871885
214000.0,4598427.235019046,323753.24304362753,4598597.7058871705,-191.7281989261591,1622.4378850807811,-191.97126510574807,-6.641266545617322,-0.467608798723609,-6.641512743538272,17262.445078715646,0.0,0.19676087423338548,2.0472243320962105,2260733.6602814426,594.7464688871885
214100.0,4598408.028992769,323915.48449369415,4598578.475553045,-192.3923271098324,1622.3911122762456,-192.6354179075657,-6.64129715774334,-0.4678472948636878,-6.641543322710615,17262.445078715646,0.0,0.19676087423338548,2.0472243320962105,2260733.6602814426,594.7464688871885
214200.0,4598388.756553521,324077.7212652878,4598559.178803487,-193.0564583636869,1622.344315621232,-193.2995737762695,-6.641327949242602,-0.468085808291013,-6.641574081262181,17262.445078715646,0.0,0.19676087423338548,2.0472243320962105,2260733.6602814426,594.7464688871885
214300.0,4598369.417700994,324239.9533560233,4598539.815638187,-193.72059270566015,1622.2974951140102,-193.96373272979758,-6.641358920119054,-0.4683243390346128,-6.641605019196912,17262.445078715646,0.0,0.19676087423338548,2.0472243320962105,2260733.6602814426,594.7464688871885
214400.0,4598350.0124348765,324402.1807635154,4598520.386056838,-194.38473015369007,1622.250650752847,-194.62789478608846,-6.641390070376649,-0.4685628871235404,-6.641636136518754,17262.445078715646,0.0,0.19676087423338548,2.0472243320962105,2260733.6602814426,594.7464688871885
214500.0,4598330.540754858,324564.40348537866,4598500.890059127,-195.04887072571498,1622.2037825360062,-195.29205996308104,-6.641421400019371,-0.46880145258687544,-6.641667433231688,17262.445078715646,0.0,0.19676087423338548,2.0472243320962105,2260733.6602814426,594.7464688871885
214600.0,4598311.002660627,324726.62151922734,4598481.32764474,-195.71301443967357,1622.1568904617493,-195.95622827871463,-6.641452909051213,-0.46904003545372325,-6.641698909339705,17262.445078715646,0.0,0.19676087423338548,2.0472243320962105,2260733.6602814426,594.7464688871885
214700.0,4598291.398151865,324888.8348626757,4598461.698813365,-196.37716131350498,1622.1099745283343,-196.62039975092895,-6.641484597476198,-0.4692786357532157,-6.641730564846821,17262.445078715646,0.0,0.19676087423338548,2.0472243320962105,2260733.6602814426,594.7464688871885
214800.0,4598271.727228258,325051.0435133377,4598442.003564684,-197.04131136514872,1622.0630347340166,-197.2845743976641,-6.641516465298353,-0.4695172535145109,-6.641762399757062,17262.445078715646,0.0,0.19676087423338548,2.0472243320962105,2260733.6602814426,594.7464688871885
214900.0,4598251.989889486,325213.2474688271,4598422.241898378,-197.7054646125447,1622.0160710770483,-197.9487522368606,-6.641548512521744,-0.4697558887667941,-6.641794414074489,17262.445078715646,0.0,0.19676087423338548,2.0472243320962105,2260733.6602814426,594.7464688871885
215000.0,4598232.186135229,325375.4467267576,4598402.413814129,-198.36962107363323,1621.9690835556792,-198.61293328645937,-6.6415807391504424,-0.4699945415392768,-6.641826607803168,17262.445078715646,0.0,0.19676087423338548,2.0472243320962105,2260733.6602814426,594.7464688871885
215100.0,4598212.3159651635,325537.6412847427,4598382.519311613,-199.03378076635508,1621.9220721681554,-199.27711756440175,-6.64161314518854,-0.4702332118611979,-6.641858980947188,17262.445078715646,0.0,0.19676087423338548,2.0472243320962105,2260733.6602814426,594.7464688871885
215200.0,4598192.379378967,325699.83114039566,4598362.5583905075,-199.6979437086514,1621.8750369127208,-199.94130508862946,-6.641645730640152,-0.4704718997618238,-6.641891533510661,17262.445078715646,0.0,0.19676087423338548,2.0472243320962105,2260733.6602814426,594.7464688871885
215300.0,4598172.376376313,325862.0162913296,4598342.5310504865,-200.36210991846372,1621.827977787616,-200.60549587708468,-6.641678495509409,-0.4707106052704476,-6.64192426549771,17262.445078715646,0.0,0.19676087423338548,2.0472243320962105,2260733.6602814426,594.7464688871885
215400.0,4598152.306956874,326024.19673515746,4598322.437291223,-201.02627941373402,1621.7808947910787,-201.26968994770994,-6.641711439800463,-0.4709493284163908,-6.641957176912488,17262.445078715646,0.0,0.19676087423338548,2.0472243320962105,2260733.6602814426,594.7464688871885
215500.0,4598132.17112032,326186.372469492,4598302.277112387,-201.6904522124047,1621.7337879213437,-201.93388731844823,-6.641744563517481,-0.4711880692290023,-6.641990267759156,17262.445078715646,0.0,0.19676087423338548,2.0472243320962105,2260733.6602814426,594.7464688871885
215600.0,4598111.968866321,326348.5434919459,4598282.050513648,-202.35462833241854,1621.686657176643,-202.59808800724295,-6.641777866664655,-0.4714268277376592,-6.642023538041899,17262.445078715646,0.0,0.19676087423338548,2.0472243320962105,2260733.6602814426,594.7464688871885
215700.0,4598091.700194543,326510.70980013144,4598261.757494674,-203.01880779171879,1621.6395025552054,-203.26229203203795,-6.6418113492461925,-0.47166560397176677,-6.642056987764923,17262.445078715646,0.0,0.19676087423338548,2.0472243320962105,2260733.6602814426,594.7464688871885
215800.0,4598071.365104651,326672.87139166094,4598241.39805513,-203.68299060824907,1621.5923240552568,-203.92649941077744,-6.641845011266317,-0.4719043979607588,-6.642090616932449,17262.445078715646,0.0,0.19676087423338548,2.0472243320962105,2260733.6602814426,594.7464688871885
215900.0,4598050.963596309,326835.0282641465,4598220.972194679,-204.34717679995347,1621.5451216750203,-204.59071016140607,-6.641878852729273,-0.47214320973409757,-6.642124425548717,17262.445078715646,0.0,0.19676087423338548,2.0472243320962105,2260733.6602814426,594.7464688871885
216000.0,4598030.495669178,326997.1804151999,4598200.479912984,-205.0113663847765,1621.4978954127162,-205.25492430186895,-6.641912873639318,-0.47238203932127376,-6.6421584136179765,17262.445078715646,0.0,0.19676087423338548,2.0472243320962105,2260733.6602814426,594.7464688871885
216100.0,4598009.961322918,327159.3278424329,4598179.921209705,-205.67555938066306,1621.4506452665614,-205.91914185011157,-6.641947074000739,-0.4726208867518083,-6.642192581144516,17262.445078715646,0.0,0.19676087423338548,2.0472243320962105,2260733.6602814426,594.7464688871885
216200.0,4597989.360557187,327321.470543457,4598159.2960845,-206.3397558055585,1621.4033712347702,-206.5833628240799,-6.641981453817839,-0.4728597520552506,-6.6422269281326285,17262.445078715646,0.0,0.19676087423338548,2.0472243320962105,2260733.6602814426,594.7464688871885
216300.0,4597968.693371642,327483.6085158836,4598138.604537025,-207.0039556774086,1621.3560733155537,-207.24758724172028,-6.642016013094923,-0.47309863526117907,-6.64226145458662,17262.445078715646,0.0,0.19676087423338548,2.0472243320962105,2260733.6602814426,594.7464688871885
216400.0,4597947.959765937,327645.74175732385,4598117.846566936,-207.6681590141596,1621.3087515071202,-207.91181512097955,-6.642050751836336,-0.473337536399203,-6.6422961605108295,17262.445078715646,0.0,0.19676087423338548,2.0472243320962105,2260733.6602814426,594.7464688871885
216500.0,4597927.159739723,327807.8702653887,4598097.022173885,-208.33236583375816,1621.2614058076751,-208.57604647980494,-6.642085670046431,-0.4735764554989608,-6.642331045909606,17262.445078715646,0.0,0.19676087423338548,2.0472243320962105,2260733.6602814426,594.7464688871885
216600.0,4597906.293292654,327969.99403768894,4598076.131357524,-208.99657615415134,1621.2140362154207,-209.2402813361441,-6.642120767729579,-0.4738153925901213,-6.642366110787315,17262.445078715646,0.0,0.19676087423338548,2.0472243320962105,2260733.6602814426,594.7464688871885
216700.0,4597885.360424376,328132.11307183525,4598055.174117501,-209.66078999328667,1621.1666427285563,-209.90451970794518,-6.6421560448901635,-0.4740543477023829,-6.64240135514834,17262.445078715646,0.0,0.19676087423338548,2.0472243320962105,2260733.6602814426,594.7464688871885
216800.0,4597864.3611345375,328294.22736543807,4598034.150453464,-210.32500736911211,1621.1192253452784,-210.5687616131567,-6.642191501532596,-0.4742933208654759,-6.642436778997084,17262.445078715646,0.0,0.19676087423338548,2.0472243320962105,2260733.6602814426,594.7464688871885
216900.0,4597843.295422784,328456.3369161077,4598013.060365059,-210.98922829957607,1621.0717840637806,-211.23300706972768,-6.642227137661299,-0.4745323121091602,-6.642472382337968,17262.445078715646,0.0,0.19676087423338548,2.0472243320962105,2260733.6602814426,594.7464688871885
217000.0,4597822.163288759,328618.44172145415,4597991.903851931,-211.65345280262738,1621.024318882253,-211.89725609560753,-6.64226295328072,-0.47477132146322765,-6.642508165175432,17262.445078715646,0.0,0.19676087423338548,2.0472243320962105,2260733.6602814426,594.7464688871885
217100.0,4597800.964732104,328780.5417790874,4597970.68091372,-212.31768089621536,1620.9768297988833,-212.56150870874615,-6.642298948395315,-0.4750103489575008,-6.642544127513933,17262.445078715646,0.0,0.19676087423338548,2.0472243320962105,2260733.6602814426,594.7464688871885
217200.0,4597779.699752459,328942.6370866171,4597949.391550069,-212.98191259828977,1620.9293168118559,-213.22576492709385,-6.642335123009559,-0.4752493946218336,-6.642580269357938,17262.445078715646,0.0,0.19676087423338548,2.0472243320962105,2260733.6602814426,594.7464688871885
217300.0,4597758.368349464,329104.7276416529,4597928.035760614,-213.64614792680075,1620.8817799193523,-213.89002476860142,-6.642371477127953,-0.4754884584861123,-6.6426165907119445,17262.445078715646,0.0,0.19676087423338548,2.0472243320962105,2260733.6602814426,594.7464688871885
217400.0,4597736.970522753,329266.8134418041,4597906.613544993,-214.31038689969898,1620.834219119551,-214.55428825122007,-6.642408010755,-0.47572754058025407,-6.6426530915804545,17262.445078715646,0.0,0.19676087423338548,2.0472243320962105,2260733.6602814426,594.7464688871885
217500.0,4597715.506271962,329428.89448467985,4597885.124902842,-214.97462953493553,1620.7866344106276,-215.2185553929015,-6.642444723895236,-0.4759666409342093,-6.642689771967996,17262.445078715646,0.0,0.19676087423338548,2.0472243320962105,2260733.6602814426,594.7464688871885
217600.0,4597693.975596723,329590.9707678892,4597863.569833792,-215.63887585046194,1620.7390257907546,-215.8828262115978,-6.642481616553207,-0.47620575957796074,-6.642726631879113,17262.445078715646,0.0,0.19676087423338548,2.0472243320962105,2260733.6602814426,594.7464688871885
217700.0,4597672.378496668,329753.0422890409,4597841.948337476,-216.30312586423025,1620.6913932581015,-216.5471007252616,-6.642518688733474,-0.4764448965415228,-6.642763671318362,17262.445078715646,0.0,0.19676087423338548,2.0472243320962105,2260733.6602814426,594.7464688871885
217800.0,4597650.714971427,329915.10904574365,4597820.260413523,-216.9673795941929,1620.6437368108348,-217.21137895184592,-6.642555940440617,-0.4766840518549437,-6.642800890290319,17262.445078715646,0.0,0.19676087423338548,2.0472243320962105,2260733.6602814426,594.7464688871885
217900.0,4597628.985020625,330077.17103560583,4597798.506061561,-217.63163705830277,1620.596056447118,-217.87566090930426,-6.64259337167923,-0.47692322554830474,-6.642838288799575,17262.445078715646,0.0,0.19676087423338548,2.0472243320962105,2260733.6602814426,594.7464688871885
218000.0,4597607.18864389,330239.2282562358,4597776.685281216,-218.29589827451326,1620.5483521651115,-218.53994661559057,-6.642630982453934,-0.4771624176517204,-6.642875866850742,17262.445078715646,0.0,0.19676087423338548,2.0472243320962105,2260733.6602814426,594.7464688871885
218100.0,4597585.325840845,330401.28070524154,4597754.798072113,-218.96016326077824,1620.500623962973,-219.2042360886593,-6.642668772769354,-0.47740162819533893,-6.642913624448449,17262.445078715646,0.0,0.19676087423338548,2.0472243320962105,2260733.6602814426,594.7464688871885
218200.0,4597563.396611111,330563.328380231,4597732.844433873,-219.624432035052,1620.4528718388567,-219.8685293464653,-6.642706742630137,-0.4776408572093423,-6.642951561597332,17262.445078715646,0.0,0.19676087423338548,2.0472243320962105,2260733.6602814426,594.7464688871885
218300.0,4597541.400954311,330725.3712788118,4597710.824366117,-220.28870461528928,1620.4050957909144,-220.53282640696395,-6.642744892040947,-0.47788010472394676,-6.642989678302053,17262.445078715646,0.0,0.19676087423338548,2.0472243320962105,2260733.6602814426,594.7464688871885
218400.0,4597519.338870061,330887.4093985916,4597688.737868464,-220.95298101944533,1620.3572958172942,-221.19712728811106,-6.642783221006471,-0.4781193707694037,-6.643027974567293,17262.445078715646,0.0,0.19676087423338548,2.0472243320962105,2260733.6602814426,594.7464688871885
218500.0,4597497.210357979,331049.4427371777,4597666.584940531,-221.6172612654759,1620.3094719161418,-221.86143200786293,-6.642821729531394,-0.47835865537599775,-6.643066450397736,17262.445078715646,0.0,0.19676087423338548,2.0472243320962105,2260733.6602814426,594.7464688871885
218600.0,4597475.015417679,331211.4712921772,4597644.365581934,-222.2815453713371,1620.2616240855994,-222.52574058417628,-6.642860417620431,-0.4785979585740494,-6.643105105798093,17262.445078715646,0.0,0.19676087423338548,2.0472243320962105,2260733.6602814426,594.7464688871885
218700.0,4597452.754048775,331373.49506119714,4597622.079792285,-222.9458333549856,1620.2137523238061,-223.19005303500836,-6.64289928527831,-0.47883728039391427,-6.6431439407730855,17262.445078715646,0.0,0.19676087423338548,2.0472243320962105,2260733.6602814426,594.7464688871885
218800.0,4597430.426250878,331535.51404184423,4597599.727571197,-223.61012523437856,1620.1658566288986,-223.85436937831687,-6.642938332509776,-0.4790766208659833,-6.643182955327457,17262.445078715646,0.0,0.19676087423338548,2.0472243320962105,2260733.6602814426,594.7464688871885
218900.0,4597408.0320235975,331697.5282317251,4597577.308918279,-224.27442102747352,1620.11793699901,-224.51868963206,-6.642977559319591,-0.47931598002068354,-6.64322214946596,17262.445078715646,0.0,0.19676087423338548,2.0472243320962105,2260733.6602814426,594.7464688871885
219000.0,4597385.571366541,331859.5376284461,4597554.82383314,-224.9387207522286,1620.0699934322706,-225.18301381419636,-6.643016965712525,-0.47955535788847753,-6.643261523193368,17262.445078715646,0.0,0.19676087423338548,2.0472243320962105,2260733.6602814426,594.7464688871885
219100.0,4597363.0442793155,332021.5422296136,4597532.272315385,-225.6030244266023,1620.0220259268076,-225.84734194268512,-6.643056551693374,-0.4797947544998644,-6.643301076514465,17262.445078715646,0.0,0.19676087423338548,2.0472243320962105,2260733.6602814426,594.7464688871885
219200.0,4597340.450761524,332183.54203283344,4597509.654364619,-226.26733206855369,1619.9740344807449,-226.51167403548587,-6.6430963172669415,-0.48003416988537984,-6.643340809434058,17262.445078715646,0.0,0.19676087423338548,2.0472243320962105,2260733.6602814426,594.7464688871885
219300.0,4597317.790812769,332345.53703571163,4597486.969980446,-226.93164369604227,1619.9260190922037,-227.1760101105587,-6.643136262438055,-0.4802736040755969,-6.643380721956963,17262.445078715646,0.0,0.19676087423338548,2.0472243320962105,2260733.6602814426,594.7464688871885
219400.0,4597295.064432651,332507.5272358538,4597464.219162464,-227.59595932702805,1619.877979759302,-227.8403501858642,-6.643176387211545,-0.48051305710112446,-6.643420814088012,17262.445078715646,0.0,0.19676087423338548,2.0472243320962105,2260733.6602814426,594.7464688871885
219500.0,4597272.271620769,332669.5126308653,4597441.401910274,-228.2602789794715,1619.8299164801547,-228.5046942793634,-6.64321669159227,-0.48075252899261023,-6.643461085832056,17262.445078715646,0.0,0.19676087423338548,2.0472243320962105,2260733.6602814426,594.7464688871885
219600.0,4597249.41237672,332831.49321835156,4597418.518223474,-228.9246026713336,1619.7818292528736,-229.16904240901786,-6.643257175585093,-0.48099201978073863,-6.6435015371939565,17262.445078715646,0.0,0.19676087423338548,2.0472243320962105,2260733.6602814426,594.7464688871885
219700.0,4597226.4867001,332993.4689959176,4597395.568101658,-229.58893042057576,1619.7337180755676,-229.8333945927896,-6.6432978391949,-0.48123152949623277,-6.643542168178592,17262.445078715646,0.0,0.19676087423338548,2.0472243320962105,2260733.6602814426,594.7464688871885
219800.0,4597203.4945905,333155.4399611683,4597372.5515444195,-230.25326224515996,1619.6855829463425,-230.49775084864115,-6.64333868242659,-0.4814710581698538,-6.643582978790858,17262.445078715646,0.0,0.19676087423338548,2.0472243320962105,2260733.6602814426,594.7464688871885
219900.0,4597180.436047514,333317.4061117084,4597349.468551352,-230.91759816304864,1619.6374238633007,-231.16211119453553,-6.643379705285071,-0.4817106058324014,-6.643623969035661,17262.445078715646,0.0,0.19676087423338548,2.0472243320962105,2260733.6602814426,594.7464688871885
220000.0,4597157.311070731,333479.3674451424,4597326.319122043,-231.58193819220472,1619.589240824542,-231.8264756484362,-6.643420907775277,-0.4819501725147144,-6.643665138917929,17262.445078715646,0.0,0.19676087423338548,2.0472243320962105,2260733.6602814426,594.7464688871885
220100.0,4597134.119659739,333641.3239590747,4597303.103256084,-232.2462823505916,1619.5410338281629,-232.4908442283072,-6.643462289902144,-0.48218975824767024,-6.643706488442593,17262.445078715646,0.0,0.19676087423338548,2.0472243320962105,2260733.6602814426,594.7464688871885
220200.0,4597110.861814123,333803.27565110935,4597279.82095306,-232.9106306561732,1619.4928028722566,-233.15521695211297,-6.6435038516706255,-0.4824293630621863,-6.643748017614604,17262.445078715646,0.0,0.19676087423338548,2.0472243320962105,2260733.6602814426,594.7464688871885
220300.0,4597087.537533469,333965.2225188504,4597256.472212555,-233.57498312691393,1619.4445479549133,-233.81959383781853,-6.643545593085699,-0.48266898698922023,-6.643789726438932,17262.445078715646,0.0,0.19676087423338548,2.0472243320962105,2260733.6602814426,594.7464688871885
220400.0,4597064.146817358,334127.1645599016,4597233.057034153,-234.23933978077872,1619.3962690742205,-234.48397490338934,-6.643587514152349,-0.4829086300597692,-6.643831614920563,17262.445078715646,0.0,0.19676087423338548,2.0472243320962105,2260733.6602814426,594.7464688871885
220500.0,4597040.6896653725,334289.10177186644,4597209.575417434,-234.90370063573295,1619.3479662282623,-235.14836016679138,-6.643629614875568,-0.48314829230487066,-6.643873683064482,17262.445078715646,0.0,0.19676087423338548,2.0472243320962105,2260733.6602814426,594.7464688871885
220600.0,4597017.16607709,334451.03415234835,4597186.027361979,-235.56806570974254,1619.2996394151194,-235.81274964599115,-6.643671895260371,-0.48338797375560294,-6.643915930875696,17262.445078715646,0.0,0.19676087423338548,2.0472243320962105,2260733.6602814426,594.7464688871885
220700.0,4596993.576052089,334612.9616989505,4597162.412867364,-236.23243502077392,1619.2512886328698,-236.4771433589556,-6.6437143553117926,-0.4836276744430866,-6.643958358359241,17262.445078715646,0.0,0.19676087423338548,2.0472243320962105,2260733.6602814426,594.7464688871885
220800.0,4596969.919589944,334774.8844092759,4597138.731933165,-236.89680858679398,1619.2029138795883,-237.14154132365223,-6.64375699503486,-0.48386739439848125,-6.6440009655201395,17262.445078715646,0.0,0.19676087423338548,2.0472243320962105,2260733.6602814426,594.7464688871885
220900.0,4596946.19669023,334936.8022809273,4597114.984558957,-237.56118642577013,1619.1545151533467,-237.80594355804905,-6.643799814434636,-0.4841071336529907,-6.644043752363445,17262.445078715646,0.0,0.19676087423338548,2.0472243320962105,2260733.6602814426,594.7464688871885
221000.0,4596922.407352516,335098.7153115074,4597091.17074431,-238.2255685556703,1619.1060924522133,-238.4703500801145,-6.643842813516185,-0.48434689223785926,-6.644086718894224,17262.445078715646,0.0,0.19676087423338548,2.0472243320962105,2260733.6602814426,594.7464688871885
221100.0,4596898.551576375,335260.62349861854,4597067.290488796,-238.88995499446293,1619.0576457742536,-239.13476090781765,-6.643885992284584,-0.48458667018437374,-6.644129865117545,17262.445078715646,0.0,0.19676087423338548,2.0472243320962105,2260733.6602814426,594.7464688871885
221200.0,4596874.629361373,335422.526839863,4597043.343791984,-239.55434576011695,1619.00917511753,-239.79917605912794,-6.643929350744939,-0.484826467523865,-6.644173191038511,17262.445078715646,0.0,0.19676087423338548,2.0472243320962105,2260733.6602814426,594.7464688871885
221300.0,4596850.640707078,335584.4253328427,4597019.330653439,-240.2187408706018,1618.9606804801015,-240.46359555201545,-6.643972888902346,-0.4850662842877053,-6.644216696662213,17262.445078715646,0.0,0.19676087423338548,2.0472243320962105,2260733.6602814426,594.7464688871885
221400.0,4596826.585613054,335746.31897515955,4596995.251072728,-240.88314034388748,1618.912161860024,-241.12801940445067,-6.644016606761923,-0.48530612050731065,-6.644260381993767,17262.445078715646,0.0,0.19676087423338548,2.0472243320962105,2260733.6602814426,594.7464688871885
221500.0,4596802.464078864,335908.2077644152,4596971.105049413,-241.54754419794443,1618.8636192553506,-241.79244763440465,-6.6440605043288095,-0.4855459762141418,-6.644304247038307,17262.445078715646,0.0,0.19676087423338548,2.0472243320962105,2260733.6602814426,594.7464688871885
221600.0,4596778.276104068,336070.09169821104,4596946.8925830545,-242.21195245074367,1618.8150526641307,-242.45688025984896,-6.644104581608152,-0.48578585143970293,-6.644348291800975,17262.445078715646,0.0,0.19676087423338548,2.0472243320962105,2260733.6602814426,594.7464688871885
221700.0,4596754.021688227,336231.97077414836,4596922.613673214,-242.87636512025665,1618.766462084411,-243.12131729875563,-6.644148838605102,-0.48602574621554223,-6.644392516286918,17262.445078715646,0.0,0.19676087423338548,2.0472243320962105,2260733.6602814426,594.7464688871885
221800.0,4596729.700830896,336393.84498982824,4596898.2683194475,-243.54078222445543,1618.7178475142348,-243.78575876909727,-6.64419327532483,-0.48626566057325343,-6.6444369205013025,17262.445078715646,0.0,0.19676087423338548,2.0472243320962105,2260733.6602814426,594.7464688871885
221900.0,4596705.3135316335,336555.7143428515,4596873.856521312,-244.20520378131255,1618.6692089516425,-244.450204688847,-6.644237891772527,-0.48650559454447534,-6.644481504449315,17262.445078715646,0.0,0.19676087423338548,2.0472243320962105,2260733.6602814426,594.7464688871885
222000.0,4596680.859789992,336717.57883081876,4596849.378278362,-244.86962980880105,1618.620546394671,-245.11465507597845,-6.6442826879533845,-0.4867455481608921,-6.6445262681361426,17262.445078715646,0.0,0.19676087423338548,2.0472243320962105,2260733.6602814426,594.7464688871885
222100.0,4596656.339605522,336879.4384513305,4596824.833590148,-245.5340603248945,1618.5718598413544,-245.7791099484657,-6.644327663872602,-0.48698552145423324,-6.64457121156698,17262.445078715646,0.0,0.19676087423338548,2.0472243320962105,2260733.6602814426,594.7464688871885
222200.0,4596631.752977776,337041.29320198705,4596800.222456222,-246.19849534756702,1618.5231492897233,-246.44356932428346,-6.644372819535409,-0.4872255144562756,-6.644616334747052,17262.445078715646,0.0,0.19676087423338548,2.0472243320962105,2260733.6602814426,594.7464688871885
222300.0,4596607.099906302,337203.1430803884,4596775.544876133,-246.8629348947932,1618.474414737805,-247.1080332214069,-6.6444181549470285,-0.4874655271988421,-6.644661637681581,17262.445078715646,0.0,0.19676087423338548,2.0472243320962105,2260733.6602814426,594.7464688871885
222400.0,4596582.380390646,337364.98808413453,4596750.8008494275,-247.52737898454822,1618.4256561836244,-247.77250165781177,-6.644463670112705,-0.48770555971380236,-6.644707120375801,17262.445078715646,0.0,0.19676087423338548,2.0472243320962105,2260733.6602814426,594.7464688871885
222500.0,4596557.5944303535,337526.82821082504,4596725.99037565,-248.19182763480774,1618.3768736252023,-248.43697465147426,-6.644509365037689,-0.48794561203307407,-6.644752782834964,17262.445078715646,0.0,0.19676087423338548,2.0472243320962105,2260733.6602814426,594.7464688871885
222600.0,4596532.7420249665,337688.66345805937,4596701.113454345,-248.85628086354794,1618.3280670605566,-249.10145222037113,-6.644555239727251,-0.48818568418862224,-6.644798625064332,17262.445078715646,0.0,0.19676087423338548,2.0472243320962105,2260733.6602814426,594.7464688871885
222700.0,4596507.823174028,337850.49382343685,4596676.170085053,-249.52073868874552,1618.2792364877023,-249.76593438247966,-6.644601294186669,-0.48842577621246047,-6.6448446470691795,17262.445078715646,0.0,0.19676087423338548,2.0472243320962105,2260733.6602814426,594.7464688871885
222800.0,4596482.837877075,338012.3193045565,4596651.160267315,-250.18520112837777,1618.2303819046508,-250.43042115577765,-6.644647528421217,-0.4886658881366498,-6.6448908488547795,17262.445078715646,0.0,0.19676087423338548,2.0472243320962105,2260733.6602814426,594.7464688871885
222900.0,4596457.786133647,338174.13989901735,4596626.084000668,-250.84966820042246,1618.1815033094106,-251.09491255824346,-6.644693942436203,-0.48890601999330174,-6.6449372304264305,17262.445078715646,0.0,0.19676087423338548,2.0472243320962105,2260733.6602814426,594.7464688871885
223000.0,4596432.667943279,338335.95560441795,4596600.941284648,-251.51413992285788,1618.1326006999866,-251.759408607856,-6.644740536236934,-0.4891461718145762,-6.644983791789438,17262.445078715646,0.0,0.19676087423338548,2.0472243320962105,2260733.6602814426,594.7464688871885
223100.0,4596407.483305506,338497.7664183568,4596575.732118791,-252.17861631366287,1618.083674074381,-252.4239093225946,-6.644787309828728,-0.489386343632683,-6.645030532949118,17262.445078715646,0.0,0.19676087423338548,2.0472243320962105,2260733.6602814426,594.7464688871885
223200.0,4596382.23221986,338659.5723384322,4596550.456502628,-252.84309739081684,1618.0347234305923,-253.08841472043923,-6.644834263216908,-0.48962653547988194,-6.645077453910784,17262.445078715646,0.0,0.19676087423338548,2.0472243320962105,2260733.6602814426,594.7464688871885
223300.0,4596356.914685871,338821.37336224224,4596525.1144356895,-253.50758317229966,1617.985748766616,-253.75292481937035,-6.644881396406829,-0.4898667473884845,-6.645124554679787,17262.445078715646,0.0,0.19676087423338548,2.0472243320962105,2260733.6602814426,594.7464688871885
223400.0,4596331.530703069,338983.1694873848,4596499.7059175065,-254.17207367609177,1617.9367500804447,-254.41743963736894,-6.644928709403823,-0.4901069793908508,-6.645171835261459,17262.445078715646,0.0,0.19676087423338548,2.0472243320962105,2260733.6602814426,594.7464688871885
223500.0,4596306.080270979,339144.96071145753,4596474.230947604,-254.83656892017416,1617.887727370067,-255.08195919241658,-6.644976202213263,-0.4903472315193952,-6.645219295661164,17262.445078715646,0.0,0.19676087423338548,2.0472243320962105,2260733.6602814426,594.7464688871885
223600.0,4596280.563389126,339306.74703205796,4596448.689525509,-255.50106892252833,1617.8386806334688,-255.7464835024953,-6.6450238748405095,-0.4905875038065816,-6.64526693588426,17262.445078715646,0.0,0.19676087423338548,2.0472243320962105,2260733.6602814426,594.7464688871885
223700.0,4596254.980057035,339468.5284467833,4596423.081650745,-256.16557370113634,1617.7896098686326,-256.41101258558774,-6.64507172729094,-0.49082779628492695,-6.645314755936122,17262.445078715646,0.0,0.19676087423338548,2.0472243320962105,2260733.6602814426,594.7464688871885
223800.0,4596229.330274226,339630.30495323066,4596397.407322833,-256.8300832739808,1617.7405150735376,-257.075546459677,-6.6451197595699485,-0.4910681089870014,-6.645362755822138,17262.445078715646,0.0,0.19676087423338548,2.0472243320962105,2260733.6602814426,594.7464688871885
223900.0,4596203.614040219,339792.0765489969,4596371.666541293,-257.4945976590448,1617.69139624616,-257.7400851427468,-6.645167971682931,-0.49130844194542755,-6.645410935547698,17262.445078715646,0.0,0.19676087423338548,2.0472243320962105,2260733.6602814426,594.7464688871885
224000.0,4596177.831354533,339953.8432316787,4596345.8593056435,-258.159116874312,1617.6422533844723,-258.40462865278135,-6.645216363635298,-0.49154879519288186,-6.645459295118209,17262.445078715646,0.0,0.19676087423338548,2.0472243320962105,2260733.6602814426,594.7464688871885
224100.0,4596151.982216683,340115.60499887256,4596319.985615401,-258.8236409377667,1617.593086486444,-259.06917700776546,-6.645264935432455,-0.49178916876209444,-6.645507834539072,17262.445078715646,0.0,0.19676087423338548,2.0472243320962105,2260733.6602814426,594.7464688871885
224200.0,4596126.066626184,340277.3618481747,4596294.045470079,-259.48816986739354,1617.5438955500413,-259.7337302256844,-6.645313687079833,-0.4920295626858502,-6.645556553815715,17262.445078715646,0.0,0.19676087423338548,2.0472243320962105,2260733.6602814426,594.7464688871885
224300.0,4596100.084582547,340439.1137771812,4596268.038869193,-260.15270368117785,1617.4946805732272,-260.398288324524,-6.645362618582861,-0.4922699769969884,-6.645605452953561,17262.445078715646,0.0,0.19676087423338548,2.0472243320962105,2260733.6602814426,594.7464688871885
224400.0,4596074.036085283,340600.8607834879,4596241.965812251,-260.8172423971055,1617.4454415539612,-261.06285132227066,-6.645411729946985,-0.49251041172840465,-6.6456545319580504,17262.445078715646,0.0,0.19676087423338548,2.0472243320962105,2260733.6602814426,594.7464688871885
224500.0,4596047.921133903,340762.6028646905,4596215.826298764,-261.4817860331628,1617.3961784901996,-261.7274192369113,-6.645461021177646,-0.492750866913049,-6.6457037908346255,17262.445078715646,0.0,0.19676087423338548,2.0472243320962105,2260733.6602814426,594.7464688871885
224600.0,4596021.7397279125,340924.3400183844,4596189.620328239,-262.1463346073367,1617.3468913798956,-262.3919920864335,-6.645510492280304,-0.49299134258392857,-6.645753229588733,17262.445078715646,0.0,0.19676087423338548,2.0472243320962105,2260733.6602814426,594.7464688871885
224700.0,4595995.491866817,341086.07224216487,4596163.347900182,-262.81088813761477,1617.297580220999,-263.0565698888252,-6.645560143260428,-0.4932318387741075,-6.645802848225845,17262.445078715646,0.0,0.19676087423338548,2.0472243320962105,2260733.6602814426,594.7464688871885
224800.0,4595969.177550119,341247.79953362694,4596137.009014096,-263.4754466419849,1617.2482450114558,-263.721152662075,-6.645609974123484,-0.4934723555167061,-6.6458526467514165,17262.445078715646,0.0,0.19676087423338548,2.0472243320962105,2260733.6602814426,594.7464688871885
224900.0,4595942.796777322,341409.5218903654,4596110.603669483,-264.14001013843574,1617.1988857492095,-264.38574042417196,-6.645659984874961,-0.49371289284490383,-6.645902625170937,17262.445078715646,0.0,0.19676087423338548,2.0472243320962105,2260733.6602814426,594.7464688871885
225000.0,4595916.3495479245,341571.23930997495,4596084.131865844,-264.8045786449564,1617.1495024321996,-265.0503331931058,-6.645710175520335,-0.49395345079193687,-6.645952783489879,17262.445078715646,0.0,0.19676087423338548,2.0472243320962105,2260733.6602814426,594.7464688871885
225100.0,4595889.835861425,341732.95179004996,4596057.593602677,-265.4691521795365,1617.1000950583627,-265.71493098686676,-6.645760546065111,-0.49419402939110096,-6.6460031217137345,17262.445078715646,0.0,0.19676087423338548,2.0472243320962105,2260733.6602814426,594.7464688871885
225200.0,4595863.25571732,341894.6593281847,4596030.988879479,-266.13373076016626,1617.0506636256318,-266.37953382344557,-6.645811096514782,-0.49443462867575044,-6.646053639848003,17262.445078715646,0.0,0.19676087423338548,2.0472243320962105,2260733.6602814426,594.7464688871885
225300.0,4595836.609115104,342056.36192197306,4596004.317695743,-266.79831440483645,1617.001208131937,-267.0441417208336,-6.64586182687486,-0.49467524867929963,-6.646104337898183,17262.445078715646,0.0,0.19676087423338548,2.0472243320962105,2260733.6602814426,594.7464688871885
225400.0,4595809.89605427,342218.05956900894,4595977.580050965,-267.4629031315384,1616.9517285752042,-267.7087546970226,-6.645912737150858,-0.49491588943522286,-6.646155215869789,17262.445078715646,0.0,0.19676087423338548,2.0472243320962105,2260733.6602814426,594.7464688871885
225500.0,4595783.116534308,342379.75226688595,4595950.775944634,-268.127496958264,1616.902224953357,-268.37337277000506,-6.645963827348294,-0.4951565509770549,-6.646206273768331,17262.445078715646,0.0,0.19676087423338548,2.0472243320962105,2260733.6602814426,594.7464688871885
225600.0,4595756.270554707,342541.4400131974,4595923.905376241,-268.7920959030056,1616.8526972643149,-269.037995957774,-6.646015097472697,-0.4953972333383922,-6.646257511599336,17262.445078715646,0.0,0.19676087423338548,2.0472243320962105,2260733.6602814426,594.7464688871885
225700.0,4595729.358114956,342703.12280553655,4595896.968345271,-269.45669998375627,1616.8031455059943,-269.7026242783229,-6.646066547529606,-0.495637936552893,-6.646308929368335,17262.445078715646,0.0,0.19676087423338548,2.0472243320962105,2260733.6602814426,594.7464688871885
225800.0,4595702.379214539,342864.80064149626,4595869.964851213,-270.12130921850945,1616.7535696763082,-270.36725774964583,-6.646118177524548,-0.4958786606542764,-6.6463605270808515,17262.445078715646,0.0,0.19676087423338548,2.0472243320962105,2260733.6602814426,594.7464688871885
225900.0,4595675.33385294,343026.4735186694,4595842.894893548,-270.7859236252593,1616.7039697731661,-271.03189638973737,-6.64616998746307,-0.49611940567632545,-6.646412304742429,17262.445078715646,0.0,0.19676087423338548,2.0472243320962105,2260733.6602814426,594.7464688871885
226000.0,4595648.222029641,343188.14143464837,4595815.758471762,-271.45054322200036,1616.6543457944745,-271.6965402165928,-6.6462219773507245,-0.49636017165288626,-6.646464262358616,17262.445078715646,0.0,0.19676087423338548,2.0472243320962105,2260733.6602814426,594.7464688871885
226100.0,4595621.043744123,343349.80438702565,4595788.555585332,-272.11516802672793,1616.6046977381359,-272.3611892482078,-6.646274147193061,-0.49660095861786846,-6.6465163999349555,17262.445078715646,0.0,0.19676087423338548,2.0472243320962105,2260733.6602814426,594.7464688871885
226200.0,4595593.798995862,343511.46237339335,4595761.286233738,-272.7797980574377,1616.5550256020501,-273.02584350257865,-6.646326496995643,-0.49684176660524654,-6.646568717477008,17262.445078715646,0.0,0.19676087423338548,2.0472243320962105,2260733.6602814426,594.7464688871885
226300.0,4595566.487784336,343673.11539134337,4595733.950416457,-273.4444333321259,1616.505329384113,-273.69050299770225,-6.646379026764031,-0.49708259564905927,-6.646621214990329,17262.445078715646,0.0,0.19676087423338548,2.0472243320962105,2260733.6602814426,594.7464688871885
226400.0,4595539.11010902,343834.7634384674,4595706.5481329635,-274.10907386878955,1616.4556090822173,-274.35516775157595,-6.646431736503791,-0.49732344578341087,-6.64667389248048,17262.445078715646,0.0,0.19676087423338548,2.0472243320962105,2260733.6602814426,594.7464688871885
226500.0,4595511.665969387,343996.40651235695,4595679.079382731,-274.77371968542593,1616.4058646942522,-275.0198377821977,-6.6464846262205,-0.497564317042472,-6.64672674995303,17262.445078715646,0.0,0.19676087423338548,2.0472243320962105,2260733.6602814426,594.7464688871885
226600.0,4595484.155364906,344158.0446106033,4595651.54416523,-275.43837080003306,1616.3560962181034,-275.68451310756615,-6.646537695919732,-0.4978052094604796,-6.646779787413553,17262.445078715646,0.0,0.19676087423338548,2.0472243320962105,2260733.6602814426,594.7464688871885
226700.0,4595456.578295049,344319.67773079756,4595623.942479932,-276.1030272306095,1616.3063036516535,-276.3491937456802,-6.6465909456070635,-0.4980461230717374,-6.646833004867618,17262.445078715646,0.0,0.19676087423338548,2.0472243320962105,2260733.6602814426,594.7464688871885
226800.0,4595428.9347592825,344481.30587053054,4595596.274326303,-276.7676889951543,1616.2564869927814,-277.01387971453966,-6.646644375288083,-0.49828705791061756,-6.646886402320809,17262.445078715646,0.0,0.19676087423338548,2.0472243320962105,2260733.6602814426,594.7464688871885
226900.0,4595401.224757072,344642.92902739294,4595568.539703811,-277.4323561116671,1616.2066462393627,-277.6785710321446,-6.646697984968369,-0.4985280140115598,-6.646939979778702,17262.445078715646,0.0,0.19676087423338548,2.0472243320962105,2260733.6602814426,594.7464688871885
227000.0,4595373.448287881,344804.54719897517,4595540.738611918,-278.09702859814814,1616.1567813892693,-278.34326771649575,-6.646751774653517,-0.4987689914090734,-6.646993737246888,17262.445078715646,0.0,0.19676087423338548,2.0472243320962105,2260733.6602814426,594.7464688871885
227100.0,4595345.605351172,344966.1603828675,4595512.871050088,-278.7617064725982,1616.1068924403698,-279.00796978559447,-6.64680574434912,-0.49900999013773645,-6.64704767473095,17262.445078715646,0.0,0.19676087423338548,2.0472243320962105,2260733.6602814426,594.7464688871885
227200.0,4595317.695946407,345127.7685766599,4595484.937017781,-279.4263897530185,1616.0569793905295,-279.6726772574426,-6.64685989406077,-0.49925101023219737,-6.64710179223648,17262.445078715646,0.0,0.19676087423338548,2.0472243320962105,2260733.6602814426,594.7464688871885
227300.0,4595289.7200730415,345289.3717779422,4595456.936514456,-280.091078457411,1616.00704223761,-280.33739015004267,-6.646914223794062,-0.4994920517271751,-6.647156089769067,17262.445078715646,0.0,0.19676087423338548,2.0472243320962105,2260733.6602814426,594.7464688871885
227400.0,4595261.677730534,345450.9699843039,4595428.86953957,-280.7557726037782,1615.9570809794695,-281.00210848139756,-6.646968733554603,-0.4997331146574605,-6.647210567334316,17262.445078715646,0.0,0.19676087423338548,2.0472243320962105,2260733.6602814426,594.7464688871885
227500.0,4595233.568918339,345612.5631933345,4595400.736092578,-281.420472210123,1615.9070956139628,-281.66683226951085,-6.647023423347988,-0.4999741990579151,-6.6472652249378115,17262.445078715646,0.0,0.19676087423338548,2.0472243320962105,2260733.6602814426,594.7464688871885
227600.0,4595205.393635909,345774.15140262304,4595372.536172933,-282.08517729444907,1615.8570861389412,-282.3315615323866,-6.647078293179824,-0.5002153049634742,-6.64732006258516,17262.445078715646,0.0,0.19676087423338548,2.0472243320962105,2260733.6602814426,594.7464688871885
227700.0,4595177.151882697,345935.73460975854,4595344.269780088,-282.7498878747605,1615.8070525522521,-282.99629628802955,-6.647133343055708,-0.500456432409145,-6.64737508028195,17262.445078715646,0.0,0.19676087423338548,2.0472243320962105,2260733.6602814426,594.7464688871885
227800.0,4595148.843658151,346097.3128123297,4595315.936913492,-283.4146039690619,1615.75699485174,-283.6610365544449,-6.647188572981249,-0.5006975814300094,-6.6474302780337915,17262.445078715646,0.0,0.19676087423338548,2.0472243320962105,2260733.6602814426,594.7464688871885
227900.0,4595120.468961719,346258.88600792503,4595287.537572593,-284.07932559535857,1615.7069130352456,-284.32578234963836,-6.6472439829620535,-0.5009387520612234,-6.647485655846283,17262.445078715646,0.0,0.19676087423338548,2.0472243320962105,2260733.6602814426,594.7464688871885
228000.0,4595092.027792848,346420.4541941328,4595259.071756838,-284.7440527716563,1615.656807100606,-284.99053369161635,-6.647299573003728,-0.501179944338018,-6.647541213725024,17262.445078715646,0.0,0.19676087423338548,2.0472243320962105,2260733.6602814426,594.7464688871885
228100.0,4595063.52015098,346582.01736854116,4595230.53946567,-285.4087855159615,1615.6066770456553,-285.65529059838576,-6.647355343111878,-0.5014211582957,-6.647596951675616,17262.445078715646,0.0,0.19676087423338548,2.0472243320962105,2260733.6602814426,594.7464688871885
228200.0,4595034.946035558,346743.57552873786,4595201.940698531,-286.07352384628103,1615.556522868223,-286.3200530879541,-6.647411293292115,-0.5016623939696526,-6.647652869703671,17262.445078715646,0.0,0.19676087423338548,2.0472243320962105,2260733.6602814426,594.7464688871885
228300.0,4595006.305446024,346905.1286723106,4595173.275454865,-286.7382677806225,1615.5063445661362,-286.9848211783293,-6.6474674235500455,-0.5019036513953358,-6.647708967814781,17262.445078715646,0.0,0.19676087423338548,2.0472243320962105,2260733.6602814426,594.7464688871885
228400.0,4594977.5983818155,347066.67679684685,4595144.543734108,-287.40301733699386,1615.4561421372177,-287.64959488752,-6.647523733891265,-0.5021449306082869,-6.647765246014547,17262.445078715646,0.0,0.19676087423338548,2.0472243320962105,2260733.6602814426,594.7464688871885
228500.0,4594948.824842369,347228.2198999338,4595115.745535699,-288.06777253340374,1615.405915579287,-288.3143742335353,-6.647580224321388,-0.5023862316441225,-6.64782170430857,17262.445078715646,0.0,0.19676087423338548,2.0472243320962105,2260733.6602814426,594.7464688871885
228600.0,4594919.984827121,347389.75797915837,4595086.880859072,-288.7325333878613,1615.3556648901601,-288.979159234385,-6.647636894846017,-0.5026275545385384,-6.647878342702455,17262.445078715646,0.0,0.19676087423338548,2.0472243320962105,2260733.6602814426,594.7464688871885
228700.0,4594891.078335503,347551.2910321074,4595057.949703663,-289.39729991837623,1615.3053900676493,-289.6439499080793,-6.647693745470753,-0.5028688993273084,-6.647935161201794,17262.445078715646,0.0,0.19676087423338548,2.0472243320962105,2260733.6602814426,594.7464688871885
228800.0,4594862.105366947,347712.8190563674,4595028.952068901,-290.0620721429589,1615.2550911095636,-290.3087462726291,-6.647750776201206,-0.5031102660462893,-6.647992159812191,17262.445078715646,0.0,0.19676087423338548,2.0472243320962105,2260733.6602814426,594.7464688871885
228900.0,4594833.065920884,347874.3420495247,4594999.887954217,-290.7268500796202,1615.204768013708,-290.9735483460457,-6.647807987042965,-0.5033516547314167,-6.648049338539234,17262.445078715646,0.0,0.19676087423338548,2.0472243320962105,2260733.6602814426,594.7464688871885
229000.0,4594803.95999674,348035.8600091655,4594970.757359041,-291.39163374637144,1615.154420777884,-291.63835614634104,-6.6478653780016295,-0.5035930654187093,-6.648106697388514,17262.445078715646,0.0,0.19676087423338548,2.0472243320962105,2260733.6602814426,594.7464688871885
229100.0,4594774.787593943,348197.3729328756,4594941.560282797,-292.05642316122464,1615.1040493998896,-292.30316969152767,-6.647922949082802,-0.5038344981442687,-6.648164236365631,17262.445078715646,0.0,0.19676087423338548,2.0472243320962105,2260733.6602814426,594.7464688871885
229200.0,4594745.548711916,348358.8808182407,4594912.29672491,-292.7212183421923,1615.0536538775193,-292.9679889996186,-6.6479807002920674,-0.5040759529442785,-6.648221955476162,17262.445078715646,0.0,0.19676087423338548,2.0472243320962105,2260733.6602814426,594.7464688871885
229300.0,4594716.243350082,348520.38366284623,4594882.966684803,-293.3860193072875,1615.0032342085638,-293.6328140886275,-6.648038631635014,-0.5043174298550076,-6.648279854725693,17262.445078715646,0.0,0.19676087423338548,2.0472243320962105,2260733.6602814426,594.7464688871885
229400.0,4594686.871507862,348681.88146427745,4594853.570161899,-294.0508260745239,1614.9527903908102,-294.29764497656856,-6.648096743117229,-0.5045589289128087,-6.648337934119805,17262.445078715646,0.0,0.19676087423338548,2.0472243320962105,2260733.6602814426,594.7464688871885
229500.0,4594657.433184673,348843.3742201194,4594824.1071556145,-294.71563866191576,1614.9023224220418,-294.9624816814565,-6.648155034744297,-0.5048004501541216,-6.648396193664079,17262.445078715646,0.0,0.19676087423338548,2.0472243320962105,2260733.6602814426,594.7464688871885
229600.0,4594627.928379934,349004.86192795675,4594794.577665368,-295.3804570874778,1614.8518303000387,-295.6273242213066,-6.648213506521799,-0.5050419936154709,-6.64845463336409,17262.445078715646,0.0,0.19676087423338548,2.0472243320962105,2260733.6602814426,594.7464688871885
229700.0,4594598.35709306,349166.3445853742,4594764.981690575,-296.04528136922534,1614.801314022577,-296.2921726141347,-6.648272158455301,-0.5052835593334684,-6.648513253225397,17262.445078715646,0.0,0.19676087423338548,2.0472243320962105,2260733.6602814426,594.7464688871885
229800.0,4594568.719323465,349327.822189956,4594735.31923065,-296.7101115251742,1614.750773587429,-296.9570268779572,-6.648330990550377,-0.5055251473448146,-6.648572053253574,17262.445078715646,0.0,0.19676087423338548,2.0472243320962105,2260733.6602814426,594.7464688871885
229900.0,4594539.0150705585,349489.2947392863,4594705.590285003,-297.37494757334093,1614.7002089923637,-297.62188703079113,-6.648390002812595,-0.5057667576862983,-6.64863103345418,17262.445078715646,0.0,0.19676087423338548,2.0472243320962105,2260733.6602814426,594.7464688871885
230000.0,4594509.244333752,349650.762230949,4594675.794853047,-298.0397895317425,1614.6496202351461,-298.286753090654,-6.648449195247505,-0.5060083903947971,-6.648690193832761,17262.445078715646,0.0,0.19676087423338548,2.0472243320962105,2260733.6602814426,594.7464688871885
230100.0,4594479.407112454,349812.22466252785,4594645.932934187,-298.7046374183964,1614.5990073135379,-298.9516250755638,-6.64850856786067,-0.5062500455072795,-6.648749534394873,17262.445078715646,0.0,0.19676087423338548,2.0472243320962105,2260733.6602814426,594.7464688871885
230200.0,4594449.50340607,349973.6820316062,4594616.004527833,-299.3694912513207,1614.5483702252966,-299.61650300353926,-6.648568120657629,-0.5064917230608045,-6.648809055146053,17262.445078715646,0.0,0.19676087423338548,2.0472243320962105,2260733.6602814426,594.7464688871885
230300.0,4594419.533214005,350135.1343357673,4594586.009633388,-300.0343510485342,1614.4977089681763,-300.2813868925995,-6.648627853643932,-0.5067334230925234,-6.6488687560918445,17262.445078715646,0.0,0.19676087423338548,2.0472243320962105,2260733.6602814426,594.7464688871885
230400.0,4594389.496535661,350296.5815725941,4594555.948250256,-300.69921682805597,1614.4470235399274,-300.9462767607643,-6.648687766825106,-0.5069751456396798,-6.648928637237769,17262.445078715646,0.0,0.19676087423338548,2.0472243320962105,2260733.6602814426,594.7464688871885
230500.0,4594359.393370439,350458.0237396695,4594525.820377836,-301.36408860790584,1614.3963139382965,-301.61117262605393,-6.648747860206688,-0.5072168907396113,-6.648988698589359,17262.445078715646,0.0,0.19676087423338548,2.0472243320962105,2260733.6602814426,594.7464688871885
230600.0,4594329.223717739,350619.46083457593,4594495.62601553,-302.02896640610413,1614.3455801610264,-302.27607450648924,-6.648808133794192,-0.507458658429749,-6.649048940152124,17262.445078715646,0.0,0.19676087423338548,2.0472243320962105,2260733.6602814426,594.7464688871885
230700.0,4594298.987576957,350780.8928548958,4594465.365162734,-302.69385024067174,1614.2948222058562,-302.9409824200916,-6.648868587593138,-0.50770044874762,-6.649109361931576,17262.445078715646,0.0,0.19676087423338548,2.0472243320962105,2260733.6602814426,594.7464688871885
230800.0,4594268.684947489,350942.3197982111,4594435.037818844,-303.35874012963,1614.2440400705214,-303.60589638488295,-6.648929221609023,-0.5079422617308463,-6.649169963933211,17262.445078715646,0.0,0.19676087423338548,2.0472243320962105,2260733.6602814426,594.7464688871885
230900.0,4594238.3158287285,351103.7416621038,4594404.643983255,-304.0236360910009,1614.1932337527533,-304.27081641888583,-6.6489900358473495,-0.508184097417148,-6.649230746162523,17262.445078715646,0.0,0.19676087423338548,2.0472243320962105,2260733.6602814426,594.7464688871885
231000.0,4594207.880220068,351265.1584441555,4594374.183655358,-304.68853814280703,1614.1424032502798,-304.9357425401232,-6.64905103031361,-0.5084259558443425,-6.649291708625001,17262.445078715646,0.0,0.19676087423338548,2.0472243320962105,2260733.6602814426,594.7464688871885
231100.0,4594177.378120896,351426.5701419476,4594343.656834544,-305.3534463030714,1614.091548560825,-305.60067476661874,-6.649112205013274,-0.508667837050345,-6.649352851326109,17262.445078715646,0.0,0.19676087423338548,2.0472243320962105,2260733.6602814426,594.7464688871885
231200.0,4594146.809530603,351587.97675306135,4594313.063520201,-306.01836058981763,1614.0406696821092,-306.26561311639654,-6.64917355995182,-0.5089097410731717,-6.649414174271319,17262.445078715646,0.0,0.19676087423338548,2.0472243320962105,2260733.6602814426,594.7464688871885
231300.0,4594116.174448574,351749.3782750777,4594282.403711716,-306.6832810210699,1613.9897666118486,-306.9305576074813,-6.649235095134708,-0.5091516679509381,-6.649475677466087,17262.445078715646,0.0,0.19676087423338548,2.0472243320962105,2260733.6602814426,594.7464688871885
231400.0,4594085.472874193,351910.7747055773,4594251.677408474,-307.34820761485287,1613.938839347756,-307.59550825789825,-6.6492968105673835,-0.5093936177218612,-6.649537360915854,17262.445078715646,0.0,0.19676087423338548,2.0472243320962105,2260733.6602814426,594.7464688871885
231500.0,4594054.704806845,352072.1660421407,4594220.884609858,-308.01314038919185,1613.8878878875398,-308.26046508567316,-6.649358706255297,-0.5096355904242608,-6.649599224626062,17262.445078715646,0.0,0.19676087423338548,2.0472243320962105,2260733.6602814426,594.7464688871885
231600.0,4594023.870245909,352233.55228234816,4594190.025315249,-308.6780793621126,1613.8369122289052,-308.9254281088323,-6.649420782203866,-0.5098775860965591,-6.649661268602127,17262.445078715646,0.0,0.19676087423338548,2.0472243320962105,2260733.6602814426,594.7464688871885
231700.0,4593992.969190765,352394.9334237798,4594159.099524029,-309.3430245516415,1613.7859123695534,-309.5903973454026,-6.649483038418515,-0.5101196047772827,-6.649723492849468,17262.445078715646,0.0,0.19676087423338548,2.0472243320962105,2260733.6602814426,594.7464688871885
231800.0,4593962.001640791,352556.3094640153,4594128.107235572,-310.0079759758054,1613.7348883071816,-310.25537281341144,-6.649545474904649,-0.5103616465050633,-6.64978589737348,17262.445078715646,0.0,0.19676087423338548,2.0472243320962105,2260733.6602814426,594.7464688871885
231900.0,4593930.967595362,352717.68040063436,4594097.048449257,-310.6729336526317,1613.683840039483,-310.9203545308867,-6.649608091667662,-0.5106037113186387,-6.649848482179557,17262.445078715646,0.0,0.19676087423338548,2.0472243320962105,2260733.6602814426,594.7464688871885
232000.0,4593899.8670538515,352879.0462312163,4594065.923164457,-311.3378976001483,1613.632767564147,-311.5853425158569,-6.649670888712938,-0.5108457992568536,-6.649911247273077,17262.445078715646,0.0,0.19676087423338548,2.0472243320962105,2260733.6602814426,594.7464688871885
232100.0,4593868.700015632,353040.4069533402,4594034.731380545,-312.00286783638387,1613.5816708788593,-312.25033678635106,-6.6497338660458425,-0.5110879103586601,-6.649974192659397,17262.445078715646,0.0,0.19676087423338548,2.0472243320962105,2260733.6602814426,594.7464688871885
232200.0,4593837.466480074,353201.762564585,4594003.473096889,-312.6678443793673,1613.5305499813016,-312.9153373603987,-6.649797023671737,-0.5113300446631202,-6.650037318343875,17262.445078715646,0.0,0.19676087423338548,2.0472243320962105,2260733.6602814426,594.7464688871885
232300.0,4593806.166446546,353363.11306252936,4593972.148312861,-313.3328272471282,1613.479404869152,-313.58034425602995,-6.649860361595957,-0.5115722022094045,-6.6501006243318415,17262.445078715646,0.0,0.19676087423338548,2.0472243320962105,2260733.6602814426,594.7464688871885
232400.0,4593774.799914414,353524.4584447516,4593940.757027826,-313.9978164576966,1613.4282355400837,-314.2453574912754,-6.649923879823841,-0.511814383036796,-6.650164110628629,17262.445078715646,0.0,0.19676087423338548,2.0472243320962105,2260733.6602814426,594.7464688871885
232500.0,4593743.366883043,353685.79870883,4593909.299241151,-314.66281202910324,1613.377041991767,-314.91037708416616,-6.649987578360693,-0.5120565871846885,-6.650227777239537,17262.445078715646,0.0,0.19676087423338548,2.0472243320962105,2260733.6602814426,594.7464688871885
232600.0,4593711.867351796,353847.13385234255,4593877.774952197,-315.32781397937924,1613.325824221868,-315.5754030527339,-6.650051457211814,-0.5122988146925891,-6.650291624169861,17262.445078715646,0.0,0.19676087423338548,2.0472243320962105,2260733.6602814426,594.7464688871885
232700.0,4593680.301320034,354008.46387286694,4593846.184160328,-315.9928223265563,1613.2745822280485,-316.24043541501095,-6.650115516382492,-0.512541065600119,-6.650355651424882,17262.445078715646,0.0,0.19676087423338548,2.0472243320962105,2260733.6602814426,594.7464688871885
232800.0,4593648.668787117,354169.78876798064,4593814.526864901,-316.65783708866655,1613.2233160079666,-316.9054741890299,-6.650179755877989,-0.5127833399470137,-6.650419859009857,17262.445078715646,0.0,0.19676087423338548,2.0472243320962105,2260733.6602814426,594.7464688871885
232900.0,4593616.969752402,354331.1085352609,4593782.803065276,-317.32285828374285,1613.1720255592763,-317.5705193928241,-6.650244175703568,-0.5130256377731272,-6.650484246930045,17262.445078715646,0.0,0.19676087423338548,2.0472243320962105,2260733.6602814426,594.7464688871885
233000.0,4593585.204215245,354492.4231722848,4593751.012760808,-317.98788592981845,1613.120710879628,-318.2355710444273,-6.650308775864453,-0.5132679591184268,-6.650548815190662,17262.445078715646,0.0,0.19676087423338548,2.0472243320962105,2260733.6602814426,594.7464688871885
233100.0,4593553.372175001,354653.73267662904,4593719.155950852,-318.6529200449271,1613.0693719666674,-318.9006291618737,-6.6503735563658655,-0.5135103040230008,-6.6506135637969255,17262.445078715646,0.0,0.19676087423338548,2.0472243320962105,2260733.6602814426,594.7464688871885
233200.0,4593521.47363102,354815.03704587027,4593687.2326347595,-319.3179606471031,1613.0180088180368,-319.56569376319834,-6.650438517213012,-0.5137526725270569,-6.650678492754038,17262.445078715646,0.0,0.19676087423338548,2.0472243320962105,2260733.6602814426,594.7464688871885
233300.0,4593489.5085826535,354976.3362775847,4593655.242811882,-319.9830077543814,1612.966621431374,-320.2307648664364,-6.6505036584110675,-0.5139950646709213,-6.650743602067165,17262.445078715646,0.0,0.19676087423338548,2.0472243320962105,2260733.6602814426,594.7464688871885
233400.0,4593457.477029251,355137.6303693485,4593623.186481569,-320.6480613847972,1612.9152098043132,-320.8958424896238,-6.6505689799651995,-0.5142374804950433,-6.650808891741472,17262.445078715646,0.0,0.19676087423338548,2.0472243320962105,2260733.6602814426,594.7464688871885
233500.0,4593425.378970158,355298.91931873746,4593591.063643167,-321.3131215563864,1612.8637739344842,-321.56092665079694,-6.650634481880552,-0.514479920039994,-6.650874361782095,17262.445078715646,0.0,0.19676087423338548,2.0472243320962105,2260733.6602814426,594.7464688871885
233600.0,4593393.214404721,355460.2031233272,4593558.874296021,-321.9781882871855,1612.812313819513,-322.22601736799265,-6.650700164162254,-0.5147223833464691,-6.65094001219416,17262.445078715646,0.0,0.19676087423338548,2.0472243320962105,2260733.6602814426,594.7464688871885
233700.0,4593360.983332282,355621.4817806931,4593526.618439474,-322.64326159523125,1612.7608294570216,-322.89111465924833,-6.650766026815404,-0.514964870455288,-6.651005842982755,17262.445078715646,0.0,0.19676087423338548,2.0472243320962105,2260733.6602814426,594.7464688871885
233800.0,4593328.685752182,355782.7552884103,4593494.296072869,-323.3083414985611,1612.7093208446274,-323.5562185426019,-6.6508320698451,-0.5152073814073982,-6.651071854152978,17262.445078715646,0.0,0.19676087423338548,2.0472243320962105,2260733.6602814426,594.7464688871885
233900.0,4593296.3216637615,355944.0236440536,4593461.907195545,-323.97342801521296,1612.657787979944,-324.22132903609184,-6.650898293256399,-0.5154499162438726,-6.651138045709878,17262.445078715646,0.0,0.19676087423338548,2.0472243320962105,2260733.6602814426,594.7464688871885
234000.0,4593263.8910663575,356105.2868451978,4593429.4518068405,-324.6385211632253,1612.606230860581,-324.88644615775695,-6.650964697054346,-0.5156924750059128,-6.651204417658492,17262.445078715646,0.0,0.19676087423338548,2.0472243320962105,2260733.6602814426,594.7464688871885
234100.0,4593231.393959307,356266.5448894172,4593396.929906092,-325.3036209606369,1612.554649484144,-325.5515699256367,-6.651031281243965,-0.5159350577348507,-6.65127097000384,17262.445078715646,0.0,0.19676087423338548,2.0472243320962105,2260733.6602814426,594.7464688871885
234200.0,4593198.830341944,356427.79777428595,4593364.341492633,-325.9687274254873,1612.5030438482338,-326.2167003577711,-6.651098045830249,-0.5161776644721485,-6.651337702750913,17262.445078715646,0.0,0.19676087423338548,2.0472243320962105,2260733.6602814426,594.7464688871885
234300.0,4593166.200213599,356589.0454973781,4593331.686565798,-326.63384057581635,1612.4514139504479,-326.88183747220046,-6.651164990818181,-0.5164202952594008,-6.651404615904683,17262.445078715646,0.0,0.19676087423338548,2.0472243320962105,2260733.6602814426,594.7464688871885
234400.0,4593133.503573605,356750.28805626725,4593298.965124915,-327.2989604296645,1612.399759788379,-327.5469812869658,-6.651232116212715,-0.5166629501383356,-6.6514717094700995,17262.445078715646,0.0,0.19676087423338548,2.0472243320962105,2260733.6602814426,594.7464688871885
234500.0,4593100.74042129,356911.5254485269,4593266.177169316,-327.9640870050726,1612.348081359616,-328.21213182010837,-6.651299422018773,-0.5169056291508143,-6.651538983452079,17262.445078715646,0.0,0.19676087423338548,2.0472243320962105,2260733.6602814426,594.7464688871885
234600.0,4593067.91075598,357072.75767173024,4593233.322698327,-328.6292203200821,1612.2963786617431,-328.8772890896702,-6.651366908241268,-0.5171483323388362,-6.651606437855532,17262.445078715646,0.0,0.19676087423338548,2.0472243320962105,2260733.6602814426,594.7464688871885
234700.0,4593035.014577,357233.9847234502,4593200.401711273,-329.29436039273486,1612.244651692341,-329.5424531136937,-6.651434574885077,-0.5173910597445354,-6.651674072685324,17262.445078715646,0.0,0.19676087423338548,2.0472243320962105,2260733.6602814426,594.7464688871885
234800.0,4593002.051883675,357395.2066012596,4593167.414207478,-329.9595072410733,1612.1929004489857,-330.2076239102216,-6.651502421955057,-0.5176338114101858,-6.651741887946309,17262.445078715646,0.0,0.19676087423338548,2.0472243320962105,2260733.6602814426,594.7464688871885
234900.0,4592969.022675326,357556.42330273084,4593134.360186264,-330.6246608831403,1612.141124929249,-330.8728014972975,-6.651570449456035,-0.5178765873782002,-6.651809883643304,17262.445078715646,0.0,0.19676087423338548,2.0472243320962105,2260733.6602814426,594.7464688871885
235000.0,4592935.9269512715,357717.63482543617,4593101.239646952,-331.28982133697906,1612.0893251306984,-331.537985892965,-6.65163865739281,-0.5181193876911329,-6.6518780597811125,17262.445078715646,0.0,0.19676087423338548,2.0472243320962105,2260733.6602814426,594.7464688871885
235100.0,4592902.7647108305,357878.8411669476,4593068.052588859,-331.9549886206335,1612.0375010508976,-332.20317711526855,-6.651707045770157,-0.5183622123916798,-6.651946416364496,17262.445078715646,0.0,0.19676087423338548,2.0472243320962105,2260733.6602814426,594.7464688871885
235200.0,4592869.535953319,358040.0423248369,4593034.799011301,-332.6201627521479,1611.9856526874057,-332.8683751822529,-6.651775614592825,-0.518605061522681,-6.6520149533982,17262.445078715646,0.0,0.19676087423338548,2.0472243320962105,2260733.6602814426,594.7464688871885
235300.0,4592836.240678051,358201.23829667555,4593001.478913594,-333.28534374956706,1611.9337800377773,-333.5335801119634,-6.651844363865538,-0.5188479351271217,-6.652083670886937,17262.445078715646,0.0,0.19676087423338548,2.0472243320962105,2260733.6602814426,594.7464688871885
235400.0,4592802.878884339,358362.42908003484,4592968.09229505,-333.95053163093615,1611.881883099563,-334.19879192244565,-6.65191329359298,-0.5190908332481324,-6.652152568835391,17262.445078715646,0.0,0.19676087423338548,2.0472243320962105,2260733.6602814426,594.7464688871885
235500.0,4592769.450571494,358523.6146724858,4592934.63915498,-334.6157264143009,1611.829961870309,-334.86401063174594,-6.651982403779811,-0.5193337559289921,-6.652221647248212,17262.445078715646,0.0,0.19676087423338548,2.0472243320962105,2260733.6602814426,594.7464688871885
235600.0,4592735.955738826,358684.79507159913,4592901.119492693,-335.28092811770756,1611.7780163475572,-335.52923625791095,-6.652051694430667,-0.5195767032131293,-6.652290906130035,17262.445078715646,0.0,0.19676087423338548,2.0472243320962105,2260733.6602814426,594.7464688871885
235700.0,4592702.39438564,358845.97027494543,4592867.533307496,-335.94613675920266,1611.726046528845,-336.1944688189878,-6.652121165550146,-0.5198196751441221,-6.652360345485447,17262.445078715646,0.0,0.19676087423338548,2.0472243320962105,2260733.6602814426,594.7464688871885
235800.0,4592668.766511242,359007.1402800949,4592833.880598697,-336.6113523568333,1611.6740524117054,-336.859708333024,-6.652190817142812,-0.5200626717657002,-6.6524299653190075,17262.445078715646,0.0,0.19676087423338548,2.0472243320962105,2260733.6602814426,594.7464688871885
235900.0,4592635.072114936,359168.3050846177,4592800.1613655975,-337.2765749286471,1611.6220339936674,-337.52495481806767,-6.652260649213207,-0.5203056931217481,-6.652499765635252,17262.445078715646,0.0,0.19676087423338548,2.0472243320962105,2260733.6602814426,594.7464688871885
236000.0,4592601.311196024,359329.46468608355,4592766.3756075,-337.94180449269203,1611.5699912722553,-338.1902082921673,-6.652330661765831,-0.520548739256304,-6.652569746438677,17262.445078715646,0.0,0.19676087423338548,2.0472243320962105,2260733.6602814426,594.7464688871885
236100.0,4592567.483753804,359490.619082062,4592732.523323705,-338.6070410670165,1611.5179242449888,-338.8554687733718,-6.652400854805164,-0.5207918102135632,-6.652639907733753,17262.445078715646,0.0,0.19676087423338548,2.0472243320962105,2260733.6602814426,594.7464688871885
236200.0,4592533.589787576,359651.7682701223,4592698.604513511,-339.27228466966943,1611.4658329093836,-339.52073627973056,-6.65247122833563,-0.5210349060378777,-6.652710249524902,17262.445078715646,0.0,0.19676087423338548,2.0472243320962105,2260733.6602814426,594.7464688871885
236300.0,4592499.629296635,359812.9122478335,4592664.619176215,-339.93753531870016,1611.4137172629507,-340.1860108292934,-6.652541782361647,-0.5212780267737597,-6.652780771816532,17262.445078715646,0.0,0.19676087423338548,2.0472243320962105,2260733.6602814426,594.7464688871885
236400.0,4592465.602280277,359974.05101276445,4592630.56731111,-340.60279303215844,1611.361577303197,-340.8512924401107,-6.652612516887576,-0.5215211724658816,-6.652851474612998,17262.445078715646,0.0,0.19676087423338548,2.0472243320962105,2260733.6602814426,594.7464688871885
236500.0,4592431.508737793,360135.1845624836,4592596.44891749,-341.26805782809447,1611.3094130276243,-341.516581130233,-6.652683431917752,-0.5217643431590785,-6.652922357918629,17262.445078715646,0.0,0.19676087423338548,2.0472243320962105,2260733.6602814426,594.7464688871885
236600.0,4592397.348668475,360296.31289455935,4592562.263994647,-341.9333297245589,1611.2572244337302,-342.1818769177115,-6.652754527456465,-0.5220075388983488,-6.65299342173771,17262.445078715646,0.0,0.19676087423338548,2.0472243320962105,2260733.6602814426,594.7464688871885
236700.0,4592363.122071611,360457.43600655964,4592528.01254187,-342.59860873960287,1611.2050115190082,-342.8471798205978,-6.652825803507985,-0.5222507597288573,-6.653064666074504,17262.445078715646,0.0,0.19676087423338548,2.0472243320962105,2260733.6602814426,594.7464688871885
236800.0,4592328.828946489,360618.55389605236,4592493.694558445,-343.26389489127774,1611.1527742809467,-343.5124898569438,-6.652897260076527,-0.5224940056959348,-6.65313609093322,17262.445078715646,0.0,0.19676087423338548,2.0472243320962105,2260733.6602814426,594.7464688871885
236900.0,4592294.469292394,360779.666560605,4592459.31004366,-343.92918819763554,1611.1005127170297,-344.1778070448019,-6.652968897166272,-0.522737276845081,-6.653207696318033,17262.445078715646,0.0,0.19676087423338548,2.0472243320962105,2260733.6602814426,594.7464688871885
237000.0,4592260.04310861,360940.7739977848,4592424.858996797,-344.59448867672853,1611.0482268247367,-344.843131402225,-6.6530407147813735,-0.5229805732219661,-6.653279482233088,17262.445078715646,0.0,0.19676087423338548,2.0472243320962105,2260733.6602814426,594.7464688871885
237100.0,4592225.55039442,361101.8762051589,4592390.341417139,-345.25979634660945,1610.9959166015428,-345.5084629472663,-6.653112712925932,-0.523223894872432,-6.6533514486824785,17262.445078715646,0.0,0.19676087423338548,2.0472243320962105,2260733.6602814426,594.7464688871885
237200.0,4592190.991149101,361262.973180294,4592355.757303967,-345.9251112253315,1610.9435820449182,-346.17380169797946,-6.653184891604011,-0.5234672418424938,-6.653423595670264,17262.445078715646,0.0,0.19676087423338548,2.0472243320962105,2260733.6602814426,594.7464688871885
237300.0,4592156.365371934,361424.0649207567,4592321.106656559,-346.59043333094814,1610.8912231523288,-346.83914767241845,-6.653257250819628,-0.5237106141783416,-6.653495923200457,17262.445078715646,0.0,0.19676087423338548,2.0472243320962105,2260733.6602814426,594.7464688871885
237400.0,4592121.673062194,361585.1514241132,4592286.389474191,-347.25576268151343,1610.8388399212356,-347.5045008886378,-6.653329790576779,-0.5239540119263439,-6.653568431277044,17262.445078715646,0.0,0.19676087423338548,2.0472243320962105,2260733.6602814426,594.7464688871885
237500.0,4592086.914219156,361746.2326879296,4592251.605756138,-347.92109929508166,1610.786432349095,-348.1698613646922,-6.65340251087939,-0.5241974351330452,-6.653641119903946,17262.445078715646,0.0,0.19676087423338548,2.0472243320962105,2260733.6602814426,594.7464688871885
237600.0,4592052.088842092,361907.3087097716,4592216.755501675,-348.5864431897076,1610.734000433359,-348.835229118637,-6.65347541173136,-0.5244408838451722,-6.653713989085056,17262.445078715646,0.0,0.19676087423338548,2.0472243320962105,2260733.6602814426,594.7464688871885
237700.0,4592017.196930274,362068.3794872047,4592181.8387100715,-349.2517943834464,1610.6815441714743,-349.5006041685278,-6.653548493136543,-0.5246843581096325,-6.653787038824219,17262.445078715646,0.0,0.19676087423338548,2.0472243320962105,2260733.6602814426,594.7464688871885
237800.0,4591982.238482972,362229.44501779426,4592146.8553805975,-349.9171528943535,1610.6290635608837,-350.16598653242056,-6.653621755098748,-0.5249278579735186,-6.653860269125239,17262.445078715646,0.0,0.19676087423338548,2.0472243320962105,2260733.6602814426,594.7464688871885
237900.0,4591947.213499451,362390.5052991052,4592111.8055125205,-350.58251874048483,1610.5765585990248,-350.8313762283717,-6.653695197621726,-0.525171383484107,-6.653933679991861,17262.445078715646,0.0,0.19676087423338548,2.0472243320962105,2260733.6602814426,594.7464688871885
238000.0,4591912.121978979,362551.56032870227,4592076.6891051065,-351.24789193989665,1610.5240292833305,-351.49677327443794,-6.653768820709202,-0.5254149346888625,-6.654007271427802,17262.445078715646,0.0,0.19676087423338548,2.0472243320962105,2260733.6602814426,594.7464688871885
238100.0,4591876.963920818,362712.61010414996,4592041.50615762,-351.9132725106456,1610.471475611229,-352.16217768867637,-6.653842624364838,-0.5256585116354388,-6.654081043436716,17262.445078715646,0.0,0.19676087423338548,2.0472243320962105,2260733.6602814426,594.7464688871885
238200.0,4591841.739324231,362873.6546230125,4592006.256669323,-352.57866047078863,1610.4188975801437,-352.8275894891445,-6.653916608592257,-0.5259021143716806,-6.654154996022223,17262.445078715646,0.0,0.19676087423338548,2.0472243320962105,2260733.6602814426,594.7464688871885
238300.0,4591806.448188477,363034.69388285396,4591970.940639475,-353.2440558383832,1610.3662951874933,-353.49300869390015,-6.653990773395029,-0.5261457429456253,-6.654229129187883,17262.445078715646,0.0,0.19676087423338548,2.0472243320962105,2260733.6602814426,594.7464688871885
238400.0,4591771.090512816,363195.7278812379,4591935.558067337,-353.9094586314869,1610.3136684306917,-354.15843532100155,-6.6540651187766695,-0.5263893974055045,-6.654303442937208,17262.445078715646,0.0,0.19676087423338548,2.0472243320962105,2260733.6602814426,594.7464688871885
238500.0,4591735.666296503,363356.7566157279,4591900.108952164,-354.5748688681579,1610.2610173071478,-354.8238693885072,-6.65413964474066,-0.5266330777997477,-6.6543779372736696,17262.445078715646,0.0,0.19676087423338548,2.0472243320962105,2260733.6602814426,594.7464688871885
238600.0,4591700.175538793,363517.78008388705,4591864.5932932105,-355.2402865664546,1610.2083418142656,-355.489310914476,-6.654214351290416,-0.5268767841769811,-6.654452612200676,17262.445078715646,0.0,0.19676087423338548,2.0472243320962105,2260733.6602814426,594.7464688871885
238700.0,4591664.61823894,363678.79828327836,4591829.011089731,-355.9057117444356,1610.1556419494445,-356.1547599169671,-6.654289238429302,-0.5271205165860325,-6.654527467721588,17262.445078715646,0.0,0.19676087423338548,2.0472243320962105,2260733.6602814426,594.7464688871885
238800.0,4591628.994396194,363839.81121146446,4591793.362340977,-356.5711444201602,1610.102917710079,-356.8202164140402,-6.654364306160639,-0.5273642750759316,-6.654602503839718,17262.445078715646,0.0,0.19676087423338548,2.0472243320962105,2260733.6602814426,594.7464688871885
238900.0,4591593.304009805,364000.8188660078,4591757.647046198,-357.23658461168765,1610.0501690935585,-357.48568042375507,-6.654439554487683,-0.5276080596959123,-6.654677720558315,17262.445078715646,0.0,0.19676087423338548,2.0472243320962105,2260733.6602814426,594.7464688871885
239000.0,4591557.547079021,364161.8212444705,4591721.865204642,-357.9020323370777,1609.9973960972673,-358.15115196417196,-6.654514983413649,-0.5278518704954157,-6.654753117880586,17262.445078715646,0.0,0.19676087423338548,2.0472243320962105,2260733.6602814426,594.7464688871885
239100.0,4591521.723603087,364322.81834441447,4591686.016815553,-358.5674876143904,1609.944598718585,-358.8166310533514,-6.654590592941677,-0.5280957075240891,-6.654828695809664,17262.445078715646,0.0,0.19676087423338548,2.0472243320962105,2260733.6602814426,594.7464688871885
239200.0,4591485.8335812455,364483.81016340136,4591650.101878178,-359.2329504616862,1609.8917769548864,-359.4821177093542,-6.6546663830748685,-0.5283395708317926,-6.654904454348646,17262.445078715646,0.0,0.19676087423338548,2.0472243320962105,2260733.6602814426,594.7464688871885
239300.0,4591449.877012741,364644.79669899255,4591614.120391758,-359.8984208970257,1609.838930803541,-360.1476119502415,-6.6547423538162676,-0.5285834604685977,-6.654980393500567,17262.445078715646,0.0,0.19676087423338548,2.0472243320962105,2260733.6602814426,594.7464688871885
239400.0,4591413.853896813,364805.7779487491,4591578.072355534,-360.56389893846983,1609.7860602619132,-360.8131137940748,-6.654818505168839,-0.5288273764847892,-6.655056513268384,17262.445078715646,0.0,0.19676087423338548,2.0472243320962105,2260733.6602814426,594.7464688871885
239500.0,4591377.764232699,364966.7539102318,4591541.957768745,-361.22938460407994,1609.733165327363,-361.47862325891583,-6.654894837135514,-0.5290713189308703,-6.655132813655027,17262.445078715646,0.0,0.19676087423338548,2.0472243320962105,2260733.6602814426,594.7464688871885
239600.0,4591341.608019637,365127.7245810013,4591505.776630627,-361.89487791191755,1609.6802459972444,-362.14414036282653,-6.654971349719149,-0.5293152878575619,-6.6552092946633366,17262.445078715646,0.0,0.19676087423338548,2.0472243320962105,2260733.6602814426,594.7464688871885
239700.0,4591305.385256861,365288.68995861796,4591469.528940417,-362.5603788800445,1609.627302268907,-362.8096651238693,-6.655048042922546,-0.529559283315806,-6.655285956296113,17262.445078715646,0.0,0.19676087423338548,2.0472243320962105,2260733.6602814426,594.7464688871885
239800.0,4591269.0959436055,365449.6500406417,4591433.214697347,-363.22588752652285,1609.574334139695,-363.47519756010666,-6.655124916748442,-0.5298033053567673,-6.655362798556084,17262.445078715646,0.0,0.19676087423338548,2.0472243320962105,2260733.6602814426,594.7464688871885
239900.0,4591232.7400791,365610.6048246324,4591396.833900649,-363.89140386941506,1609.5213416069478,-364.1407376896015,-6.655201971199513,-0.5300473540318367,-6.655439821445919,17262.445078715646,0.0,0.19676087423338548,2.0472243320962105,2260733.6602814426,594.7464688871885
240000.0,4591196.317662574,365771.55430814956,4591360.386549552,-364.5569279267837,1609.4683246679992,-364.8062855304169,-6.655279206278375,-0.5302914293926319,-6.655517024968224,17262.445078715646,0.0,0.19676087423338548,2.0472243320962105,2260733.6602814426,594.7464688871885
240100.0,4591159.828693257,365932.4984887524,4591323.8726432845,-365.22245971669173,1609.415283320178,-365.4718411006163,-6.655356621987567,-0.530535531490999,-6.655594409125532,17262.445078715646,0.0,0.19676087423338548,2.0472243320962105,2260733.6602814426,594.7464688871885
240200.0,4591123.2731703725,366093.4373639999,4591287.292181073,-365.8879992572023,1609.3622175608082,-366.13740441826326,-6.655434218329574,-0.5307796603790185,-6.655671973920326,17262.445078715646,0.0,0.19676087423338548,2.0472243320962105,2260733.6602814426,594.7464688871885
240300.0,4591086.651093146,366254.37093145074,4591250.645162142,-366.5535465663788,1609.3091273872076,-366.80297550142166,-6.655511995306806,-0.5310238161090024,-6.655749719355003,17262.445078715646,0.0,0.19676087423338548,2.0472243320962105,2260733.6602814426,594.7464688871885
240400.0,4591049.962460799,366415.2991886634,4591213.931585713,-367.2191016622849,1609.25601279669,-367.46855436815565,-6.655589952921617,-0.5312679987335021,-6.655827645431912,17262.445078715646,0.0,0.19676087423338548,2.0472243320962105,2260733.6602814426,594.7464688871885
240500.0,4591013.207272553,366576.2221331961,4591177.151451008,-367.8846645629845,1609.2028737865628,-368.1341410365295,-6.655668091176275,-0.531512208305305,-6.655905752153311,17262.445078715646,0.0,0.19676087423338548,2.0472243320962105,2260733.6602814426,594.7464688871885
240600.0,4590976.385527626,366737.13976260665,4591140.304757246,-368.5502352865416,1609.149710354129,-368.79973552460785,-6.6557464100729975,-0.5317564448774421,-6.65598403952141,17262.445078715646,0.0,0.19676087423338548,2.0472243320962105,2260733.6602814426,594.7464688871885
240700.0,4590939.497225234,366898.05207445275,4591103.391503642,-369.2158138510205,1609.0965224966856,-369.4653378504554,-6.655824909613913,-0.5320007085031865,-6.6560625075383335,17262.445078715646,0.0,0.19676087423338548,2.0472243320962105,2260733.6602814426,594.7464688871885
240800.0,4590902.542364594,367058.95906629175,4591066.411689414,-369.8814002744859,1609.0433102115246,-370.1309480321372,-6.6559035898010945,-0.5322449992360578,-6.656141156206142,17262.445078715646,0.0,0.19676087423338548,2.0472243320962105,2260733.6602814426,594.7464688871885
240900.0,4590865.520944917,367219.86073568073,4591029.365313773,-370.5469945750024,1608.9900734959328,-370.7965660877184,-6.655982450636527,-0.5324893171298243,-6.656219985526817,17262.445078715646,0.0,0.19676087423338548,2.0472243320962105,2260733.6602814426,594.7464688871885
241000.0,4590828.4329654155,367380.7570801765,4590992.252375932,-371.2125967706349,1608.9368123471913,-371.4621920352644,-6.656061492122135,-0.532733662238505,-6.656298995502271,17262.445078715646,0.0,0.19676087423338548,2.0472243320962105,2260733.6602814426,594.7464688871885
241100.0,4590791.278425299,367541.64809733565,4590955.072875102,-371.87820687944856,1608.8835267625761,-372.12782589284075,-6.656140714259754,-0.5329780346163719,-6.656378186134337,17262.445078715646,0.0,0.19676087423338548,2.0472243320962105,2260733.6602814426,594.7464688871885
241200.0,4590754.057323775,367702.5337847144,4590917.826810489,-372.54382491950867,1608.8302167393574,-372.7934676785132,-6.656220117051158,-0.5332224343179539,-6.656457557424778,17262.445078715646,0.0,0.19676087423338548,2.0472243320962105,2260733.6602814426,594.7464688871885
241300.0,4590716.76966005,367863.4141398688,4590880.514181301,-373.2094509088807,1608.7768822748,-373.4591174103477,-6.656299700498032,-0.5334668613980376,-6.65653710937527,17262.445078715646,0.0,0.19676087423338548,2.0472243320962105,2260733.6602814426,594.7464688871885
241400.0,4590679.415433328,368024.2891603546,4590843.1349867415,-373.8750848656302,1608.7235233661634,-374.1247751064103,-6.656379464601986,-0.5337113159116708,-6.656616841987419,17262.445078715646,0.0,0.19676087423338548,2.0472243320962105,2260733.6602814426,594.7464688871885
241500.0,4590641.994642811,368185.15884372714,4590805.689226014,-374.54072680782303,1608.6701400107013,-374.79044078476727,-6.656459409364549,-0.5339557979141651,-6.656696755262745,17262.445078715646,0.0,0.19676087423338548,2.0472243320962105,2260733.6602814426,594.7464688871885
241600.0,4590604.5072877,368346.0231875417,4590768.176898318,-375.2063767535251,1608.6167322056624,-375.456114463485,-6.656539534787179,-0.5342003074610988,-6.656776849202696,17262.445078715646,0.0,0.19676087423338548,2.0472243320962105,2260733.6602814426,594.7464688871885
241700.0,4590566.953367193,368506.8821893532,4590730.598002854,-375.8720347208025,1608.563299948289,-376.12179616063,-6.656619840871233,-0.5344448446083179,-6.656857123808622,17262.445078715646,0.0,0.19676087423338548,2.0472243320962105,2260733.6602814426,594.7464688871885
241800.0,4590529.332880488,368667.73584671615,4590692.952538818,-376.5377007277214,1608.5098432358188,-376.78748589426897,-6.656700327618006,-0.5346894094119415,-6.656937579081809,17262.445078715646,0.0,0.19676087423338548,2.0472243320962105,2260733.6602814426,594.7464688871885
241900.0,4590491.645826779,368828.58415718505,4590655.240505407,-377.2033747923482,1608.456362065483,-377.45318368246865,-6.656780995028695,-0.5349340019283627,-6.657018215023448,17262.445078715646,0.0,0.19676087423338548,2.0472243320962105,2260733.6602814426,594.7464688871885
242000.0,4590453.892205261,368989.4271183139,4590617.461901813,-377.8690569327493,1608.4028564345076,-378.11888954329595,-6.656861843104409,-0.5351786222142505,-6.657099031634637,17262.445078715646,0.0,0.19676087423338548,2.0472243320962105,2260733.6602814426,594.7464688871885
242100.0,4590416.072015123,369150.2647276565,4590579.616727228,-378.5347471669913,1608.3493263401126,-378.78460349481793,-6.656942871846181,-0.5354232703265553,-6.657180028916405,17262.445078715646,0.0,0.19676087423338548,2.0472243320962105,2260733.6602814426,594.7464688871885
242200.0,4590378.185255557,369311.09698276635,4590541.704980844,-379.2004455131408,1608.2957717795127,-379.45032555510164,-6.657024081254953,-0.5356679463225101,-6.657261206869682,17262.445078715646,0.0,0.19676087423338548,2.0472243320962105,2260733.6602814426,594.7464688871885
242300.0,4590340.23192575,369471.92388119677,4590503.726661847,-379.86615198926455,1608.2421927499167,-380.11605574221426,-6.657105471331566,-0.5359126502596322,-6.657342565495305,17262.445078715646,0.0,0.19676087423338548,2.0472243320962105,2260733.6602814426,594.7464688871885
242400.0,4590302.212024888,369632.74542050064,4590465.681769424,-380.5318666134294,1608.1885892485275,-380.7817940742231,-6.657187042076785,-0.536157382195728,-6.657424104794026,17262.445078715646,0.0,0.19676087423338548,2.0472243320962105,2260733.6602814426,594.7464688871885
242500.0,4590264.125552155,369793.5615982307,4590427.57030276,-381.1975894037022,1608.1349612725423,-381.4475405691955,-6.657268793491283,-0.5364021421888961,-6.6575058247665115,17262.445078715646,0.0,0.19676087423338548,2.0472243320962105,2260733.6602814426,594.7464688871885
242600.0,4590225.972506735,369954.37241193926,4590389.392261038,-381.8633203781499,1608.0813088191526,-382.11329524519886,-6.657350725575628,-0.5366469302975279,-6.657587725413321,17262.445078715646,0.0,0.19676087423338548,2.0472243320962105,2260733.6602814426,594.7464688871885
242700.0,4590187.752887806,370115.1778591785,4590351.147643438,-382.52905955483965,1608.0276318855438,-382.77905812030065,-6.657432838330298,-0.5368917465803126,-6.657669806734925,17262.445078715646,0.0,0.19676087423338548,2.0472243320962105,2260733.6602814426,594.7464688871885
242800.0,4590149.466694549,370275.9779375003,4590312.83644914,-383.19480695183836,1607.9739304688956,-383.4448292125683,-6.657515131755682,-0.5371365910962398,-6.657752068731704,17262.445078715646,0.0,0.19676087423338548,2.0472243320962105,2260733.6602814426,594.7464688871885
242900.0,4590111.113926141,370436.7726444561,4590274.458677321,-383.86056258721317,1607.9202045663815,-384.11060854006945,-6.657597605852061,-0.5373814639046018,-6.6578345114039275,17262.445078715646,0.0,0.19676087423338548,2.0472243320962105,2260733.6602814426,594.7464688871885
243000.0,4590072.694581756,370597.5619775973,4590236.014327156,-384.5263264790312,1607.8664541751696,-384.7763961208716,-6.657680260619626,-0.5376263650649978,-6.657917134751782,17262.445078715646,0.0,0.19676087423338548,2.0472243320962105,2260733.6602814426,594.7464688871885
243100.0,4590034.208660569,370758.3459344748,4590197.5033978205,-385.1920986453595,1607.8126792924215,-385.4421919730423,-6.6577630960584715,-0.5378712946373367,-6.657999938775348,17262.445078715646,0.0,0.19676087423338548,2.0472243320962105,2260733.6602814426,594.7464688871885
243200.0,4589995.656161751,370919.1245126393,4590158.925888485,-385.8578791042653,1607.7588799152932,-386.1079961146492,-6.65784611216857,-0.5381162526818382,-6.658082923474596,17262.445078715646,0.0,0.19676087423338548,2.0472243320962105,2260733.6602814426,594.7464688871885
243300.0,4589957.037084471,371079.89770964126,4590120.281798321,-386.5236678738156,1607.705056040934,-386.77380856375976,-6.657929308949812,-0.5383612392590393,-6.658166088849404,17262.445078715646,0.0,0.19676087423338548,2.0472243320962105,2260733.6602814426,594.7464688871885
243400.0,4589918.351427899,371240.6655230308,4590081.5711264955,-387.1894649720776,1607.6512076664883,-387.4396293384416,-6.65801268640198,-0.5386062544297957,-6.658249434899546,17262.445078715646,0.0,0.19676087423338548,2.0472243320962105,2260733.6602814426,594.7464688871885
243500.0,4589879.599191199,371401.4279503578,4590042.793872176,-387.85527041711833,1607.597334789093,-388.10545845676216,-6.658096244524741,-0.5388512982552844,-6.658332961624682,17262.445078715646,0.0,0.19676087423338548,2.0472243320962105,2260733.6602814426,594.7464688871885
243600.0,4589840.780373537,371562.18498917174,4590003.950034526,-388.52108422700485,1607.54343740588,-388.771295936789,-6.658179983317669,-0.539096370797009,-6.658416669024374,17262.445078715646,0.0,0.19676087423338548,2.0472243320962105,2260733.6602814426,594.7464688871885
243700.0,4589801.894974074,371722.936637022,4589965.03961271,-389.1869064198042,1607.4895155139743,-389.4371417965895,-6.658263902780213,-0.5393414721168004,-6.658500557098064,17262.445078715646,0.0,0.19676087423338548,2.0472243320962105,2260733.6602814426,594.7464688871885
243800.0,4589762.942991973,371883.6828914575,4589926.062605887,-389.85273701358324,1607.4355691104952,-390.1029960542311,-6.658348002911727,-0.5395866022768229,-6.658584625845096,17262.445078715646,0.0,0.19676087423338548,2.0472243320962105,2260733.6602814426,594.7464688871885
243900.0,4589723.924426391,372044.42375002697,4589887.019013218,-390.5185760264088,1607.3815981925554,-390.768858727781,-6.6584322837114485,-0.5398317613395756,-6.6586688752646985,17262.445078715646,0.0,0.19676087423338548,2.0472243320962105,2260733.6602814426,594.7464688871885
244000.0,4589684.839276486,372205.15921027877,4589847.9088338595,-391.1844234763478,1607.3276027572617,-391.4347298353064,-6.658516745178495,-0.5400769493678957,-6.6587533053559795,17262.445078715646,0.0,0.19676087423338548,2.0472243320962105,2260733.6602814426,594.7464688871885
244100.0,4589645.687541414,372365.88926976104,4589808.732066968,-391.85027938146675,1607.2735828017142,-392.10060939487454,-6.658601387311873,-0.5403221664249639,-6.65883791611794,17262.445078715646,0.0,0.19676087423338548,2.0472243320962105,2260733.6602814426,594.7464688871885
244200.0,4589606.469220327,372526.6139260217,4589769.488711698,-392.51614375983235,1607.2195383230069,-392.7664974245523,-6.6586862101104805,-0.5405674125743064,-6.658922707549465,17262.445078715646,0.0,0.19676087423338548,2.0472243320962105,2260733.6602814426,594.7464688871885
244300.0,4589567.184312379,372687.33317660814,4589730.178767201,-393.182016629511,1607.1654693182275,-393.4323939424067,-6.658771213573084,-0.5408126878797977,-6.659007679649312,17262.445078715646,0.0,0.19676087423338548,2.0472243320962105,2260733.6602814426,594.7464688871885
244400.0,4589527.832816718,372848.0470190677,4589690.802232626,-393.8478980085691,1607.1113757844569,-394.0982989665044,-6.6588563976983455,-0.5410579924056675,-6.659092832416135,17262.445078715646,0.0,0.19676087423338548,2.0472243320962105,2260733.6602814426,594.7464688871885
244500.0,4589488.414732493,373008.75545094727,4589651.359107123,-394.5137879150727,1607.05725771877,-394.76421251491206,-6.658941762484787,-0.5413033262164989,-6.659178165848446,17262.445078715646,0.0,0.19676087423338548,2.0472243320962105,2260733.6602814426,594.7464688871885
244600.0,4589448.930058851,373169.4584697936,4589611.849389838,-395.17968636708804,1607.0031151182352,-395.4301346056962,-6.659027307930828,-0.5415486893772381,-6.659263679944657,17262.445078715646,0.0,0.19676087423338548,2.0472243320962105,2260733.6602814426,594.7464688871885
244700.0,4589409.378794935,373330.156073153,4589572.273079916,-395.8455933826808,1606.948947979914,-396.09606525692305,-6.659113034034755,-0.5417940819531935,-6.659349374703039,17262.445078715646,0.0,0.19676087423338548,2.0472243320962105,2260733.6602814426,594.7464688871885
244800.0,4589369.760939888,373490.8482585716,4589532.6301765,-396.5115089799168,1606.894756300862,-396.7620044866588,-6.659198940794717,-0.5420395040100408,-6.65943525012174,17262.445078715646,0.0,0.19676087423338548,2.0472243320962105,2260733.6602814426,594.7464688871885
244900.0,4589330.076492852,373651.5350235951,4589492.920678732,-397.17743317686154,1606.840540078127,-397.42795231296935,-6.6592850282087515,-0.542284955613828,-6.659521306198782,17262.445078715646,0.0,0.19676087423338548,2.0472243320962105,2260733.6602814426,594.7464688871885
245000.0,4589290.325452965,373812.216365769,4589453.14458575,-397.8433659915803,1606.786299308752,-398.09390875392046,-6.659371296274763,-0.5425304368309785,-6.6596075429320605,17262.445078715646,0.0,0.19676087423338548,2.0472243320962105,2260733.6602814426,594.7464688871885
245100.0,4589250.507819365,373972.8922826385,4589413.301896693,-398.50930744213815,1606.7320339897717,-398.75987382757756,-6.659457744990519,-0.5427759477282934,-6.659693960319334,17262.445078715646,0.0,0.19676087423338548,2.0472243320962105,2260733.6602814426,594.7464688871885
245200.0,4589210.623591187,374133.5627717485,4589373.392610696,-399.1752575466,1606.6777441182148,-399.425847552006,-6.659544374353652,-0.5430214883729575,-6.659780558358226,17262.445078715646,0.0,0.19676087423338548,2.0472243320962105,2260733.6602814426,594.7464688871885
245300.0,4589170.6727675665,374294.22783064365,4589333.416726894,-399.8412163230304,1606.6234296911034,-400.09182994527083,-6.659631184361676,-0.5432670588325433,-6.65986733704624,17262.445078715646,0.0,0.19676087423338548,2.0472243320962105,2260733.6602814426,594.7464688871885
245400.0,4589130.655347633,374454.88745686813,4589293.374244418,-400.5071837894937,1606.5690907054523,-400.7578210254368,-6.659718175011939,-0.5435126591750122,-6.6599542963807155,17262.445078715646,0.0,0.19676087423338548,2.0472243320962105,2260733.6602814426,594.7464688871885
245500.0,4589090.571330518,374615.541647966,4589253.265162399,-401.17315996405404,1606.51472715827,-401.42382081056843,-6.6598053463016855,-0.5437582894687224,-6.660041436358883,17262.445078715646,0.0,0.19676087423338548,2.0472243320962105,2260733.6602814426,594.7464688871885
245600.0,4589050.42071535,374776.190401481,4589213.089479965,-401.8391448647752,1606.460339046558,-402.0898293187299,-6.659892698227998,-0.5440039497824306,-6.660128756977817,17262.445078715646,0.0,0.19676087423338548,2.0472243320962105,2260733.6602814426,594.7464688871885
245700.0,4589010.203501254,374936.8337149564,4589172.847196244,-402.5051385097207,1606.4059263673105,-402.75584656798526,-6.659980230787817,-0.5442496401852959,-6.660216258234451,17262.445078715646,0.0,0.19676087423338548,2.0472243320962105,2260733.6602814426,594.7464688871885
245800.0,4588969.919687356,375097.47158593545,4589132.538310359,-403.1711409169538,1606.3514891175155,-403.42187257639796,-6.660067943977943,-0.5444953607468848,-6.660303940125568,17262.445078715646,0.0,0.19676087423338548,2.0472243320962105,2260733.6602814426,594.7464688871885
245900.0,4588929.569272778,375258.10401196085,4589092.162821435,-403.8371521045372,1606.2970272941534,-404.0879073620314,-6.660155837795029,-0.5447411115371759,-6.660391802647819,17262.445078715646,0.0,0.19676087423338548,2.0472243320962105,2260733.6602814426,594.7464688871885
246000.0,4588889.152256642,375418.7309905751,4589051.720728594,-404.50317209053355,1606.242540894198,-404.75395094294845,-6.6602439122355825,-0.5449868926265627,-6.660479845797696,17262.445078715646,0.0,0.19676087423338548,2.0472243320962105,2260733.6602814426,594.7464688871885
246100.0,4588848.668638065,375579.3525193204,4589011.212030954,-405.169200893005,1606.1880299146158,-405.4200033372117,-6.6603321672959614,-0.5452327040858601,-6.66056806957155,17262.445078715646,0.0,0.19676087423338548,2.0472243320962105,2260733.6602814426,594.7464688871885
246200.0,4588808.118416168,375739.9685957386,4588970.636727632,-405.83523853001327,1606.1334943523661,-406.0860645628834,-6.660420602972368,-0.5454785459863061,-6.660656473965569,17262.445078715646,0.0,0.19676087423338548,2.0472243320962105,2260733.6602814426,594.7464688871885
246300.0,4588767.501590064,375900.5792173713,4588929.994817746,-406.50128501961984,1606.0789342044013,-406.7521346380253,-6.6605092192608515,-0.545724418399568,-6.660745058975796,17262.445078715646,0.0,0.19676087423338548,2.0472243320962105,2260733.6602814426,594.7464688871885
246400.0,4588726.818158868,376061.18438175984,4588889.286300409,-407.16734037988573,1606.0243494676665,-407.41821358069893,-6.660598016157307,-0.5459703213977468,-6.660833824598108,17262.445078715646,0.0,0.19676087423338548,2.0472243320962105,2260733.6602814426,594.7464688871885
246500.0,4588686.068121691,376221.7840864451,4588848.511174734,-407.83340462887145,1605.9697401390997,-408.0843014089652,-6.6606869936574675,-0.5462162550533802,-6.66092277082824,17262.445078715646,0.0,0.19676087423338548,2.0472243320962105,2260733.6602814426,594.7464688871885
246600.0,4588645.251477645,376382.37832896784,4588807.669439831,-408.4994777846372,1605.9151062156316,-408.75039814088467,-6.660776151756913,-0.5464622194394498,-6.661011897661749,17262.445078715646,0.0,0.19676087423338548,2.0472243320962105,2260733.6602814426,594.7464688871885
246700.0,4588604.368225837,376542.96710686834,4588766.761094809,-409.16555986524264,1605.860447694185,-409.4165037945175,-6.660865490451049,-0.5467082146293823,-6.6611012050940355,17262.445078715646,0.0,0.19676087423338548,2.0472243320962105,2260733.6602814426,594.7464688871885
246800.0,4588563.418365374,376703.55041768664,4588725.786138774,-409.83165088874705,1605.8057645716763,-410.0826183879233,-6.660955009735131,-0.5469542406970579,-6.661190693120341,17262.445078715646,0.0,0.19676087423338548,2.0472243320962105,2260733.6602814426,594.7464688871885
246900.0,4588522.401895361,376864.12825896253,4588684.744570833,-410.49775087320916,1605.7510568450139,-410.74874193916116,-6.66104470960424,-0.547200297716812,-6.661280361735739,17262.445078715646,0.0,0.19676087423338548,2.0472243320962105,2260733.6602814426,594.7464688871885
247000.0,4588481.318814901,377024.7006282354,4588643.636390087,-411.1638598366872,1605.6963245110987,-411.41487446628986,-6.661134590053291,-0.5474463857634417,-6.6613702109351305,17262.445078715646,0.0,0.19676087423338548,2.0472243320962105,2260733.6602814426,594.7464688871885
247100.0,4588440.169123094,377185.26752304443,4588602.46159564,-411.82997779723894,1605.6415675668245,-412.0810159873675,-6.661224651077021,-0.5476925049122094,-6.661460240713246,17262.445078715646,0.0,0.19676087423338548,2.0472243320962105,2260733.6602814426,594.7464688871885
247200.0,4588398.95281904,377345.82894092833,4588561.220186589,-412.49610477292157,1605.586786009077,-412.74716652045163,-6.661314892670005,-0.547938655238849,-6.6615504510646435,17262.445078715646,0.0,0.19676087423338548,2.0472243320962105,2260733.6602814426,594.7464688871885
247300.0,4588357.669901838,377506.3848794257,4588519.912162035,-413.16224078179175,1605.531979834735,-413.4133260835993,-6.661405314826629,-0.5481848368195691,-6.661640841983702,17262.445078715646,0.0,0.19676087423338548,2.0472243320962105,2260733.6602814426,594.7464688871885
247400.0,4588316.320370582,377666.9353360746,4588478.537521072,-413.8283858419055,1605.4771490406688,-414.0794946948671,-6.661495917541115,-0.5484310497310603,-6.66173141346463,17262.445078715646,0.0,0.19676087423338548,2.0472243320962105,2260733.6602814426,594.7464688871885
247500.0,4588274.904224367,377827.48030841304,4588437.096262794,-414.4945399713184,1605.4222936237418,-414.74567237231076,-6.661586700807496,-0.548677294050498,-6.661822165501451,17262.445078715646,0.0,0.19676087423338548,2.0472243320962105,2260733.6602814426,594.7464688871885
247600.0,4588233.421462284,377988.0197939785,4588395.588386294,-415.1607031880852,1605.3674135808092,-415.4118591339857,-6.661677664619629,-0.5489235698555496,-6.661913098088006,17262.445078715646,0.0,0.19676087423338548,2.0472243320962105,2260733.6602814426,594.7464688871885
247700.0,4588191.8720834255,378148.55379030824,4588354.013890664,-415.82687551026027,1605.3125089087184,-416.0780549979465,-6.6617688089711695,-0.5491698772243764,-6.662004211217945,17262.445078715646,0.0,0.19676087423338548,2.0472243320962105,2260733.6602814426,594.7464688871885
247800.0,4588150.2560868785,378309.0822949392,4588312.372774991,-416.4930569558972,1605.2575796043095,-416.7442599822472,-6.661860133855609,-0.5494162162356432,-6.662095504884744,17262.445078715646,0.0,0.19676087423338548,2.0472243320962105,2260733.6602814426,594.7464688871885
247900.0,4588108.57347173,378469.60530540795,4588270.665038363,-417.15924754304893,1605.202625664414,-417.4104741049411,-6.661951639266242,-0.5496625869685208,-6.662186979081688,17262.445078715646,0.0,0.19676087423338548,2.0472243320962105,2260733.6602814426,594.7464688871885
248000.0,4588066.824237064,378630.1228192508,4588228.890679865,-417.82544728976774,1605.1476470858559,-418.07669738408094,-6.66204332519616,-0.5499089895026907,-6.6622786338018525,17262.445078715646,0.0,0.19676087423338548,2.0472243320962105,2260733.6602814426,594.7464688871885
248100.0,4588025.008381966,378790.63483400375,4588187.049698581,-418.4916562141052,1605.0926438654508,-418.7429298377187,-6.662135191638266,-0.5501554239183527,-6.662370469038135,17262.445078715646,0.0,0.19676087423338548,2.0472243320962105,2260733.6602814426,594.7464688871885
248200.0,4587983.125905515,378951.1413472024,4588145.142093591,-419.1578743341122,1605.0376160000067,-419.40917148390554,-6.662227238585274,-0.5504018902962292,-6.662462484783232,17262.445078715646,0.0,0.19676087423338548,2.0472243320962105,2260733.6602814426,594.7464688871885
248300.0,4587941.176806792,379111.64235638216,4588103.167863977,-419.8241016678388,1604.9825634863234,-420.07542234069206,-6.662319466029687,-0.5506483887175706,-6.662554681029635,17262.445078715646,0.0,0.19676087423338548,2.0472243320962105,2260733.6602814426,594.7464688871885
248400.0,4587899.161084874,379272.13785907795,4588061.127008816,-420.49033823333446,1604.9274863211924,-420.74168242612797,-6.662411873963811,-0.5508949192641609,-6.662647057769643,17262.445078715646,0.0,0.19676087423338548,2.0472243320962105,2260733.6602814426,594.7464688871885
248500.0,4587857.078738837,379432.6278528246,4588019.019527184,-421.15658404864763,1604.872384501397,-421.4079517582622,-6.662504462379746,-0.551141482018324,-6.6627396149953375,17262.445078715646,0.0,0.19676087423338548,2.0472243320962105,2260733.6602814426,594.7464688871885
248600.0,4587814.929767755,379593.1123351563,4587976.845418155,-421.8228391318262,1604.8172580237124,-422.07423035514296,-6.6625972312693795,-0.5513880770629284,-6.662832352698596,17262.445078715646,0.0,0.19676087423338548,2.0472243320962105,2260733.6602814426,594.7464688871885
248700.0,4587772.714170701,379753.5913036073,4587934.604680803,-422.48910350091705,1604.7621068849053,-422.74051823481756,-6.6626901806244,-0.5516347044813944,-6.662925270871096,17262.445078715646,0.0,0.19676087423338548,2.0472243320962105,2260733.6602814426,594.7464688871885
248800.0,4587730.431946745,379914.0647557112,4587892.297314198,-423.1553771739663,1604.7069310817342,-423.4068154153325,-6.662783310436274,-0.5518813643576986,-6.663018369504289,17262.445078715646,0.0,0.19676087423338548,2.0472243320962105,2260733.6602814426,594.7464688871885
248900.0,4587688.083094955,380074.5326890014,4587849.923317409,-423.82166016901925,1604.651730610949,-424.07312191473346,-6.662876620696258,-0.55212805677638,-6.66311164858942,17262.445078715646,0.0,0.19676087423338548,2.0472243320962105,2260733.6602814426,594.7464688871885
249000.0,4587645.667614399,380234.995101011,4587807.482689504,-424.4879525041202,1604.5965054692913,-424.73943775106517,-6.662970111395381,-0.5523747818225464,-6.663205108117509,17262.445078715646,0.0,0.19676087423338548,2.0472243320962105,2260733.6602814426,594.7464688871885
249100.0,4587603.185504142,380395.4519892728,4587764.975429547,-425.15425419731264,1604.541255653494,-425.40576294237144,-6.663063782524462,-0.5526215395818806,-6.663298748079356,17262.445078715646,0.0,0.19676087423338548,2.0472243320962105,2260733.6602814426,594.7464688871885
249200.0,4587560.636763248,380555.90335131914,4587722.4015366025,-425.8205652666391,1604.4859811602817,-426.0720975066952,-6.663157634074085,-0.5528683301406458,-6.663392568465533,17262.445078715646,0.0,0.19676087423338548,2.0472243320962105,2260733.6602814426,594.7464688871885
249300.0,4587518.021390776,380716.3491846822,4587679.761009732,-426.4868857301412,1604.4306819863698,-426.73844146207836,-6.663251666034618,-0.5531151535856932,-6.663486569266399,17262.445078715646,0.0,0.19676087423338548,2.0472243320962105,2260733.6602814426,594.7464688871885
249400.0,4587475.339385788,380876.7894868936,4587637.0538479965,-427.15321560585943,1604.3753581284655,-427.40479482656195,-6.663345878396188,-0.5533620100044654,-6.663580750472066,17262.445078715646,0.0,0.19676087423338548,2.0472243320962105,2260733.6602814426,594.7464688871885
249500.0,4587432.590747341,381037.22425548494,4587594.280050453,-427.81955491183345,1604.320009583267,-428.0711576181859,-6.663440271148694,-0.5536088994850058,-6.663675112072419,17262.445078715646,0.0,0.19676087423338548,2.0472243320962105,2260733.6602814426,594.7464688871885
249600.0,4587389.775474491,381197.65348798723,4587551.439616158,-428.4859036661018,1604.2646363474635,-428.73752985498925,-6.663534844281805,-0.5538558221159643,-6.663769654057113,17262.445078715646,0.0,0.19676087423338548,2.0472243320962105,2260733.6602814426,594.7464688871885
249700.0,4587346.893566292,381358.0771819313,4587508.532544166,-429.1522618867021,1604.2092384177356,-429.4039115550098,-6.663629597784941,-0.554102777986602,-6.663864376415558,17262.445078715646,0.0,0.19676087423338548,2.0472243320962105,2260733.6602814426,594.7464688871885
249800.0,4587303.945021797,381518.49533484754,4587465.55883353,-429.81862959167074,1604.153815790755,-430.0703027362845,-6.6637245316472855,-0.5543497671867996,-6.663959279136921,17262.445078715646,0.0,0.19676087423338548,2.0472243320962105,2260733.6602814426,594.7464688871885
249900.0,4587260.929840057,381678.9079442661,4587422.518483302,-430.48500679904316,1604.0983684631842,-430.73670341684897,-6.663819645857775,-0.5545967898070632,-6.664054362210125,17262.445078715646,0.0,0.19676087423338548,2.0472243320962105,2260733.6602814426,594.7464688871885
250000.0,4587217.8480201205,381839.3150077167,4587379.411492529,-431.15139352685355,1604.0428964316766,-431.4031136147379,-6.663914940405101,-0.5548438459385315,-6.66414962562385,17262.445078715646,0.0,0.19676087423338548,2.0472243320962105,2260733.6602814426,594.7464688871885
250100.0,4587174.699561034,381999.71652272885,4587336.2378602605,-431.81778979313503,1603.9873996928764,-432.0695333479847,-6.664010415277697,-0.5550909356729818,-6.664245069366514,17262.445078715646,0.0,0.19676087423338548,2.0472243320962105,2260733.6602814426,594.7464688871885
250200.0,4587131.484461844,382160.1124868316,4587292.997585541,-432.48419561591953,1603.9318782434189,-432.7359626346217,-6.664106070463748,-0.5553380591028378,-6.664340693426287,17262.445078715646,0.0,0.19676087423338548,2.0472243320962105,2260733.6602814426,594.7464688871885
250300.0,4587088.202721592,382320.5028975537,4587249.690667414,-433.15061101323784,1603.8763320799296,-433.4024014926801,-6.664201905951185,-0.5555852163211765,-6.664436497791089,17262.445078715646,0.0,0.19676087423338548,2.0472243320962105,2260733.6602814426,594.7464688871885
250400.0,4587044.854339321,382480.88775242364,4587206.317104923,-433.8170360031194,1603.8207611990251,-434.0688499401897,-6.664297921727661,-0.5558324074217328,-6.664532482448559,17262.445078715646,0.0,0.19676087423338548,2.0472243320962105,2260733.6602814426,594.7464688871885
250500.0,4587001.439314071,382641.26704896946,4587162.876897106,-434.4834706035926,1603.7651655973127,-434.73530799517914,-6.664394117780585,-0.5560796324989106,-6.664628647386089,17262.445078715646,0.0,0.19676087423338548,2.0472243320962105,2260733.6602814426,594.7464688871885
250600.0,4586957.95764488,382801.64078471897,4587119.370043003,-435.1499148326843,1603.7095452713897,-435.4017756756758,-6.664490494097085,-0.5563268916477871,-6.664724992590793,17262.445078715646,0.0,0.19676087423338548,2.0472243320962105,2260733.6602814426,594.7464688871885
250700.0,4586914.409330783,382962.0089571995,4587075.79654165,-435.8163687084203,1603.6539002178442,-436.06825299970575,-6.664587050664014,-0.5565741849641206,-6.6648215180495125,17262.445078715646,0.0,0.19676087423338548,2.0472243320962105,2260733.6602814426,594.7464688871885
250800.0,4586870.794370816,383122.37156393816,4587032.156392082,-436.482832248825,1603.5982304332547,-436.73473998529374,-6.664683787467966,-0.5568215125443586,-6.664918223748823,17262.445078715646,0.0,0.19676087423338548,2.0472243320962105,2260733.6602814426,594.7464688871885
250900.0,4586827.112764011,383282.7286024617,4586988.449593331,-437.14930547192137,1603.54253591419,-437.4012366504631,-6.664780704495253,-0.557068874485645,-6.665015109675025,17262.445078715646,0.0,0.19676087423338548,2.0472243320962105,2260733.6602814426,594.7464688871885
251000.0,4586783.364509399,383443.0800702964,4586944.676144429,-437.81578839573103,1603.486816657209,-438.0677430132358,-6.664877801731894,-0.5573162708858267,-6.665112175814119,17262.445078715646,0.0,0.19676087423338548,2.0472243320962105,2260733.6602814426,594.7464688871885
251100.0,4586739.549606008,383603.4259649684,4586900.836044405,-438.48228103827427,1603.4310726588608,-438.7342590916325,-6.664975079163624,-0.5575637018434616,-6.6652094221518325,17262.445078715646,0.0,0.19676087423338548,2.0472243320962105,2260733.6602814426,594.7464688871885
251200.0,4586695.668052867,383763.76628400333,4586856.929292286,-439.1487834175698,1603.375303915685,-439.40078490367233,-6.665072536775907,-0.5578111674578276,-6.665306848673605,17262.445078715646,0.0,0.19676087423338548,2.0472243320962105,2260733.6602814426,594.7464688871885
251300.0,4586651.719849,383924.1010249266,4586812.955887099,-439.81529555163496,1603.3195104242106,-440.0673204673729,-6.66517017455389,-0.5580586678289283,-6.665404455364575,17262.445078715646,0.0,0.19676087423338548,2.0472243320962105,2260733.6602814426,594.7464688871885
251400.0,4586607.7049934305,384084.4301852631,4586768.915827867,-440.4818174584856,1603.2636921809572,-440.7338658007504,-6.66526799248244,-0.5583062030575024,-6.665502242209592,17262.445078715646,0.0,0.19676087423338548,2.0472243320962105,2260733.6602814426,594.7464688871885
251500.0,4586563.6234851815,384244.75376253756,4586724.809113612,-441.14834915613596,1603.2078491824338,-441.40042092181943,-6.665365990546119,-0.558553773245031,-6.665600209193203,17262.445078715646,0.0,0.19676087423338548,2.0472243320962105,2260733.6602814426,594.7464688871885
251600.0,4586519.475323272,384405.07175427425,4586680.635743355,-441.8148906625988,1603.1519814251394,-442.0669858485931,-6.665464168729187,-0.5588013784937456,-6.665698356299652,17262.445078715646,0.0,0.19676087423338548,2.0472243320962105,2260733.6602814426,594.7464688871885
251700.0,4586475.260506721,384565.38415799715,4586636.395716115,-442.4814419958853,1603.096088905563,-442.7335605990829,-6.665562527015593,-0.5590490189066367,-6.665796683512873,17262.445078715646,0.0,0.19676087423338548,2.0472243320962105,2260733.6602814426,594.7464688871885
251800.0,4586430.979034545,384725.6909712298,4586592.0890309075,-443.1480031740049,1603.0401716201825,-443.4001451912987,-6.665661065388973,-0.5592966945874612,-6.665895190816485,17262.445078715646,0.0,0.19676087423338548,2.0472243320962105,2260733.6602814426,594.7464688871885
251900.0,4586386.630905758,384885.9921914955,4586547.715686748,-443.81457421496543,1602.9842295654662,-444.06673964324864,-6.665759783832652,-0.5595444056407518,-6.665993878193799,17262.445078715646,0.0,0.19676087423338548,2.0472243320962105,2260733.6602814426,594.7464688871885
252000.0,4586342.216119372,385046.2878163171,4586503.27568265,-444.48115513677317,1602.9282627378716,-444.73334397293934,-6.665858682329636,-0.5597921521718254,-6.666092745627805,17262.445078715646,0.0,0.19676087423338548,2.0472243320962105,2260733.6602814426,594.7464688871885
252100.0,4586297.7346744,385206.5778432172,4586458.769017624,-445.14774595743256,1602.8722711338457,-445.39995819837554,-6.665957760862597,-0.5600399342867892,-6.666191793101157,17262.445078715646,0.0,0.19676087423338548,2.0472243320962105,2260733.6602814426,594.7464688871885
252200.0,4586253.18656985,385366.86226971785,4586414.195690679,-445.8143466949463,1602.8162547498246,-446.0665823375603,-6.6660570194138975,-0.5602877520925538,-6.666291020596203,17262.445078715646,0.0,0.19676087423338548,2.0472243320962105,2260733.6602814426,594.7464688871885
252300.0,4586208.571804729,385527.141093341,4586369.555700825,-446.48095736731534,1602.760213582234,-446.7332164084949,-6.666156457965548,-0.5605356056968369,-6.666390428094935,17262.445078715646,0.0,0.19676087423338548,2.0472243320962105,2260733.6602814426,594.7464688871885
252400.0,4586163.890378044,385687.41431160807,4586324.849047066,-447.1475779925388,1602.7041476274885,-447.39986042917883,-6.666256076499234,-0.5607834952081763,-6.666490015579026,17262.445078715646,0.0,0.19676087423338548,2.0472243320962105,2260733.6602814426,594.7464688871885
252500.0,4586119.1422887985,385847.6819220401,4586280.075728406,-447.81420858861395,1602.6480568819918,-448.06651441760965,-6.666355874996302,-0.5610314207359363,-6.666589783029799,17262.445078715646,0.0,0.19676087423338548,2.0472243320962105,2260733.6602814426,594.7464688871885
252600.0,4586074.327535993,386007.943922158,4586235.235743849,-448.48084917353617,1602.591941342137,-448.7331783917831,-6.666455853437754,-0.561279382390319,-6.666689730428247,17262.445078715646,0.0,0.19676087423338548,2.0472243320962105,2260733.6602814426,594.7464688871885
252700.0,4586029.44611863,386168.200309482,4586190.329092394,-449.14749976529896,1602.5358010043058,-449.39985236969295,-6.6665560118042295,-0.5615273802823698,-6.666789857754988,17262.445078715646,0.0,0.19676087423338548,2.0472243320962105,2260733.6602814426,594.7464688871885
252800.0,4585984.498035706,386328.45108153217,4586145.35577304,-449.8141603818938,1602.479635864869,-450.06653636933106,-6.666656350076033,-0.5617754145239902,-6.666890164990309,17262.445078715646,0.0,0.19676087423338548,2.0472243320962105,2260733.6602814426,594.7464688871885
252900.0,4585939.483286219,386488.69623582816,4586100.315784785,-450.48083104131035,1602.4234459201857,-450.7332304086873,-6.666756868233097,-0.5620234852279452,-6.6669906521141264,17262.445078715646,0.0,0.19676087423338548,2.0472243320962105,2260733.6602814426,594.7464688871885
253000.0,4585894.401869163,386648.93576988927,4586055.209126623,-451.14751176153595,1602.3672311666041,-451.39993450574946,-6.666857566254999,-0.5622715925078743,-6.667091319106002,17262.445078715646,0.0,0.19676087423338548,2.0472243320962105,2260733.6602814426,594.7464688871885
253100.0,4585849.253783531,386809.1696812344,4586010.0357975485,-451.8142025605561,1602.310991600461,-452.0666486785034,-6.666958444120949,-0.5625197364782996,-6.667192165945129,17262.445078715646,0.0,0.19676087423338548,2.0472243320962105,2260733.6602814426,594.7464688871885
253200.0,4585804.039028314,386969.39796738216,4585964.795796552,-452.4809034563542,1602.2547272180816,-452.7333729449327,-6.6670595018097805,-0.5627679172546356,-6.66729319261032,17262.445078715646,0.0,0.19676087423338548,2.0472243320962105,2260733.6602814426,594.7464688871885
253300.0,4585758.757602503,387129.6206258507,4585919.489122623,-453.1476144669114,1602.1984380157794,-453.4001073230189,-6.667160739299962,-0.5630161349532005,-6.667394399080025,17262.445078715646,0.0,0.19676087423338548,2.0472243320962105,2260733.6602814426,594.7464688871885
253400.0,4585713.409505083,387289.83765415783,4585874.11577475,-453.81433561020685,1602.1421239898564,-454.0668518307414,-6.667262156569559,-0.5632643896912235,-6.667495785332295,17262.445078715646,0.0,0.19676087423338548,2.0472243320962105,2260733.6602814426,594.7464688871885
253500.0,4585667.994735043,387450.04904982104,4585828.675751919,-454.48106690421724,1602.0857851366027,-454.73360648607735,-6.6673637535962795,-0.5635126815868587,-6.667597351344819,17262.445078715646,0.0,0.19676087423338548,2.0472243320962105,2260733.6602814426,594.7464688871885
253600.0,4585622.513291364,387610.2548103574,4585783.169053114,-455.1478083669172,1602.0294214522964,-455.4003713070016,-6.667465530357422,-0.5637610107591912,-6.667699097094875,17262.445078715646,0.0,0.19676087423338548,2.0472243320962105,2260733.6602814426,594.7464688871885
253700.0,4585576.965173029,387770.4549332837,4585737.595677318,-455.8145600162791,1601.9730329332042,-456.0671463114868,-6.667567486829887,-0.5640093773282491,-6.667801022559347,17262.445078715646,0.0,0.19676087423338548,2.0472243320962105,2260733.6602814426,594.7464688871885
253800.0,4585531.35037902,387930.6494161161,4585691.955623511,-456.4813218702728,1601.9166195755802,-456.73393151750315,-6.667669622990186,-0.5642577814150147,-6.6679031277147285,17262.445078715646,0.0,0.19676087423338548,2.0472243320962105,2260733.6602814426,594.7464688871885
253900.0,4585485.668908315,388090.83825637074,4585646.248890674,-457.1480939468659,1601.8601813756666,-457.40072694301864,-6.66777193881442,-0.5645062231414343,-6.6680054125371,17262.445078715646,0.0,0.19676087423338548,2.0472243320962105,2260733.6602814426,594.7464688871885
254000.0,4585439.920759889,388251.02145156305,4585600.475477782,-457.81487626402367,1601.803718329693,-458.0675326059987,-6.667874434278276,-0.5647547026304279,-6.668107877002132,17262.445078715646,0.0,0.19676087423338548,2.0472243320962105,2260733.6602814426,594.7464688871885
254100.0,4585394.10593272,388411.19899920834,4585554.635383811,-458.48166883970873,1601.7472304338776,-458.7343485244063,-6.667977109357031,-0.5650032200059018,-6.668210521085079,17262.445078715646,0.0,0.19676087423338548,2.0472243320962105,2260733.6602814426,594.7464688871885
254200.0,4585348.224425779,388571.3708968214,4585508.728607735,-459.1484716918814,1601.690717684425,-459.4011747162021,-6.668079964025533,-0.5652517753927582,-6.668313344760774,17262.445078715646,0.0,0.19676087423338548,2.0472243320962105,2260733.6602814426,594.7464688871885
254300.0,4585302.276238038,388731.53714191663,4585462.755148524,-459.81528483849934,1601.6341800775278,-460.068011199344,-6.668182998258208,-0.5655003689169059,-6.668416348003621,17262.445078715646,0.0,0.19676087423338548,2.0472243320962105,2260733.6602814426,594.7464688871885
254400.0,4585256.2613684675,388891.6977320082,4585416.715005151,-460.48210829751764,1601.5776176093661,-460.7348579917875,-6.668286212029051,-0.5657490007052733,-6.668519530787595,17262.445078715646,0.0,0.19676087423338548,2.0472243320962105,2260733.6602814426,594.7464688871885
254500.0,4585210.179816035,389051.8526646097,4585370.608176582,-461.14894208688884,1601.521030276107,-461.4017151114854,-6.668389605311622,-0.565997670885818,-6.668622893086234,17262.445078715646,0.0,0.19676087423338548,2.0472243320962105,2260733.6602814426,594.7464688871885
254600.0,4585164.031579705,389212.0019372344,4585324.434661783,-461.81578622456277,1601.4644180739049,-462.0685825763877,-6.668493178079027,-0.5662463795875385,-6.6687264348726325,17262.445078715646,0.0,0.19676087423338548,2.0472243320962105,2260733.6602814426,594.7464688871885
254700.0,4585117.816658444,389372.14554739534,4585278.1944597205,-462.48264072848656,1601.4077809989012,-462.73546040444194,-6.668596930303931,-0.566495126940486,-6.668830156119429,17262.445078715646,0.0,0.19676087423338548,2.0472243320962105,2260733.6602814426,594.7464688871885
254800.0,4585071.535051214,389532.28349260497,4585231.887569356,-463.14950561660453,1601.351119047224,-463.4023486135927,-6.668700861958549,-0.5667439130757765,-6.66893405679882,17262.445078715646,0.0,0.19676087423338548,2.0472243320962105,2260733.6602814426,594.7464688871885
254900.0,4585025.186756974,389692.41577037546,4585185.513989651,-463.8163809068583,1601.2944322149888,-464.0692472217819,-6.668804973014627,-0.5669927381256016,-6.66903813688253,17262.445078715646,0.0,0.19676087423338548,2.0472243320962105,2260733.6602814426,594.7464688871885
255000.0,4584978.771774685,389852.5423782185,4585139.073719564,-464.48326661718653,1601.2377204982972,-464.73615624694844,-6.668909263443454,-0.5672416022232417,-6.669142396341827,17262.445078715646,0.0,0.19676087423338548,2.0472243320962105,2260733.6602814426,594.7464688871885
255100.0,4584932.290103303,390012.6633136455,4585092.566758053,-465.15016276552507,1601.180983893238,-465.40307570702845,-6.669013733215838,-0.5674905055030768,-6.669246835147499,17262.445078715646,0.0,0.19676087423338548,2.0472243320962105,2260733.6602814426,594.7464688871885
255200.0,4584885.741741784,390172.7785741674,4585045.993104074,-465.8170693698068,1601.124222395886,-466.0700056199551,-6.6691183823021145,-0.5677394481005997,-6.6693514532698615,17262.445078715646,0.0,0.19676087423338548,2.0472243320962105,2260733.6602814426,594.7464688871885
255300.0,4584839.12668908,390332.8881572948,4584999.35275658,-466.4839864479616,1601.0674360023027,-466.7369460036586,-6.669223210672141,-0.5679884301524291,-6.669456250678751,17262.445078715646,0.0,0.19676087423338548,2.0472243320962105,2260733.6602814426,594.7464688871885
255400.0,4584792.444944144,390492.99206053786,4584952.645714524,-467.15091401791636,1601.0106247085357,-467.403896876066,-6.66932821829528,-0.5682374517963199,-6.669561227343508,17262.445078715646,0.0,0.19676087423338548,2.0472243320962105,2260733.6602814426,594.7464688871885
255500.0,4584745.696505927,390653.09028140636,4584905.871976855,-467.81785209759477,1600.953788510619,-468.0708582551014,-6.669433405140387,-0.5684865131711769,-6.6696663832329675,17262.445078715646,0.0,0.19676087423338548,2.0472243320962105,2260733.6602814426,594.7464688871885
255600.0,4584698.881373374,390813.1828174097,4584859.031542522,-468.48480070491746,1600.8969274045724,-468.7378301586857,-6.66953877117584,-0.5687356144170699,-6.669771718315484,17262.445078715646,0.0,0.19676087423338548,2.0472243320962105,2260733.6602814426,594.7464688871885
255700.0,4584651.999545434,390973.26966605685,4584812.124410472,-469.1517598578019,1600.8400413864017,-469.40481260473655,-6.669644316369487,-0.5689847556752424,-6.669877232558884,17262.445078715646,0.0,0.19676087423338548,2.0472243320962105,2260733.6602814426,594.7464688871885
255800.0,4584605.05102105,391133.35082485643,4584765.150579649,-469.8187295741622,1600.7831304520987,-470.07180561116843,-6.669750040688675,-0.569233937088129,-6.669982925930492,17262.445078715646,0.0,0.19676087423338548,2.0472243320962105,2260733.6602814426,594.7464688871885
255900.0,4584558.035799165,391293.42629131663,4584718.110048997,-470.48570987190936,1600.7261945976406,-470.7388091958925,-6.669855944100216,-0.5694831587993656,-6.670088798397101,17262.445078715646,0.0,0.19676087423338548,2.0472243320962105,2260733.6602814426,594.7464688871885
256000.0,4584510.953878721,391453.49606294517,4584671.002817457,-471.15270076895087,1600.6692338189905,-471.40582337681656,-6.669962026570414,-0.5697324209538049,-6.670194849924988,17262.445078715646,0.0,0.19676087423338548,2.0472243320962105,2260733.6602814426,594.7464688871885
256100.0,4584463.805258657,391613.5601372495,4584623.828883967,-471.8197022831909,1600.6122481120967,-472.07284817184507,-6.670068288065014,-0.5699817236975282,-6.670301080479879,17262.445078715646,0.0,0.19676087423338548,2.0472243320962105,2260733.6602814426,594.7464688871885
256200.0,4584416.5899379095,391773.6185117365,4584576.588247468,-472.48671443253016,1600.555237472893,-472.739883598879,-6.670174728549242,-0.5702310671778612,-6.670407490026973,17262.445078715646,0.0,0.19676087423338548,2.0472243320962105,2260733.6602814426,594.7464688871885
256300.0,4584369.307915415,391933.67118391284,4584529.280906893,-473.1537372348659,1600.4982018972983,-473.4069296758157,-6.670281347987759,-0.5704804515433867,-6.670514078530914,17262.445078715646,0.0,0.19676087423338548,2.0472243320962105,2260733.6602814426,594.7464688871885
256400.0,4584321.959190107,392093.7181512846,4584481.906861178,-473.8207707080917,1600.4411413812165,-474.0739864205492,-6.670388146344686,-0.5707298769439588,-6.670620845955791,17262.445078715646,0.0,0.19676087423338548,2.0472243320962105,2260733.6602814426,594.7464688871885
256500.0,4584274.543760917,392253.7594113576,4584434.4661092535,-474.48781487009757,1600.3840559205366,-474.7410538509697,-6.6704951235835725,-0.570979343530718,-6.670727792265137,17262.445078715646,0.0,0.19676087423338548,2.0472243320962105,2260733.6602814426,594.7464688871885
256600.0,4584227.061626776,392413.79496163706,4584386.958650051,-475.1548697387699,1600.3269455111324,-475.4081319849638,-6.670602279667396,-0.5712288514561042,-6.670834917421904,17262.445078715646,0.0,0.19676087423338548,2.0472243320962105,2260733.6602814426,594.7464688871885
256700.0,4584179.512786612,392573.824799628,4584339.384482499,-475.8219353319913,1600.2698101488622,-476.0752208404144,-6.670709614558571,-0.5714784008738735,-6.670942221388484,17262.445078715646,0.0,0.19676087423338548,2.0472243320962105,2260733.6602814426,594.7464688871885
256800.0,4584131.897239352,392733.8489228349,4584291.743605525,-476.4890116676406,1600.2126498295693,-476.74232043520055,-6.670817128218912,-0.5717279919391102,-6.6710497041266645,17262.445078715646,0.0,0.19676087423338548,2.0472243320962105,2260733.6602814426,594.7464688871885
256900.0,4584084.21498392,392893.86732876184,4584244.036018054,-477.1560987635928,1600.155464549081,-477.4094307871975,-6.670924820609659,-0.5719776248082449,-6.6711573655976615,17262.445078715646,0.0,0.19676087423338548,2.0472243320962105,2260733.6602814426,594.7464688871885
257000.0,4584036.466019239,393053.8800149125,4584196.261719009,-477.8231966377189,1600.098254303209,-478.07655191427654,-6.671032691691444,-0.572227299639067,-6.671265205762085,17262.445078715646,0.0,0.19676087423338548,2.0472243320962105,2260733.6602814426,594.7464688871885
257100.0,4583988.650344232,393213.88697879016,4584148.4207073115,-478.4903053078861,1600.0410190877492,-478.74368383430505,-6.671140741424294,-0.5724770165907421,-6.671373224579932,17262.445078715646,0.0,0.19676087423338548,2.0472243320962105,2260733.6602814426,594.7464688871885
257200.0,4583940.767957817,393373.8882178976,4584100.512981881,-479.15742479195745,1599.9837588984815,-479.4108265651463,-6.671248969767626,-0.5727267758238263,-6.671481422010601,17262.445078715646,0.0,0.19676087423338548,2.0472243320962105,2260733.6602814426,594.7464688871885
257300.0,4583892.818858912,393533.88372973725,4584052.538541637,-479.8245551077919,1599.9264737311696,-480.0779801246595,-6.671357376680232,-0.5729765775002815,-6.671589798012852,17262.445078715646,0.0,0.19676087423338548,2.0472243320962105,2260733.6602814426,594.7464688871885
257400.0,4583844.803046433,393693.8735118111,4584004.497385495,-480.4916962732444,1599.8691635815612,-480.7451445306998,-6.671465962120275,-0.5732264217834937,-6.67169835254483,17262.445078715646,0.0,0.19676087423338548,2.0472243320962105,2260733.6602814426,594.7464688871885
257500.0,4583796.720519295,393853.85756162065,4583956.389512369,-481.15884830616545,1599.8118284453872,-481.41231980111803,-6.67157472604529,-0.5734763088382866,-6.671807085564035,17262.445078715646,0.0,0.19676087423338548,2.0472243320962105,2260733.6602814426,594.7464688871885
257600.0,4583748.57127641,394013.8358766671,4583908.214921173,-481.8260112244015,1599.7544683183621,-482.07950595376076,-6.671683668412154,-0.5737262388309387,-6.671915997027328,17262.445078715646,0.0,0.19676087423338548,2.0472243320962105,2260733.6602814426,594.7464688871885
257700.0,4583700.355316687,394173.80845445115,4583859.973610816,-482.4931850457945,1599.697083196184,-482.74670300647017,-6.671792789177098,-0.5739762119292006,-6.672025086890904,17262.445078715646,0.0,0.19676087423338548,2.0472243320962105,2260733.6602814426,594.7464688871885
257800.0,4583652.072639037,394333.77529247303,4583811.6655802075,-483.16036978818204,1599.6396730745337,-483.41391097708413,-6.671902088295688,-0.5742262283023104,-6.672134355110312,17262.445078715646,0.0,0.19676087423338548,2.0472243320962105,2260733.6602814426,594.7464688871885
257900.0,4583603.723242365,394493.7363882326,4583763.290828256,-483.82756546939726,1599.5822379490753,-484.08112988343595,-6.67201156572283,-0.5744762881210123,-6.672243801640424,17262.445078715646,0.0,0.19676087423338548,2.0472243320962105,2260733.6602814426,594.7464688871885
258000.0,4583555.307125578,394653.69173922925,4583714.849353866,-484.4947721072687,1599.5247778154555,-484.7483597433544,-6.672121221412741,-0.5747263915575718,-6.672353426435431,17262.445078715646,0.0,0.19676087423338548,2.0472243320962105,2260733.6602814426,594.7464688871885
258100.0,4583506.8242875775,394813.6413429619,4583666.341155942,-485.16198971962035,1599.467292669304,-485.41560057466364,-6.672231055318956,-0.5749765387857938,-6.6724632294488435,17262.445078715646,0.0,0.19676087423338548,2.0472243320962105,2260733.6602814426,594.7464688871885
258200.0,4583458.274727267,394973.58519692917,4583617.766233385,-485.8292183242715,1599.409782506233,-486.0828523951832,-6.672341067394312,-0.5752267299810413,-6.672573210633471,17262.445078715646,0.0,0.19676087423338548,2.0472243320962105,2260733.6602814426,594.7464688871885
258300.0,4583409.658443546,395133.5232986291,4583569.124585096,-486.4964579390366,1599.3522473218363,-486.75011522272774,-6.672451257590946,-0.5754769653202513,-6.67268336994142,17262.445078715646,0.0,0.19676087423338548,2.0472243320962105,2260733.6602814426,594.7464688871885
258400.0,4583360.975435312,395293.45564555936,4583520.416209972,-487.1637085817254,1599.2946871116912,-487.4173890751073,-6.672561625860279,-0.5757272449819539,-6.672793707324085,17262.445078715646,0.0,0.19676087423338548,2.0472243320962105,2260733.6602814426,594.7464688871885
258500.0,4583312.225701462,395453.3822352171,4583471.641106912,-487.83097027014276,1599.2371018713563,-488.08467397012674,-6.672672172153011,-0.5759775691462901,-6.6729042227321385,17262.445078715646,0.0,0.19676087423338548,2.0472243320962105,2260733.6602814426,594.7464688871885
258600.0,4583263.409240889,395613.3030650991,4583422.79927481,-488.49824302208845,1599.1794915963724,-488.7519699255862,-6.672782896419111,-0.5762279379950299,-6.67301491611552,17262.445078715646,0.0,0.19676087423338548,2.0472243320962105,2260733.6602814426,594.7464688871885
258700.0,4583214.526052488,395773.2181327017,4583373.890712557,-489.1655268553573,1599.1218562822617,-489.41927695928064,-6.67289379860781,-0.5764783517115923,-6.673125787423431,17262.445078715646,0.0,0.19676087423338548,2.0472243320962105,2260733.6602814426,594.7464688871885
258800.0,4583165.576135148,395933.12743552076,4583324.915419048,-489.832821787739,1599.0641959245283,-490.08659508899996,-6.673004878667584,-0.5767288104810622,-6.6732368366043175,17262.445078715646,0.0,0.19676087423338548,2.0472243320962105,2260733.6602814426,594.7464688871885
258900.0,4583116.55948776,396093.03097105166,4583275.87339317,-490.5001278370181,1599.0065105186575,-490.75392433252887,-6.673116136546148,-0.57697931449021,-6.673348063605871,17262.445078715646,0.0,0.19676087423338548,2.0472243320962105,2260733.6602814426,594.7464688871885
259000.0,4583067.47610921,396252.9287367894,4583226.76463381,-491.1674450209738,1598.948800060116,-491.42126470764674,-6.673227572190461,-0.5772298639275134,-6.673459468375013,17262.445078715646,0.0,0.19676087423338548,2.0472243320962105,2260733.6602814426,594.7464688871885
259100.0,4583018.3259983845,396412.82073022844,4583177.589139856,-491.83477335737996,1598.8910645443514,-492.08861623212766,-6.673339185546692,-0.5774804589831726,-6.673571050857887,17262.445078715646,0.0,0.19676087423338548,2.0472243320962105,2260733.6602814426,594.7464688871885
259200.0,4582969.109154167,396572.7069488629,4583128.346910192,-492.5021128640051,1598.8333039667923,-492.7559789237403,-6.673450976560226,-0.5777310998491338,-6.673682810999846,17262.445078715646,0.0,0.19676087423338548,2.0472243320962105,2260733.6602814426,594.7464688871885
259300.0,4582919.825575439,396732.58739018627,4583079.0379436985,-493.1694635586121,1598.775518322848,-493.42335280024776,-6.673562945175649,-0.5779817867191073,-6.673794748745445,17262.445078715646,0.0,0.19676087423338548,2.0472243320962105,2260733.6602814426,594.7464688871885
259400.0,4582870.475261082,396892.4620516917,4583029.662239258,-493.8368254589584,1598.7177076079086,-494.09073787940764,-6.673675091336732,-0.5782325197885878,-6.673906864038429,17262.445078715646,0.0,0.19676087423338548,2.0472243320962105,2260733.6602814426,594.7464688871885
259500.0,4582821.058209973,397052.33093087195,4582980.219795749,-494.5041985827957,1598.6598718173439,-494.75813417897183,-6.673787414986447,-0.5784832992548771,-6.674019156821731,17262.445078715646,0.0,0.19676087423338548,2.0472243320962105,2260733.6602814426,594.7464688871885
259600.0,4582771.57442099,397212.1940252192,4582930.710612047,-495.17158294787004,1598.6020109465044,-495.42554171668644,-6.673899916066911,-0.5787341253171008,-6.6741316270374424,17262.445078715646,0.0,0.19676087423338548,2.0472243320962105,2260733.6602814426,594.7464688871885
259700.0,4582722.023893008,397372.0513322251,4582881.13468703,-495.8389785719215,1598.5441249907205,-496.0929605102918,-6.6740125945194215,-0.578984998176234,-6.674244274626827,17262.445078715646,0.0,0.19676087423338548,2.0472243320962105,2260733.6602814426,594.7464688871885
259800.0,4582672.4066249,397531.902849381,4582831.4920195695,-496.5063854726843,1598.4862139453026,-496.7603905775223,-6.674125450284412,-0.579235918035118,-6.674357099530288,17262.445078715646,0.0,0.19676087423338548,2.0472243320962105,2260733.6602814426,594.7464688871885
259900.0,4582622.722615537,397691.7485741777,4582781.782608538,-497.1738036678868,1598.4282778055401,-497.4278319361063,-6.674238483301467,-0.5794868850984866,-6.674470101687375,17262.445078715646,0.0,0.19676087423338548,2.0472243320962105,2260733.6602814426,594.7464688871885
260000.0,4582572.9718637895,397851.58850410546,4582732.006452805,-497.841233175251,1598.3703165667025,-498.0952846037662,-6.674351693509292,-0.5797378995729834,-6.674583281036762,17262.445078715646,0.0,0.19676087423338548,2.0472243320962105,2260733.6602814426,594.7464688871885
260100.0,4582523.154368524,398011.4226366542,4582682.163551239,-498.5086740124929,1598.3123302240383,-498.762748598218,-6.674465080845714,-0.5799889616671873,-6.674696637516242,17262.445078715646,0.0,0.19676087423338548,2.0472243320962105,2260733.6602814426,594.7464688871885
260200.0,4582473.270128609,398171.2509693133,4582632.253902707,-499.17612619732233,1598.254318772775,-499.43022393717166,-6.674578645247662,-0.5802400715916327,-6.674810171062711,17262.445078715646,0.0,0.19676087423338548,2.0472243320962105,2260733.6602814426,594.7464688871885
260300.0,4582423.319142906,398331.07349957165,4582582.277506073,-499.84358974744254,1598.1962822081186,-500.0977106383306,-6.674692386651164,-0.5804912295588335,-6.674923881612164,17262.445078715646,0.0,0.19676087423338548,2.0472243320962105,2260733.6602814426,594.7464688871885
260400.0,4582373.301410279,398490.8902249177,4582532.2343602,-500.5110646805505,1598.1382205252546,-500.765208719392,-6.674806304991317,-0.580742435783304,-6.675037769099666,17262.445078715646,0.0,0.19676087423338548,2.0472243320962105,2260733.6602814426,594.7464688871885
260500.0,4582323.216929589,398650.7011428393,4582482.124463949,-501.1785510143365,1598.0801337193461,-501.43271819804625,-6.674920400202316,-0.5809936904815859,-6.675151833459374,17262.445078715646,0.0,0.19676087423338548,2.0472243320962105,2260733.6602814426,594.7464688871885
260600.0,4582273.065699696,398810.50625082396,4582431.94781618,-501.8460487664844,1598.0220217855351,-502.10023909197736,-6.67503467221739,-0.581244993872267,-6.675266074624482,17262.445078715646,0.0,0.19676087423338548,2.0472243320962105,2260733.6602814426,594.7464688871885
260700.0,4582222.847719455,398970.30554635864,4582381.70441575,-502.51355795467117,1597.9638847189412,-502.7677714188624,-6.675149120968831,-0.5814963461760084,-6.67538049252725,17262.445078715646,0.0,0.19676087423338548,2.0472243320962105,2260733.6602814426,594.7464688871885
260800.0,4582172.562987723,399130.0990269298,4582331.394261515,-503.1810785965671,1597.905722514662,-503.4353151963718,-6.675263746387961,-0.5817477476155679,-6.675495087098964,17262.445078715646,0.0,0.19676087423338548,2.0472243320962105,2260733.6602814426,594.7464688871885
260900.0,4582122.211503354,399289.8866900235,4582281.017352329,-503.8486107098354,1597.8475351677728,-504.10287044216886,-6.675378548405123,-0.5819991984158228,-6.67560985826993,17262.445078715646,0.0,0.19676087423338548,2.0472243320962105,2260733.6602814426,594.7464688871885
261000.0,4582071.793265198,399449.66853312514,4582230.573687044,-504.51615431213236,1597.789322673326,-504.77043717391007,-6.675493526949684,-0.5822506988037968,-6.675724805969479,17262.445078715646,0.0,0.19676087423338548,2.0472243320962105,2260733.6602814426,594.7464688871885
261100.0,4582021.3082721075,399609.4445537197,4582180.063264511,-505.18370942110715,1597.7310850263516,-505.43801540924466,-6.675608681949994,-0.582502249008683,-6.675839930125928,17262.445078715646,0.0,0.19676087423338548,2.0472243320962105,2260733.6602814426,594.7464688871885
261200.0,4581970.75652293,399769.2147492918,4582129.486083578,-505.85127605440175,1597.672822221856,-506.1056051658147,-6.675724013333394,-0.5827538492618699,-6.675955230666573,17262.445078715646,0.0,0.19676087423338548,2.0472243320962105,2260733.6602814426,594.7464688871885
261300.0,4581920.138016513,399928.97911732533,4582078.842143093,-506.5188542296508,1597.614534254823,-506.773206461255,-6.675839521026203,-0.5830054997969681,-6.676070707517707,17262.445078715646,0.0,0.19676087423338548,2.0472243320962105,2260733.6602814426,594.7464688871885
261400.0,4581869.452751699,400088.73765530385,4582028.1314419005,-507.1864439644815,1597.5562211202125,-507.4408193131928,-6.675955204953692,-0.583257200849834,-6.676186360604553,17262.445078715646,0.0,0.19676087423338548,2.0472243320962105,2260733.6602814426,594.7464688871885
261500.0,4581818.700727333,400248.4903607103,4581977.353978844,-507.8540452765135,1597.497882812961,-508.1084437392479,-6.676071065040084,-0.5835089526585976,-6.676302189851302,17262.445078715646,0.0,0.19676087423338548,2.0472243320962105,2260733.6602814426,594.7464688871885
261600.0,4581767.881942257,400408.23723102716,4581926.509752766,-508.5216581833589,1597.4395193279809,-508.77607975703245,-6.67618710120853,-0.583760755463688,-6.676418195181064,17262.445078715646,0.0,0.19676087423338548,2.0472243320962105,2260733.6602814426,594.7464688871885
261700.0,4581716.996395309,400567.97826373647,4581875.598762506,-509.189282702622,1597.3811306601604,-509.4437273841509,-6.67630331338111,-0.5840126095078624,-6.676534376515883,17262.445078715646,0.0,0.19676087423338548,2.0472243320962105,2260733.6602814426,594.7464688871885
261800.0,4581666.0440853285,400727.71345631965,4581824.621006901,-509.85691885189925,1597.3227168043632,-510.1113866381998,-6.6764197014788005,-0.5842645150362302,-6.676650733776695,17262.445078715646,0.0,0.19676087423338548,2.0472243320962105,2260733.6602814426,594.7464688871885
261900.0,4581615.02501115,400887.4428062576,4581773.57648479,-510.5245666487792,1597.2642777554286,-510.77905753676777,-6.676536265421468,-0.5845164722962822,-6.67676726688333,17262.445078715646,0.0,0.19676087423338548,2.0472243320962105,2260733.6602814426,594.7464688871885
262000.0,4581563.9391716095,401047.16631103074,4581722.465195006,-511.19222611084234,1597.205813508171,-511.4467400974353,-6.676653005127872,-0.5847684815379193,-6.676883975754499,17262.445078715646,0.0,0.19676087423338548,2.0472243320962105,2260733.6602814426,594.7464688871885
262100.0,4581512.7865655385,401206.88396811904,4581671.2871363815,-511.8598972556608,1597.1473240573798,-512.1144343377747,-6.676769920515622,-0.5850205430134794,-6.677000860307781,17262.445078715646,0.0,0.19676087423338548,2.0472243320962105,2260733.6602814426,594.7464688871885
262200.0,4581461.567191768,401366.5957750019,4581620.042307748,-512.5275801007987,1597.0888093978187,-512.7821402753501,-6.676887011501175,-0.5852726569777653,-6.677117920459587,17262.445078715646,0.0,0.19676087423338548,2.0472243320962105,2260733.6602814426,594.7464688871885
262300.0,4581410.281049128,401526.30172915815,4581568.730707936,-513.1952746638115,1597.030269524226,-513.4498579277171,-6.677004277999832,-0.5855248236880763,-6.677235156125176,17262.445078715646,0.0,0.19676087423338548,2.0472243320962105,2260733.6602814426,594.7464688871885
262400.0,4581358.928136445,401686.00182806613,4581517.352335772,-513.8629809622462,1596.9717044313143,-514.1175873124228,-6.677121719925709,-0.5857770434042352,-6.677352567218627,17262.445078715646,0.0,0.19676087423338548,2.0472243320962105,2260733.6602814426,594.7464688871885
262500.0,4581307.508452544,401845.6960692036,4581465.907190082,-514.5306990136412,1596.9131141137696,-514.7853284470056,-6.677239337191722,-0.5860293163886178,-6.677470153652809,17262.445078715646,0.0,0.19676087423338548,2.0472243320962105,2260733.6602814426,594.7464688871885
262600.0,4581256.021996249,402005.38445004786,4581414.39526969,-515.1984288355262,1596.854498566252,-515.453081348995,-6.677357129709586,-0.5862816429061852,-6.6775879153394,17262.445078715646,0.0,0.19676087423338548,2.0472243320962105,2260733.6602814426,594.7464688871885
262700.0,4581204.468766384,402165.06696807564,4581362.816573419,-515.8661704454219,1596.795857783395,-516.1208460359121,-6.677475097389778,-0.5865340232245115,-6.67770585218883,17262.445078715646,0.0,0.19676087423338548,2.0472243320962105,2260733.6602814426,594.7464688871885
262800.0,4581152.848761767,402324.7436207632,4581311.171100089,-516.5339238608399,1596.7371917598048,-516.7886225252685,-6.67759324014154,-0.5867864576138165,-6.6778239641103,17262.445078715646,0.0,0.19676087423338548,2.0472243320962105,2260733.6602814426,594.7464688871885
262900.0,4581101.161981218,402484.4144055861,4581259.45884852,-517.2016890992828,1596.6785004900607,-517.4564108345668,-6.677711557872858,-0.5870389463469962,-6.67794225101175,17262.445078715646,0.0,0.19676087423338548,2.0472243320962105,2260733.6602814426,594.7464688871885
263000.0,4581049.408423552,402644.07932001946,4581207.679817528,-517.869466178244,1596.6197839687147,-518.1242109813004,-6.677830050490436,-0.5872914896996541,-6.678060712799844,17262.445078715646,0.0,0.19676087423338548,2.0472243320962105,2260733.6602814426,594.7464688871885
263100.0,4580997.588087587,402803.7383615379,4581155.8340059295,-518.5372551152074,1596.561042190291,-518.7920229829532,-6.677948717899699,-0.5875440879501332,-6.678179349379957,17262.445078715646,0.0,0.19676087423338548,2.0472243320962105,2260733.6602814426,594.7464688871885
263200.0,4580945.700972133,402963.39152761543,4581103.921412537,-519.2050559276472,1596.5022751492854,-519.4598468569997,-6.678067560004748,-0.5877967413795487,-6.67829816065615,17262.445078715646,0.0,0.19676087423338548,2.0472243320962105,2260733.6602814426,594.7464688871885
263300.0,4580893.747076005,403123.0388157255,4581051.942036162,-519.8728686330282,1596.4434828401663,-520.1276826209045,-6.678186576708381,-0.5880494502718211,-6.67841714653117,17262.445078715646,0.0,0.19676087423338548,2.0472243320962105,2260733.6602814426,594.7464688871885
263400.0,4580841.72639801,403282.680223341,4580999.895875616,-520.5406932488055,1596.384665257373,-520.7955302921226,-6.6783057679120414,-0.5883022149137079,-6.67853630690642,17262.445078715646,0.0,0.19676087423338548,2.0472243320962105,2260733.6602814426,594.7464688871885
263500.0,4580789.638936957,403442.3157479343,4580947.782929706,-521.208529792424,1596.3258223953158,-521.4633898880992,-6.678425133515822,-0.5885550355948393,-6.678655641681942,17262.445078715646,0.0,0.19676087423338548,2.0472243320962105,2260733.6602814426,594.7464688871885
263600.0,4580737.484691653,403601.94538697717,4580895.60319724,-521.8763782813186,1596.2669542483764,-522.131261426269,-6.678544673418436,-0.5888079126077499,-6.678775150756404,17262.445078715646,0.0,0.19676087423338548,2.0472243320962105,2260733.6602814426,594.7464688871885
263700.0,4580685.263660902,403761.5691379409,4580843.356677023,-522.5442387329142,1596.2080608109068,-522.799144924057,-6.678664387517203,-0.5890608462479143,-6.67889483402708,17262.445078715646,0.0,0.19676087423338548,2.0472243320962105,2260733.6602814426,594.7464688871885
263800.0,4580632.975843507,403921.1869982961,4580791.043367856,-523.2121111646252,1596.1491420772293,-523.4670403988775,-6.67878427570804,-0.5893138368137829,-6.679014691389833,17262.445078715646,0.0,0.19676087423338548,2.0472243320962105,2260733.6602814426,594.7464688871885
263900.0,4580580.621238269,404080.79896551295,4580738.663268543,-523.8799955938554,1596.0901980416363,-524.1349478681345,-6.678904337885421,-0.5895668846068152,-6.6791347227390965,17262.445078715646,0.0,0.19676087423338548,2.0472243320962105,2260733.6602814426,594.7464688871885
264000.0,4580528.199843988,404240.40503706085,4580686.216377882,-524.5478920379982,1596.0312286983901,-524.8028673492213,-6.679024573942389,-0.5898199899315165,-6.67925492796786,17262.445078715646,0.0,0.19676087423338548,2.0472243320962105,2260733.6602814426,594.7464688871885
264100.0,4580475.71165946,404400.0052104088,4580633.702694672,-525.2158005144362,1595.972234041722,-525.4707988595204,-6.6791449837705175,-0.5900731530954757,-6.679375306967647,17262.445078715646,0.0,0.19676087423338548,2.0472243320962105,2260733.6602814426,594.7464688871885
264200.0,4580423.156683483,404559.5994830252,4580581.122217709,-525.883721040541,1595.9132140658326,-526.1387424164035,-6.679265567259882,-0.5903263744093977,-6.679495859628483,17262.445078715646,0.0,0.19676087423338548,2.0472243320962105,2260733.6602814426,594.7464688871885
264300.0,4580370.53491485,404719.1878523778,4580528.474945787,-526.5516536336731,1595.8541687648913,-526.8066980372311,-6.679386324299072,-0.5905796541871459,-6.679616585838911,17262.445078715646,0.0,0.19676087423338548,2.0472243320962105,2260733.6602814426,594.7464688871885
264400.0,4580317.846352354,404878.77031593386,4580475.7608777,-527.219598311182,1595.7950981330357,-527.4746657393524,-6.679507254775147,-0.5908329927457754,-6.679737485485936,17262.445078715646,0.0,0.19676087423338548,2.0472243320962105,2260733.6602814426,594.7464688871885
264500.0,4580265.090994785,405038.3468711599,4580422.980012236,-527.8875550904056,1595.736002164372,-528.1426455401056,-6.679628358573624,-0.5910863904055732,-6.679858558455023,17262.445078715646,0.0,0.19676087423338548,2.0472243320962105,2260733.6602814426,594.7464688871885
264600.0,4580212.268840931,405197.917515522,4580370.132348187,-528.5555239886703,1595.6768808529737,-528.810637456817,-6.6797496355784585,-0.5913398474900962,-6.679979804630078,17262.445078715646,0.0,0.19676087423338548,2.0472243320962105,2260733.6602814426,594.7464688871885
264700.0,4580159.379889582,405357.48224648554,4580317.21788434,-529.223505023291,1595.6177341928822,-529.4786415068012,-6.679871085672022,-0.5915933643262098,-6.680101223893414,17262.445078715646,0.0,0.19676087423338548,2.0472243320962105,2260733.6602814426,594.7464688871885
264800.0,4580106.424139522,405517.0410615154,4580264.236619481,-529.8914982115704,1595.5585621781056,-530.1466577073612,-6.6799927087350826,-0.5918469412441287,-6.680222816125753,17262.445078715646,0.0,0.19676087423338548,2.0472243320962105,2260733.6602814426,594.7464688871885
264900.0,4580053.401589534,405676.5939580758,4580211.188552394,-530.5595035707995,1595.4993648026193,-530.8146860757879,-6.680114504646791,-0.5921005785774557,-6.680344581206189,17262.445078715646,0.0,0.19676087423338548,2.0472243320962105,2260733.6602814426,594.7464688871885
265000.0,4580000.312238402,405836.14093363035,4580158.07368186,-531.2275211182572,1595.440142060365,-531.48272662936,-6.680236473284647,-0.5923542766632222,-6.680466519012167,17262.445078715646,0.0,0.19676087423338548,2.0472243320962105,2260733.6602814426,594.7464688871885
265100.0,4579947.156084904,405995.6819856421,4580104.892006661,-531.8955508712098,1595.3808939452501,-532.1507793853438,-6.680358614524491,-0.5926080358419307,-6.68058862941947,17262.445078715646,0.0,0.19676087423338548,2.0472243320962105,2260733.6602814426,594.7464688871885
265200.0,4579893.9331278205,406155.21711157344,4580051.643525575,-532.5635928469113,1595.3216204511486,-532.8188443609931,-6.680480928240466,-0.5928618564575934,-6.680710912302191,17262.445078715646,0.0,0.19676087423338548,2.0472243320962105,2260733.6602814426,594.7464688871885
265300.0,4579840.643365927,406314.74630888616,4579998.328237381,-533.2316470626029,1595.2623215718993,-533.4869215735491,-6.680603414305022,-0.5931157388577784,-6.68083336753272,17262.445078715646,0.0,0.19676087423338548,2.0472243320962105,2260733.6602814426,594.7464688871885
265400.0,4579787.286797999,406474.2695750414,4579944.946140853,-533.8997135355129,1595.202997301306,-534.1550110402402,-6.680726072588865,-0.5933696833936484,-6.680955994981708,17262.445078715646,0.0,0.19676087423338548,2.0472243320962105,2260733.6602814426,594.7464688871885
265500.0,4579733.863422811,406633.78690749983,4579891.4972347645,-534.5677922828569,1595.1436476331376,-534.8231127782817,-6.680848902960946,-0.5936236904200054,-6.681078794518048,17262.445078715646,0.0,0.19676087423338548,2.0472243320962105,2260733.6602814426,594.7464688871885
265600.0,4579680.3732391335,406793.29830372124,4579837.981517888,-535.2358833218369,1595.0842725611271,-535.4912268048756,-6.6809719052884615,-0.5938777602953365,-6.681201766008876,17262.445078715646,0.0,0.19676087423338548,2.0472243320962105,2260733.6602814426,594.7464688871885
265700.0,4579626.816245737,406952.803761165,4579784.398988993,-535.9039866696419,1595.0248720789716,-536.1593531372108,-6.681095079436783,-0.594131893381854,-6.6813249093195095,17262.445078715646,0.0,0.19676087423338548,2.0472243320962105,2260733.6602814426,594.7464688871885
265800.0,4579573.192441389,407112.3032772898,4579730.749646849,-536.5721023434471,1594.9654461803316,-536.8274917924623,-6.681218425269478,-0.5943860900455433,-6.681448224313453,17262.445078715646,0.0,0.19676087423338548,2.0472243320962105,2260733.6602814426,594.7464688871885
265900.0,4579519.501824857,407271.79684955365,4579677.033490223,-537.240230360414,1594.905994858831,-537.4956427877917,-6.681341942648256,-0.5946403506562072,-6.681571710852359,17262.445078715646,0.0,0.19676087423338548,2.0472243320962105,2260733.6602814426,594.7464688871885
266000.0,4579465.744394905,407431.2844754139,4579623.25051788,-537.9083707376902,1594.8465181080564,-538.1638061403463,-6.681465631432969,-0.5948946755875124,-6.681695368796019,17262.445078715646,0.0,0.19676087423338548,2.0472243320962105,2260733.6602814426,594.7464688871885
266100.0,4579411.920150297,407590.76615232736,4579569.400728582,-538.5765234924094,1594.787015921557,-538.8319818672596,-6.681589491481564,-0.5951490652170346,-6.681819198002314,17262.445078715646,0.0,0.19676087423338548,2.0472243320962105,2260733.6602814426,594.7464688871885
266200.0,4579358.029089794,407750.24187775014,4579515.4841210935,-539.2446886416906,1594.7274882928436,-539.5001699856507,-6.681713522650074,-0.5954035199263079,-6.681943198327221,17262.445078715646,0.0,0.19676087423338548,2.0472243320962105,2260733.6602814426,594.7464688871885
266300.0,4579304.071212155,407909.71164913767,4579461.500694172,-539.9128662026385,1594.6679352153894,-540.1683705126242,-6.6818377247925955,-0.5956580401008712,-6.682067369624772,17262.445078715646,0.0,0.19676087423338548,2.0472243320962105,2260733.6602814426,594.7464688871885
266400.0,4579250.046516139,408069.17546394473,4579407.450446577,-540.5810561923432,1594.6083566826283,-540.8365834652699,-6.68196209776125,-0.595912626130316,-6.682191711747022,17262.445078715646,0.0,0.19676087423338548,2.0472243320962105,2260733.6602814426,594.7464688871885
266500.0,4579195.955000502,408228.63331962546,4579353.333377064,-541.24925862788,1594.5487526879551,-541.5048088606628,-6.682086641406165,-0.596167278408337,-6.682316224544041,17262.445078715646,0.0,0.19676087423338548,2.0472243320962105,2260733.6602814426,594.7464688871885
266600.0,4579141.796663999,408388.08521363337,4579299.149484389,-541.9174735263086,1594.489123224725,-542.1730467158628,-6.6822113555754505,-0.5964219973327802,-6.682440907863869,17262.445078715646,0.0,0.19676087423338548,2.0472243320962105,2260733.6602814426,594.7464688871885
266700.0,4579087.571505381,408547.53114342125,4579244.898767306,-542.585700904674,1594.4294682862535,-542.8412970479145,-6.6823362401151725,-0.5966767833056943,-6.682565761552509,17262.445078715646,0.0,0.19676087423338548,2.0472243320962105,2260733.6602814426,594.7464688871885
266800.0,4579033.279523401,408706.9711064412,4579190.5812245635,-543.2539407800055,1594.3697878658154,-543.509559873847,-6.682461294869319,-0.5969316367333802,-6.682690785453883,17262.445078715646,0.0,0.19676087423338548,2.0472243320962105,2260733.6602814426,594.7464688871885
266900.0,4578978.920716807,408866.4051001448,4579136.196854914,-543.9221931693164,1594.3100819566446,-544.1778352106737,-6.682586519679784,-0.5971865580264442,-6.68281597940982,17262.445078715646,0.0,0.19676087423338548,2.0472243320962105,2260733.6602814426,594.7464688871885
267000.0,4578924.495084349,409025.8331219827,4579081.745657104,-544.5904580896046,1594.250350551934,-544.8461230753921,-6.6827119143863305,-0.5974415475998484,-6.682941343260011,17262.445078715646,0.0,0.19676087423338548,2.0472243320962105,2260733.6602814426,594.7464688871885
267100.0,4578870.002624772,409185.2551694051,4579027.22762988,-545.2587355578514,1594.1905936448345,-545.5144234849835,-6.682837478826573,-0.5976966058729657,-6.683066876842005,17262.445078715646,0.0,0.19676087423338548,2.0472243320962105,2260733.6602814426,594.7464688871885
267200.0,4578815.443336819,409344.67123986135,4578972.642771988,-545.9270255910221,1594.1308112284553,-546.1827364564127,-6.682963212835937,-0.5979517332696311,-6.683192579991158,17262.445078715646,0.0,0.19676087423338548,2.0472243320962105,2260733.6602814426,594.7464688871885
267300.0,4578760.817219234,409504.08133080025,4578917.99108217,-546.5953282060653,1594.0710032958623,-546.8510620066284,-6.683089116247642,-0.598206930218198,-6.683318452540624,17262.445078715646,0.0,0.19676087423338548,2.0472243320962105,2260733.6602814426,594.7464688871885
267400.0,4578706.124270758,409663.48543966975,4578863.272559167,-547.2636434199128,1594.0111698400788,-547.519400152562,-6.683215188892664,-0.598462197151591,-6.683444494321304,17262.445078715646,0.0,0.19676087423338548,2.0472243320962105,2260733.6602814426,594.7464688871885
267500.0,4578651.364490129,409822.88356391725,4578808.487201719,-547.9319712494793,1593.9513108540846,-548.187750911128,-6.683341430599718,-0.5987175345073634,-6.683570705161843,17262.445078715646,0.0,0.19676087423338548,2.0472243320962105,2260733.6602814426,594.7464688871885
267600.0,4578596.537876086,409982.27570098935,4578753.635008563,-548.6003117116624,1593.8914263308152,-548.8561142992238,-6.683467841195211,-0.5989729427277521,-6.683697084888574,17262.445078715646,0.0,0.19676087423338548,2.0472243320962105,2260733.6602814426,594.7464688871885
267700.0,4578541.644427365,410141.661848332,4578698.715978437,-549.2686648233421,1593.831516263162,-549.5244903337293,-6.683594420503225,-0.5992284222597358,-6.6838236333255105,17262.445078715646,0.0,0.19676087423338548,2.0472243320962105,2260733.6602814426,594.7464688871885
267800.0,4578486.684142699,410301.0420033903,4578643.730110074,-549.9370306013808,1593.7715806439712,-550.1928790315067,-6.683721168345488,-0.5994839735550926,-6.683950350294301,17262.445078715646,0.0,0.19676087423338548,2.0472243320962105,2260733.6602814426,594.7464688871885
267900.0,4578431.657020822,410460.41616360884,4578588.677402208,-550.6054090626229,1593.7116194660437,-550.8612804093999,-6.683848084541338,-0.5997395970704578,-6.684077235614212,17262.445078715646,0.0,0.19676087423338548,2.0472243320962105,2260733.6602814426,594.7464688871885
268000.0,4578376.563060463,410619.78432643134,4578533.557853569,-551.2738002238947,1593.6516327221343,-551.529694484235,-6.683975168907677,-0.5999952932673835,-6.684204289102078,17262.445078715646,0.0,0.19676087423338548,2.0472243320962105,2260733.6602814426,594.7464688871885
268100.0,4578321.402260353,410779.1464893008,4578478.371462887,-551.9422041020039,1593.5916204049518,-552.1981212728197,-6.684102421258978,-0.6002510626123994,-6.684331510572283,17262.445078715646,0.0,0.19676087423338548,2.0472243320962105,2260733.6602814426,594.7464688871885
268200.0,4578266.174619218,410938.50264965964,4578423.11822889,-552.6106207137396,1593.5315825071577,-552.8665607919427,-6.684229841407216,-0.6005069055770733,-6.6844588998367325,17262.445078715646,0.0,0.19676087423338548,2.0472243320962105,2260733.6602814426,594.7464688871885
268300.0,4578210.880135785,411097.85280494933,4578367.798150304,-553.2790500758722,1593.4715190213665,-553.5350130583738,-6.684357429161855,-0.6007628226380722,-6.684586456704811,17262.445078715646,0.0,0.19676087423338548,2.0472243320962105,2260733.6602814426,594.7464688871885
268400.0,4578155.518808777,411257.19695261074,4578312.411225853,-553.9474922051525,1593.4114299401442,-554.2034780888639,-6.6844851843298,-0.6010188142772245,-6.684714180983346,17262.445078715646,0.0,0.19676087423338548,2.0472243320962105,2260733.6602814426,594.7464688871885
268500.0,4578100.090636918,411416.53509008395,4578256.9574542595,-554.6159471183121,1593.3513152560088,-554.8719559001443,-6.684613106715383,-0.6012748809815845,-6.684842072476587,17262.445078715646,0.0,0.19676087423338548,2.0472243320962105,2260733.6602814426,594.7464688871885
268600.0,4578044.595618928,411575.8672148083,4578201.436834246,-555.2844148320629,1593.2911749614293,-555.5404465089264,-6.684741196120313,-0.601531023243496,-6.684970130986165,17262.445078715646,0.0,0.19676087423338548,2.0472243320962105,2260733.6602814426,594.7464688871885
268700.0,4577989.033753525,411735.19332422235,4578145.84936453,-555.9528953630968,1593.231009048825,-556.208949931902,-6.684869452343652,-0.6017872415606568,-6.685098356311062,17262.445078715646,0.0,0.19676087423338548,2.0472243320962105,2260733.6602814426,594.7464688871885
268800.0,4577933.405039427,411894.5134157639,4578090.195043831,-556.6213887280854,1593.1708175105653,-556.8774661857424,-6.684997875181774,-0.6020435364361839,-6.685226748247567,17262.445078715646,0.0,0.19676087423338548,2.0472243320962105,2260733.6602814426,594.7464688871885
268900.0,4577877.709475351,412053.82748687005,4578034.473870865,-557.2898949436801,1593.1106003389689,-557.5459952870983,-6.685126464428328,-0.6022999083786812,-6.6853553065892495,17262.445078715646,0.0,0.19676087423338548,2.0472243320962105,2260733.6602814426,594.7464688871885
269000.0,4577821.947060009,412213.135534977,4577978.685844345,-557.9584140265112,1593.0503575263035,-558.2145372526,-6.68525521987421,-0.6025563579023064,-6.685484031126916,17262.445078715646,0.0,0.19676087423338548,2.0472243320962105,2260733.6602814426,594.7464688871885
269100.0,4577766.117792116,412372.43755752034,4577922.830962985,-558.6269459931879,1592.990089064785,-558.8830920988565,-6.685384141307527,-0.6028128855268404,-6.685612921648594,17262.445078715646,0.0,0.19676087423338548,2.0472243320962105,2260733.6602814426,594.7464688871885
269200.0,4577710.221670381,412531.73355193477,4577866.9092254955,-559.2954908602984,1592.9297949465772,-559.5516598424555,-6.685513228513545,-0.6030694917777539,-6.685741977939459,17262.445078715646,0.0,0.19676087423338548,2.0472243320962105,2260733.6602814426,594.7464688871885
269300.0,4577654.258693513,412691.0235156542,4577810.920630586,-559.9640486444091,1592.8694751637909,-560.2202404999629,-6.685642481274673,-0.6033261771862802,-6.685871199781836,17262.445078715646,0.0,0.19676087423338548,2.0472243320962105,2260733.6602814426,594.7464688871885
269400.0,4577598.228860221,412850.3074461118,4577754.865176965,-560.6326193620645,1592.8091297084834,-560.8888340879229,-6.685771899370411,-0.6035829422894852,-6.686000586955138,17262.445078715646,0.0,0.19676087423338548,2.0472243320962105,2260733.6602814426,594.7464688871885
269500.0,4577542.132169209,413009.5853407399,4577698.742863337,-561.3012030297868,1592.7487585726583,-561.5574406228575,-6.685901482577317,-0.6038397876303389,-6.686130139235831,17262.445078715646,0.0,0.19676087423338548,2.0472243320962105,2260733.6602814426,594.7464688871885
269600.0,4577485.968619183,413168.8571969701,4577642.553688408,-561.969799664076,1592.6883617482645,-562.2260601212661,-6.686031230668959,-0.6040967137577876,-6.686259856397397,17262.445078715646,0.0,0.19676087423338548,2.0472243320962105,2260733.6602814426,594.7464688871885
269700.0,4577429.738208843,413328.12301223306,4577586.29765088,-562.6384092814092,1592.6279392271954,-562.8946925996253,-6.686161143415903,-0.6043537212268315,-6.686389738210306,17262.445078715646,0.0,0.19676087423338548,2.0472243320962105,2260733.6602814426,594.7464688871885
269800.0,4577373.440936893,413487.38278395875,4577529.974749455,-563.30703189824,1592.567491001289,-563.5633380743888,-6.6862912205856375,-0.6046108105985947,-6.68651978444196,17262.445078715646,0.0,0.19676087423338548,2.0472243320962105,2260733.6602814426,594.7464688871885
269900.0,4577317.07680203,413646.63650957623,4577473.584982832,-563.9756675309992,1592.5070170623267,-564.2319965619865,-6.686421461942556,-0.6048679824404036,-6.686649994856656,17262.445078715646,0.0,0.19676087423338548,2.0472243320962105,2260733.6602814426,594.7464688871885
270000.0,4577260.645802952,413805.88418651384,4577417.128349708,-564.6443161960935,1592.446517402033,-564.900668078825,-6.6865518672479105,-0.6051252373258634,-6.686780369215552,17262.445078715646,0.0,0.19676087423338548,2.0472243320962105,2260733.6602814426,594.7464688871885
270100.0,4577204.147938356,413965.12581219897,4577360.604848782,-565.3129779099057,1592.3859920120742,-565.5693526412864,-6.686682436259759,-0.6053825758349345,-6.686910907276613,17262.445078715646,0.0,0.19676087423338548,2.0472243320962105,2260733.6602814426,594.7464688871885
270200.0,4577147.583206935,414124.3613840583,4577304.014478745,-565.9816526887943,1592.325440884059,-566.2380502657288,-6.686813168732954,-0.6056399985540141,-6.687041608794592,17262.445078715646,0.0,0.19676087423338548,2.0472243320962105,2260733.6602814426,594.7464688871885
270300.0,4577090.951607382,414283.5908995176,4577247.357238293,-566.6503405490928,1592.2648640095367,-566.9067609684855,-6.686944064419064,-0.6058975060760133,-6.687172473520967,17262.445078715646,0.0,0.19676087423338548,2.0472243320962105,2260733.6602814426,594.7464688871885
270400.0,4577034.2531383885,414442.81435600173,4577190.633126115,-567.3190415071101,1592.2042613799972,-567.5754847658649,-6.687075123066351,-0.6061550990004387,-6.6873035012038935,17262.445078715646,0.0,0.19676087423338548,2.0472243320962105,2260733.6602814426,594.7464688871885
270500.0,4576977.487798643,414602.03175093484,4577133.842140903,-567.9877555791296,1592.1436329868698,-568.2442216741497,-6.687206344419723,-0.6064127779334751,-6.687434691588185,17262.445078715646,0.0,0.19676087423338548,2.0472243320962105,2260733.6602814426,594.7464688871885
270600.0,4576920.655586835,414761.24308174005,4577076.984281343,-568.656482781409,1592.082978821523,-568.9129717095973,-6.687337728220687,-0.6066705434880675,-6.687566044415243,17262.445078715646,0.0,0.19676087423338548,2.0472243320962105,2260733.6602814426,594.7464688871885
270700.0,4576863.756501649,414920.44834583974,4577020.059546123,-569.3252231301799,1592.0222988752641,-569.5817348884387,-6.687469274207298,-0.6069283962840055,-6.68769755942303,17262.445078715646,0.0,0.19676087423338548,2.0472243320962105,2260733.6602814426,594.7464688871885
270800.0,4576806.79054177,415079.64754065545,4576963.067933927,-569.9939766416477,1591.9615931393373,-570.250511226879,-6.687600982114136,-0.6071863369480094,-6.687829236346015,17262.445078715646,0.0,0.19676087423338548,2.0472243320962105,2260733.6602814426,594.7464688871885
270900.0,4576749.757705881,415238.8406636077,4576906.009443439,-570.662743331991,1591.9008616049243,-570.9193007410961,-6.687732851672235,-0.6074443661138149,-6.687961074915129,17262.445078715646,0.0,0.19676087423338548,2.0472243320962105,2260733.6602814426,594.7464688871885
271000.0,4576692.657992664,415398.0277121162,4576848.884073339,-571.3315232173615,1591.840104263143,-571.5881034472411,-6.687864882609053,-0.6077024844222619,-6.688093074857726,17262.445078715646,0.0,0.19676087423338548,2.0472243320962105,2260733.6602814426,594.7464688871885
271100.0,4576635.491400798,415557.2086835998,4576791.691822309,-572.000316313883,1591.7793211050468,-572.2569193614376,-6.687997074648396,-0.6079606925213807,-6.688225235897506,17262.445078715646,0.0,0.19676087423338548,2.0472243320962105,2260733.6602814426,594.7464688871885
271200.0,4576578.257928961,415716.38357547636,4576734.432689026,-572.6691226376519,1591.718512121624,-572.9257484997812,-6.688129427510421,-0.6082189910664864,-6.688357557754515,17262.445078715646,0.0,0.19676087423338548,2.0472243320962105,2260733.6602814426,594.7464688871885
271300.0,4576520.95757583,415875.55238516297,4576677.106672168,-573.3379422047364,1591.6576773037966,-573.5945908783395,-6.688261940911539,-0.6084773807202652,-6.6884900401450595,17262.445078715646,0.0,0.19676087423338548,2.0472243320962105,2260733.6602814426,594.7464688871885
271400.0,4576463.590340079,416034.71511007566,4576619.713770409,-574.006775031176,1591.5968166424207,-574.2634465131517,-6.688394614564379,-0.6087358621528678,-6.6886226827816575,17262.445078715646,0.0,0.19676087423338548,2.0472243320962105,2260733.6602814426,594.7464688871885
271500.0,4576406.156220381,416193.87174762966,4576562.253982423,-574.6756211329813,1591.5359301282842,-574.9323154202277,-6.688527448177762,-0.6089944360420048,-6.688755485373015,17262.445078715646,0.0,0.19676087423338548,2.0472243320962105,2260733.6602814426,594.7464688871885
271600.0,4576348.655215409,416353.0222952392,4576504.727306882,-575.3444805261337,1591.4750177521075,-575.6011976155484,-6.688660441456615,-0.6092531030730388,-6.6888884476239525,17262.445078715646,0.0,0.19676087423338548,2.0472243320962105,2260733.6602814426,594.7464688871885
271700.0,4576291.087323832,416512.1667503177,4576447.133742456,-576.0133532265849,1591.4140795045419,-576.2700931150646,-6.688793594101936,-0.6095118639390809,-6.689021569235347,17262.445078715646,0.0,0.19676087423338548,2.0472243320962105,2260733.6602814426,594.7464688871885
271800.0,4576233.452544319,416671.30511027743,4576389.473287815,-576.6822392502562,1591.3531153761685,-576.9390019346973,-6.688926905810742,-0.6097707193410878,-6.6891548499041065,17262.445078715646,0.0,0.19676087423338548,2.0472243320962105,2260733.6602814426,594.7464688871885
271900.0,4576175.750875537,416830.43737252994,4576331.745941625,-577.3511386130389,1591.2921253574987,-577.6079240903371,-6.689060376276021,-0.6100296699879616,-6.6892882893230965,17262.445078715646,0.0,0.19676087423338548,2.0472243320962105,2260733.6602814426,594.7464688871885
272000.0,4576117.982316151,416989.56353448564,4576273.951702552,-578.020051330793,1591.2311094389722,-578.2768595978432,-6.689194005186666,-0.6102887165966471,-6.689421887181094,17262.445078715646,0.0,0.19676087423338548,2.0472243320962105,2260733.6602814426,594.7464688871885
272100.0,4576060.146864825,417148.6835935541,4576216.09056926,-578.6889774193472,1591.1700676109565,-578.945808473044,-6.68932779222742,-0.6105478598922337,-6.689555643162724,17262.445078715646,0.0,0.19676087423338548,2.0472243320962105,2260733.6602814426,594.7464688871885
272200.0,4576002.244520221,417307.7975471438,4576158.162540411,-579.3579168944988,1591.1089998637465,-579.6147707317359,-6.68946173707884,-0.6108071006080591,-6.689689556948421,17262.445078715646,0.0,0.19676087423338548,2.0472243320962105,2260733.6602814426,594.7464688871885
272300.0,4575944.275280999,417466.9053926625,4576100.167614667,-580.0268697720126,1591.0479061875628,-580.2837463896831,-6.6895958394172155,-0.6110664394858101,-6.689823628214352,17262.445078715646,0.0,0.19676087423338548,2.0472243320962105,2260733.6602814426,594.7464688871885
272400.0,4575886.239145819,417626.0071275167,4576042.105790686,-580.6958360676209,1590.986786572552,-580.9527354626172,-6.689730098914539,-0.6113258772756314,-6.689957856632387,17262.445078715646,0.0,0.19676087423338548,2.0472243320962105,2260733.6602814426,594.7464688871885
272500.0,4575828.136113338,417785.10274911206,4575983.977067126,-581.3648157970231,1590.9256410087853,-581.6217379662369,-6.68986451523841,-0.6115854147362275,-6.69009224187,17262.445078715646,0.0,0.19676087423338548,2.0472243320962105,2260733.6602814426,594.7464688871885
272600.0,4575769.966182211,417944.1922548532,4575925.781442644,-582.033808975885,1590.864469486257,-582.2907539162073,-6.689999088052025,-0.6118450526349761,-6.690226783590262,17262.445078715646,0.0,0.19676087423338548,2.0472243320962105,2260733.6602814426,594.7464688871885
272700.0,4575711.729351094,418103.27564214374,4575867.518915894,-582.7028156198385,1590.8032719948844,-582.9597833281597,-6.690133817014079,-0.6121047917480316,-6.6903614814517365,17262.445078715646,0.0,0.19676087423338548,2.0472243320962105,2260733.6602814426,594.7464688871885
272800.0,4575653.425618638,418262.35290838627,4575809.189485529,-583.3718357444812,1590.7420485245073,-583.6288262176909,-6.690268701778725,-0.61236463286044,-6.690496335108449,17262.445078715646,0.0,0.19676087423338548,2.0472243320962105,2260733.6602814426,594.7464688871885
272900.0,4575595.054983496,418421.42405098234,4575750.793150201,-584.040869365376,1590.6807990648858,-584.2978826003629,-6.690403741995499,-0.6126245767662486,-6.690631344209805,17262.445078715646,0.0,0.19676087423338548,2.0472243320962105,2260733.6602814426,594.7464688871885
273000.0,4575536.617444315,418580.4890673326,4575692.329908559,-584.7099164980502,1590.6195236057008,-584.9669524917025,-6.69053893730928,-0.6128846242686224,-6.690766508400552,17262.445078715646,0.0,0.19676087423338548,2.0472243320962105,2260733.6602814426,594.7464688871885
273100.0,4575478.112999745,418739.5479548365,4575633.799759252,-585.3789771579958,1590.5582221365519,-585.6360359072006,-6.690674287360208,-0.6131447761799566,-6.690901827320694,17262.445078715646,0.0,0.19676087423338548,2.0472243320962105,2260733.6602814426,594.7464688871885
273200.0,4575419.541648432,418898.6007108926,4575575.202700926,-586.0480513606681,1590.4968946469571,-586.3051328623121,-6.6908097917836225,-0.6134050333219939,-6.6910373006054344,17262.445078715646,0.0,0.19676087423338548,2.0472243320962105,2260733.6602814426,594.7464688871885
273300.0,4575360.903389021,419057.6473328982,4575516.538732227,-586.717139121486,1590.435541126352,-586.9742433724549,-6.690945450210011,-0.6136653965259448,-6.691172927885123,17262.445078715646,0.0,0.19676087423338548,2.0472243320962105,2260733.6602814426,594.7464688871885
273400.0,4575302.198220155,419216.6878182498,4575457.807851799,-587.3862404558311,1590.3741615640886,-587.6433674530098,-6.691081262264926,-0.6139258666326043,-6.691308708785176,17262.445078715646,0.0,0.19676087423338548,2.0472243320962105,2260733.6602814426,594.7464688871885
273500.0,4575243.426140477,419375.72216434265,4575399.010058284,-588.0553553790472,1590.312755949434,-588.3125051193199,-6.691217227568939,-0.6141864444924766,-6.6914446429260215,17262.445078715646,0.0,0.19676087423338548,2.0472243320962105,2260733.6602814426,594.7464688871885
273600.0,4575184.587148626,419534.7503685709,4575340.145350322,-588.7244839064402,1590.2513242715697,-588.9816563866901,-6.691353345737551,-0.6144471309658962,-6.691580729923021,17262.445078715646,0.0,0.19676087423338548,2.0472243320962105,2260733.6602814426,594.7464688871885
273700.0,4575125.681243242,419693.7724283278,4575281.213726553,-589.3936260532772,1590.1898665195913,-589.6508212703867,-6.691489616381151,-0.6147079269231538,-6.691716969386417,17262.445078715646,0.0,0.19676087423338548,2.0472243320962105,2260733.6602814426,594.7464688871885
273800.0,4575066.708422961,419852.78834100533,4575222.215185614,-590.0627818347858,1590.1283826825063,-590.3199997856365,-6.691626039104916,-0.6149688332446208,-6.691853360921244,17262.445078715646,0.0,0.19676087423338548,2.0472243320962105,2260733.6602814426,594.7464688871885
273900.0,4575007.66868642,420011.79810399446,4575163.149726141,-590.7319512661542,1590.0668727492339,-590.9891919476266,-6.691762613508766,-0.6152298508208792,-6.6919899041272695,17262.445078715646,0.0,0.19676087423338548,2.0472243320962105,2260733.6602814426,594.7464688871885
274000.0,4574948.562032253,420170.80171468493,4575104.01734677,-591.40113436253,1590.0053367086036,-591.6583977715042,-6.691899339187278,-0.6154909805528511,-6.692126598598926,17262.445078715646,0.0,0.19676087423338548,2.0472243320962105,2260733.6602814426,594.7464688871885
274100.0,4574889.388459091,420329.79917046556,4575044.818046131,-592.0703311390204,1589.9437745493544,-592.3276172723749,-6.692036215729638,-0.6157522233519318,-6.692263443925245,17262.445078715646,0.0,0.19676087423338548,2.0472243320962105,2260733.6602814426,594.7464688871885
274200.0,4574830.147965568,420488.7904687238,4574985.551822859,-592.7395416106908,1589.8821862601335,-592.9968504653037,-6.692173242719516,-0.6160135801401168,-6.692400439689749,17262.445078715646,0.0,0.19676087423338548,2.0472243320962105,2260733.6602814426,594.7464688871885
274300.0,4574770.840550312,420647.7756068462,4574926.218675582,-593.4087657925651,1589.8205718294955,-593.6660973653134,-6.692310419735058,-0.6162750518501465,-6.692537585470427,17262.445078715646,0.0,0.19676087423338548,2.0472243320962105,2260733.6602814426,594.7464688871885
274400.0,4574711.466211951,420806.75458221795,4574866.818602929,-594.0780036996244,1589.7589312459013,-594.3353579873841,-6.69244774634877,-0.6165366394256356,-6.692674880839626,17262.445078715646,0.0,0.19676087423338548,2.0472243320962105,2260733.6602814426,594.7464688871885
274500.0,4574652.024949114,420965.7273922232,4574807.351603527,-594.747255346807,1589.6972644977166,-595.0046323464531,-6.6925852221274456,-0.6167983438212147,-6.692812325363982,17262.445078715646,0.0,0.19676087423338548,2.0472243320962105,2260733.6602814426,594.7464688871885
274600.0,4574592.516760424,421124.6940342449,4574747.817676001,-595.4165207490075,1589.6355715732109,-595.673920457414,-6.692722846632098,-0.6170601660026709,-6.692949918604351,17262.445078715646,0.0,0.19676087423338548,2.0472243320962105,2260733.6602814426,594.7464688871885
274700.0,4574532.941644505,421283.6545056649,4574688.216818976,-596.0857999210763,1589.5738524605572,-596.3432223351164,-6.692860619417883,-0.6173221069470907,-6.693087660115728,17262.445078715646,0.0,0.19676087423338548,2.0472243320962105,2260733.6602814426,594.7464688871885
274800.0,4574473.29959998,421442.6088038637,4574628.549031075,-596.7550928778188,1589.5121071478297,-597.0125379943646,-6.692998540033999,-0.6175841676430018,-6.693225549447144,17262.445078715646,0.0,0.19676087423338548,2.0472243320962105,2260733.6602814426,594.7464688871885
274900.0,4574413.59062547,421601.5569262207,4574568.814310918,-597.4243996339954,1589.4503356230034,-597.681867449918,-6.693136608023648,-0.6178463490905242,-6.693363586141635,17262.445078715646,0.0,0.19676087423338548,2.0472243320962105,2260733.6602814426,594.7464688871885
275000.0,4574353.814719593,421760.49887011416,4574509.012657125,-598.0937202043206,1589.3885378739528,-598.3512107164896,-6.6932748229239,-0.6181086523015131,-6.6935017697361054,17262.445078715646,0.0,0.19676087423338548,2.0472243320962105,2260733.6602814426,594.7464688871885
275100.0,4574293.971880968,421919.43463292095,4574449.144068314,-598.7630546034617,1589.3267138884503,-599.0205678087463,-6.6934131842656654,-0.6183710782997144,-6.693640099761295,17262.445078715646,0.0,0.19676087423338548,2.0472243320962105,2260733.6602814426,594.7464688871885
275200.0,4574234.06210821,422078.36421201687,4574389.208543101,-599.4324028460393,1589.2648636541655,-599.6899387413071,-6.693551691573565,-0.618633628120913,-6.693778575741653,17262.445078715646,0.0,0.19676087423338548,2.0472243320962105,2260733.6602814426,594.7464688871885
275300.0,4574174.085399936,422237.2876047764,4574329.206080103,-600.101764946626,1589.2029871586637,-600.3593235287436,-6.693690344365871,-0.6188963028130892,-6.693917197195278,17262.445078715646,0.0,0.19676087423338548,2.0472243320962105,2260733.6602814426,594.7464688871885
275400.0,4574114.041754758,422396.2048085728,4574269.136677933,-600.7711409197457,1589.1410843894053,-601.0287221855789,-6.693829142154422,-0.6191591034365759,-6.694055963633829,17262.445078715646,0.0,0.19676087423338548,2.0472243320962105,2260733.6602814426,594.7464688871885
275500.0,4574053.931171289,422555.115820778,4574209.0003352035,-601.4405307798735,1589.079155333743,-601.6981347262866,-6.6939680844445135,-0.6194220310642148,-6.694194874562432,17262.445078715646,0.0,0.19676087423338548,2.0472243320962105,2260733.6602814426,594.7464688871885
275600.0,4573993.753648139,422714.02063876286,4574148.7970505245,-602.1099345414345,1589.0171999789227,-602.3675611652909,-6.6941071707348305,-0.6196850867815191,-6.694333929479582,17262.445078715646,0.0,0.19676087423338548,2.0472243320962105,2260733.6602814426,594.7464688871885
275700.0,4573933.509183916,422872.91925989673,4574088.526822506,-602.7793522188035,1588.9552183120804,-603.0370015169652,-6.694246400517353,-0.6199482716868366,-6.694473127877081,17262.445078715646,0.0,0.19676087423338548,2.0472243320962105,2260733.6602814426,594.7464688871885
275800.0,4573873.19777723,423031.8116815478,4574028.189649757,-603.448783826304,1588.893210320242,-603.7064557956319,-6.694385773277264,-0.6202115868915139,-6.694612469239928,17262.445078715646,0.0,0.19676087423338548,2.0472243320962105,2260733.6602814426,594.7464688871885
275900.0,4573812.8194266865,423190.69790108287,4573967.785530883,-604.1182293782075,1588.8311759903213,-604.3759240155614,-6.694525288492837,-0.6204750335200625,-6.694751953046208,17262.445078715646,0.0,0.19676087423338548,2.0472243320962105,2260733.6602814426,594.7464688871885
276000.0,4573752.37413089,423349.5779158675,4573907.314464489,-604.7876888887334,1588.7691153091193,-605.0454061909717,-6.694664945635387,-0.6207386127103329,-6.694891578767049,17262.445078715646,0.0,0.19676087423338548,2.0472243320962105,2260733.6602814426,594.7464688871885
276100.0,4573691.861888443,423508.45172326587,4573846.776449179,-605.4571623720476,1588.7070282633222,-605.7149023360274,-6.694804744169131,-0.6210023256136818,-6.6950313458664725,17262.445078715646,0.0,0.19676087423338548,2.0472243320962105,2260733.6602814426,594.7464688871885
276200.0,4573631.282697949,423667.3193206409,4573786.171483556,-606.1266498422622,1588.6449148395006,-606.3844124648394,-6.694944683551112,-0.6212661733951487,-6.695171253801334,17262.445078715646,0.0,0.19676087423338548,2.0472243320962105,2260733.6602814426,594.7464688871885
276300.0,4573570.636558007,423826.180705354,4573725.49956622,-606.7961513134344,1588.582775024108,-607.0539365914639,-6.695084763231095,-0.6215301572336315,-6.6953113020211985,17262.445078715646,0.0,0.19676087423338548,2.0472243320962105,2260733.6602814426,594.7464688871885
276400.0,4573509.923467219,423985.0358747655,4573664.76069577,-607.4656667995664,1588.520608803479,-607.7234747299013,-6.695224982651485,-0.621794278322068,-6.695451489968273,17262.445078715646,0.0,0.19676087423338548,2.0472243320962105,2260733.6602814426,594.7464688871885
276500.0,4573449.14342418,424143.8848262341,4573603.954870806,-608.135196314604,1588.4584161638284,-608.3930268940964,-6.695365341247195,-0.6220585378676132,-6.6955918170772675,17262.445078715646,0.0,0.19676087423338548,2.0472243320962105,2260733.6602814426,594.7464688871885
276600.0,4573388.296427488,424302.7275571172,4573543.082089923,-608.804739872436,1588.3961970912494,-609.0625930979364,-6.69550583844557,-0.6223229370918281,-6.695732282775327,17262.445078715646,0.0,0.19676087423338548,2.0472243320962105,2260733.6602814426,594.7464688871885
276700.0,4573327.3824757375,424461.56406477076,4573482.142351718,-609.4742974868939,1588.3339515717128,-609.7321733552517,-6.695646473666273,-0.6225874772308616,-6.695872886481911,17262.445078715646,0.0,0.19676087423338548,2.0472243320962105,2260733.6602814426,594.7464688871885
276800.0,4573266.4015675215,424620.39434654947,4573421.135654783,-610.1438691717505,1588.2716795910644,-610.4017676798135,-6.69578724632118,-0.6228521595356429,-6.696013627608681,17262.445078715646,0.0,0.19676087423338548,2.0472243320962105,2260733.6602814426,594.7464688871885
276900.0,4573205.353701433,424779.2183998065,4573360.061997712,-610.8134549407195,1588.2093811350246,-611.0713760853342,-6.695928155814272,-0.6231169852720708,-6.696154505559413,17262.445078715646,0.0,0.19676087423338548,2.0472243320962105,2260733.6602814426,594.7464688871885
277000.0,4573144.238876063,424938.0362218935,4573298.921379096,-611.4830548074546,1588.1470561891863,-611.7409985854661,-6.696069201541533,-0.6233819557212095,-6.696295519729874,17262.445078715646,0.0,0.19676087423338548,2.0472243320962105,2260733.6602814426,594.7464688871885
277100.0,4573083.057090001,425096.84781016083,4573237.713797525,-612.1526687855486,1588.0847047390134,-612.4106351938004,-6.696210382890842,-0.6236470721794847,-6.6964366695077295,17262.445078715646,0.0,0.19676087423338548,2.0472243320962105,2260733.6602814426,594.7464688871885
277200.0,4573021.808341836,425255.65316195734,4573176.439251587,-612.8222968885328,1588.0223267698398,-613.0802859238671,-6.696351699241843,-0.6239123359588826,-6.696577954272403,17262.445078715646,0.0,0.19676087423338548,2.0472243320962105,2260733.6602814426,594.7464688871885
277300.0,4572960.492630153,425414.45227463037,4573115.097739869,-613.4919391298761,1587.9599222668667,-613.7499507891334,-6.69649314996586,-0.6241777483871539,-6.6967193733949975,17262.445078715646,0.0,0.19676087423338548,2.0472243320962105,2260733.6602814426,594.7464688871885
277400.0,4572899.1099535385,425573.2451455258,4573053.689260957,-614.1615955229838,1587.8974912151625,-614.4196298030034,-6.696634734425761,-0.6244433108080166,-6.696860926238157,17262.445078715646,0.0,0.19676087423338548,2.0472243320962105,2260733.6602814426,594.7464688871885
277500.0,4572837.660310577,425732.03177198797,4572992.213813436,-614.8312660811976,1587.83503359966,-615.0893229788169,-6.69677645197585,-0.6247090245813653,-6.697002612155963,17262.445078715646,0.0,0.19676087423338548,2.0472243320962105,2260733.6602814426,594.7464688871885
277600.0,4572776.14369985,425890.81215135974,4572930.671395889,-615.5009508177935,1587.7725494051551,-615.7590303298487,-6.696918301961746,-0.6249748910834804,-6.6971444304937995,17262.445078715646,0.0,0.19676087423338548,2.0472243320962105,2260733.6602814426,594.7464688871885
277700.0,4572714.56011994,426049.5862809825,4572869.062006897,-616.1706497459824,1587.7100386163058,-616.4287518693076,-6.697060283720277,-0.6252409117072446,-6.697286380588264,17262.445078715646,0.0,0.19676087423338548,2.0472243320962105,2260733.6602814426,594.7464688871885
277800.0,4572652.909569427,426208.35415819596,4572807.385645042,-616.8403628789076,1587.6475012176293,-617.0984876103358,-6.697202396579338,-0.6255070878623554,-6.697428461767018,17262.445078715646,0.0,0.19676087423338548,2.0472243320962105,2260733.6602814426,594.7464688871885
277900.0,4572591.19204689,426367.11578033847,4572745.642308902,-617.5100902296455,1587.5849371935014,-617.7682375660078,-6.697344639857778,-0.6257734209755473,-6.697570673348673,17262.445078715646,0.0,0.19676087423338548,2.0472243320962105,2260733.6602814426,594.7464688871885
278000.0,4572529.407550907,426525.8711447466,4572683.831997055,-618.1798318112035,1587.5223465281542,-618.4380017493293,-6.6974870128652775,-0.6260399124908128,-6.697713014642665,17262.445078715646,0.0,0.19676087423338548,2.0472243320962105,2260733.6602814426,594.7464688871885
278100.0,4572467.556080054,426684.6202487555,4572621.954708077,-618.8495876365196,1587.4597292056746,-619.1077801732367,-6.697629514902235,-0.6263065638696305,-6.697855484949149,17262.445078715646,0.0,0.19676087423338548,2.0472243320962105,2260733.6602814426,594.7464688871885
278200.0,4572405.637632905,426843.3630896986,4572560.010440544,-619.5193577184613,1587.3970852100024,-619.7775728505959,-6.6977721452595995,-0.6265733765911892,-6.697998083558831,17262.445078715646,0.0,0.19676087423338548,2.0472243320962105,2260733.6602814426,594.7464688871885
278300.0,4572343.652208034,427002.09966490784,4572497.999193031,-620.1891420698248,1587.3344145249284,-620.4473797942013,-6.6979149032187815,-0.6268403521526236,-6.698140809752871,17262.445078715646,0.0,0.19676087423338548,2.0472243320962105,2260733.6602814426,594.7464688871885
278400.0,4572281.599804014,427160.8299717134,4572435.92096411,-620.8589407033342,1587.2717171340933,-621.117201016775,-6.698057788051494,-0.6271074920692463,-6.698283662802728,17262.445078715646,0.0,0.19676087423338548,2.0472243320962105,2260733.6602814426,594.7464688871885
278500.0,4572219.480419416,427319.55400744395,4572373.775752352,-621.5287536316397,1587.208993020985,-621.7870365309657,-6.698200799019646,-0.6273747978747892,-6.698426641970052,17262.445078715646,0.0,0.19676087423338548,2.0472243320962105,2260733.6602814426,594.7464688871885
278600.0,4572157.29405281,427478.27176942636,4572311.563556327,-622.1985808673177,1587.146242168937,-622.4568863493479,-6.698343935375176,-0.6276422711216417,-6.698569746506526,17262.445078715646,0.0,0.19676087423338548,2.0472243320962105,2260733.6602814426,594.7464688871885
278700.0,4572095.040702765,427636.9832549859,4572249.284374604,-622.868422422869,1587.083464561127,-623.1267504844207,-6.698487196359928,-0.6279099133810968,-6.69871297565373,17262.445078715646,0.0,0.19676087423338548,2.0472243320962105,2260733.6602814426,594.7464688871885
278800.0,4572032.720367848,427795.68846144615,4572186.938205752,-623.5382783107183,1587.020660180574,-623.7966289486067,-6.698630581205521,-0.6281777262435996,-6.698856328643017,17262.445078715646,0.0,0.19676087423338548,2.0472243320962105,2260733.6602814426,594.7464688871885
278900.0,4571970.333046624,427954.387386129,4572124.525048336,-624.2081485432128,1586.9578290101376,-624.4665217542513,-6.698774089133195,-0.6284457113189986,-6.698999804695358,17262.445078715646,0.0,0.19676087423338548,2.0472243320962105,2260733.6602814426,594.7464688871885
279000.0,4571907.87873766,428113.0800263546,4572062.044900922,-624.8780331326213,1586.8949710325153,-625.1364289136214,-6.698917719353667,-0.6287138702367996,-6.699143403021201,17262.445078715646,0.0,0.19676087423338548,2.0472243320962105,2260733.6602814426,594.7464688871885
279100.0,4571845.357439519,428271.7663794413,4571999.497762075,-625.5479320911332,1586.8320862302405,-625.8063504389046,-6.699061471067,-0.628982204646427,-6.699287122820329,17262.445078715646,0.0,0.19676087423338548,2.0472243320962105,2260733.6602814426,594.7464688871885
279200.0,4571782.769150763,428430.44644270587,4571936.883630356,-626.2178454308574,1586.7691745856807,-626.4762863422076,-6.6992053434624275,-0.6292507162174814,-6.699430963281699,17262.445078715646,0.0,0.19676087423338548,2.0472243320962105,2260733.6602814426,594.7464688871885
279300.0,4571720.113869953,428589.1202134631,4571874.202504327,-626.8877731638211,1586.7062360810353,-627.1462366355556,-6.6993493357182405,-0.6295194066400107,-6.6995749235833175,17262.445078715646,0.0,0.19676087423338548,2.0472243320962105,2260733.6602814426,594.7464688871885
279400.0,4571657.3915956495,428747.7876890261,4571811.454382548,-627.5577153019686,1586.643270698334,-627.8162013308912,-6.699493447001598,-0.6297882776247743,-6.699719002892059,17262.445078715646,0.0,0.19676087423338548,2.0472243320962105,2260733.6602814426,594.7464688871885
279500.0,4571594.602326412,428906.44886670617,4571748.63926358,-628.2276718571608,1586.5802784194339,-628.4861804400729,-6.699637676468396,-0.6300573309035198,-6.699863200363529,17262.445078715646,0.0,0.19676087423338548,2.0472243320962105,2260733.6602814426,594.7464688871885
279600.0,4571531.746060797,429065.1037438128,4571685.757145979,-628.8976428411733,1586.5172592260183,-629.1561739748742,-6.699782023263111,-0.6303265682292594,-6.7000075151419125,17262.445078715646,0.0,0.19676087423338548,2.0472243320962105,2260733.6602814426,594.7464688871885
279700.0,4571468.822797362,429223.7523176536,4571622.808028304,-629.5676282656955,1586.454213099594,-629.8261819469825,-6.69992648651862,-0.6305959913765479,-6.700151946359787,17262.445078715646,0.0,0.19676087423338548,2.0472243320962105,2260733.6602814426,594.7464688871885
279800.0,4571405.8325346615,429382.39458553435,4571559.791909109,-630.2376281423298,1586.391140021489,-630.4962043679981,-6.700071065356062,-0.6308656021417711,-6.700296493137993,17262.445078715646,0.0,0.19676087423338548,2.0472243320962105,2260733.6602814426,594.7464688871885
279900.0,4571342.775271251,429541.0305447589,4571496.708786949,-630.9076424825897,1586.328039972851,-631.1662412494325,-6.700215758884675,-0.6311354023434322,-6.700441154585461,17262.445078715646,0.0,0.19676087423338548,2.0472243320962105,2260733.6602814426,594.7464688871885
280000.0,4571279.651005683,429699.66019262926,4571433.558660377,-631.5776712978995,1586.2649129346444,-631.8362926027074,-6.700360566201606,-0.6314053938224449,-6.7005859297990344,17262.445078715646,0.0,0.19676087423338548,2.0472243320962105,2260733.6602814426,594.7464688871885
280100.0,4571216.459736508,429858.2835264455,4571370.341527945,-632.2477145995924,1586.2017588876486,-632.5063584391539,-6.700505486391766,-0.6316755784424294,-6.700730817863308,17262.445078715646,0.0,0.19676087423338548,2.0472243320962105,2260733.6602814426,594.7464688871885
280200.0,4571153.201462279,430016.90054350585,4571307.057388206,-632.9177723989094,1586.1385778124552,-633.1764387700108,-6.700650518527653,-0.631945958090015,-6.700875817850466,17262.445078715646,0.0,0.19676087423338548,2.0472243320962105,2260733.6602814426,594.7464688871885
280300.0,4571089.876181545,430175.51124110643,4571243.706239708,-633.5878447069981,1586.075369689466,-633.8465336064235,-6.700795661669173,-0.6322165346751424,-6.701020928820094,17262.445078715646,0.0,0.19676087423338548,2.0472243320962105,2260733.6602814426,594.7464688871885
280400.0,4571026.483892853,430334.1156165415,4571180.288081001,-634.2579315349117,1586.012134498891,-634.5166429594425,-6.700940914863468,-0.6324873101313744,-6.701166149819013,17262.445078715646,0.0,0.19676087423338548,2.0472243320962105,2260733.6602814426,594.7464688871885
280500.0,4570963.024594753,430492.71366710326,4571116.8029106315,-634.9280328936071,1585.9488722207454,-635.1867668400226,-6.701086277144742,-0.6327582864162101,-6.701311479881092,17262.445078715646,0.0,0.19676087423338548,2.0472243320962105,2260733.6602814426,594.7464688871885
280600.0,4570899.49828579,430651.305390082,4571053.250727148,-635.5981487939442,1585.8855828348476,-635.8569052590215,-6.701231747534073,-0.633029465511401,-6.701456918027083,17262.445078715646,0.0,0.19676087423338548,2.0472243320962105,2260733.6602814426,594.7464688871885
280700.0,4570835.904964509,430809.8907827659,4570989.631529095,-636.2682792466844,1585.822266320816,-636.5270582271978,-6.701377325039234,-0.6333008494232752,-6.701602463264422,17262.445078715646,0.0,0.19676087423338548,2.0472243320962105,2260733.6602814426,594.7464688871885
280800.0,4570772.244629456,430968.4698424412,4570925.945315017,-636.9384242624891,1585.7589226580678,-637.1972257552105,-6.701523008654497,-0.6335724401830608,-6.701748114587038,17262.445078715646,0.0,0.19676087423338548,2.0472243320962105,2260733.6602814426,594.7464688871885
280900.0,4570708.517279171,431127.0425663919,4570862.192083458,-637.6085838519184,1585.6955518258158,-637.8674078536174,-6.7016687973604725,-0.6338442398472234,-6.701893870975199,17262.445078715646,0.0,0.19676087423338548,2.0472243320962105,2260733.6602814426,594.7464688871885
281000.0,4570644.722912199,431285.6089519,4570798.37183296,-638.2787580254299,1585.6321538030654,-638.5376045328733,-6.701814690123877,-0.6341162504977952,-6.702039731395272,17262.445078715646,0.0,0.19676087423338548,2.0472243320962105,2260733.6602814426,594.7464688871885
281100.0,4570580.86152708,431444.1689962454,4570734.484562065,-638.9489467933769,1585.568728568613,-639.2078158033293,-6.701960685897368,-0.6343884742427192,-6.702185694799564,17262.445078715646,0.0,0.19676087423338548,2.0472243320962105,2260733.6602814426,594.7464688871885
281200.0,4570516.933122354,431602.72269670595,4570670.530269314,-639.6191501660076,1585.5052761010427,-639.8780416752306,-6.702106783619337,-0.6346609132161946,-6.702331760126101,17262.445078715646,0.0,0.19676087423338548,2.0472243320962105,2260733.6602814426,594.7464688871885
281300.0,4570452.937696559,431761.27005055716,4570606.5089532435,-640.2893681534631,1585.4417963787237,-640.548282158716,-6.702252982213712,-0.6349335695790271,-6.702477926298453,17262.445078715646,0.0,0.19676087423338548,2.0472243320962105,2260733.6602814426,594.7464688871885
281400.0,4570388.875248236,431919.81105507247,4570542.420612394,-640.9596007657764,1585.3782893798077,-641.2185372638155,-6.702399280589752,-0.6352064455189829,-6.702624192225512,17262.445078715646,0.0,0.19676087423338548,2.0472243320962105,2260733.6602814426,594.7464688871885
281500.0,4570324.7457759185,432078.34570752317,4570478.265245303,-641.6298480128703,1585.3147550822268,-641.8888070004494,-6.702545677641828,-0.6354795432511477,-6.702770556801277,17262.445078715646,0.0,0.19676087423338548,2.0472243320962105,2260733.6602814426,594.7464688871885
281600.0,4570260.549278145,432236.8740051782,4570414.042850506,-642.3001099045566,1585.2511934636898,-642.5590913784267,-6.702692172249253,-0.6357528650182979,-6.702917018904685,17262.445078715646,0.0,0.19676087423338548,2.0472243320962105,2260733.6602814426,594.7464688871885
281700.0,4570196.285753449,432395.3959453044,4570349.753426539,-642.9703864505342,1585.1876045016797,-643.2293904074435,-6.702838763276021,-0.6360264130912618,-6.703063577399349,17262.445078715646,0.0,0.19676087423338548,2.0472243320962105,2260733.6602814426,594.7464688871885
281800.0,4570131.955200366,432553.9115251663,4570285.396971935,-643.6406776603875,1585.1239881734514,-643.8997040970813,-6.702985449570629,-0.6363001897693039,-6.7032102311333785,17262.445078715646,0.0,0.19676087423338548,2.0472243320962105,2260733.6602814426,594.7464688871885
281900.0,4570067.557617428,432712.4207420261,4570220.97348523,-644.310983543585,1585.0603444560281,-644.570032456806,-6.703132229965835,-0.6365741973804995,-6.703356978939143,17262.445078715646,0.0,0.19676087423338548,2.0472243320962105,2260733.6602814426,594.7464688871885
282000.0,4570003.093003168,432870.92359314376,4570156.482964954,-644.981304109478,1584.996673326199,-645.2403754959655,-6.703279103278449,-0.636848438282122,-6.703503819633053,17262.445078715646,0.0,0.19676087423338548,2.0472243320962105,2260733.6602814426,594.7464688871885
282100.0,4569938.561356116,433029.4200757768,4570091.925409641,-645.651639367298,1584.932974760516,-645.910733223789,-6.703426068309105,-0.6371229148610378,-6.703650752015346,17262.445078715646,0.0,0.19676087423338548,2.0472243320962105,2260733.6602814426,594.7464688871885
282200.0,4569873.962674804,433187.9101871805,4570027.30081782,-646.3219893261564,1584.8692487352905,-646.5811056493844,-6.703573123842032,-0.6373976295340996,-6.703797774869843,17262.445078715646,0.0,0.19676087423338548,2.0472243320962105,2260733.6602814426,594.7464688871885
282300.0,4569809.296957761,433346.3939246077,4569962.609188021,-646.992353995042,1584.8054952265911,-647.2514927817376,-6.703720268644823,-0.6376725847485503,-6.703944886963724,17262.445078715646,0.0,0.19676087423338548,2.0472243320962105,2260733.6602814426,594.7464688871885
282400.0,4569744.564203515,433504.8712853089,4569897.850518773,-647.6627333828194,1584.7417142102402,-647.9218946297102,-6.703867501468203,-0.637947782982432,-6.704092087047298,17262.445078715646,0.0,0.19676087423338548,2.0472243320962105,2260733.6602814426,594.7464688871885
282500.0,4569679.764410594,433663.34226653207,4569833.024808604,-648.3331274982274,1584.6779056618104,-648.5923112020379,-6.704014821045783,-0.6382232267449991,-6.704239373853757,17262.445078715646,0.0,0.19676087423338548,2.0472243320962105,2260733.6602814426,594.7464688871885
282600.0,4569614.897577524,433821.80686552275,4569768.132056042,-649.0035363498775,1584.6140695566223,-649.2627425073289,-6.70416222609382,-0.6384989185771371,-6.704386746098928,17262.445078715646,0.0,0.19676087423338548,2.0472243320962105,2260733.6602814426,594.7464688871885
282700.0,4569549.963702832,433980.265079524,4569703.172259611,-649.6739599462519,1584.5502058697405,-649.9331885540622,-6.704309715310984,-0.6387748610517924,-6.70453420248105,17262.445078715646,0.0,0.19676087423338548,2.0472243320962105,2260733.6602814426,594.7464688871885
282800.0,4569484.962785043,434138.71690577647,4569638.145417838,-650.3443982957015,1584.4863145759705,-650.6036493505857,-6.704457287378085,-0.6390510567743982,-6.704681741680496,17262.445078715646,0.0,0.19676087423338548,2.0472243320962105,2260733.6602814426,594.7464688871885
282900.0,4569419.89482268,434297.16234151815,4569573.051529248,-651.0148514064446,1584.422395649856,-651.2741249051143,-6.704604940957848,-0.6393275083833186,-6.704829362359545,17262.445078715646,0.0,0.19676087423338548,2.0472243320962105,2260733.6602814426,594.7464688871885
283000.0,4569354.759814269,434455.6013839845,4569507.890592365,-651.6853192865649,1584.3584490656754,-651.9446152257284,-6.70475267469463,-0.6396042185502873,-6.7049770631621035,17262.445078715646,0.0,0.19676087423338548,2.0472243320962105,2260733.6602814426,594.7464688871885
283100.0,4569289.55775833,434614.0340304085,4569442.66260571,-652.3558019440096,1584.2944747974373,-652.6151203203717,-6.704900487214183,-0.6398811899808627,-6.705124842713474,17262.445078715646,0.0,0.19676087423338548,2.0472243320962105,2260733.6602814426,594.7464688871885
283200.0,4569224.288653387,434772.4602780203,4569377.367567807,-653.0262993865874,1584.230472818879,-653.2856401968496,-6.705048377123372,-0.6401584254148804,-6.705272699620055,17262.445078715646,0.0,0.19676087423338548,2.0472243320962105,2260733.6602814426,594.7464688871885
283300.0,4569158.95249796,434930.8801240477,4569312.005477178,-653.6968116219668,1584.1664431034617,-653.9561748628272,-6.705196343009912,-0.6404359276269185,-6.705420632469097,17262.445078715646,0.0,0.19676087423338548,2.0472243320962105,2260733.6602814426,594.7464688871885
283400.0,4569093.5492905695,435089.29356571555,4569246.576332342,-654.3673386576743,1584.1023856243673,-654.6267243258271,-6.705344383442114,-0.6407136994267698,-6.705568639828438,17262.445078715646,0.0,0.19676087423338548,2.0472243320962105,2260733.6602814426,594.7464688871885
283500.0,4569028.079029735,435247.7006002462,4569181.0801318195,-655.0378805010918,1584.0383003544953,-655.2972885932281,-6.705492496968571,-0.640991743659912,-6.705716720246191,17262.445078715646,0.0,0.19676087423338548,2.0472243320962105,2260733.6602814426,594.7464688871885
283600.0,4568962.541713975,435406.1012248592,4569115.51687413,-655.7084371594555,1583.9741872664583,-655.9678676722626,-6.705640682117915,-0.6412700632079967,-6.705864872250506,17262.445078715646,0.0,0.19676087423338548,2.0472243320962105,2260733.6602814426,594.7464688871885
283700.0,4568896.937341809,435564.4954367713,4569049.886557791,-656.3790086398532,1583.9100463325794,-656.6384615700148,-6.7057889373985065,-0.6415486609893357,-6.706013094349245,17262.445078715646,0.0,0.19676087423338548,2.0472243320962105,2260733.6602814426,594.7464688871885
283800.0,4568831.265911753,435722.88323319657,4568984.189181322,-657.0495949492225,1583.8458775248876,-657.3090702934186,-6.705937261298172,-0.6418275399594023,-6.706161385029746,17262.445078715646,0.0,0.19676087423338548,2.0472243320962105,2260733.6602814426,594.7464688871885
283900.0,4568765.527422325,435881.2646113462,4568918.424743239,-657.720196094349,1583.7816808151147,-657.9796938492557,-6.706085652283882,-0.6421067031113294,-6.706309742758469,17262.445078715646,0.0,0.19676087423338548,2.0472243320962105,2260733.6602814426,594.7464688871885
284000.0,4568699.72187204,436039.63956842857,4568852.593242058,-658.3908120818637,1583.7174561746915,-658.6503322441534,-6.706234108801475,-0.6423861534764252,-6.7064581659807425,17262.445078715646,0.0,0.19676087423338548,2.0472243320962105,2260733.6602814426,594.7464688871885
284100.0,4568633.849259414,436198.0081016492,4568786.694676295,-659.0614429182413,1583.6532035747434,-659.3209854845825,-6.706382629275341,-0.6426658941246906,-6.706606653120444,17262.445078715646,0.0,0.19676087423338548,2.0472243320962105,2260733.6602814426,594.7464688871885
284200.0,4568567.909582961,436356.3702082106,4568720.729044465,-659.7320886097975,1583.588922986087,-659.9916535768549,-6.706531212108143,-0.6429459281653446,-6.706755202579704,17262.445078715646,0.0,0.19676087423338548,2.0472243320962105,2260733.6602814426,594.7464688871885
284300.0,4568501.902841196,436514.7258853125,4568654.696345084,-660.4027491626877,1583.5246143792258,-660.6623365271217,-6.7066798556804645,-0.6432262587473574,-6.706903812738587,17262.445078715646,0.0,0.19676087423338548,2.0472243320962105,2260733.6602814426,594.7464688871885
284400.0,4568435.829032633,436673.0751301515,4568588.596576665,-661.0734245829036,1583.4602777243465,-661.3330343413712,-6.706828558350533,-0.6435068890599924,-6.70705248195477,17262.445078715646,0.0,0.19676087423338548,2.0472243320962105,2260733.6602814426,594.7464688871885
284500.0,4568369.688155784,436831.41793992143,4568522.429737721,-661.7441148762722,1583.395912991315,-662.0037470254258,-6.706977318453874,-0.643787822333354,-6.707201208563247,17262.445078715646,0.0,0.19676087423338548,2.0472243320962105,2260733.6602814426,594.7464688871885
284600.0,4568303.480209162,436989.75431181287,4568456.195826764,-662.4148200484526,1583.331520149672,-662.6744745849406,-6.707126134303002,-0.6440690618389435,-6.707349990875969,17262.445078715646,0.0,0.19676087423338548,2.0472243320962105,2260733.6602814426,594.7464688871885
284700.0,4568237.205191279,437148.0842430134,4568389.894842308,-663.085540104934,1583.267099168629,-663.3452170254008,-6.707275004187088,-0.6443506108902265,-6.707498827181556,17262.445078715646,0.0,0.19676087423338548,2.0472243320962105,2260733.6602814426,594.7464688871885
284800.0,4568170.863100645,437306.40773070755,4568323.526782863,-663.7562750510334,1583.2026500170641,-664.0159743521189,-6.707423926371614,-0.6446324728432005,-6.707647715744922,17262.445078715646,0.0,0.19676087423338548,2.0472243320962105,2260733.6602814426,594.7464688871885
284900.0,4568104.453935772,437464.7247720767,4568257.09164694,-664.4270248918931,1583.1381726635173,-664.686746570233,-6.707572899098047,-0.6449146510969794,-6.70779665480696,17262.445078715646,0.0,0.19676087423338548,2.0472243320962105,2260733.6602814426,594.7464688871885
285000.0,4568037.97769517,437623.0353642991,4568190.589433052,-665.0977896324783,1583.0736670761867,-665.3575336847041,-6.707721920583501,-0.6451971490943829,-6.7079456425842015,17262.445078715646,0.0,0.19676087423338548,2.0472243320962105,2260733.6602814426,594.7464688871885
285100.0,4567971.434377349,437781.33950454975,4568124.020139706,-665.7685692775749,1583.009133222924,-666.0283357003134,-6.7078709890203525,-0.6454799703225288,-6.7080946772684396,17262.445078715646,0.0,0.19676087423338548,2.0472243320962105,2260733.6602814426,594.7464688871885
285200.0,4567904.823980818,437939.6371900004,4568057.383765414,-666.4393638317864,1582.94457107123,-666.6991526216602,-6.708020102575934,-0.645763118313446,-6.7082437570264055,17262.445078715646,0.0,0.19676087423338548,2.0472243320962105,2260733.6602814426,594.7464688871885
285300.0,4567838.1465040855,438097.9284178196,4567990.680308685,-667.1101732995321,1582.87998058825,-667.3699844531592,-6.708169259392129,-0.6460465966446824,-6.708392879999382,17262.445078715646,0.0,0.19676087423338548,2.0472243320962105,2260733.6602814426,594.7464688871885
285400.0,4567771.401945661,438256.2131851726,4567923.909768026,-667.7809976850441,1582.815361740769,-668.0408311990378,-6.708318457585047,-0.6463304089399345,-6.708542044302869,17262.445078715646,0.0,0.19676087423338548,2.0472243320962105,2260733.6602814426,594.7464688871885
285500.0,4567704.5903040515,438414.49148922117,4567857.072141947,-668.4518369923647,1582.7507144952076,-668.7116928633338,-6.70846769524462,-0.6466145588696741,-6.708691248026173,17262.445078715646,0.0,0.19676087423338548,2.0472243320962105,2260733.6602814426,594.7464688871885
285600.0,4567637.711577765,438572.7633271239,4567790.167428956,-669.122691225344,1582.6860388176167,-669.3825694498926,-6.70861697043424,-0.6468990501517934,-6.708840489232066,17262.445078715646,0.0,0.19676087423338548,2.0472243320962105,2260733.6602814426,594.7464688871885
285700.0,4567570.765765308,438731.0286960358,4567723.19562756,-669.7935603876372,1582.6213346736733,-670.0534609623643,-6.7087662811903845,-0.6471838865522551,-6.708989765956382,17262.445078715646,0.0,0.19676087423338548,2.0472243320962105,2260733.6602814426,594.7464688871885
285800.0,4567503.75286519,438889.28759310854,4567656.156736266,-670.4644444827014,1582.5566020286753,-670.7243674042014,-6.708915625522209,-0.6474690718857509,-6.709139076207635,17262.445078715646,0.0,0.19676087423338548,2.0472243320962105,2260733.6602814426,594.7464688871885
285900.0,4567436.672875915,439047.5400154903,4567589.050753581,-671.1353435137936,1582.4918408475364,-671.3952887786561,-6.709065001411171,-0.6477546100163715,-6.709288417966632,17262.445078715646,0.0,0.19676087423338548,2.0472243320962105,2260733.6602814426,594.7464688871885
286000.0,4567369.52579599,439205.7859603257,4567521.8776780125,-671.8062574839673,1582.4270510947817,-672.0662250887768,-6.709214406810626,-0.6480405048582882,-6.709437789186064,17262.445078715646,0.0,0.19676087423338548,2.0472243320962105,2260733.6602814426,594.7464688871885
286100.0,4567302.31162392,439364.0254247557,4567454.637508065,-672.4771863960702,1582.3622327345422,-672.7371763374061,-6.709363839645411,-0.6483267603764372,-6.709587187790102,17262.445078715646,0.0,0.19676087423338548,2.0472243320962105,2260733.6602814426,594.7464688871885
286200.0,4567235.030358212,439522.2584059178,4567387.330242246,-673.1481302527409,1582.29738573055,-673.4081425271776,-6.709513297811451,-0.6486133805872223,-6.709736611673988,17262.445078715646,0.0,0.19676087423338548,2.0472243320962105,2260733.6602814426,594.7464688871885
286300.0,4567167.681997371,439680.4849009458,4567319.9558790615,-673.8190890564059,1582.2325100461328,-674.0791236605126,-6.709662779175328,-0.6489003695592213,-6.709886058703618,17262.445078715646,0.0,0.19676087423338548,2.0472243320962105,2260733.6602814426,594.7464688871885
286400.0,4567100.266539902,439838.7049069698,4567252.514417016,-674.4900628092772,1582.1676056442088,-674.7501197396177,-6.709812281573865,-0.649187731413907,-6.71003552671512,17262.445078715646,0.0,0.19676087423338548,2.0472243320962105,2260733.6602814426,594.7464688871885
286500.0,4567032.783984311,439996.91842111613,4567185.005854615,-675.1610515133488,1582.1026724872816,-675.4211307664818,-6.709961802813682,-0.6494754703263748,-6.710185013514408,17262.445078715646,0.0,0.19676087423338548,2.0472243320962105,2260733.6602814426,594.7464688871885
286600.0,4566965.234329102,440155.1254405075,4567117.430190364,-675.8320551703938,1582.0377105374341,-676.0921567428727,-6.710111340670778,-0.6497635905260833,-6.710334516876763,17262.445078715646,0.0,0.19676087423338548,2.0472243320962105,2260733.6602814426,594.7464688871885
286700.0,4566897.617572779,440313.3259622626,4567049.787422768,-676.5030737819617,1581.972719756324,-676.7631976703341,-6.710260892890078,-0.6500520962976072,-6.710484034546388,17262.445078715646,0.0,0.19676087423338548,2.0472243320962105,2260733.6602814426,594.7464688871885
286800.0,4566829.933713847,440471.5199834964,4566982.077550331,-677.1741073493744,1581.9077001051776,-677.4342535501827,-6.710410457184977,-0.6503409919813936,-6.710633564235945,17262.445078715646,0.0,0.19676087423338548,2.0472243320962105,2260733.6602814426,594.7464688871885
286900.0,4566762.18275081,440629.70750132,4566914.300571559,-677.8451558737239,1581.842651544784,-678.1053243835047,-6.710560031236894,-0.65063028197454,-6.710783103626106,17262.445078715646,0.0,0.19676087423338548,2.0472243320962105,2260733.6602814426,594.7464688871885
287000.0,4566694.364682173,440787.88851284044,4566846.456484956,-678.5162193558687,1581.7775740354905,-678.7764101711529,-6.710709612694802,-0.650919970731575,-6.710932650365094,17262.445078715646,0.0,0.19676087423338548,2.0472243320962105,2260733.6602814426,594.7464688871885
287100.0,4566626.47950644,440946.0630151608,4566778.545289027,-679.1872977964304,1581.7124675371952,-679.4475109137431,-6.710859199174755,-0.6512100627652527,-6.711082202068198,17262.445078715646,0.0,0.19676087423338548,2.0472243320962105,2260733.6602814426,594.7464688871885
287200.0,4566558.527222116,441104.2310053802,4566710.566982275,-679.8583911957905,1581.6473320093426,-680.1186266116514,-6.711008788259416,-0.6515005626473611,-6.711231756317305,17262.445078715646,0.0,0.19676087423338548,2.0472243320962105,2260733.6602814426,594.7464688871885
287300.0,4566490.507827703,441262.39248059364,4566642.521563206,-680.5294995540875,1581.5821674109166,-680.7897572650098,-6.711158377497576,-0.6517914750095415,-6.7113813106604265,17262.445078715646,0.0,0.19676087423338548,2.0472243320962105,2260733.6602814426,594.7464688871885
287400.0,4566422.421321706,441420.547437892,4566574.409030324,-681.2006228712124,1581.516973700435,-681.4609028737038,-6.711307964403648,-0.652082804544115,-6.711530862611179,17262.445078715646,0.0,0.19676087423338548,2.0472243320962105,2260733.6602814426,594.7464688871885
287500.0,4566354.26770263,441578.69587436196,4566506.229382133,-681.8717611468065,1581.4517508359436,-682.1320634373684,-6.711457546457164,-0.6523745560049239,-6.711680409648289,17262.445078715646,0.0,0.19676087423338548,2.0472243320962105,2260733.6602814426,594.7464688871885
287600.0,4566286.046968978,441736.83778708597,4566437.982617138,-682.542914380257,1581.3864987750094,-682.8032389553846,-6.711607121102298,-0.6526667342081927,-6.711829949215117,17262.445078715646,0.0,0.19676087423338548,2.0472243320962105,2260733.6602814426,594.7464688871885
287700.0,4566217.759119255,441894.9731731423,4566369.668733844,-683.2140825706937,1581.3212174747146,-683.4744294268761,-6.711756685747318,-0.6529593440333887,-6.711979478719106,17262.445078715646,0.0,0.19676087423338548,2.0472243320962105,2260733.6602814426,594.7464688871885
287800.0,4566149.404151965,442053.10202960484,4566301.287730754,-683.8852657169855,1581.2559068916505,-684.1456348507054,-6.711906237764073,-0.6532523904241019,-6.712128995531263,17262.445078715646,0.0,0.19676087423338548,2.0472243320962105,2260733.6602814426,594.7464688871885
287900.0,4566080.982065612,442211.2243535431,4566232.839606375,-684.5564638177367,1581.1905669819107,-684.8168552254705,-6.712055774487471,-0.6535458783889404,-6.712278496985651,17262.445078715646,0.0,0.19676087423338548,2.0472243320962105,2260733.6602814426,594.7464688871885
288000.0,4566012.492858702,442369.3401420222,4566164.324359211,-685.2276768712832,1581.1251977010845,-685.4880905495006,-6.7122052932149305,-0.6538398130024325,-6.712427980378826,17262.445078715646,0.0,0.19676087423338548,2.0472243320962105,2260733.6602814426,594.7464688871885
288100.0,4565943.93652974,442527.4493921028,4566095.741987768,-685.8989048756886,1581.0597990042506,-686.1593408208529,-6.712354791205829,-0.654134199405945,-6.712577442969302,17262.445078715646,0.0,0.19676087423338548,2.0472243320962105,2260733.6602814426,594.7464688871885
288200.0,4565875.313077229,442685.552100841,4566027.092490549,-686.5701478287406,1580.99437084597,-686.8306060373084,-6.7125042656809715,-0.6544290428086186,-6.712726881976991,17262.445078715646,0.0,0.19676087423338548,2.0472243320962105,2260733.6602814426,594.7464688871885
288300.0,4565806.6224996755,442843.6482652884,4565958.375866062,-687.241405727947,1580.9289131802796,-687.5018861963682,-6.712653713821992,-0.6547243484883075,-6.712876294582642,17262.445078715646,0.0,0.19676087423338548,2.0472243320962105,2260733.6602814426,594.7464688871885
288400.0,4565737.864795585,443001.7378824919,4565889.592112812,-687.912678570532,1580.863425960685,-688.1731812952496,-6.712803132770807,-0.6550201217925415,-6.713025677927261,17262.445078715646,0.0,0.19676087423338548,2.0472243320962105,2260733.6602814426,594.7464688871885
288500.0,4565669.039963463,443159.8209494938,4565820.741229305,-688.5839663534316,1580.797909140153,-688.8444913308817,-6.712952519629023,-0.6553163681395,-6.713175029111534,17262.445078715646,0.0,0.19676087423338548,2.0472243320962105,2260733.6602814426,594.7464688871885
288600.0,4565600.148001816,443317.89746333164,4565751.823214048,-689.2552690732902,1580.7323626711059,-689.515816299902,-6.7131018714573525,-0.6556130930189972,-6.713324345195247,17262.445078715646,0.0,0.19676087423338548,2.0472243320962105,2260733.6602814426,594.7464688871885
288700.0,4565531.188909151,443475.96742103813,4565682.838065547,-689.9265867264561,1580.6667865054128,-690.1871561986515,-6.713251185275014,-0.6559103019934842,-6.713473623196672,17262.445078715646,0.0,0.19676087423338548,2.0472243320962105,2260733.6602814426,594.7464688871885
288800.0,4565462.162683973,443634.0308196412,4565613.78578231,-690.5979193089775,1580.6011805943829,-690.8585110231711,-6.713400458059115,-0.6562080006990665,-6.713622860091966,17262.445078715646,0.0,0.19676087423338548,2.0472243320962105,2260733.6602814426,594.7464688871885
288900.0,4565393.069324791,443792.08765616384,4565544.666362845,-691.269266816598,1580.5355448887583,-691.5298807691975,-6.713549686744042,-0.6565061948465309,-6.713772052814539,17262.445078715646,0.0,0.19676087423338548,2.0472243320962105,2260733.6602814426,594.7464688871885
289000.0,4565323.908830113,443950.1379276241,4565475.4798056595,-691.9406292447527,1580.469879338706,-692.201265432158,-6.713698868220845,-0.6568048902224001,-6.713921198254468,17262.445078715646,0.0,0.19676087423338548,2.0472243320962105,2260733.6602814426,594.7464688871885
289100.0,4565254.681198445,444108.18163103506,4565406.226109262,-692.6120065885635,1580.4041838938108,-692.8726650071673,-6.713847999336574,-0.6571040926899846,-6.714070293257802,17262.445078715646,0.0,0.19676087423338548,2.0472243320962105,2260733.6602814426,594.7464688871885
289200.0,4565185.3864282975,444266.21876340464,4565336.905272161,-693.2833988428348,1580.338458503067,-693.5440794890219,-6.713997076893655,-0.6574038081904653,-6.714219334625963,17262.445078715646,0.0,0.19676087423338548,2.0472243320962105,2260733.6602814426,594.7464688871885
289300.0,4565116.02451818,444424.24932173576,4565267.5172928665,-693.9548060020489,1580.2727031148709,-694.2155088721966,-6.71414609764923,-0.6577040427439858,-6.714368319115068,17262.445078715646,0.0,0.19676087423338548,2.0472243320962105,2260733.6602814426,594.7464688871885
289400.0,4565046.595466601,444582.273303026,4565198.062169889,-694.6262280603617,1580.206917677013,-694.8869531508393,-6.714295058314479,-0.6580048024507597,-6.714517243435265,17262.445078715646,0.0,0.19676087423338548,2.0472243320962105,2260733.6602814426,594.7464688871885
289500.0,4564977.099272071,444740.29070426774,4565128.53990174,-695.2976650115977,1580.1411021366696,-695.5584123187668,-6.714443955553969,-0.6583060934921986,-6.714666104250071,17262.445078715646,0.0,0.19676087423338548,2.0472243320962105,2260733.6602814426,594.7464688871885
289600.0,4564907.5359331025,444898.30152244814,4565058.950486929,-695.9691168492456,1580.0752564403947,-696.2298863694598,-6.714592785984935,-0.6586079221320494,-6.714814898175658,17262.445078715646,0.0,0.19676087423338548,2.0472243320962105,2260733.6602814426,594.7464688871885
289700.0,4564837.905448206,445056.3057545488,4564989.293923969,-696.6405835664534,1580.0093805341119,-696.9013752960581,-6.714741546176608,-0.6589102947175574,-6.714963621780177,17262.445078715646,0.0,0.19676087423338548,2.0472243320962105,2260733.6602814426,594.7464688871885
289800.0,4564768.207815894,445214.3033975461,4564919.570211374,-697.3120651560237,1579.9434743631055,-697.5728790913558,-6.7148902326494975,-0.6592132176806381,-6.71511227158305,17262.445078715646,0.0,0.19676087423338548,2.0472243320962105,2260733.6602814426,594.7464688871885
289900.0,4564698.44303468,445372.29444841074,4564849.779347656,-697.9835616104084,1579.8775378720127,-698.2443977477969,-6.7150388418746765,-0.6595166975390719,-6.7152608440542405,17262.445078715646,0.0,0.19676087423338548,2.0472243320962105,2260733.6602814426,594.7464688871885
290000.0,4564628.6111030765,445530.278904108,4564779.92133133,-698.6550729217043,1579.8115710048144,-698.9159312574697,-6.715187370273046,-0.6598207408977145,-6.715409335613529,17262.445078715646,0.0,0.19676087423338548,2.0472243320962105,2260733.6602814426,594.7464688871885
290100.0,4564558.7120196,445688.2567615973,4564709.99616091,-699.3265990816478,1579.7455737048267,-699.5874796121016,-6.715335814214603,-0.660125354449724,-6.715557742629774,17262.445078715646,0.0,0.19676087423338548,2.0472243320962105,2260733.6602814426,594.7464688871885
290200.0,4564488.745782766,445846.2280178326,4564640.0038349135,-699.9981400816094,1579.679545914692,-700.2590428030547,-6.715484170017688,-0.6604305449778093,-6.715706061420164,17262.445078715646,0.0,0.19676087423338548,2.0472243320962105,2260733.6602814426,594.7464688871885
290300.0,4564418.71239109,446004.192669762,4564569.944351856,-700.6696959125891,1579.6134875763696,-700.9306208213203,-6.7156324339482,-0.6607363193554896,-6.7158542882494325,17262.445078715646,0.0,0.19676087423338548,2.0472243320962105,2260733.6602814426,594.7464688871885
290400.0,4564348.61184309,446162.1507143277,4564499.817710255,-701.3412665652105,1579.5473986311272,-701.6022136575131,-6.715780602218853,-0.6610426845483834,-6.716002419329106,17262.445078715646,0.0,0.19676087423338548,2.0472243320962105,2260733.6602814426,594.7464688871885
290500.0,4564278.444137284,446320.10214846605,4564429.623908631,-702.0128520297162,1579.481279019531,-702.2738213018664,-6.71592867098837,-0.6613496476155084,-6.716150450816711,17262.445078715646,0.0,0.19676087423338548,2.0472243320962105,2260733.6602814426,594.7464688871885
290600.0,4564208.209272191,446478.0469691074,4564359.362945502,-702.6844522959617,1579.4151286814367,-702.9454437442267,-6.716076636360686,-0.6616572157106027,-6.716298378814968,17262.445078715646,0.0,0.19676087423338548,2.0472243320962105,2260733.6602814426,594.7464688871885
290700.0,4564137.907246332,446635.9851731761,4564289.034819389,-703.3560673534101,1579.3489475559797,-703.617080974048,-6.716224494384144,-0.6619653960834653,-6.716446199370982,17262.445078715646,0.0,0.19676087423338548,2.0472243320962105,2260733.6602814426,594.7464688871885
290800.0,4564067.538058228,446793.9167575903,4564218.639528814,-704.0276971911267,1579.282735581566,-704.2887329803859,-6.716372241050657,-0.6622741960813189,-6.716593908475422,17262.445078715646,0.0,0.19676087423338548,2.0472243320962105,2260733.6602814426,594.7464688871885
290900.0,4563997.101706401,446951.841719262,4564148.177072301,-704.6993417977728,1579.2164926958612,-704.9603997518925,-6.716519872294882,-0.6625836231501872,-6.716741502061679,17262.445078715646,0.0,0.19676087423338548,2.0472243320962105,2260733.6602814426,594.7464688871885
291000.0,4563926.598189376,447109.760055097,4564077.647448372,-705.3710011616008,1579.1502188357822,-705.6320812768103,-6.716667383993367,-0.6628936848363005,-6.716888976005017,17262.445078715646,0.0,0.19676087423338548,2.0472243320962105,2260733.6602814426,594.7464688871885
291100.0,4563856.027505677,447267.6717619946,4564007.050655554,-706.0426752704473,1579.0839139374852,-706.303777542966,-6.716814771963689,-0.6632043887875142,-6.717036326121711,17262.445078715646,0.0,0.19676087423338548,2.0472243320962105,2260733.6602814426,594.7464688871885
291200.0,4563785.389653831,447425.57683684776,4563936.386692373,-706.7143641117278,1579.0175779363576,-706.9754885377656,-6.716962031963579,-0.6635157427547552,-6.717183548168178,17262.445078715646,0.0,0.19676087423338548,2.0472243320962105,2260733.6602814426,594.7464688871885
291300.0,4563714.684632364,447583.47527654294,4563865.655557357,-707.3860676724308,1578.9512107670055,-707.6472142481872,-6.717109159690023,-0.6638277545934819,-6.717330637840061,17262.445078715646,0.0,0.19676087423338548,2.0472243320962105,2260733.6602814426,594.7464688871885
291400.0,4563643.912439805,447741.36707796,4563794.857249034,-708.0577859391112,1578.8848123632447,-708.3189546607756,-6.7172561507783755,-0.6641404322651762,-6.717477590771364,17262.445078715646,0.0,0.19676087423338548,2.0472243320962105,2260733.6602814426,594.7464688871885
291500.0,4563573.073074686,447899.25223797216,4563723.991765935,-708.7295188978844,1578.8183826580891,-708.9907097616359,-6.717403000801428,-0.664453783838847,-6.717624402533506,17262.445078715646,0.0,0.19676087423338548,2.0472243320962105,2260733.6602814426,594.7464688871885
291600.0,4563502.166535537,448057.13075344596,4563653.059106592,-709.4012665344197,1578.751921583741,-709.662479536427,-6.717549705268479,-0.6647678174925641,-6.717771068634391,17262.445078715646,0.0,0.19676087423338548,2.0472243320962105,2260733.6602814426,594.7464688871885
291700.0,4563431.192820891,448215.002621241,4563582.059269539,-710.0730288339345,1578.6854290715785,-710.3342639703556,-6.717696259624396,-0.6650825415150083,-6.717917584517479,17262.445078715646,0.0,0.19676087423338548,2.0472243320962105,2260733.6602814426,594.7464688871885
291800.0,4563360.151929282,448372.86783821,4563510.99225331,-710.744805781187,1578.6189050521457,-711.0060630481693,-6.717842659248647,-0.6653979643070533,-6.718063945560807,17262.445078715646,0.0,0.19676087423338548,2.0472243320962105,2260733.6602814426,594.7464688871885
291900.0,4563289.043859246,448530.72640119883,4563439.858056442,-711.4165973604703,1578.552349455141,-711.6778767541502,-6.717988899454324,-0.6657140943833586,-6.71821014707602,17262.445078715646,0.0,0.19676087423338548,2.0472243320962105,2260733.6602814426,594.7464688871885
292000.0,4563217.868609322,448688.5783070461,4563368.656677472,-712.0884035556055,1578.4857622094053,-712.3497050721085,-6.718134975487165,-0.6660309403739993,-6.718356184307379,17262.445078715646,0.0,0.19676087423338548,2.0472243320962105,2260733.6602814426,594.7464688871885
292100.0,4563146.626178049,448846.4235525833,4563297.388114941,-712.7602243499347,1578.4191432429109,-713.0215479853749,-6.718280882524535,-0.6663485110261135,-6.718502052430766,17262.445078715646,0.0,0.19676087423338548,2.0472243320962105,2260733.6602814426,594.7464688871885
292200.0,4563075.316563966,449004.26213463483,4563226.052367389,-713.4320597263143,1578.3524924827493,-713.6934054767946,-6.718426615674404,-0.66666681520557,-6.718647746552642,17262.445078715646,0.0,0.19676087423338548,2.0472243320962105,2260733.6602814426,594.7464688871885
292300.0,4563003.939765617,449162.0940500176,4563154.64943336,-714.1039096671079,1578.2858098551194,-714.36527752872,-6.71857216997432,-0.6669858618986716,-6.718793261709023,17262.445078715646,0.0,0.19676087423338548,2.0472243320962105,2260733.6602814426,594.7464688871885
292400.0,4562932.495781547,449319.9192955411,4563083.179311399,-714.7757741541797,1578.2190952853155,-715.0371641230031,-6.718717540390345,-0.6673056602138734,-6.718938592864416,17262.445078715646,0.0,0.19676087423338548,2.0472243320962105,2260733.6602814426,594.7464688871885
292500.0,4562860.984610302,449477.7378680074,4563011.642000052,-715.4476531688864,1578.1523486977148,-715.7090652409893,-6.718862721815994,-0.667626219383536,-6.719083734910768,17262.445078715646,0.0,0.19676087423338548,2.0472243320962105,2260733.6602814426,594.7464688871885
292600.0,4562789.40625043,449635.5497642108,4562940.037497868,-716.1195466920706,1578.0855700157651,-716.380980863509,-6.719007709071141,-0.6679475487656963,-6.719228682666354,17262.445078715646,0.0,0.19676087423338548,2.0472243320962105,2260733.6602814426,594.7464688871885
292700.0,4562717.760700481,449793.35498093814,4562868.365803396,-716.7914547040532,1578.018759161972,-717.052910970871,-6.719152496900918,-0.6682696578458698,-6.719373430874696,17262.445078715646,0.0,0.19676087423338548,2.0472243320962105,2260733.6602814426,594.7464688871885
292800.0,4562646.047959007,449951.15351496823,4562796.626915191,-717.4633771846256,1577.9519160578857,-717.7248555428547,-6.719297079974593,-0.6685925562388776,-6.719517974203418,17262.445078715646,0.0,0.19676087423338548,2.0472243320962105,2260733.6602814426,594.7464688871885
292900.0,4562574.268024563,450108.9453630721,4562724.820831806,-718.1353141130427,1577.885040624089,-718.3968145587022,-6.719441452884442,-0.668916253690707,-6.719662307243136,17262.445078715646,0.0,0.19676087423338548,2.0472243320962105,2260733.6602814426,594.7464688871885
293000.0,4562502.420895704,450266.73052201275,4562652.947551799,-718.8072654680143,1577.818132780183,-719.0687879971109,-6.719585610144573,-0.6692407600803859,-6.719806424506278,17262.445078715646,0.0,0.19676087423338548,2.0472243320962105,2260733.6602814426,594.7464688871885
293100.0,4562430.506570989,450424.5089885451,4562581.007073727,-719.4792312276978,1577.7511924447747,-719.7407758362255,-6.719729546189776,-0.6695660854219041,-6.719950320425923,17262.445078715646,0.0,0.19676087423338548,2.0472243320962105,2260733.6602814426,594.7464688871885
293200.0,4562358.52504898,450582.2807594159,4562508.999396153,-720.1512113696903,1577.684219535462,-720.4127780536298,-6.719873255374308,-0.6698922398661432,-6.720093989354598,17262.445078715646,0.0,0.19676087423338548,2.0472243320962105,2260733.6602814426,594.7464688871885
293300.0,4562286.476328237,450740.0458313636,4562436.924517638,-720.8232058710198,1577.6172139688217,-721.0847946263391,-6.7200167319707,-0.6702192337028551,-6.720237425563076,17262.445078715646,0.0,0.19676087423338548,2.0472243320962105,2260733.6602814426,594.7464688871885
293400.0,4562214.360407327,450897.80420111824,4562364.78243675,-721.4952147081378,1577.5501756603942,-721.7568255307914,-6.7201599701685195,-0.6705470773626555,-6.720380623239153,17262.445078715646,0.0,0.19676087423338548,2.0472243320962105,2260733.6602814426,594.7464688871885
293500.0,4562142.177284818,451055.5558654014,4562292.573152055,-722.1672378569104,1577.4831045246694,-722.4288707428393,-6.720302964073119,-0.6708757814190524,-6.720523576486372,17262.445078715646,0.0,0.19676087423338548,2.0472243320962105,2260733.6602814426,594.7464688871885
293600.0,4562069.92695928,451213.30082092603,4562220.296662125,-722.8392752926101,1577.4160004750734,-723.1009302377416,-6.720445707704376,-0.6712053565905072,-6.720666279322784,17262.445078715646,0.0,0.19676087423338548,2.0472243320962105,2260733.6602814426,594.7464688871885
293700.0,4561997.609429285,451371.03906439635,4562147.952965532,-723.5113269899067,1577.3488634239523,-723.7730039901546,-6.720588194995397,-0.6715358137425238,-6.7208087256796425,17262.445078715646,0.0,0.19676087423338548,2.0472243320962105,2260733.6602814426,594.7464688871885
293800.0,4561925.224693408,451528.7705925078,4562075.542060853,-724.1833929228594,1577.2816932825585,-724.4450919741231,-6.720730419791209,-0.671867163889771,-6.720950909400095,17262.445078715646,0.0,0.19676087423338548,2.0472243320962105,2260733.6602814426,594.7464688871885
293900.0,4561852.772750227,451686.4954019468,4562003.063946664,-724.8554730649071,1577.2144899610357,-725.117194163072,-6.720872375847444,-0.6721994181982363,-6.721092824237868,17262.445078715646,0.0,0.19676087423338548,2.0472243320962105,2260733.6602814426,594.7464688871885
294000.0,4561780.253598322,451844.21348939097,4561930.518621548,-725.5275673888598,1577.147253368403,-725.7893105297968,-6.721014056828972,-0.6725325879874081,-6.721234463855897,17262.445078715646,0.0,0.19676087423338548,2.0472243320962105,2260733.6602814426,594.7464688871885
294100.0,4561707.667236277,452001.9248515084,4561857.906084087,-726.1996758668895,1577.0799834125398,-726.461441046455,-6.721155456308539,-0.6728666847325006,-6.721375821824972,17262.445078715646,0.0,0.19676087423338548,2.0472243320962105,2260733.6602814426,594.7464688871885
294200.0,4561635.013662677,452159.62948495825,4561785.2263328675,-726.8717984705208,1577.0126800001703,-727.1335856845562,-6.72129656776537,-0.6732017200666992,-6.721516891622335,17262.445078715646,0.0,0.19676087423338548,2.0472243320962105,2260733.6602814426,594.7464688871885
294300.0,4561562.292876112,452317.32738639007,4561712.479366479,-727.5439351706215,1576.9453430368474,-727.8057444149533,-6.721437384583756,-0.6735377057834491,-6.721657666630257,17262.445078715646,0.0,0.19676087423338548,2.0472243320962105,2260733.6602814426,594.7464688871885
294400.0,4561489.504875174,452475.01855244406,4561639.665183515,-728.2160859373927,1576.877972426936,-728.4779172078323,-6.721577900051635,-0.6738746538387825,-6.72179814013464,17262.445078715646,0.0,0.19676087423338548,2.0472243320962105,2260733.6602814426,594.7464688871885
294500.0,4561416.649658456,452632.7029797507,4561566.78378257,-728.8882507403598,1576.8105680735978,-729.1501040327032,-6.721718107359093,-0.674212576353662,-6.721938305323498,17262.445078715646,0.0,0.19676087423338548,2.0472243320962105,2260733.6602814426,594.7464688871885
294600.0,4561343.727224559,452790.38066493074,4561493.835162242,-729.5604295483622,1576.7431298787737,-729.8223048583897,-6.721857999596937,-0.6745514856163844,-6.722078155285536,17262.445078715646,0.0,0.19676087423338548,2.0472243320962105,2260733.6602814426,594.7464688871885
294700.0,4561270.737572081,452948.0516045951,4561420.819321132,-730.2326223295432,1576.6756577431677,-730.4945196530192,-6.721997569755129,-0.6748913940849951,-6.7222176830085925,17262.445078715646,0.0,0.19676087423338548,2.0472243320962105,2260733.6602814426,594.7464688871885
294800.0,4561197.680699629,453105.7157953447,4561347.7362578465,-730.9048290513402,1576.608151566229,-731.1667483840131,-6.722136810721313,-0.6752323143897674,-6.722356881378155,17262.445078715646,0.0,0.19676087423338548,2.0472243320962105,2260733.6602814426,594.7464688871885
294900.0,4561124.5566058075,453263.37323377025,4561274.585970992,-731.577049680474,1576.5406112461353,-731.838991018076,-6.722275715279223,-0.6755742593356885,-6.722495743175767,17262.445078715646,0.0,0.19676087423338548,2.0472243320962105,2260733.6602814426,594.7464688871885
295000.0,4561051.36528923,453421.02391645237,4561201.368459181,-732.2492841829386,1576.4730366797746,-732.5112475211852,-6.722414276107124,-0.6759172419050085,-6.7226342610774745,17262.445078715646,0.0,0.19676087423338548,2.0472243320962105,2260733.6602814426,594.7464688871885
295100.0,4560978.10674851,453578.6678399612,4561128.083721027,-732.9215325239903,1576.4054277627283,-733.1835178585807,-6.722552485776211,-0.6762612752598166,-6.722772427652225,17262.445078715646,0.0,0.19676087423338548,2.0472243320962105,2260733.6602814426,594.7464688871885
295200.0,4560904.780982265,453736.30500085634,4561054.731755149,-733.5937946681374,1576.337784389252,-733.8558019947535,-6.722690336748965,-0.6766063727446534,-6.722910235360217,17262.445078715646,0.0,0.19676087423338548,2.0472243320962105,2260733.6602814426,594.7464688871885
295300.0,4560831.387989118,453893.9353956869,4560981.312560169,-734.2660705791288,1576.2701064522576,-734.5280998934355,-6.7228278213775265,-0.6769525478891734,-6.723047676551282,17262.445078715646,0.0,0.19676087423338548,2.0472243320962105,2260733.6602814426,594.7464688871885
295400.0,4560757.927767692,454051.55902099103,4560907.826134712,-734.938360219943,1576.202393843295,-735.2004115175879,-6.722964931901991,-0.6772998144108369,-6.723184743463167,17262.445078715646,0.0,0.19676087423338548,2.0472243320962105,2260733.6602814426,594.7464688871885
295500.0,4560684.400316617,454209.1758732961,4560834.272477409,-735.6106635527767,1576.134646452533,-735.8727368293897,-6.723101660448718,-0.6776481862176487,-6.723321428219854,17262.445078715646,0.0,0.19676087423338548,2.0472243320962105,2260733.6602814426,594.7464688871885
295600.0,4560610.805634527,454366.78594911844,4560760.651586891,-736.2829805390339,1576.066864168739,-736.5450757902271,-6.723237999028588,-0.6779976774109375,-6.723457722829814,17262.445078715646,0.0,0.19676087423338548,2.0472243320962105,2260733.6602814426,594.7464688871885
295700.0,4560537.143720056,454524.389244963,4560686.963461797,-736.9553111393135,1575.9990468792614,-737.2174283606806,-6.723373939535264,-0.6783483022881817,-6.723593619184263,17262.445078715646,0.0,0.19676087423338548,2.0472243320962105,2260733.6602814426,594.7464688871885
295800.0,4560463.414571846,454681.9857573236,4560613.208100767,-737.6276553133978,1575.931194470009,-737.8897945005145,-6.723509473743372,-0.6787000753458629,-6.72372910905535,17262.445078715646,0.0,0.19676087423338548,2.0472243320962105,2260733.6602814426,594.7464688871885
295900.0,4560389.618188541,454839.5754826825,4560539.385502446,-738.3000130202407,1575.8633068254298,-738.5621741686641,-6.72364459330671,-0.6790530112823846,-6.723864184094361,17262.445078715646,0.0,0.19676087423338548,2.0472243320962105,2260733.6602814426,594.7464688871885
296000.0,4560315.754568792,454997.1584175103,4560465.495665484,-738.9723842179554,1575.7953838284932,-739.2345673232235,-6.7237792897564,-0.6794071250010196,-6.72399883582986,17262.445078715646,0.0,0.19676087423338548,2.0472243320962105,2260733.6602814426,594.7464688871885
296100.0,4560241.82371125,455154.73455826583,4560391.538588534,-739.6447688638019,1575.7274253606668,-739.9069739214335,-6.723913554498993,-0.6797624316129041,-6.7241330556658205,17262.445078715646,0.0,0.19676087423338548,2.0472243320962105,2260733.6602814426,594.7464688871885
296200.0,4560167.8256145725,455312.30390139605,4560317.5142702535,-740.3171669141744,1575.659431301897,-740.5793939196693,-6.724047378814607,-0.6801189464400916,-6.724266834879734,17262.445078715646,0.0,0.19676087423338548,2.0472243320962105,2260733.6602814426,594.7464688871885
296300.0,4560093.760277422,455469.8664433358,4560243.422709305,-740.989578324589,1575.5914015305873,-741.2518272734271,-6.724180753854944,-0.6804766850186247,-6.724400164620647,17262.445078715646,0.0,0.19676087423338548,2.0472243320962105,2260733.6602814426,594.7464688871885
296400.0,4560019.627698464,455627.4221805076,4560169.2639043555,-741.6620030496704,1575.5233359235767,-741.9242739373117,-6.724313670641358,-0.680835663101684,-6.724533035907213,17262.445078715646,0.0,0.19676087423338548,2.0472243320962105,2260733.6602814426,594.7464688871885
296500.0,4559945.42787637,455784.9711093218,4560095.037854075,-742.3344410431386,1575.455234356118,-742.596733865023,-6.724446120062856,-0.6811958966627737,-6.72466543962571,17262.445078715646,0.0,0.19676087423338548,2.0472243320962105,2260733.6602814426,594.7464688871885
296600.0,4559871.160809815,455942.513226176,4560020.744557141,-743.006892257796,1575.3870967018552,-743.2692070093431,-6.72457809287406,-0.6815574018989391,-6.724797366527984,17262.445078715646,0.0,0.19676087423338548,2.0472243320962105,2260733.6602814426,594.7464688871885
296700.0,4559796.826497479,456100.048527455,4559946.384012234,-743.6793566455137,1575.3189228328017,-743.9416933221221,-6.724709579693146,-0.6819201952340667,-6.724928807229403,17262.445078715646,0.0,0.19676087423338548,2.0472243320962105,2260733.6602814426,594.7464688871885
296800.0,4559722.424938048,456257.577009531,4559871.95621804,-744.3518341572177,1575.2507126193168,-744.614192754265,-6.724840570999775,-0.6822842933222063,-6.725059752206769,17262.445078715646,0.0,0.19676087423338548,2.0472243320962105,2260733.6602814426,594.7464688871885
296900.0,4559647.956130212,456415.098668763,4559797.461173248,-745.0243247428747,1575.1824659300828,-745.2867052557174,-6.724971057132936,-0.6826497130509539,-6.725190191796184,17262.445078715646,0.0,0.19676087423338548,2.0472243320962105,2260733.6602814426,594.7464688871885
297000.0,4559573.420072665,456572.61350149673,4559722.898876554,-745.6968283514784,1575.1141826320813,-745.9592307754513,-6.725101028288808,-0.6830164715448918,-6.725320116190896,17262.445078715646,0.0,0.19676087423338548,2.0472243320962105,2260733.6602814426,594.7464688871885
297100.0,4559498.816764109,456730.12150406465,4559648.269326661,-746.369344931035,1575.0458625905696,-746.6317692614508,-6.725230474518561,-0.6833845861690712,-6.725449515439099,17262.445078715646,0.0,0.19676087423338548,2.0472243320962105,2260733.6602814426,594.7464688871885
297200.0,4559424.146203248,456887.62267278554,4559573.572522272,-747.0418744285482,1574.9775056690564,-747.3043206606977,-6.725359385726123,-0.6837540745325551,-6.725578379441701,17262.445078715646,0.0,0.19676087423338548,2.0472243320962105,2260733.6602814426,594.7464688871885
297300.0,4559349.4083887935,457045.11700396455,4559498.8084621,-747.7144167900049,1574.909111729277,-747.9768849191562,-6.725487751665932,-0.6841249544920167,-6.725706697950082,17262.445078715646,0.0,0.19676087423338548,2.0472243320962105,2260733.6602814426,594.7464688871885
297400.0,4559274.603319462,457202.6044938928,4559423.977144862,-748.3869719603595,1574.8406806311682,-748.6494619817581,-6.7256155619405975,-0.6844972441553782,-6.725834460563751,17262.445078715646,0.0,0.19676087423338548,2.0472243320962105,2260733.6602814426,594.7464688871885
297500.0,4559199.730993976,457360.08513884747,4559349.078569279,-749.0595398835193,1574.772212232844,-749.3220517923875,-6.725742805998608,-0.6848709618855323,-6.725961656728049,17262.445078715646,0.0,0.19676087423338548,2.0472243320962105,2260733.6602814426,594.7464688871885
297600.0,4559124.791411062,457517.55893509125,4559274.11273408,-749.7321205023285,1574.7037063905684,-749.9946542938652,-6.725869473131945,-0.6852461263040993,-6.726088275731762,17262.445078715646,0.0,0.19676087423338548,2.0472243320962105,2260733.6602814426,594.7464688871885
297700.0,4559049.784569453,457675.02587887255,4559199.079638,-750.4047137585527,1574.635162958731,-750.667269427933,-6.725995552473638,-0.6856227562952377,-6.726214306704687,17262.445078715646,0.0,0.19676087423338548,2.0472243320962105,2260733.6602814426,594.7464688871885
297800.0,4558974.710467891,457832.4859664251,4559123.979279776,-751.0773195928628,1574.5665817898189,-751.3398971352376,-6.726121032995365,-0.6860008710095442,-6.726339738615217,17262.445078715646,0.0,0.19676087423338548,2.0472243320962105,2260733.6602814426,594.7464688871885
297900.0,4558899.569105118,457989.9391939677,4559048.811658155,-751.7499379448183,1574.4979627343912,-752.0125373553143,-6.726245903504919,-0.686380489867973,-6.726464560267818,17262.445078715646,0.0,0.19676087423338548,2.0472243320962105,2260733.6602814426,594.7464688871885
298000.0,4558824.360479887,458147.3855577041,4558973.57677189,-752.4225687528516,1574.4293056410509,-752.6851900265707,-6.72637015264371,-0.6867616325658493,-6.726588760300517,17262.445078715646,0.0,0.19676087423338548,2.0472243320962105,2260733.6602814426,594.7464688871885
298100.0,4558749.084590955,458304.82505382283,4558898.274619737,-753.0952119542507,1574.3606103564177,-753.3578550862696,-6.726493768884175,-0.6871443190769246,-6.72671232718233,17262.445078715646,0.0,0.19676087423338548,2.0472243320962105,2260733.6602814426,594.7464688871885
298200.0,4558673.741437085,458462.2576784971,4558822.905200461,-753.7678674851421,1574.2918767251,-754.0305324705123,-6.726616740527179,-0.6875285696575052,-6.726835249210649,17262.445078715646,0.0,0.19676087423338548,2.0472243320962105,2260733.6602814426,594.7464688871885
298300.0,4558598.331017049,458619.68342788436,4558747.468512833,-754.440535280474,1574.2231045896663,-754.7032221142209,-6.72673905569935,-0.6879144048506314,-6.726957514508573,17262.445078715646,0.0,0.19676087423338548,2.0472243320962105,2260733.6602814426,594.7464688871885
298400.0,4558522.853329623,458777.10229812626,4558671.964555631,-755.1132152739982,1574.1542937906156,-755.3759239511213,-6.72686070235039,-0.6883018454903361,-6.727079111022236,17262.445078715646,0.0,0.19676087423338548,2.0472243320962105,2260733.6602814426,594.7464688871885
298500.0,4558447.30837359,458934.51428534836,4558596.3933276385,-755.7859073982526,1574.0854441663494,-756.048637913725,-6.726981668250348,-0.6886909127059678,-6.727200026518058,17262.445078715646,0.0,0.19676087423338548,2.0472243320962105,2260733.6602814426,594.7464688871885
298600.0,4558371.696147741,459091.9193856599,4558520.754827647,-756.458611584543,1574.0165555531412,-756.7213639333107,-6.727101940986806,-0.6890816279265576,-6.7273202485799475,17262.445078715646,0.0,0.19676087423338548,2.0472243320962105,2260733.6602814426,594.7464688871885
298700.0,4558296.016650873,459249.3175951538,4558445.049054452,-757.1313277629247,1573.9476277851065,-757.3941019399067,-6.72722150796209,-0.6894740128852906,-6.727439764606497,17262.445078715646,0.0,0.19676087423338548,2.0472243320962105,2260733.6602814426,594.7464688871885
298800.0,4558220.269881791,459406.70890990616,4558369.276006861,-757.804055862184,1573.878660694172,-758.0668518622714,-6.727340356390367,-0.689868089624012,-6.727558561808091,17262.445078715646,0.0,0.19676087423338548,2.0472243320962105,2260733.6602814426,594.7464688871885
298900.0,4558144.455839306,459564.09332597617,4558293.435683684,-758.4767958098189,1573.8096541100442,-758.739613627875,-6.7274584732947424,-0.6902638804978274,-6.727676627204,17262.445078715646,0.0,0.19676087423338548,2.0472243320962105,2260733.6602814426,594.7464688871885
299000.0,4558068.574522237,459721.47083940596,4558217.528083743,-759.14954753202,1573.7406078601791,-759.4123871628797,-6.727575845504294,-0.6906614081797627,-6.727793947619407,17262.445078715646,0.0,0.19676087423338548,2.0472243320962105,2260733.6602814426,594.7464688871885
299100.0,4557992.625929411,459878.8414462202,4558141.553205862,-759.8223109536513,1573.6715217697486,-760.0851723921206,-6.727692459651041,-0.691060695665489,-6.727910509682385,17262.445078715646,0.0,0.19676087423338548,2.0472243320962105,2260733.6602814426,594.7464688871885
299200.0,4557916.61005966,460036.20514242596,4558065.511048877,-760.4950859982295,1573.6023956616089,-760.7579692390856,-6.727808302166913,-0.691461766278143,-6.728026299820858,17262.445078715646,0.0,0.19676087423338548,2.0472243320962105,2260733.6602814426,594.7464688871885
299300.0,4557840.526911827,460193.56192401255,4557989.401611629,-761.1678725879048,1573.5332293562672,-761.4307776258951,-6.727923359280606,-0.6918646436731991,-6.728141304259458,17262.445078715646,0.0,0.19676087423338548,2.0472243320962105,2260733.6602814426,594.7464688871885
299400.0,4557764.37648476,460350.91178695124,4557913.224892969,-761.8406706434398,1573.4640226718486,-762.1035974732816,-6.7280376170144445,-0.6922693518434295,-6.728255509016395,17262.445078715646,0.0,0.19676087423338548,2.0472243320962105,2260733.6602814426,594.7464688871885
299500.0,4557688.158777318,460508.25472719484,4557836.980891755,-762.5134800841889,1573.394775424062,-762.7764287005695,-6.728151061181158,-0.6926759151239382,-6.728368899900214,17262.445078715646,0.0,0.19676087423338548,2.0472243320962105,2260733.6602814426,594.7464688871885
299600.0,4557611.873788366,460665.5907406777,4557760.669606852,-763.1863008280773,1573.3254874261645,-763.4492712256526,-6.728263677380624,-0.6930843581972729,-6.728481462506551,17262.445078715646,0.0,0.19676087423338548,2.0472243320962105,2260733.6602814426,594.7464688871885
299700.0,4557535.5215167785,460822.91982331546,4557684.291037136,-763.8591327915791,1573.2561584889286,-764.1221249649743,-6.728375450996545,-0.6934947060986169,-6.728593182214809,17262.445078715646,0.0,0.19676087423338548,2.0472243320962105,2260733.6602814426,594.7464688871885
299800.0,4557459.101961437,460980.2419710045,4557607.845181488,-764.5319758896961,1573.1867884206044,-764.7949898335045,-6.72848636719308,-0.6939069842210595,-6.728704044184782,17262.445078715646,0.0,0.19676087423338548,2.0472243320962105,2260733.6602814426,594.7464688871885
299900.0,4557382.615121232,461137.5571796221,4557531.332038801,-765.2048300359353,1573.1173770268854,-765.4678657447181,-6.72859641091142,-0.6943212183209524,-6.728814033353239,17262.445078715646,0.0,0.19676087423338548,2.0472243320962105,2260733.6602814426,594.7464688871885
300000.0,4557306.060995065,461294.86544502585,4557454.751607974,-765.8776951422865,1573.0479241108706,-766.1407526105723,-6.728705566866315,-0.6947374345233452,-6.728923134430435,17262.445078715646,0.0,0.19676087423338548,2.0472243320962105,2260733.6602814426,594.7464688871885
300100.0,4557229.439581842,461452.16676305357,4557378.103887917,-766.5505711191995,1572.9784294730277,-766.813650341484,-6.728813819542529,-0.6951556593275091,-6.729031331896584,17262.445078715646,0.0,0.19676087423338548,2.0472243320962105,2260733.6602814426,594.7464688871885
300200.0,4557152.750880482,461609.461129523,4557301.388877546,-767.2234578755609,1572.908892911156,-767.4865588463064,-6.728921153191243,-0.6955759196125371,-6.729138609998243,17262.445078715646,0.0,0.19676087423338548,2.0472243320962105,2260733.6602814426,594.7464688871885
300300.0,4557075.99488991,461766.7485402315,4557224.606575791,-767.8963553186709,1572.8393142203474,-768.1594780323054,-6.729027551826422,-0.6959982426430515,-6.729244952744691,17262.445078715646,0.0,0.19676087423338548,2.0472243320962105,2260733.6602814426,594.7464688871885
300400.0,4556999.171609065,461924.02899095585,4557147.756981587,-768.5692633542185,1572.769693192948,-768.832407805136,-6.729132999221085,-0.6964226560749773,-6.729350343904192,17262.445078715646,0.0,0.19676087423338548,2.0472243320962105,2260733.6602814426,594.7464688871885
300500.0,4556922.281036889,462081.30247745186,4557070.84009388,-769.2421818862583,1572.7000296185179,-769.5053480688177,-6.729237478903552,-0.6968491879614225,-6.729454767000241,17262.445078715646,0.0,0.19676087423338548,2.0472243320962105,2260733.6602814426,594.7464688871885
300600.0,4556845.32317234,462238.56899545423,4556993.8559116265,-769.9151108171851,1572.6303232837924,-770.1782987257101,-6.729340974153588,-0.6972778667586337,-6.729558205307707,17262.445078715646,0.0,0.19676087423338548,2.0472243320962105,2260733.6602814426,594.7464688871885
300700.0,4556768.298014382,462395.8285406761,4556916.804433792,-770.5880500477091,1572.5605739726407,-770.8512596764874,-6.729443467998539,-0.697708721332069,-6.729660641848975,17262.445078715646,0.0,0.19676087423338548,2.0472243320962105,2260733.6602814426,594.7464688871885
300800.0,4556691.20556199,462553.0811088089,4556839.685659352,-771.2609994768305,1572.4907814660246,-771.5242308201135,-6.7295449432093495,-0.698141780962537,-6.729762059389952,17262.445078715646,0.0,0.19676087423338548,2.0472243320962105,2260733.6602814426,594.7464688871885
300900.0,4556614.04581415,462710.32669552206,4556762.499587292,-771.9339590018137,1572.4209455419568,-772.1972120538159,-6.729645382296563,-0.6985770753524563,-6.729862440436068,17262.445078715646,0.0,0.19676087423338548,2.0472243320962105,2260733.6602814426,594.7464688871885
301000.0,4556536.818769857,462867.56529646256,4556685.246216608,-772.6069285181609,1572.3510659754584,-772.8702032730592,-6.729744767506216,-0.6990146346321989,-6.729961767228177,17262.445078715646,0.0,0.19676087423338548,2.0472243320962105,2260733.6602814426,594.7464688871885
301100.0,4556459.524428117,463024.7969072548,4556607.925546308,-773.2799079195853,1572.2811425385157,-773.5432043715191,-6.729843080815702,-0.6994544893665311,-6.7300600217384146,17262.445078715646,0.0,0.19676087423338548,2.0472243320962105,2260733.6602814426,594.7464688871885
301200.0,4556382.162787947,463182.0215235002,4556530.537575409,-773.9528970979844,1572.2111750000367,-774.2162152410544,-6.729940303929543,-0.6998966705611702,-6.7301571856659645,17262.445078715646,0.0,0.19676087423338548,2.0472243320962105,2260733.6602814426,594.7464688871885
301300.0,4556304.733848375,463339.239140777,4556453.082302938,-774.6258959434125,1572.1411631258068,-774.8892357716805,-6.730036418275093,-0.7003412096694195,-6.730253240432768,17262.445078715646,0.0,0.19676087423338548,2.0472243320962105,2260733.6602814426,594.7464688871885
301400.0,4556227.23760844,463496.44975463965,4556375.559727936,-775.2989043440523,1572.0711066784427,-775.5622658515406,-6.7301314049981995,-0.7007881385989364,-6.73034816717918,17262.445078715646,0.0,0.19676087423338548,2.0472243320962105,2260733.6602814426,594.7464688871885
301500.0,4556149.674067192,463653.6533606189,4556297.969849453,-775.971922186187,1572.0010054173479,-776.2353053668778,-6.730225244958762,-0.7012374897185865,-6.730441946759527,17262.445078715646,0.0,0.19676087423338548,2.0472243320962105,2260733.6602814426,594.7464688871885
301600.0,4556072.043223692,463810.8499542212,4556220.312666552,-776.6449493541713,1571.9308590986652,-776.9083542020061,-6.730317918726227,-0.701689295865403,-6.7305345597376025,17262.445078715646,0.0,0.19676087423338548,2.0472243320962105,2260733.6602814426,594.7464688871885
301700.0,4555994.3450770145,463968.0395309285,4556142.588178306,-777.317985730402,1571.8606674752307,-777.5814122392811,-6.730409406575024,-0.7021435903516747,-6.730625986382097,17262.445078715646,0.0,0.19676087423338548,2.0472243320962105,2260733.6602814426,594.7464688871885
301800.0,4555916.579626244,464125.22208619775,4556064.796383801,-777.9910311952885,1571.7904302965244,-778.2544793590706,-6.730499688479904,-0.7026004069721188,-6.730716206661942,17262.445078715646,0.0,0.19676087423338548,2.0472243320962105,2260733.6602814426,594.7464688871885
301900.0,4555838.746870477,464282.3976154608,4555986.937282135,-778.6640856272226,1571.720147308623,-778.9275554397238,-6.730588744111228,-0.7030597800111988,-6.730805200241597,17262.445078715646,0.0,0.19676087423338548,2.0472243320962105,2260733.6602814426,594.7464688871885
302000.0,4555760.846808824,464439.5661141239,4555909.010872418,-779.3371489025474,1571.6498182541493,-779.6006403575411,-6.730676552830151,-0.7035217442505148,-6.7308929464762235,17262.445078715646,0.0,0.19676087423338548,2.0472243320962105,2260733.6602814426,594.7464688871885
302100.0,4555682.879440406,464596.7275775674,4555831.0171537725,-780.0102208955267,1571.5794428722236,-780.2737339867426,-6.730763093683759,-0.7039863349763618,-6.730979424406825,17262.445078715646,0.0,0.19676087423338548,2.0472243320962105,2260733.6602814426,594.7464688871885
302200.0,4555604.844764358,464753.8820011453,4555752.956125334,-780.6833014783132,1571.5090208984116,-780.9468361994368,-6.730848345400084,-0.704453587987354,-6.731064612755272,17262.445078715646,0.0,0.19676087423338548,2.0472243320962105,2260733.6602814426,594.7464688871885
302300.0,4555526.742779829,464911.02938018506,4555674.827786251,-781.356390520916,1571.438552064673,-781.619946865588,-6.730932286383092,-0.7049235396022085,-6.731148489919267,17262.445078715646,0.0,0.19676087423338548,2.0472243320962105,2260733.6602814426,594.7464688871885
302400.0,4555448.573485977,465068.1697099872,4555596.632135684,-782.0294878911682,1571.3680360993098,-782.2930658529839,-6.731014894707531,-0.7053962266676331,-6.731231033967212,17262.445078715646,0.0,0.19676087423338548,2.0472243320962105,2260733.6602814426,594.7464688871885
302500.0,4555370.3368819775,465225.3029858247,4555518.369172808,-782.7025934546939,1571.2974727269122,-782.9661930272024,-6.73109614811375,-0.7058716865663417,-6.731312222633012,17262.445078715646,0.0,0.19676087423338548,2.0472243320962105,2260733.6602814426,594.7464688871885
302600.0,4555292.032967018,465382.42920294305,4555440.03889681,-783.3757070748741,1571.2268616683052,-783.6393282515779,-6.731176024002388,-0.7063499572251988,-6.731392033310764,17262.445078715646,0.0,0.19676087423338548,2.0472243320962105,2260733.6602814426,594.7464688871885
302700.0,4555213.661740299,465539.5483565594,4555361.641306894,-784.0488286128127,1571.1562026404931,-784.312471387167,-6.731254499429003,-0.706831077123488,-6.731470443049398,17262.445078715646,0.0,0.19676087423338548,2.0472243320962105,2260733.6602814426,594.7464688871885
302800.0,4555135.223201036,465696.6604418626,4555283.1764022745,-784.7219579273017,1571.085495356605,-784.9856222927135,-6.731331551098603,-0.7073150853013119,-6.731547428547187,17262.445078715646,0.0,0.19676087423338548,2.0472243320962105,2260733.6602814426,594.7464688871885
302900.0,4555056.717348459,465853.7654540125,4555204.644182182,-785.3950948747859,1571.014739525837,-785.6587808246135,-6.731407155360084,-0.7078020213681236,-6.7316229661462,17262.445078715646,0.0,0.19676087423338548,2.0472243320962105,2260733.6602814426,594.7464688871885
303000.0,4554978.144181812,466010.8633881397,4555126.044645861,-786.0682393093267,1570.943934853396,-786.3319468368792,-6.7314812882006025,-0.7082919255114045,-6.73169703182666,17262.445078715646,0.0,0.19676087423338548,2.0472243320962105,2260733.6602814426,594.7464688871885
303100.0,4554899.503700353,466167.95423934516,4555047.377792571,-786.7413910825663,1570.8730810404404,-787.0051201811024,-6.731553925239806,-0.7087848385054561,-6.731769601201184,17262.445078715646,0.0,0.19676087423338548,2.0472243320962105,2260733.6602814426,594.7464688871885
303200.0,4554820.795903356,466325.0380026997,4554968.643621585,-787.4145500436899,1570.8021777840215,-787.6783007064175,-6.73162504172402,-0.7092808017203546,-6.73184064950896,17262.445078715646,0.0,0.19676087423338548,2.0472243320962105,2260733.6602814426,594.7464688871885
303300.0,4554742.020790109,466482.1146732436,4554889.842132195,-788.0877160393886,1570.7312247770237,-788.3514882594643,-6.7316946125203145,-0.7097798571310309,-6.73191015160982,17262.445078715646,0.0,0.19676087423338548,2.0472243320962105,2260733.6602814426,594.7464688871885
303400.0,4554663.178359918,466639.18424598634,4554810.973323705,-788.7608889138208,1570.660221708103,-789.0246826843488,-6.73176261211046,-0.7102820473264899,-6.731978081978184,17262.445078715646,0.0,0.19676087423338548,2.0472243320962105,2260733.6602814426,594.7464688871885
303500.0,4554584.268612103,466796.24671590596,4554732.037195435,-789.4340685085739,1570.589168261626,-789.6978838226054,-6.731829014584835,-0.710787415519214,-6.732044414696974,17262.445078715646,0.0,0.19676087423338548,2.0472243320962105,2260733.6602814426,594.7464688871885
303600.0,4554505.291545998,466953.30207794876,4554653.033746722,-790.1072546626241,1570.5180641176053,-790.3710915131566,-6.731893793636161,-0.7112960055546543,-6.732109123451343,17262.445078715646,0.0,0.19676087423338548,2.0472243320962105,2260733.6602814426,594.7464688871885
303700.0,4554426.247160957,467110.3503270288,4554573.9629769195,-790.7804472122971,1570.4469089516379,-791.0443055922733,-6.731956922553198,-0.7118078619209263,-6.732172181522379,17262.445078715646,0.0,0.19676087423338548,2.0472243320962105,2260733.6602814426,594.7464688871885
303800.0,4554347.135456348,467267.3914580274,4554494.824885396,-791.4536459912267,1570.3757024348392,-791.7175258935343,-6.732018374214304,-0.7123230297586282,-6.732233561780644,17262.445078715646,0.0,0.19676087423338548,2.0472243320962105,2260733.6602814426,594.7464688871885
303900.0,4554267.9564315565,467424.42546579294,4554415.619471539,-792.126850830314,1570.3044442337775,-792.3907522477846,-6.732078121080891,-0.7128415548708186,-6.732293236679643,17262.445078715646,0.0,0.19676087423338548,2.0472243320962105,2260733.6602814426,594.7464688871885
304000.0,4554188.710085985,467581.4523451401,4554336.346734751,-792.8000615576848,1570.2331340104074,-793.0639844830931,-6.732136135190777,-0.7133634837331675,-6.732351178249174,17262.445078715646,0.0,0.19676087423338548,2.0472243320962105,2260733.6602814426,594.7464688871885
304100.0,4554109.396419054,467738.47209084954,4554257.006674453,-793.4732779986475,1570.1617714220015,-793.7372224247106,-6.732192388151457,-0.7138888635042682,-6.732407358088582,17262.445078715646,0.0,0.19676087423338548,2.0472243320962105,2260733.6602814426,594.7464688871885
304200.0,4554030.015430201,467895.4846976674,4554177.599290082,-794.1464999756495,1570.090356121082,-794.4104658950257,-6.732246851133181,-0.7144177420360703,-6.732461747359857,17262.445078715646,0.0,0.19676087423338548,2.0472243320962105,2260733.6602814426,594.7464688871885
304300.0,4553950.56711888,468052.49016030494,4554098.124581096,-794.8197273082328,1570.0188877553512,-795.0837147135213,-6.7322994948620245,-0.7149501678845473,-6.7325143167806925,17262.445078715646,0.0,0.19676087423338548,2.0472243320962105,2260733.6602814426,594.7464688871885
304400.0,4553871.051484566,468209.4884734378,4554018.582546967,-795.4929598129897,1569.9473659676196,-795.7569686967295,-6.732350289612766,-0.715486190320475,-6.732565036617352,17262.445078715646,0.0,0.19676087423338548,2.0472243320962105,2260733.6602814426,594.7464688871885
304500.0,4553791.468526751,468366.4796317057,4553938.9731871905,-796.1661973035172,1569.875790395735,-796.430227658186,-6.732399205201679,-0.7160258593404144,-6.732613876677474,17262.445078715646,0.0,0.19676087423338548,2.0472243320962105,2260733.6602814426,594.7464688871885
304600.0,4553711.818244945,468523.4636297119,4553859.296501276,-796.8394395903703,1569.8041606725085,-797.1034914083843,-6.732446210979205,-0.7165692256778572,-6.732660806302734,17262.445078715646,0.0,0.19676087423338548,2.0472243320962105,2260733.6602814426,594.7464688871885
304700.0,4553632.100638679,468680.4404620227,4553779.552488755,-797.5126864810157,1569.7324764256402,-797.7767597547282,-6.7324912758224835,-0.7171163408145366,-6.732705794361377,17262.445078715646,0.0,0.19676087423338548,2.0472243320962105,2260733.6602814426,594.7464688871885
304800.0,4553552.315707502,468837.410123167,4553699.741149179,-798.185937779784,1569.660737277645,-798.4500325014844,-6.7325343681278005,-0.7176672569919643,-6.732748809240662,17262.445078715646,0.0,0.19676087423338548,2.0472243320962105,2260733.6602814426,594.7464688871885
304900.0,4553472.463450983,468994.37260763545,4553619.862482116,-798.8591932878209,1569.5889428457742,-799.1233094497342,-6.7325754558028645,-0.7182220272230788,-6.732789818839135,17262.445078715646,0.0,0.19676087423338548,2.0472243320962105,2260733.6602814426,594.7464688871885
305000.0,4553392.543868711,469151.3279098804,4553539.9164871555,-799.5324528030378,1569.5170927419395,-799.7965903973235,-6.732614506258992,-0.718780705304155,-6.732828790558812,17262.445078715646,0.0,0.19676087423338548,2.0472243320962105,2260733.6602814426,594.7464688871885
305100.0,4553312.556960296,469308.276024315,4553459.903163909,-800.2057161200628,1569.4451865726328,-800.4698751388137,-6.732651486403131,-0.7193433458268361,-6.732865691297207,17262.445078715646,0.0,0.19676087423338548,2.0472243320962105,2260733.6602814426,594.7464688871885
305200.0,4553232.502725367,469465.21694531274,4553379.822512007,-800.8789830301885,1569.3732239388469,-801.1431634654302,-6.732686362629798,-0.7199100041904192,-6.732900487439258,17262.445078715646,0.0,0.19676087423338548,2.0472243320962105,2260733.6602814426,594.7464688871885
305300.0,4553152.381163578,469622.1506672071,4553299.674531103,-801.5522533213212,1569.3012044359934,-801.816455165011,-6.732719100812826,-0.7204807366142754,-6.732933144849076,17262.445078715646,0.0,0.19676087423338548,2.0472243320962105,2260733.6602814426,594.7464688871885
305400.0,4553072.192274598,469779.0771842906,4553219.4592208695,-802.2255267779284,1569.229127653821,-802.489750021954,-6.732749666297016,-0.7210556001505277,-6.732963628861603,17262.445078715646,0.0,0.19676087423338548,2.0472243320962105,2260733.6602814426,594.7464688871885
305500.0,4552991.9360581245,469935.99649081466,4553139.176581001,-802.8988031809848,1569.1569931763306,-803.1630478171639,-6.732778023889644,-0.7216346526968901,-6.732991904274092,17262.445078715646,0.0,0.19676087423338548,2.0472243320962105,2260733.6602814426,594.7464688871885
305600.0,4552911.612513872,470092.90858098865,4553058.826611215,-803.5720823079191,1569.0848005816904,-803.8363483279978,-6.732804137851806,-0.7222179530097248,-6.733017935337485,17262.445078715646,0.0,0.19676087423338548,2.0472243320962105,2260733.6602814426,594.7464688871885
305700.0,4552831.22164158,470249.8134489795,4552978.409311253,-804.2453639325582,1569.0125494421497,-804.5096513282102,-6.732827971889647,-0.7228055607173018,-6.733041685747612,17262.445078715646,0.0,0.19676087423338548,2.0472243320962105,2260733.6602814426,594.7464688871885
305800.0,4552750.763441009,470406.71108891116,4552897.924680875,-804.9186478250716,1568.940239323951,-805.1829565878973,-6.732849489145429,-0.7233975363332997,-6.733063118636259,17262.445078715646,0.0,0.19676087423338548,2.0472243320962105,2260733.6602814426,594.7464688871885
305900.0,4552670.237911946,470563.60149486375,4552817.372719867,-805.5919337519142,1568.86786978724,-805.8562638734394,-6.732868652188447,-0.7239939412704693,-6.733082196562101,17262.445078715646,0.0,0.19676087423338548,2.0472243320962105,2260733.6602814426,594.7464688871885
306000.0,4552589.645054199,470720.48466087313,4552736.75342804,-806.2652214757691,1568.7954403859762,-806.5295729474441,-6.732885423005799,-0.7245948378545597,-6.733098881501452,17262.445078715646,0.0,0.19676087423338548,2.0472243320962105,2260733.6602814426,594.7464688871885
306100.0,4552508.984867599,470877.36058093037,4552656.066805226,-806.9385107554883,1568.72295066784,-807.202883568687,-6.7328997629930285,-0.725200289338474,-6.733113134838905,17262.445078715646,0.0,0.19676087423338548,2.0472243320962105,2260733.6602814426,594.7464688871885
306200.0,4552428.257352004,471034.2292489809,4552575.312851283,-807.6118013460338,1568.6504001741396,-807.8761954920519,-6.732911632944552,-0.7258103599165888,-6.73312491735777,17262.445078715646,0.0,0.19676087423338548,2.0472243320962105,2260733.6602814426,594.7464688871885
306300.0,4552347.4625072945,471191.09065892384,4552494.491566093,-808.2850929984161,1568.5777884397162,-808.5495084684709,-6.732920993043991,-0.7264251147393873,-6.733134189230389,17262.445078715646,0.0,0.19676087423338548,2.0472243320962105,2260733.6602814426,594.7464688871885
306400.0,4552266.600333378,471347.94480461173,4552413.6029495625,-808.9583854596335,1568.5051149928472,-809.2228222448621,-6.7329278028542925,-0.7270446199282546,-6.733140910008262,17262.445078715646,0.0,0.19676087423338548,2.0472243320962105,2260733.6602814426,594.7464688871885
306500.0,4552185.670830185,471504.7916798494,4552332.647001625,-809.631678472609,1568.4323793551491,-809.8961365640673,-6.732932021307727,-0.7276689425905672,-6.73314503861204,17262.445078715646,0.0,0.19676087423338548,2.0472243320962105,2260733.6602814426,594.7464688871885
306600.0,4552104.673997673,471661.63127839356,4552251.623722239,-810.3049717761269,1568.3595810414774,-810.5694511647886,-6.732933606695684,-0.728298150834972,-6.733146533321324,17262.445078715646,0.0,0.19676087423338548,2.0472243320962105,2260733.6602814426,594.7464688871885
306700.0,4552023.609835829,471818.46359395207,4552170.533111391,-810.978265104768,1568.2867195598262,-811.2427657815233,-6.732932516658326,-0.7289323137869541,-6.733145351764299,17262.445078715646,0.0,0.19676087423338548,2.0472243320962105,2260733.6602814426,594.7464688871885
306800.0,4551942.478344661,471975.2886201833,4552089.375169091,-811.6515581888443,1568.2137944112255,-811.9160801444988,-6.732928708174051,-0.7295715016046465,-6.733141450907216,17262.445078715646,0.0,0.19676087423338548,2.0472243320962105,2260733.6602814426,594.7464688871885
306900.0,4551861.279524209,472132.10635069525,4552008.149895379,-812.3248507543321,1568.1408050896373,-812.5893939796052,-6.732922137548788,-0.7302157854948621,-6.733134787043671,17262.445078715646,0.0,0.19676087423338548,2.0472243320962105,2260733.6602814426,594.7464688871885
307000.0,4551780.013374537,472288.916779045,4551926.857290322,-812.9981425228042,1568.0677510818496,-813.2627070083283,-6.732912760405107,-0.7308652377294228,-6.733125315783711,17262.445078715646,0.0,0.19676087423338548,2.0472243320962105,2260733.6602814426,594.7464688871885
307100.0,4551698.67989574,472445.7198987381,4551845.497354014,-813.6714332113609,1567.9946318673692,-813.93601894768,-6.732900531671161,-0.7315199316617234,-6.733112992042785,17262.445078715646,0.0,0.19676087423338548,2.0472243320962105,2260733.6602814426,594.7464688871885
307200.0,4551617.27908794,472602.5157032274,4551764.070086578,-814.3447225325602,1567.9214469183132,-814.6093295101286,-6.732885405569429,-0.7321799417435817,-6.733097770030466,17262.445078715646,0.0,0.19676087423338548,2.0472243320962105,2260733.6602814426,594.7464688871885
307300.0,4551535.810951289,472759.30418591277,4551682.575488167,-815.0180101943467,1567.8481956992978,-815.2826384035276,-6.732867335605276,-0.7328453435423502,-6.733079603239028,17262.445078715646,0.0,0.19676087423338548,2.0472243320962105,2260733.6602814426,594.7464688871885
307400.0,4551454.275485966,472916.08534014015,4551601.013558962,-815.6912958999792,1567.7748776673254,-815.9559453310434,-6.732846274555329,-0.7335162137583071,-6.733058444431802,17262.445078715646,0.0,0.19676087423338548,2.0472243320962105,2260733.6602814426,594.7464688871885
307500.0,4551372.672692184,473072.8591592008,4551519.384299176,-816.3645793479569,1567.7014922716717,-816.6292499910817,-6.732822174455645,-0.7341926302423123,-6.733034245631351,17262.445078715646,0.0,0.19676087423338548,2.0472243320962105,2260733.6602814426,594.7464688871885
307600.0,4551291.002570183,473229.62563633046,4551437.687709049,-817.0378602319455,1567.6280389537685,-817.302552077213,-6.732794986589688,-0.7348746720137779,-6.733006958107444,17262.445078715646,0.0,0.19676087423338548,2.0472243320962105,2260733.6602814426,594.7464688871885
307700.0,4551209.265120234,473386.38476470864,4551355.923788856,-817.7111382407007,1567.554517147087,-817.9758512780967,-6.732764661476113,-0.7355624192788942,-6.732976532364827,17262.445078715646,0.0,0.19676087423338548,2.0472243320962105,2260733.6602814426,594.7464688871885
307800.0,4551127.460342642,473543.13653745776,4551274.0925389,-818.3844130579913,1567.480926277017,-818.6491472774037,-6.732731148856329,-0.7362559534491722,-6.732942918130795,17262.445078715646,0.0,0.19676087423338548,2.0472243320962105,2260733.6602814426,594.7464688871885
307900.0,4551045.58823774,473699.8809476425,4551192.193959517,-819.057684362521,1567.407265760747,-819.3224397537385,-6.732694397681871,-0.7369553571602959,-6.732906064342554,17262.445078715646,0.0,0.19676087423338548,2.0472243320962105,2260733.6602814426,594.7464688871885
308000.0,4550963.648805897,473856.61798826867,4551110.228051078,-819.7309518278483,1567.3335350071388,-819.9957283805591,-6.732654356101545,-0.7376607142912387,-6.732865919134364,17262.445078715646,0.0,0.19676087423338548,2.0472243320962105,2260733.6602814426,594.7464688871885
308100.0,4550881.642047513,474013.3476522827,4551028.194813981,-820.4042151223064,1567.2597334166046,-820.6690128260962,-6.732610971448368,-0.7383721099837128,-6.7328224298244725,17262.445078715646,0.0,0.19676087423338548,2.0472243320962105,2260733.6602814426,594.7464688871885
308200.0,4550799.567963023,474170.0699325705,4550946.094248663,-821.07747390892,1567.1858603809774,-821.3422927532711,-6.732564190226286,-0.7390896306619504,-6.732775542901832,17262.445078715646,0.0,0.19676087423338548,2.0472243320962105,2260733.6602814426,594.7464688871885
308300.0,4550717.426552894,474326.7848219568,4550863.926355592,-821.7507278453223,1567.1119152833833,-822.0155678196119,-6.732513958096667,-0.7398133640527728,-6.732725204012593,17262.445078715646,0.0,0.19676087423338548,2.0472243320962105,2260733.6602814426,594.7464688871885
308400.0,4550635.217817628,474483.4923132043,4550781.691135272,-822.4239765836702,1567.0378974981095,-822.6888376771686,-6.732460219864576,-0.7405433992060095,-6.732671357946373,17262.445078715646,0.0,0.19676087423338548,2.0472243320962105,2260733.6602814426,594.7464688871885
308500.0,4550552.941757763,474640.1923990124,4550699.388588242,-823.0972197705573,1566.9638063904715,-823.3621019724269,-6.732402919464805,-0.7412798265152087,-6.732613948622269,17262.445078715646,0.0,0.19676087423338548,2.0472243320962105,2260733.6602814426,594.7464688871885
308600.0,4550470.598373871,474796.88507201686,4550617.018715075,-823.7704570469269,1566.8896413166774,-824.0353603462199,-6.732341999947676,-0.7420227377387463,-6.732552919074688,17262.445078715646,0.0,0.19676087423338548,2.0472243320962105,2260733.6602814426,594.7464688871885
308700.0,4550388.187666562,474953.57032478845,4550534.581516382,-824.4436880479824,1566.81540162369,-824.7086124336398,-6.732277403464617,-0.74277222602121,-6.73248821143889,17262.445078715646,0.0,0.19676087423338548,2.0472243320962105,2260733.6602814426,594.7464688871885
308800.0,4550305.709636483,475110.24814983224,4550452.076992811,-825.1169124030966,1566.7410866490875,-825.3818578639465,-6.732209071253476,-0.7435283859151701,-6.732419766936307,17262.445078715646,0.0,0.19676087423338548,2.0472243320962105,2260733.6602814426,594.7464688871885
308900.0,4550223.164284316,475266.91853958654,4550369.505145044,-825.7901297357201,1566.6666957209218,-826.0550962604756,-6.732136943623601,-0.7442913134033067,-6.732347525859625,17262.445078715646,0.0,0.19676087423338548,2.0472243320962105,2260733.6602814426,594.7464688871885
309000.0,4550140.551610783,475423.5814864219,4550286.865973806,-826.4633396632872,1566.592228157574,-826.7283272405451,-6.732060959940664,-0.745061105920847,-6.7322714275576,17262.445078715646,0.0,0.19676087423338548,2.0472243320962105,2260733.6602814426,594.7464688871885
309100.0,4550057.871616643,475580.23698264046,4550204.1594798565,-827.136541797121,1566.517683267608,-827.4015504153601,-6.7319810586112245,-0.7458378623784316,-6.732191410419616,17262.445078715646,0.0,0.19676087423338548,2.0472243320962105,2260733.6602814426,594.7464688871885
309200.0,4549975.124302696,475736.8850204745,4550121.385663996,-827.8097357423367,1566.4430603496216,-828.074765389916,-6.731897177067057,-0.7466216831853023,-6.7321074118600075,17262.445078715646,0.0,0.19676087423338548,2.0472243320962105,2260733.6602814426,594.7464688871885
309300.0,4549892.3096697815,475893.52559208573,4550038.544527065,-828.4829210977431,1566.3683586920965,-828.7479717629,-6.731809251749182,-0.747412670272911,-6.732019368302093,17262.445078715646,0.0,0.19676087423338548,2.0472243320962105,2260733.6602814426,594.7464688871885
309400.0,4549809.427718777,476050.1586895642,4549955.636069944,-829.156097455743,1566.2935775732435,-829.4211691265914,-6.731717218091644,-0.7482109271188361,-6.731927215161946,17262.445078715646,0.0,0.19676087423338548,2.0472243320962105,2260733.6602814426,594.7464688871885
309500.0,4549726.478450604,476206.7843049273,4549872.660293554,-829.8292644022315,1566.2187162608475,-830.0943570667604,-6.731621010505025,-0.7490165587711839,-6.731830886831897,17262.445078715646,0.0,0.19676087423338548,2.0472243320962105,2260733.6602814426,594.7464688871885
309600.0,4549643.461866224,476363.4024301185,4549789.617198858,-830.5024215164931,1566.1437740121091,-830.7675351625643,-6.731520562359672,-0.749829671873309,-6.7317303166637625,17262.445078715646,0.0,0.19676087423338548,2.0472243320962105,2260733.6602814426,594.7464688871885
309700.0,4549560.377966642,476520.0130570067,4549706.506786863,-831.1755683710963,1566.068750073484,-831.4407029864428,-6.731415805968626,-0.7506503746889893,-6.731625436951773,17262.445078715646,0.0,0.19676087423338548,2.0472243320962105,2260733.6602814426,594.7464688871885
309800.0,4549477.226752906,476676.61617738474,4549623.329058617,-831.8487045317877,1565.993643680519,-832.1138601040117,-6.731306672570295,-0.7514787771279559,-6.731516178915237,17262.445078715646,0.0,0.19676087423338548,2.0472243320962105,2260733.6602814426,594.7464688871885
309900.0,4549394.008226107,476833.2117829685,4549540.084015214,-832.5218295573828,1565.9184540576866,-832.7870060739538,-6.7311930923108045,-0.7523149907718887,-6.731402472680887,17262.445078715646,0.0,0.19676087423338548,2.0472243320962105,2260733.6602814426,594.7464688871885
310000.0,4549310.722387381,476989.7998653957,4549456.771657789,-833.1949429996569,1565.843180418217,-833.4601404479096,-6.731074994226073,-0.7531591289008196,-6.731284247264951,17262.445078715646,0.0,0.19676087423338548,2.0472243320962105,2260733.6602814426,594.7464688871885
310100.0,4549227.369237908,477146.38041622494,4549373.391987526,-833.868044403232,1565.7678219639254,-834.1332627703648,-6.730952306223568,-0.7540113065199497,-6.731161430554906,17262.445078715646,0.0,0.19676087423338548,2.0472243320962105,2260733.6602814426,594.7464688871885
310200.0,4549143.948778916,477302.9534269343,4549289.9450056525,-834.5411333054642,1565.6923778850398,-834.8063725785366,-6.730824955063772,-0.7548716403869088,-6.731033949290932,17262.445078715646,0.0,0.19676087423338548,2.0472243320962105,2260733.6602814426,594.7464688871885
310300.0,4549060.461011679,477459.51888892043,4549206.430713443,-835.2142092363272,1565.6168473600237,-835.4794694022582,-6.730692866341311,-0.7557402490394728,-6.730901729047046,17262.445078715646,0.0,0.19676087423338548,2.0472243320962105,2260733.6602814426,594.7464688871885
310400.0,4548976.905937517,477616.076793497,4549122.849112221,-835.8872717182952,1565.5412295553963,-836.152552763861,-6.73055596446579,-0.7566172528237188,-6.730764694211922,17262.445078715646,0.0,0.19676087423338548,2.0472243320962105,2260733.6602814426,594.7464688871885
310500.0,4548893.2835578,477772.627131894,4549039.200203355,-836.5603202662234,1565.4655236255505,-836.825622178055,-6.7304141726422815,-0.7575027739226647,-6.730622767969386,17262.445078715646,0.0,0.19676087423338548,2.0472243320962105,2260733.6602814426,594.7464688871885
310600.0,4548809.593873945,477929.16989525605,4548955.483988266,-837.2333543872261,1565.3897287125683,-837.4986771518079,-6.730267412851503,-0.7583969363853001,-6.730475872278577,17262.445078715646,0.0,0.19676087423338548,2.0472243320962105,2260733.6602814426,594.7464688871885
310700.0,4548725.83688742,478085.70507464145,4548871.700468423,-837.9063735805539,1565.313843946032,-838.1717171842209,-6.730115605829651,-0.7592998661562053,-6.730323927853784,17262.445078715646,0.0,0.19676087423338548,2.0472243320962105,2260733.6602814426,594.7464688871885
310800.0,4548642.012599744,478242.23266102077,4548787.849645345,-838.579377337468,1565.2378684428331,-838.8447417664038,-6.72995867104789,-0.7602116911055592,-6.730166854143925,17262.445078715646,0.0,0.19676087423338548,2.0472243320962105,2260733.6602814426,594.7464688871885
310900.0,4548558.121012485,478398.7526452756,4548703.931520602,-839.2523651411124,1565.1618013069794,-839.517750381347,-6.729796526691496,-0.7611325410596644,-6.730004569311687,17262.445078715646,0.0,0.19676087423338548,2.0472243320962105,2260733.6602814426,594.7464688871885
311000.0,4548474.162127265,478555.2650181974,4548619.946095818,-839.9253364663845,1565.0856416293962,-840.190742503792,-6.72962908963866,-0.7620625478320072,-6.729836990212321,17262.445078715646,0.0,0.19676087423338548,2.0472243320962105,2260733.6602814426,594.7464688871885
311100.0,4548390.135945759,478711.76977048605,4548535.893372668,-840.5982907798033,1565.009388487727,-840.8637176000994,-6.729456275438911,-0.763001845254757,-6.729664032372066,17262.445078715646,0.0,0.19676087423338548,2.0472243320962105,2260733.6602814426,594.7464688871885
311200.0,4548306.042469694,478868.26689274836,4548451.773352883,-841.2712275393754,1564.9330409461297,-841.5366751281156,-6.729277998291187,-0.7639505692108545,-6.7294856099662095,17262.445078715646,0.0,0.19676087423338548,2.0472243320962105,2260733.6602814426,594.7464688871885
311300.0,4548221.881700855,479024.756375497,4548367.586038246,-841.9441461944589,1564.8565980550704,-842.2096145370353,-6.729094171021533,-0.764908857666532,-6.729301635796778,17262.445078715646,0.0,0.19676087423338548,2.0472243320962105,2260733.6602814426,594.7464688871885
311400.0,4548137.653641078,479181.2382091489,4548283.331430597,-842.6170461856248,1564.7800588511127,-842.8825352672645,-6.728904705060423,-0.7658768507044939,-6.729112021269863,17262.445078715646,0.0,0.19676087423338548,2.0472243320962105,2260733.6602814426,594.7464688871885
311500.0,4548053.358292258,479337.71238402417,4548199.009531833,-843.2899269445164,1564.7034223567048,-843.5554367502785,-6.728709510419684,-0.766854690557485,-6.728916676372519,17262.445078715646,0.0,0.19676087423338548,2.0472243320962105,2260733.6602814426,594.7464688871885
311600.0,4547968.995656349,479494.1788903442,4548114.620343908,-843.9627878937065,1564.6266875799624,-844.2283184084797,-6.728508495669047,-0.767842521642539,-6.728715509649336,17262.445078715646,0.0,0.19676087423338548,2.0472243320962105,2260733.6602814426,594.7464688871885
311700.0,4547884.56573536,479650.6377182306,4548030.163868832,-844.6356284465516,1564.5498535144495,-844.9011796550517,-6.728301567912284,-0.7688404905957369,-6.728508428178549,17262.445078715646,0.0,0.19676087423338548,2.0472243320962105,2260733.6602814426,594.7464688871885
311800.0,4547800.06853136,479807.0888577035,4547945.640108678,-845.3084480070441,1564.4729191389536,-845.5740198938116,-6.728088632762957,-0.7698487463074957,-6.728295337547783,17262.445078715646,0.0,0.19676087423338548,2.0472243320962105,2260733.6602814426,594.7464688871885
311900.0,4547715.504046478,479963.5322986802,4547861.049065574,-845.9812459696626,1564.395883417259,-846.2468385190599,-6.727869594319743,-0.7708674399584925,-6.72807614182938,17262.445078715646,0.0,0.19676087423338548,2.0472243320962105,2260733.6602814426,594.7464688871885
312000.0,4547630.872282906,480119.96803097375,4547776.390741714,-846.6540217192185,1564.3187452979162,-846.9196349154273,-6.727644355141328,-0.7718967250561699,-6.727850743555287,17262.445078715646,0.0,0.19676087423338548,2.0472243320962105,2260733.6602814426,594.7464688871885
312100.0,4547546.173242896,480276.39604429103,4547691.665139353,-847.326774630701,1564.2415037140065,-847.5924084577197,-6.72741281622091,-0.7729367574717946,-6.7276190436915435,17262.445078715646,0.0,0.19676087423338548,2.0472243320962105,2260733.6602814426,594.7464688871885
312200.0,4547461.406928763,480432.81632823165,4547606.872260806,-847.9995040691197,1564.1641575829046,-848.2651585107601,-6.727174876960238,-0.7739876954781814,-6.727380941612317,17262.445078715646,0.0,0.19676087423338548,2.0472243320962105,2260733.6602814426,594.7464688871885
312300.0,4547376.573342886,480589.2288722861,4547522.012108455,-848.6722093893429,1564.0867058060367,-848.9378844292285,-6.72693043514322,-0.7750496997879813,-6.727136335073509,17262.445078715646,0.0,0.19676087423338548,2.0472243320962105,2260733.6602814426,594.7464688871885
312400.0,4547291.672487711,480745.6336658342,4547437.084684746,-849.3448899359361,1564.0091472686333,-849.6105855574982,-6.726679386909082,-0.7761229335926337,-6.726885120185902,17262.445078715646,0.0,0.19676087423338548,2.0472243320962105,2260733.6602814426,594.7464688871885
312500.0,4547206.704365747,480902.03069814347,4547352.089992192,-850.0175450429948,1563.9314808394806,-850.2832612294704,-6.726421626725065,-0.777207562601953,-6.726627191387854,17262.445078715646,0.0,0.19676087423338548,2.0472243320962105,2260733.6602814426,594.7464688871885
312600.0,4547121.668979573,481058.4199583675,4547267.028033371,-850.6901740339767,1563.8537053706664,-850.9559107684053,-6.726157047358677,-0.778303755084341,-6.726362441417535,17262.445078715646,0.0,0.19676087423338548,2.0472243320962105,2260733.6602814426,594.7464688871885
312700.0,4547036.566331834,481214.80143554416,4547181.8988109315,-851.3627762215302,1563.7758196973218,-851.6285334867504,-6.7258855398494415,-0.7794116819076835,-6.726090761284683,17262.445078715646,0.0,0.19676087423338548,2.0472243320962105,2260733.6602814426,594.7464688871885
312800.0,4546951.396425245,481371.1751185941,4547096.70232759,-852.0353509073199,1563.6978226373594,-852.301128685967,-6.725606993480195,-0.7805315165809124,-6.725812040241878,17262.445078715646,0.0,0.19676087423338548,2.0472243320962105,2260733.6602814426,594.7464688871885
312900.0,4546866.159262593,481527.5409963188,4547011.438586135,-852.7078973818494,1563.619712991207,-852.9736956563524,-6.725321295747879,-0.781663435296236,-6.725526165755331,17262.445078715646,0.0,0.19676087423338548,2.0472243320962105,2260733.6602814426,594.7464688871885
313000.0,4546780.854846734,481683.8990573989,4546926.107589425,-853.3804149242819,1563.5414895415377,-853.6462336768601,-6.725028332333829,-0.7828076169720832,-6.7252330234751785,17262.445078715646,0.0,0.19676087423338548,2.0472243320962105,2260733.6602814426,594.7464688871885
313100.0,4546695.483180597,481840.2492903925,4546840.70934039,-854.0529028022565,1563.463151052994,-854.3187420149164,-6.724727987073587,-0.7839642432967389,-6.724932497205265,17262.445078715646,0.0,0.19676087423338548,2.0472243320962105,2260733.6602814426,594.7464688871885
313200.0,4546610.044267187,481996.5916837331,4546755.243842036,-854.7253602717024,1563.3846962719094,-854.9912199262344,-6.724420141926158,-0.785133498772687,-6.724624468872417,17262.445078715646,0.0,0.19676087423338548,2.0472243320962105,2260733.6602814426,594.7464688871885
313300.0,4546524.538109582,482152.92622572806,4546669.711097444,-855.3977865766492,1563.3061239260253,-855.6636666546248,-6.724104676942785,-0.7863155707616999,-6.724308818495179,17262.445078715646,0.0,0.19676087423338548,2.0472243320962105,2260733.6602814426,594.7464688871885
313400.0,4546438.964710936,482309.25290455646,4546584.111109771,-856.0701809490355,1563.227432724201,-856.3360814318033,-6.723781470235149,-0.7875106495306883,-6.72398542415204,17262.445078715646,0.0,0.19676087423338548,2.0472243320962105,2260733.6602814426,594.7464688871885
313500.0,4546353.324074483,482465.5717082674,4546498.443882249,-856.7425426085122,1563.1486213561225,-857.0084634771953,-6.723450397943067,-0.7887189282982142,-6.723654161949096,17262.445078715646,0.0,0.19676087423338548,2.0472243320962105,2260733.6602814426,594.7464688871885
313600.0,4546267.616203532,482621.88262477785,4546412.7094181925,-857.4148707622445,1563.0696884920042,-857.6808119977366,-6.723111334201615,-0.7899406032818994,-6.723314905987175,17262.445078715646,0.0,0.19676087423338548,2.0472243320962105,2260733.6602814426,594.7464688871885
313700.0,4546181.841101474,482778.18564187095,4546326.907720994,-858.0871646047095,1562.9906327822866,-858.3531261876716,-6.722764151107684,-0.7911758737465304,-6.722967528328393,17262.445078715646,0.0,0.19676087423338548,2.0472243320962105,2260733.6602814426,594.7464688871885
313800.0,4546095.998771782,482934.4807471938,4546241.038794127,-858.7594233174906,1562.91145285733,-859.0254052283475,-6.722408718685998,-0.7924249420529162,-6.722611898962143,17262.445078715646,0.0,0.19676087423338548,2.0472243320962105,2260733.6602814426,594.7464688871885
313900.0,4546010.089218009,483090.7679282556,4546155.1026411485,-859.4316460690686,1562.8321473271012,-859.6976482880053,-6.722044904854518,-0.7936880137076766,-6.722247885770509,17262.445078715646,0.0,0.19676087423338548,2.0472243320962105,2260733.6602814426,594.7464688871885
314000.0,4545924.1124437945,483247.04717242543,4546069.099265697,-860.1038320146093,1562.7527147808569,-860.3698545215676,-6.721672575389266,-0.7949652974137494,-6.721875354493073,17262.445078715646,0.0,0.19676087423338548,2.0472243320962105,2260733.6602814426,594.7464688871885
314100.0,4545838.068452861,483403.31846693024,4545983.0286715,-860.7759802957476,1562.6731537868218,-861.0420230704221,-6.721291593888564,-0.796257005121718,-6.721494168691144,17262.445078715646,0.0,0.19676087423338548,2.0472243320962105,2260733.6602814426,594.7464688871885
314200.0,4545751.957249019,483559.58179885277,4545896.890862369,-861.4480900403677,1562.593462891861,-861.7141530622023,-6.7209018217366365,-0.7975633520820726,-6.721104189711352,17262.445078715646,0.0,0.19676087423338548,2.0472243320962105,2260733.6602814426,594.7464688871885
314300.0,4545665.7788361665,483715.8371551294,4545810.685842203,-862.12016036238,1562.513640621147,-862.3862436105641,-6.7205031180666195,-0.798884556898241,-6.72070527664865,17262.445078715646,0.0,0.19676087423338548,2.0472243320962105,2260733.6602814426,594.7464688871885
314400.0,4545579.533218291,483872.08452254796,4545724.413614992,-862.7921903614942,1562.4336854778226,-863.0582938149586,-6.7200953397229,-0.800220841580576,-6.720297286308645,17262.445078715646,0.0,0.19676087423338548,2.0472243320962105,2260733.6602814426,594.7464688871885
314500.0,4545493.220399469,484028.3238877453,4545638.074184815,-863.4641791229885,1562.3535959426565,-863.7303027604016,-6.719678341222851,-0.8015724316011298,-6.719880073169316,17262.445078715646,0.0,0.19676087423338548,2.0472243320962105,2260733.6602814426,594.7464688871885
314600.0,4545406.840383871,484184.5552372054,4545551.667555846,-864.1361257174746,1562.2733704736952,-864.4022695172387,-6.719251974717891,-0.8029395559494232,-6.719453489342076,17262.445078715646,0.0,0.19676087423338548,2.0472243320962105,2260733.6602814426,594.7464688871885
314700.0,4545320.393175762,484340.7785572568,4545465.19373235,-864.8080292006593,1562.1930075059074,-865.0741931409065,-6.718816089953891,-0.8043224471890679,-6.71901738453215,17262.445078715646,0.0,0.19676087423338548,2.0472243320962105,2260733.6602814426,594.7464688871885
314800.0,4545233.8787795,484496.9938340704,4545378.652718688,-865.4798886131026,1562.112505450825,-865.7460726716902,-6.718370534230884,-0.8057213415153884,-6.718571605998295,17262.445078715646,0.0,0.19676087423338548,2.0472243320962105,2260733.6602814426,594.7464688871885
314900.0,4545147.297199541,484653.20105365705,4545292.044519318,-866.15170297997,1562.031862696176,-866.417907134477,-6.717915152362095,-0.8071364788139243,-6.718115998511807,17262.445078715646,0.0,0.19676087423338548,2.0472243320962105,2260733.6602814426,594.7464688871885
315000.0,4545060.648440438,484809.4002018651,4545205.369138797,-866.8234713107823,1561.9510776055126,-867.0896955385049,-6.717449786632292,-0.8085681027199294,-6.717650404314866,17262.445078715646,0.0,0.19676087423338548,2.0472243320962105,2260733.6602814426,594.7464688871885
315100.0,4544973.932506846,484965.5912643783,4545118.62658178,-867.4951925991609,1561.8701485178342,-867.761436877108,-6.716974276755387,-0.8100164606788574,-6.717174663078124,17262.445078715646,0.0,0.19676087423338548,2.0472243320962105,2260733.6602814426,594.7464688871885
315200.0,4544887.14940352,485121.77422671265,4545031.816853024,-868.166865822568,1561.7890737472019,-868.4331301274572,-6.716488459831351,-0.8114818040078174,-6.716688611857607,17262.445078715646,0.0,0.19676087423338548,2.0472243320962105,2260733.6602814426,594.7464688871885
315300.0,4544800.299135318,485277.9490742146,4544944.9399573915,-868.8384899420432,1561.7078515823493,-869.1047742502961,-6.715992170302344,-0.8129643879580702,-6.716192085050843,17262.445078715646,0.0,0.19676087423338548,2.0472243320962105,2260733.6602814426,594.7464688871885
315400.0,4544713.381707204,485434.1157920581,4544857.995899847,-869.5100639019358,1561.6264802862854,-869.7763681896738,-6.715485239908146,-0.8144644717785577,-6.715684914352273,17262.445078715646,0.0,0.19676087423338548,2.0472243320962105,2260733.6602814426,594.7464688871885
315500.0,4544626.397124246,485590.2743652421,4544770.984685462,-870.181586629632,1561.5449580958918,-870.4479108726713,-6.714967497640791,-0.8159823187804371,-6.715166928707875,17262.445078715646,0.0,0.19676087423338548,2.0472243320962105,2260733.6602814426,594.7464688871885
315600.0,4544539.345391622,485746.4247785879,4544683.906319417,-870.8530570352777,1561.463283221513,-871.1194012091252,-6.714438769698423,-0.8175181964027307,-6.714637954269013,17262.445078715646,0.0,0.19676087423338548,2.0472243320962105,2260733.6602814426,594.7464688871885
315700.0,4544452.22651462,485902.56701673643,4544596.760807002,-871.5244740114974,1561.3814538465406,-871.7908380913453,-6.713898879438405,-0.8190723762790086,-6.714097814345529,17262.445078715646,0.0,0.19676087423338548,2.0472243320962105,2260733.6602814426,594.7464688871885
315800.0,4544365.0404986385,486058.7010641457,4544509.548153618,-872.1958364331069,1561.2994681269902,-872.4622203938286,-6.713347647329568,-0.8206451343052088,-6.713546329357981,17262.445078715646,0.0,0.19676087423338548,2.0472243320962105,2260733.6602814426,594.7464688871885
315900.0,4544277.78734919,486214.826905088,4544422.268364781,-872.8671431568226,1561.2173241910716,-873.1335469729673,-6.712784890903655,-0.8222367507086252,-6.7129833167890745,17262.445078715646,0.0,0.19676087423338548,2.0472243320962105,2260733.6602814426,594.7464688871885
316000.0,4544190.467071902,486370.9445236468,4544334.921446119,-873.5383930209651,1561.135020138753,-873.8048166667534,-6.712210424706003,-0.8238475101178112,-6.712408591134336,17262.445078715646,0.0,0.19676087423338548,2.0472243320962105,2260733.6602814426,594.7464688871885
316100.0,4544103.07967252,486527.0539037143,4544247.507403382,-874.2095848451582,1561.052554041316,-874.4760282944765,-6.711624060245252,-0.825477701633989,-6.711821963851804,17262.445078715646,0.0,0.19676087423338548,2.0472243320962105,2260733.6602814426,594.7464688871885
316200.0,4544015.625156907,486683.1550289883,4544160.026242436,-874.8807174300227,1560.9699239409058,-875.1471806564183,-6.711025605942328,-0.8271276189032728,-6.711223243311007,17262.445078715646,0.0,0.19676087423338548,2.0472243320962105,2260733.6602814426,594.7464688871885
316300.0,4543928.103531049,486839.2478829695,4544072.477969267,-875.5517895568647,1560.8871278500728,-875.818272533541,-6.710414867078439,-0.8287975601903955,-6.710612234740937,17262.445078715646,0.0,0.19676087423338548,2.0472243320962105,2260733.6602814426,594.7464688871885
316400.0,4543840.514801052,486995.3324489581,4543984.862589987,-876.2227999873594,1560.8041637513068,-876.48930268717,-6.709791645742272,-0.8304878284534154,-6.709988740177232,17262.445078715646,0.0,0.19676087423338548,2.0472243320962105,2260733.6602814426,594.7464688871885
316500.0,4543752.85897315,487151.40871005127,4543897.18011083,-876.8937474632289,1560.7210295965638,-877.1602698586729,-6.709155740776213,-0.8321987314197669,-6.709352558408396,17262.445078715646,0.0,0.19676087423338548,2.0472243320962105,2260733.6602814426,594.7464688871885
316600.0,4543665.136053701,487307.47664913966,4543809.430538158,-877.5646307059152,1560.6377233067853,-877.8311727691312,-6.708506947721683,-0.8339305816635938,-6.708703484921111,17262.445078715646,0.0,0.19676087423338548,2.0472243320962105,2260733.6602814426,594.7464688871885
316700.0,4543577.346049193,487463.5362489045,4543721.6138784615,-878.2354484162468,1560.5542427714104,-878.5020101190077,-6.707845058763541,-0.8356836966842749,-6.708041311844625,17262.445078715646,0.0,0.19676087423338548,2.0472243320962105,2260733.6602814426,594.7464688871885
316800.0,4543489.488966246,487619.58749181434,4543633.730138363,-878.9061992741005,1560.4705858478778,-879.1727805878079,-6.7071698626735206,-0.837458398986241,-6.707365827894182,17262.445078715646,0.0,0.19676087423338548,2.0472243320962105,2260733.6602814426,594.7464688871885
316900.0,4543401.564811612,487775.63036012196,4543545.779324618,-879.5768819380575,1560.3867503611227,-879.8434828337358,-6.706481144752689,-0.8392550161602481,-6.70667681831346,17262.445078715646,0.0,0.19676087423338548,2.0472243320962105,2260733.6602814426,594.7464688871885
317000.0,4543313.573592177,487931.6648358609,4543457.761444116,-880.2474950450528,1560.3027341030634,-880.5141154933438,-6.7057786867729465,-0.841073880965817,-6.705974064816056,17262.445078715646,0.0,0.19676087423338548,2.0472243320962105,2260733.6602814426,594.7464688871885
317100.0,4543225.515314966,488087.6909008422,4543369.676503885,-880.91803721002,1560.2185348320802,-881.1846771811764,-6.705062266917505,-0.8429153314151059,-6.705257345525955,17262.445078715646,0.0,0.19676087423338548,2.0472243320962105,2260733.6602814426,594.7464688871885
317200.0,4543137.389987146,488243.70853665104,4543281.524511092,-881.5885070255288,1560.134150272486,-881.8551664894088,-6.704331659720348,-0.8447797108582219,-6.70452643491697,17262.445078715646,0.0,0.19676087423338548,2.0472243320962105,2260733.6602814426,594.7464688871885
317300.0,4543049.19761602,488399.7177246434,4543193.305473047,-882.2589030614173,1560.0495781139887,-882.5255819874785,-6.703586636004651,-0.8466673680698459,-6.703781103751146,17262.445078715646,0.0,0.19676087423338548,2.0472243320962105,2260733.6602814426,594.7464688871885
317400.0,4542960.938209041,488555.7184459424,4543105.019397204,-882.929223864418,1559.9648160111428,-883.1959222217108,-6.702826962820176,-0.8485786573372891,-6.703021119016143,17262.445078715646,0.0,0.19676087423338548,2.0472243320962105,2260733.6602814426,594.7464688871885
317500.0,4542872.611773805,488711.71068143484,4543016.666291161,-883.5994679577768,1559.8798615827957,-883.8661857149385,-6.702052403379518,-0.8505139385501738,-6.702246243861466,17262.445078715646,0.0,0.19676087423338548,2.0472243320962105,2260733.6602814426,594.7464688871885
317600.0,4542784.218318056,488867.6944117676,4542928.246162669,-884.2696338408665,1559.7947124115212,-884.5363709661148,-6.70126271699336,-0.852473577291299,-6.7014562375337,17262.445078715646,0.0,0.19676087423338548,2.0472243320962105,2260733.6602814426,594.7464688871885
317700.0,4542695.757849694,489023.669617344,4542839.759019627,-884.939719988793,1559.7093660430469,-885.2064764499196,-6.700457659004562,-0.854457944929206,-6.70065085531059,17262.445078715646,0.0,0.19676087423338548,2.0472243320962105,2260733.6602814426,594.7464688871885
317800.0,4542607.230376768,489179.63627832,4542751.20487009,-885.6097248519952,1559.62381998567,-885.8765006163594,-6.699636980721086,-0.8564674187123289,-6.699829848433938,17262.445078715646,0.0,0.19676087423338548,2.0472243320962105,2260733.6602814426,594.7464688871885
317900.0,4542518.635907485,489335.59437460057,4542662.583722267,-886.2796468558386,1559.538071709665,-886.5464418903603,-6.698800429347866,-0.858502381864432,-6.698992964041466,17262.445078715646,0.0,0.19676087423338548,2.0472243320962105,2260733.6602814426,594.7464688871885
318000.0,4542429.974450212,489491.54388583574,4542573.895584528,-886.9494844002006,1559.4521186466814,-887.2162986713538,-6.697947747917412,-0.8605632236819453,-6.698139945097398,17262.445078715646,0.0,0.19676087423338548,2.0472243320962105,2260733.6602814426,594.7464688871885
318100.0,4542341.246013475,489647.4847914168,4542485.140465404,-887.619235859051,1559.3659581891309,-887.8860693328566,-6.697078675219322,-0.8626503396325467,-6.697270530321956,17262.445078715646,0.0,0.19676087423338548,2.0472243320962105,2260733.6602814426,594.7464688871885
318200.0,4542252.450605964,489803.4170704722,4542396.318373588,-888.2888995800226,1559.279587689566,-888.5557522220419,-6.696192945728452,-0.8647641314558357,-6.696384454119514,17262.445078715646,0.0,0.19676087423338548,2.0472243320962105,2260733.6602814426,594.7464688871885
318300.0,4542163.588236539,489959.34070186375,4542307.429317941,-888.9584738839777,1559.193004460047,-889.2253456593047,-6.69529028953205,-0.8669050072650769,-6.6954814465057035,17262.445078715646,0.0,0.19676087423338548,2.0472243320962105,2260733.6602814426,594.7464688871885
318400.0,4542074.658914225,490115.2556641823,4542218.473307494,-889.6279570645644,1559.1062057715005,-889.8948479378191,-6.69437043225544,-0.8690733816511698,-6.694561233033094,17262.445078715646,0.0,0.19676087423338548,2.0472243320962105,2260733.6602814426,594.7464688871885
318500.0,4541985.6626482215,490271.16193574376,4542129.45035145,-890.2973473877672,1559.0191888530653,-890.564257323088,-6.693433094986549,-0.8712696757880194,-6.693623534715699,17262.445078715646,0.0,0.19676087423338548,2.0472243320962105,2260733.6602814426,594.7464688871885
318600.0,4541896.599447901,490427.05949458486,4542040.360459184,-890.9666430914493,1558.9319508914293,-891.2335720524856,-6.692477994199141,-0.8734943175397167,-6.692668067952172,17262.445078715646,0.0,0.19676087423338548,2.0472243320962105,2260733.6602814426,594.7464688871885
318700.0,4541807.4693228165,490582.9483184588,4541951.203640253,-891.6358423848874,1558.8444890301553,-891.902790334792,-6.691504841674689,-0.8757477415694535,-6.691694544447686,17262.445078715646,0.0,0.19676087423338548,2.0472243320962105,2260733.6602814426,594.7464688871885
318800.0,4541718.272282698,490738.82838483097,4541861.979904393,-892.3049434482983,1558.7568003689944,-892.5719103497199,-6.69051334442293,-0.878030389450357,-6.690702671134449,17262.445078715646,0.0,0.19676087423338548,2.0472243320962105,2260733.6602814426,594.7464688871885
318900.0,4541629.008337462,490894.6996708745,4541772.689261521,-892.973944432358,1558.668881963191,-893.2409302474331,-6.689503204601089,-0.8803427097779271,-6.689692150090918,17262.445078715646,0.0,0.19676087423338548,2.0472243320962105,2260733.6602814426,594.7464688871885
319000.0,4541539.67749721,491050.5621534659,4541683.331721744,-893.6428434577122,1558.5807308227738,-893.9098481480571,-6.688474119431654,-0.882685158284582,-6.688662678459547,17262.445078715646,0.0,0.19676087423338548,2.0472243320962105,2260733.6602814426,594.7464688871885
319100.0,4541450.279772233,491206.4158091801,4541593.907295356,-894.3116386144783,1558.4923439118363,-894.5786621411814,-6.687425781118812,-0.8850581979558798,-6.687613948363208,17262.445078715646,0.0,0.19676087423338548,2.0472243320962105,2260733.6602814426,594.7464688871885
319200.0,4541360.815173014,491362.2606142865,4541504.415992844,-894.9803279617399,1558.4037181478063,-895.2473702853536,-6.68635787676342,-0.8874622991487315,-6.6865456468201465,17262.445078715646,0.0,0.19676087423338548,2.0472243320962105,2260733.6602814426,594.7464688871885
319300.0,4541271.283710233,491518.09654474363,4541414.857824893,-895.6489095270321,1558.3148504007022,-895.9159706075636,-6.685270088276533,-0.8898979397115929,-6.685457455657465,17262.445078715646,0.0,0.19676087423338548,2.0472243320962105,2260733.6602814426,594.7464688871885
319400.0,4541181.685394768,491673.9235761947,4541325.232802384,-896.3173813058175,1558.2257374923777,-896.5844611027215,-6.6841620922914515,-0.8923656051065154,-6.684349051423175,17262.445078715646,0.0,0.19676087423338548,2.0472243320962105,2260733.6602814426,594.7464688871885
319500.0,4541092.020237699,491829.7416839626,4541235.540936401,-896.9857412609549,1558.1363761957546,-897.2528397331242,-6.683033560074248,-0.894865788533393,-6.683220105296688,17262.445078715646,0.0,0.19676087423338548,2.0472243320962105,2260733.6602814426,594.7464688871885
319600.0,4541002.288250312,491985.55084304506,4541145.782238235,-897.6539873221573,1558.0467632340426,-897.9211044279143,-6.681884157432791,-0.8973989910560413,-6.6820702829978185,17262.445078715646,0.0,0.19676087423338548,2.0472243320962105,2260733.6602814426,594.7464688871885
319700.0,4540912.489444101,492141.3510281097,4541055.956719384,-898.3221173854417,1557.9568952799466,-898.5892530825296,-6.680713544624192,-0.899965721730508,-6.68089924469421,17262.445078715646,0.0,0.19676087423338548,2.0472243320962105,2260733.6602814426,594.7464688871885
319800.0,4540822.623830773,492297.14221348875,4540966.064391558,-898.9901293125696,1557.8667689548606,-899.2572835581431,-6.679521376260693,-0.9025664977353849,-6.679706644907197,17262.445078715646,0.0,0.19676087423338548,2.0472243320962105,2260733.6602814426,594.7464688871885
319900.0,4540732.691422249,492452.924373174,4540876.105266684,-899.6580209304772,1557.7763808280495,-899.9251936810937,-6.678307301213918,-0.905201844504329,-6.678492132416039,17262.445078715646,0.0,0.19676087423338548,2.0472243320962105,2260733.6602814426,594.7464688871885
320000.0,4540642.692230671,492608.6974808116,4540786.079356907,-900.3257900306969,1557.6857274158158,-900.592981242307,-6.677070962517534,-0.9078722958606685,-6.677255350160543,17262.445078715646,0.0,0.19676087423338548,2.0472243320962105,2260733.6602814426,594.7464688871885
320100.0,4540552.626268402,492764.4615096965,4540695.986674596,-900.9934343687686,1557.5948051806552,-901.2606439967067,-6.675811997268184,-0.9105783941543504,-6.6759959351419935,17262.445078715646,0.0,0.19676087423338548,2.0472243320962105,2260733.6602814426,594.7464688871885
320200.0,4540462.493548032,492920.2164327673,4540605.827232344,-901.6609516636405,1557.5036105303957,-901.9281796626151,-6.674530036524772,-0.913320690401056,-6.674713518322394,17262.445078715646,0.0,0.19676087423338548,2.0472243320962105,2260733.6602814426,594.7464688871885
320300.0,4540372.294082381,493075.96222260053,4540515.601042977,-902.3283395970609,1557.412139817325,-902.5955859211449,-6.673224705206069,-0.9160997444235036,-6.67340772452205,17262.445078715646,0.0,0.19676087423338548,2.0472243320962105,2260733.6602814426,594.7464688871885
320400.0,4540282.027884503,493231.69885140524,4540425.308119552,-902.9955958129583,1557.320389337302,-903.2628604155792,-6.671895621986478,-0.9189161249952381,-6.672078172315327,17262.445078715646,0.0,0.19676087423338548,2.0472243320962105,2260733.6602814426,594.7464688871885
320500.0,4540191.694967689,493387.4262910171,4540334.9484753655,-903.6627179168123,1557.2283553288548,-903.9300007507419,-6.670542399190064,-0.9217704099867224,-6.67072447392463,17262.445078715646,0.0,0.19676087423338548,2.0472243320962105,2260733.6602814426,594.7464688871885
320600.0,4540101.295345471,493543.1445128928,4540244.522123955,-904.3297034750128,1557.1360339722632,-904.597004492357,-6.669164642682831,-0.9246631865137201,-6.669346235112666,17262.445078715646,0.0,0.19676087423338548,2.0472243320962105,2260733.6602814426,594.7464688871885
320700.0,4540010.829031628,493698.85348810407,4540154.029079103,-904.9965500142088,1557.0434213886272,-905.2638691663972,-6.667761951763087,-0.9275950510881811,-6.667943055072784,17262.445078715646,0.0,0.19676087423338548,2.0472243320962105,2260733.6602814426,594.7464688871885
320800.0,4539920.296040186,493854.55318733177,4540063.469354841,-905.663255020646,1556.950513638919,-905.9305922584215,-6.666333919049982,-0.9305666097716252,-6.666514526317477,17262.445078715646,0.0,0.19676087423338548,2.0472243320962105,2260733.6602814426,594.7464688871885
320900.0,4539829.696385426,494010.24358085974,4539972.842965456,-906.3298159394938,1556.8573067230207,-906.5971712129013,-6.664880130370124,-0.9335784783310087,-6.665060234564978,17262.445078715646,0.0,0.19676087423338548,2.0472243320962105,2260733.6602814426,594.7464688871885
321000.0,4539739.030081888,494165.92463856883,4539882.14992549,-906.9962301741591,1556.7637965787462,-907.2636034325355,-6.6634001646422885,-0.9366312823970742,-6.663579758623942,17262.445078715646,0.0,0.19676087423338548,2.0472243320962105,2260733.6602814426,594.7464688871885
321100.0,4539648.297144369,494321.5963299305,4539791.390249749,-907.6624950855911,1556.6699790808464,-907.9298862775534,-6.661893593760125,-0.9397256576254417,-6.662072670276115,17262.445078715646,0.0,0.19676087423338548,2.0472243320962105,2260733.6602814426,594.7464688871885
321200.0,4539557.497587937,494477.25862400036,4539700.563953303,-908.3286079915719,1556.5758500399984,-908.596017065006,-6.6603599824729836,-0.9428622498600185,-6.660538534157138,17262.445078715646,0.0,0.19676087423338548,2.0472243320962105,2260733.6602814426,594.7464688871885
321300.0,4539466.631427928,494632.911489412,4539609.671051495,-908.994566165996,1556.4814052017784,-909.2619930680457,-6.658798888264543,-0.9460417152994738,-6.6589769076351475,17262.445078715646,0.0,0.19676087423338548,2.0472243320962105,2260733.6602814426,594.7464688871885
321400.0,4539375.698679954,494788.5548943702,4539518.711559941,-909.6603668381383,1556.3866402456185,-909.9278115151933,-6.6572098612295125,-0.9492647206661418,-6.657387340687438,17262.445078715646,0.0,0.19676087423338548,2.0472243320962105,2260733.6602814426,594.7464688871885
321500.0,4539284.699359904,494944.18880664435,4539427.685494537,-910.3260071919083,1556.291550783745,-910.5934695895924,-6.6555924439481915,-0.9525319433777402,-6.6557693757750025,17262.445078715646,0.0,0.19676087423338548,2.0472243320962105,2260733.6602814426,594.7464688871885
321600.0,4539193.633483955,495099.8131935616,4539336.592871464,-910.9914843650924,1556.1961323601,-911.2589644282515,-6.65394617135888,-0.9558440717219798,-6.654122547714899,17262.445078715646,0.0,0.19676087423338548,2.0472243320962105,2260733.6602814426,594.7464688871885
321700.0,4539102.501068568,495255.4280220002,4539245.43370719,-911.6567954485836,1556.1003804492466,-911.9242931212734,-6.6522705706281995,-0.9592018050338025,-6.652446383550553,17262.445078715646,0.0,0.19676087423338548,2.0472243320962105,2260733.6602814426,594.7464688871885
321800.0,4539011.3021305,495411.0332583821,4539154.208018476,-912.3219374855971,1556.004290455254,-912.5894527110711,-6.6505651610190535,-0.9626058538758904,-6.650740402419678,17262.445078715646,0.0,0.19676087423338548,2.0472243320962105,2260733.6602814426,594.7464688871885
321900.0,4538920.036686806,495566.6288686663,4539062.915822384,-912.986907470874,1555.9078577105665,-913.2544401915702,-6.648829453756648,-0.9660569402214192,-6.649004115420262,17262.445078715646,0.0,0.19676087423338548,2.0472243320962105,2260733.6602814426,594.7464688871885
322000.0,4538828.704754842,495722.2148183413,4538971.557136277,-913.6517023498703,1555.8110774748527,-913.9192525073988,-6.647062951891818,-0.9695557976407476,-6.647237025473865,17262.445078715646,0.0,0.19676087423338548,2.0472243320962105,2260733.6602814426,594.7464688871885
322100.0,4538737.306352275,495877.79107241787,4538880.131977825,-914.3163190179324,1555.7139449338365,-914.5838865530624,-6.645265150162508,-0.9731031714900893,-6.645438627187066,17262.445078715646,0.0,0.19676087423338548,2.0472243320962105,2260733.6602814426,594.7464688871885
322200.0,4538645.841497084,496033.35759542166,4538788.640365014,-914.980754319459,1555.6164551981085,-915.2483391721055,-6.643435534852536,-0.9766998191040424,-6.643608406710183,17262.445078715646,0.0,0.19676087423338548,2.0472243320962105,2260733.6602814426,594.7464688871885
322300.0,4538554.310207564,496188.91435138555,4538697.082316145,-915.6450050470488,1555.5186033019193,-915.9126071562589,-6.6415735836481335,-0.9803465099909212,-6.641745841593794,17262.445078715646,0.0,0.19676087423338548,2.0472243320962105,2260733.6602814426,594.7464688871885
322400.0,4538462.712502336,496344.461303842,4538605.457849845,-916.3090679406329,1555.4203842019515,-916.5766872445723,-6.639678765492114,-0.9840440260310841,-6.6398504006428585,17262.445078715646,0.0,0.19676087423338548,2.0472243320962105,2260733.6602814426,594.7464688871885
322500.0,4538371.048400348,496499.9984158152,4538513.76698507,-916.9729396865932,1555.3217927760727,-917.2405761225327,-6.637750540435428,-0.9877931616788664,-6.637921543768238,17262.445078715646,0.0,0.19676087423338548,2.0472243320962105,2260733.6602814426,594.7464688871885
322600.0,4538279.317920883,496655.52564981306,4538422.009741107,-917.6366169168664,1555.2228238220678,-917.904270421167,-6.63578835948634,-0.9915947241674081,-6.635958721835841,17262.445078715646,0.0,0.19676087423338548,2.0472243320962105,2260733.6602814426,594.7464688871885
322700.0,4538187.521083563,496811.0429678193,4538330.186137586,-918.3000962080309,1555.123472056351,-918.56776671613,-6.633791664456974,-0.9954495337170567,-6.633961376513127,17262.445078715646,0.0,0.19676087423338548,2.0472243320962105,2260733.6602814426,594.7464688871885
322800.0,4538095.657908355,496966.55033128517,4538238.29619448,-918.9633740803804,1555.0237321126558,-919.2310615267769,-6.63175988780743,-0.9993584237467714,-6.631928940113182,17262.445078715646,0.0,0.19676087423338548,2.0472243320962105,2260733.6602814426,594.7464688871885
322900.0,4538003.728415579,497122.047701121,4538146.339932114,-919.6264469969801,1554.9235985407054,-919.89415131522,-6.629692452487018,-1.0033222410894718,-6.629860835435923,17262.445078715646,0.0,0.19676087423338548,2.0472243320962105,2260733.6602814426,594.7464688871885
323000.0,4537911.732625907,497277.535037688,4538054.31737117,-920.2893113627082,1554.8230658048597,-920.5570324853692,-6.627588771773085,-1.0073418462102832,-6.627756475606879,17262.445078715646,0.0,0.19676087423338548,2.0472243320962105,2260733.6602814426,594.7464688871885
323100.0,4537819.6705603795,497433.01230078924,4537962.228532692,-920.95196352328,1554.7221282827413,-921.2197013819563,-6.625448249106938,-1.0114181134287579,-6.625615263913079,17262.445078715646,0.0,0.19676087423338548,2.0472243320962105,2260733.6602814426,594.7464688871885
323200.0,4537727.5422404,497588.4794496614,4537870.073438093,-921.6143997642564,1554.620780263839,-921.8821542895429,-6.623270277927156,-1.0155519311442838,-6.623436593636317,17262.445078715646,0.0,0.19676087423338548,2.0472243320962105,2260733.6602814426,594.7464688871885
323300.0,4537635.347687749,497743.9364429655,4537777.852109159,-922.2766163100347,1554.5190159480874,-922.5443874315117,-6.621054241499981,-1.019744202065441,-6.621219847883505,17262.445078715646,0.0,0.19676087423338548,2.0472243320962105,2260733.6602814426,594.7464688871885
323400.0,4537543.086924588,497899.38323877816,4537685.5645680595,-922.9386093228231,1554.416829444426,-923.20639696904,-6.618799512747032,-1.0239958434426437,-6.6189643994143506,17262.445078715646,0.0,0.19676087423338548,2.0472243320962105,2260733.6602814426,594.7464688871885
323500.0,4537450.759973465,498054.81979458214,4537593.210837348,-923.6003749015978,1554.3142147693316,-923.8681790000564,-6.616505454069929,-1.028307787304931,-6.616669610465931,17262.445078715646,0.0,0.19676087423338548,2.0472243320962105,2260733.6602814426,594.7464688871885
323600.0,4537358.366857321,498210.2460672572,4537500.790939975,-924.2619090810412,1554.2111658453296,-924.5297295581797,-6.614171417172082,-1.0326809807003743,-6.614334832574441,17262.445078715646,0.0,0.19676087423338548,2.0472243320962105,2260733.6602814426,594.7464688871885
323700.0,4537265.907599497,498365.6620130706,4537408.3048992865,-924.9232078304639,1554.1076764994793,-925.1910446116398,-6.611796742877583,-1.0371163859400967,-6.611959406394048,17262.445078715646,0.0,0.19676087423338548,2.0472243320962105,2260733.6602814426,594.7464688871885
323800.0,4537173.382223739,498521.0675876675,4537315.752739039,-925.5842670527072,1554.0037404618356,-925.8521200621801,-6.6093807609469835,-1.0416149808464423,-6.60954266151261,17262.445078715646,0.0,0.19676087423338548,2.0472243320962105,2260733.6602814426,594.7464688871885
323900.0,4537080.790754209,498676.4627460611,4537223.1344834,-926.2450825830276,1553.899351363885,-926.5129517439419,-6.6069227898898975,-1.0461777590052368,-6.6070839162642505,17262.445078715646,0.0,0.19676087423338548,2.0472243320962105,2260733.6602814426,594.7464688871885
324000.0,4536988.133215487,498831.84744262276,4537130.450156957,-926.905650187962,1553.7945027369562,-927.1735354223291,-6.604422136774787,-1.0508057300214726,-6.604582477539081,17262.445078715646,0.0,0.19676087423338548,2.0472243320962105,2260733.6602814426,594.7464688871885
324100.0,4536895.409632579,498987.22163107194,4537037.699784726,-927.565965564174,1553.6891880106064,-927.8338667928545,-6.601878097035208,-1.055499919779821,-6.602037640589425,17262.445078715646,0.0,0.19676087423338548,2.0472243320962105,2260733.6602814426,594.7464688871885
324200.0,4536802.6200309275,499142.5852644659,4536944.883392155,-928.2260243372807,1553.5834005109787,-928.4939414799659,-6.599289954273134,-1.0602613707086481,-6.599448688833062,17262.445078715646,0.0,0.19676087423338548,2.0472243320962105,2260733.6602814426,594.7464688871885
324300.0,4536709.7644364135,499297.9382951892,4536852.001005135,-928.8858220606595,1553.4771334591353,-929.153755035853,-6.596656980058843,-1.0650911420485891,-6.596814893653091,17262.445078715646,0.0,0.19676087423338548,2.0472243320962105,2260733.6602814426,594.7464688871885
324400.0,4536616.842875368,499453.28067494323,4536759.052650003,-929.5453542142347,1553.3703799693624,-929.8133029392335,-6.593978433727613,-1.069990310125064,-6.5941355141945674,17262.445078715646,0.0,0.19676087423338548,2.0472243320962105,2260733.6602814426,594.7464688871885
324500.0,4536523.8553745765,499608.61235473544,4536666.038353555,-930.204616203244,1553.2631330474478,-930.4725805941191,-6.591253562172876,-1.074959968625488,-6.591409797157612,17262.445078715646,0.0,0.19676087423338548,2.0472243320962105,2260733.6602814426,594.7464688871885
324600.0,4536430.801961289,499763.9332848683,4536572.958143048,-930.8636033569833,1553.1553855889308,-931.1315833285606,-6.588481599636125,-1.080001228880509,-6.588636976587258,17262.445078715646,0.0,0.19676087423338548,2.0472243320962105,2260733.6602814426,594.7464688871885
324700.0,4536337.682663225,499919.24341492826,4536479.812046211,-931.5223109275313,1553.0471303773236,-931.7903063933716,-6.585661767493267,-1.0851152201497791,-6.5858162736597645,17262.445078715646,0.0,0.19676087423338548,2.0472243320962105,2260733.6602814426,594.7464688871885
324800.0,4536244.497508584,500074.54269377445,4536386.6000912525,-932.180734088452,1552.9383600823037,-932.4487449608308,-6.582793274037464,-1.0903030899122668,-6.5829468964654,17262.445078715646,0.0,0.19676087423338548,2.0472243320962105,2260733.6602814426,594.7464688871885
324900.0,4536151.246526051,500229.8310695272,4536293.322306866,-932.8388679334754,1552.8290672578778,-933.1068941233626,-6.579875314258301,-1.0955660041612423,-6.580028039787549,17262.445078715646,0.0,0.19676087423338548,2.0472243320962105,2260733.6602814426,594.7464688871885
325000.0,4536057.929744807,500385.1084895564,4536199.978722241,-933.4967074751559,1552.719244340515,-933.7647488921949,-6.576907069617549,-1.1009051477034788,-6.577058884878443,17262.445078715646,0.0,0.19676087423338548,2.0472243320962105,2260733.6602814426,594.7464688871885
325100.0,4535964.547194535,500540.3749004696,4536106.56936707,-934.1542476435081,1552.60888364725,-934.4223041959949,-6.573887707821044,-1.1063217244635128,-6.574038599230959,17262.445078715646,0.0,0.19676087423338548,2.0472243320962105,2260733.6602814426,594.7464688871885
325200.0,4535871.098905429,500695.63024810003,4536013.094271556,-934.8114832846202,1552.497977373757,-935.0795548794813,-6.570816382586819,-1.1118169577926351,-6.570966336346718,17262.445078715646,0.0,0.19676087423338548,2.0472243320962105,2260733.6602814426,594.7464688871885
325300.0,4535777.584908203,500850.8744774943,4535919.5534664225,-935.4684091592425,1552.3865175923904,-935.7364957020138,-6.567692233409624,-1.1173920907823813,-6.567841235500531,17262.445078715646,0.0,0.19676087423338548,2.0472243320962105,2260733.6602814426,594.7464688871885
325400.0,4535684.0052341,501006.1075329,4535825.946982921,-936.1250199413537,1552.2744962501947,-936.3931213361582,-6.564514385321329,-1.1230483865833505,-6.564662421500756,17262.445078715646,0.0,0.19676087423338548,2.0472243320962105,2260733.6602814426,594.7464688871885
325500.0,4535590.359914898,501161.32935775316,4535732.274852841,-936.7813102167028,1552.1619051668838,-937.0494263662276,-6.561281948647713,-1.128787128728451,-6.5614290044460315,17262.445078715646,0.0,0.19676087423338548,2.0472243320962105,2260733.6602814426,594.7464688871885
325600.0,4535496.6489829235,501316.53989466524,4535638.537108518,-937.4372744813253,1552.0487360327847,-937.7054052867994,-6.557994018760969,-1.1346096214617365,-6.558140079477704,17262.445078715646,0.0,0.19676087423338548,2.0472243320962105,2260733.6602814426,594.7464688871885
325700.0,4535402.872471055,501471.7390854102,4535544.733782841,-938.0929071400361,1551.934980406751,-938.3610525012066,-6.554649675828423,-1.140517190071844,-6.554794726528513,17262.445078715646,0.0,0.19676087423338548,2.0472243320962105,2260733.6602814426,594.7464688871885
325800.0,4535309.030412738,501626.9268709112,4535450.864909264,-938.748202504896,1551.8206297140412,-939.0163623200044,-6.551247984557039,-1.1465111812308773,-6.551392010067012,17262.445078715646,0.0,0.19676087423338548,2.0472243320962105,2260733.6602814426,594.7464688871885
325900.0,4535215.12284199,501782.10319122724,4535356.930521816,-939.4031547936524,1551.7056752441629,-939.6713289594111,-6.547787993933944,-1.1525929633381229,-6.547930978838045,17262.445078715646,0.0,0.19676087423338548,2.0472243320962105,2260733.6602814426,594.7464688871885
326000.0,4535121.149793411,501937.26798553934,4535262.930655108,-940.0577581281548,1551.5901081486827,-940.3259465397219,-6.544268736962382,-1.1587639268698093,-6.544410665598636,17262.445078715646,0.0,0.19676087423338548,2.0472243320962105,2260733.6602814426,594.7464688871885
326100.0,4535027.111302195,502092.4211921367,4535168.865344343,-940.7120065327422,1551.4739194390015,-940.9802090836977,-6.5406892303939115,-1.1650254847332175,-6.5408300868501135,17262.445078715646,0.0,0.19676087423338548,2.0472243320962105,2260733.6602814426,594.7464688871885
326200.0,4534933.007404138,502247.56274840253,4535074.734625328,-941.3658939326053,1551.3570999840924,-941.6341105149248,-6.537048474455868,-1.1713790726270181,-6.537188242565521,17262.445078715646,0.0,0.19676087423338548,2.0472243320962105,2260733.6602814426,594.7464688871885
326300.0,4534838.8381356485,502402.6925907997,4534980.538534483,-942.0194141521197,1551.2396405082043,-942.2876446561495,-6.533345452574571,-1.177826149406807,-6.533484115912756,17262.445078715646,0.0,0.19676087423338548,2.0472243320962105,2260733.6602814426,594.7464688871885
326400.0,4534744.603533757,502557.81065485626,4534886.277108849,-942.6725609131516,1551.121531588527,-942.9408052275825,-6.529579131094214,-1.1843681974560274,-6.529716672973381,17262.445078715646,0.0,0.19676087423338548,2.0472243320962105,2260733.6602814426,594.7464688871885
326500.0,4534650.303636127,502712.91687515046,4534791.950386102,-943.3253278333361,1551.0027636528198,-943.5935858451766,-6.5257484589909245,-1.1910067230630519,-6.525884862456632,17262.445078715646,0.0,0.19676087423338548,2.0472243320962105,2260733.6602814426,594.7464688871885
326600.0,4534555.938481067,502868.0111852957,4534697.558404561,-943.977708424325,1550.8833269770023,-944.2459800188748,-6.521852367582731,-1.1977432568031294,-6.521987615409302,17262.445078715646,0.0,0.19676087423338548,2.0472243320962105,2260733.6602814426,594.7464688871885
326700.0,4534461.508107539,503023.0935179254,4534603.1012031995,-944.629696090007,1550.7632116827058,-944.8979811508293,-6.517889770234325,-1.2045793539271248,-6.518023844920446,17262.445078715646,0.0,0.19676087423338548,2.0472243320962105,2260733.6602814426,594.7464688871885
326800.0,4534367.01255517,503178.1638046773,4534508.578821655,-945.2812841246969,1550.6424077347865,-945.5495825335911,-6.513859562057592,-1.2115165947552518,-6.513992445821833,17262.445078715646,0.0,0.19676087423338548,2.0472243320962105,2260733.6602814426,594.7464688871885
326900.0,4534272.451864262,503333.22197617765,4534413.991300245,-945.9324657112955,1550.5209049387984,-946.2007773482686,-6.509760619607173,-1.2185565850771236,-6.509892294383436,17262.445078715646,0.0,0.19676087423338548,2.0472243320962105,2260733.6602814426,594.7464688871885
327000.0,4534177.826075806,503488.26796202513,4534319.338679969,-946.5832339194186,1550.3986929384264,-946.8515586626563,-6.5055918005711035,-1.2257009565579169,-6.505722248004001,17262.445078715646,0.0,0.19676087423338548,2.0472243320962105,2260733.6602814426,594.7464688871885
327100.0,4534083.135231492,503643.3016907747,4534224.621002531,-947.233581703494,1550.2757612128776,-947.501919429332,-6.501351943456833,-1.2329513671501529,-6.501481144896992,17262.445078715646,0.0,0.19676087423338548,2.0472243320962105,2260733.6602814426,594.7464688871885
327200.0,4533988.379373718,503798.3230899208,4534129.83831034,-947.8835019008282,1550.1520990742322,-948.1518524837223,-6.497039867271968,-1.2403095015121426,-6.497167803771256,17262.445078715646,0.0,0.19676087423338548,2.0472243320962105,2260733.6602814426,594.7464688871885
327300.0,4533893.558545607,503953.33208588074,4534034.990646534,-948.5329872296397,1550.0276956647517,-948.8013505421359,-6.492654371200257,-1.2477770714321914,-6.49278102350693,17262.445078715646,0.0,0.19676087423338548,2.0472243320962105,2260733.6602814426,594.7464688871885
327400.0,4533798.672791014,504108.3286039773,4533940.0780549785,-949.1820302870609,1549.9025399541445,-949.4504061997644,-6.488194234272316,-1.2553558162593546,-6.488319582826093,17262.445078715646,0.0,0.19676087423338548,2.0472243320962105,2260733.6602814426,594.7464688871885
327500.0,4533703.722154543,504263.3125684216,4533845.100580291,-949.8306235471053,1549.7766207367874,-950.0990119286498,-6.4836582150313,-1.2630475033404056,-6.483782239958359,17262.445078715646,0.0,0.19676087423338548,2.0472243320962105,2260733.6602814426,594.7464688871885
327600.0,4533608.706681553,504418.2839022952,4533750.058267845,-950.4787593586026,1549.649926628905,-950.7471600756184,-6.47904505119321,-1.270853928463409,-6.479167732301103,17262.445078715646,0.0,0.19676087423338548,2.0472243320962105,2260733.6602814426,594.7464688871885
327700.0,4533513.626418179,504573.24252753245,4533654.951163787,-951.126429943098,1549.5224460657012,-951.39484286018,-6.47435345930214,-1.278776916307474,-6.474474776074621,17262.445078715646,0.0,0.19676087423338548,2.0472243320962105,2260733.6602814426,594.7464688871885
327800.0,4533418.481411336,504728.1883649018,4533559.779315049,-951.773627392718,1549.3941672984492,-952.0420523723934,-6.469582134379742,-1.2868183208997188,-6.469702065971526,17262.445078715646,0.0,0.19676087423338548,2.0472243320962105,2260733.6602814426,594.7464688871885
327900.0,4533323.271708739,504883.12133398774,4533464.542769357,-952.4203436680008,1549.265078391533,-952.6887805706951,-6.4647297495699565,-1.2949800260777502,-6.464848274801377,17262.445078715646,0.0,0.19676087423338548,2.0472243320962105,2260733.6602814426,594.7464688871885
328000.0,4533227.9973589135,505038.0413531716,4533369.24157525,-953.0665705956894,1549.135167219442,-953.3350192796937,-6.459794955777558,-1.3032639459600175,-6.459912053129155,17262.445078715646,0.0,0.19676087423338548,2.0472243320962105,2260733.6602814426,594.7464688871885
328100.0,4533132.658411209,505192.94833961246,4533273.875782094,-953.7122998664906,1549.0044214637207,-953.9807601879265,-6.454776381301362,-1.3116720254225844,-6.454892028908378,17262.445078715646,0.0,0.19676087423338548,2.0472243320962105,2260733.6602814426,594.7464688871885
328200.0,4533037.25491581,505347.84220922797,4533178.445440088,-954.3575230327951,1548.8728286098674,-954.6259948455803,-6.449672631462095,-1.3202062405822317,-6.449786807108881,17262.445078715646,0.0,0.19676087423338548,2.0472243320962105,2260733.6602814426,594.7464688871885
328300.0,4532941.786923758,505502.7228766743,4533082.950600286,-955.0022315063611,1548.7403759441863,-955.2707146621739,-6.444482288224184,-1.3288685992871527,-6.444594969338522,17262.445078715646,0.0,0.19676087423338548,2.0472243320962105,2260733.6602814426,594.7464688871885
328400.0,4532846.254486956,505657.5902553262,4532987.391314608,-955.6464165559593,1548.6070505505897,-955.9149109042028,-6.439203909811885,-1.3376611416145137,-6.439315073459216,17262.445078715646,0.0,0.19676087423338548,2.0472243320962105,2260733.6602814426,594.7464688871885
328500.0,4532750.65765819,505812.4442572564,4532891.767635854,-956.2900693049796,1548.4728393073501,-956.5585746927451,-6.4338360303198145,-1.3465859403745757,-6.433945653197381,17262.445078715646,0.0,0.19676087423338548,2.0472243320962105,2260733.6602814426,594.7464688871885
328600.0,4532654.996491139,505967.2847932153,4532796.079617719,-956.9331807289988,1548.3377288838003,-957.2016970010285,-6.428377159317148,-1.3556451016228066,-6.428485217748038,17262.445078715646,0.0,0.19676087423338548,2.0472243320962105,2260733.6602814426,594.7464688871885
328700.0,4532559.271040394,506122.11177260935,4532700.327314809,-957.5757416533071,1548.2017057369842,-957.8442686519568,-6.422825781446268,-1.364840765178395,-6.422932251373366,17262.445078715646,0.0,0.19676087423338548,2.0472243320962105,2260733.6602814426,594.7464688871885
328800.0,4532463.481361469,506276.92510348023,4532604.510782654,-958.217742750396,1548.0647561082535,-958.4862803155964,-6.417180356015024,-1.3741751051506985,-6.4172852129948765,17262.445078715646,0.0,0.19676087423338548,2.0472243320962105,2260733.6602814426,594.7464688871885
328900.0,4532367.6275108205,506431.7246924827,4532508.630077728,-958.8591745374039,1547.9268660198125,-959.1277225066217,-6.4114393165833885,-1.3836503304721268,-6.411542535779958,17262.445078715646,0.0,0.19676087423338548,2.0472243320962105,2260733.6602814426,594.7464688871885
329000.0,4532271.70954586,506586.51044486254,4532412.685257457,-959.50002737352,1547.7880212712082,-959.7685855817185,-6.405601070543171,-1.3932686854398004,-6.405702626721504,17262.445078715646,0.0,0.19676087423338548,2.0472243320962105,2260733.6602814426,594.7464688871885
329100.0,4532175.727524971,506741.2822644344,4532316.676380242,-960.1402914573468,1547.648207435767,-960.4088597369456,-6.39966399869224,-1.403032450263352,-6.3997638662120275,17262.445078715646,0.0,0.19676087423338548,2.0472243320962105,2260733.6602814426,594.7464688871885
329200.0,4532079.681507525,506896.0400535586,4532220.603505473,-960.779956824219,1547.507409856976,-961.0485350050529,-6.3936264548021455,-1.412943941620827,-6.393724607611184,17262.445078715646,0.0,0.19676087423338548,2.0472243320962105,2260733.6602814426,594.7464688871885
329300.0,4531983.5715539,507050.78371311835,4532124.466693542,-961.4190133434785,1547.3656136448071,-961.6876012527566,-6.387486765179073,-1.4230055132226322,-6.387583176806636,17262.445078715646,0.0,0.19676087423338548,2.0472243320962105,2260733.6602814426,594.7464688871885
329400.0,4531887.397725494,507205.5131424959,4532028.266005866,-962.0574507157063,1547.222803671986,-962.3260481779693,-6.381243228219111,-1.4332195563818964,-6.381337871769199,17262.445078715646,0.0,0.19676087423338548,2.0472243320962105,2260733.6602814426,594.7464688871885
329500.0,4531791.160084743,507360.2282395488,4531932.0015049,-962.6952584699087,1547.0789645702025,-962.963865306986,-6.374894113956218,-1.4435885005939268,-6.374986962100716,17262.445078715646,0.0,0.19676087423338548,2.0472243320962105,2260733.6602814426,594.7464688871885
329600.0,4531694.858695141,507514.92890058557,4531835.673254153,-963.3324259606583,1546.934080726264,-963.6010419916246,-6.368437663604009,-1.4541148141227673,-6.3685286885757275,17262.445078715646,0.0,0.19676087423338548,2.0472243320962105,2260733.6602814426,594.7464688871885
329700.0,4531598.493621253,507669.61502034095,4531739.28131821,-963.9689423651884,1546.788136278188,-964.2375674063195,-6.361872089091114,-1.464801004595234,-6.361961262676738,17262.445078715646,0.0,0.19676087423338548,2.0472243320962105,2260733.6602814426,594.7464688871885
329800.0,4531502.0649287375,507824.2864919509,4531642.825762747,-964.6047966804415,1546.6411151112359,-964.8734305451694,-6.355195572589149,-1.4756496196040796,-6.355282866122059,17262.445078715646,0.0,0.19676087423338548,2.0472243320962105,2260733.6602814426,594.7464688871885
329900.0,4531405.57268436,507978.9432069272,4531546.306654549,-965.2399777200696,1546.4930008538863,-965.5086202189365,-6.348406266035006,-1.4866632473172232,-6.348491650388005,17262.445078715646,0.0,0.19676087423338548,2.0472243320962105,2260733.6602814426,594.7464688871885
330000.0,4531309.016956015,508133.58505513135,4531449.724061531,-965.8744741113863,1546.3437768737467,-966.1431250519984,-6.341502290645152,-1.4978445170970134,-6.341585736223069,17262.445078715646,0.0,0.19676087423338548,2.0472243320962105,2260733.6602814426,594.7464688871885
330100.0,4531212.397812744,508288.2119247484,4531353.078052753,-966.5082742922705,1546.1934262734026,-966.7769334792506,-6.334481736423931,-1.5091961001260126,-6.334563213156116,17262.445078715646,0.0,0.19676087423338548,2.0472243320962105,2260733.6602814426,594.7464688871885
330200.0,4531115.715324755,508442.8237022602,4531256.3686984405,-967.1413665080199,1546.0419318862034,-967.41003374296,-6.327342661664571,-1.5207207100415356,-6.3274221389972745,17262.445078715646,0.0,0.19676087423338548,2.0472243320962105,2260733.6602814426,594.7464688871885
330300.0,4531018.9695634395,508597.4202724185,4531159.596070007,-967.7737388081553,1545.8892762719856,-968.0424138895671,-6.320083092443194,-1.532421103578275,-6.320160539331828,17262.445078715646,0.0,0.19676087423338548,2.0472243320962105,2260733.6602814426,594.7464688871885
330400.0,4530922.160601395,508752.00151821686,4531062.760240071,-968.4053790431725,1545.7354417127303,-968.6740617664389,-6.312701022105838,-1.5443000812190721,-6.31277640700712,17262.445078715646,0.0,0.19676087423338548,2.0472243320962105,2260733.6602814426,594.7464688871885
330500.0,4530825.288512444,508906.56732086325,4530965.861282475,-969.0362748612441,1545.5804102081554,-969.3049650185679,-6.3051944107483635,-1.556360487853862,-6.3052677016123475,17262.445078715646,0.0,0.19676087423338548,2.0472243320962105,2260733.6602814426,594.7464688871885
330600.0,4530728.353371655,509061.11755975115,4530868.899272308,-969.6664137048678,1545.4241634712416,-969.9351110852214,-6.297561184689437,-1.5686052134465558,-6.297632348951406,17262.445078715646,0.0,0.19676087423338548,2.0472243320962105,2260733.6602814426,594.7464688871885
330700.0,4530631.355255361,509215.6521124309,4530771.874285923,-970.2957828074617,1545.2666829236916,-970.564487196535,-6.289799235935618,-1.5810371937113052,-6.289868240507872,17262.445078715646,0.0,0.19676087423338548,2.0472243320962105,2260733.6602814426,594.7464688871885
330800.0,4530534.294241183,509370.1708545802,4530674.786400965,-970.9243691899069,1545.1079496913208,-971.1930803700543,-6.281906421640183,-1.5936594107954694,-6.281973232903694,17262.445078715646,0.0,0.19676087423338548,2.0472243320962105,2260733.6602814426,594.7464688871885
330900.0,4530437.170408053,509524.6736599743,4530577.635696387,-971.5521596570339,1544.947944599379,-971.8208774072214,-6.2738805635538775,-1.6064748939721887,-6.273945147349823,17262.445078715646,0.0,0.19676087423338548,2.0472243320962105,2260733.6602814426,594.7464688871885
331000.0,4530339.98383623,509679.1604004559,4530480.42225247,-972.1791407940555,1544.7866481678036,-972.4478648898053,-6.265719447468325,-1.6194867203413272,-6.265781769089491,17262.445078715646,0.0,0.19676087423338548,2.0472243320962105,2260733.6602814426,594.7464688871885
331100.0,4530242.734607327,509833.630945904,4530383.146150849,-972.8052989629417,1544.624040606401,-973.0740291762779,-6.257420822652691,-1.6326980155377409,-6.257480846834739,17262.445078715646,0.0,0.19676087423338548,2.0472243320962105,2260733.6602814426,594.7464688871885
331200.0,4530145.422804331,509988.08516420313,4530285.807474536,-973.4306202987399,1544.4601018099575,-973.6993563981318,-6.248982401282185,-1.646111954449105,-6.249040092194808,17262.445078715646,0.0,0.19676087423338548,2.0472243320962105,2260733.6602814426,594.7464688871885
331300.0,4530048.048511631,510142.52292121114,4530188.40630794,-974.055090705836,1544.2948113532777,-974.3238324561413,-6.240401857859783,-1.6597317619410914,-6.2404571790977075,17262.445078715646,0.0,0.19676087423338548,2.0472243320962105,2260733.6602814426,594.7464688871885
331400.0,4529950.611815032,510296.94408072723,4530090.942736894,-974.6786958541585,1544.1281484861506,-974.9474430165651,-6.231676828629446,-1.6735607135925528,-6.231729743203323,17262.445078715646,0.0,0.19676087423338548,2.0472243320962105,2260733.6602814426,594.7464688871885
331500.0,4529853.1128017865,510451.34850445914,4529993.416848673,-975.3014211753223,1543.9600921282401,-975.5701735072896,-6.222804910982999,-1.6876021364371765,-6.222855381310132,17262.445078715646,0.0,0.19676087423338548,2.0472243320962105,2260733.6602814426,594.7464688871885
331600.0,4529755.551560617,510605.7360519898,4529895.828732022,-975.923251858714,1543.7906208639035,-976.1920091139132,-6.213783662858395,-1.70185940971527,-6.213831650753359,17262.445078715646,0.0,0.19676087423338548,2.0472243320962105,2260733.6602814426,594.7464688871885
331700.0,4529657.928181738,510760.1065807436,4529798.178477181,-976.544172847516,1543.6197129369314,-976.8129347757691,-6.204610602130867,-1.7163359656331694,-6.204656068795966,17262.445078715646,0.0,0.19676087423338548,2.0472243320962105,2260733.6602814426,594.7464688871885
331800.0,4529560.242756881,510914.45994595217,4529700.466175908,-977.1641688346695,1543.447346245214,-977.4329351818876,-6.1952832059966605,-1.7310352901306918,-6.195326112012271,17262.445078715646,0.0,0.19676087423338548,2.0472243320962105,2260733.6602814426,594.7464688871885
331900.0,4529462.495379322,511068.79600061924,4529602.691921505,-977.783224258775,1543.2734983353282,-978.0519947668961,-6.18579891034862,-1.7459609236578535,-6.185839215663365,17262.445078715646,0.0,0.19676087423338548,2.0472243320962105,2260733.6602814426,594.7464688871885
332000.0,4529364.686143908,511223.1145954855,4529504.855808843,-978.4013232999314,1543.098146397048,-978.670097706856,-6.176155109144191,-1.761116461959763,-6.176192773064991,17262.445078715646,0.0,0.19676087423338548,2.0472243320962105,2260733.6602814426,594.7464688871885
332100.0,4529266.815147078,511377.4155789925,4529406.957934388,-979.0184498755095,1542.9212672577748,-979.2872279150366,-6.16634915376626,-1.776505556869036,-6.166384134948227,17262.445078715646,0.0,0.19676087423338548,2.0472243320962105,2260733.6602814426,594.7464688871885
332200.0,4529168.882486893,511531.6987972462,4529308.998396229,-979.634587635863,1542.7428373768896,-979.9033690376239,-6.156378352375183,-1.792131917108353,-6.156410608811384,17262.445078715646,0.0,0.19676087423338548,2.0472243320962105,2260733.6602814426,594.7464688871885
332300.0,4529070.888263064,511685.96409397986,4529210.977294103,-980.249719959973,1542.562832840022,-980.5185044493647,-6.146239969254823,-1.8079993090984936,-6.14626945826587,17262.445078715646,0.0,0.19676087423338548,2.0472243320962105,2260733.6602814426,594.7464688871885
332400.0,4528972.832576978,511840.2113105164,4529112.894729425,-980.8638299510279,1542.3812293532417,-981.1326172491456,-6.135931224148936,-1.8241115577777705,-6.135957902372458,17262.445078715646,0.0,0.19676087423338548,2.0472243320962105,2260733.6602814426,594.7464688871885
332500.0,4528874.715531724,511994.44028573006,4529014.750805313,-981.4769004319353,1542.198002237163,-981.7456902555032,-6.125449291591462,-1.8404725474270287,-6.125473114971403,17262.445078715646,0.0,0.19676087423338548,2.0472243320962105,2260733.6602814426,594.7464688871885
332600.0,4528776.537232123,512148.6508560077,4528916.545626616,-982.0889139407676,1542.0131264209717,-982.3577060020692,-6.114791300228024,-1.8570862225045304,-6.114812224003796,17262.445078715646,0.0,0.19676087423338548,2.0472243320962105,2260733.6602814426,594.7464688871885
332700.0,4528678.297784759,512302.8428552092,4528818.2792999465,-982.6998527261387,1541.8265764363628,-982.9686467329459,-6.103954332130335,-1.873956588487929,-6.103972310825821,17262.445078715646,0.0,0.19676087423338548,2.0472243320962105,2260733.6602814426,594.7464688871885
332800.0,4528579.997298003,512457.01611462753,4528719.951933705,-983.3096987425123,1541.6383264113974,-983.5784943980129,-6.0929354221029906,-1.8910877127241439,-6.092950409515382,17262.445078715646,0.0,0.19676087423338548,2.0472243320962105,2260733.6602814426,594.7464688871885
332900.0,4528481.635882047,512611.170462948,4528621.563638113,-983.9184336454399,1541.448350064273,-984.1872306481648,-6.081731556982019,-1.90848372528805,-6.0817435061705085,17262.445078715646,0.0,0.19676087423338548,2.0472243320962105,2260733.6602814426,594.7464688871885
333000.0,4528383.213648932,512765.305726207,4528523.114525244,-984.5260387867287,1541.2566206970066,-984.7948368304773,-6.070339674926385,-1.926148819848067,-6.070348538200695,17262.445078715646,0.0,0.19676087423338548,2.0472243320962105,2260733.6602814426,594.7464688871885
333100.0,4528284.73071258,512919.42172775,4528424.604709048,-985.1324952095381,1541.0631111890332,-985.4012939833028,-6.058756664701942,-1.9440872545393726,-6.05876239361069,17262.445078715646,0.0,0.19676087423338548,2.0472243320962105,2260733.6602814426,594.7464688871885
333200.0,4528186.187188823,513073.5182881891,4528326.03430539,-985.7377836434043,1540.8677939907134,-986.0065828312939,-6.046979364957256,-1.9623033528456537,-6.046981910276167,17262.445078715646,0.0,0.19676087423338548,2.0472243320962105,2260733.6602814426,594.7464688871885
333300.0,4528087.583195437,513227.5952253596,4528227.403432078,-986.3418844991922,1540.6706411167556,-986.6106837803538,-6.035004563492812,-1.9808015044868577,-6.0350038752127615,17262.445078715646,0.0,0.19676087423338548,2.0472243320962105,2260733.6602814426,594.7464688871885
333400.0,4527988.918852172,513381.65235427633,4528128.712208894,-986.9447778639735,1540.4716241395467,-987.2135769125135,-6.022828996521468,-1.9995861663164392,-6.02282502383636,17262.445078715646,0.0,0.19676087423338548,2.0472243320962105,2260733.6602814426,594.7464688871885
333500.0,4527890.194280787,513535.6894870888,4528029.96075763,-987.5464434958307,1540.2707141823944,-987.8152419807346,-6.010449347923657,-2.018661863222288,-6.010442039218145,17262.445078715646,0.0,0.19676087423338548,2.0472243320962105,2260733.6602814426,594.7464688871885
333600.0,4527791.409605082,513689.70643303636,4527931.149202119,-988.1468608185862,1540.0678819126774,-988.4156584036372,-5.9978622484927016,-2.0380331890388996,-5.997851551329732,17262.445078715646,0.0,0.19676087423338548,2.0472243320962105,2260733.6602814426,594.7464688871885
333700.0,4527692.56495093,513843.7029984018,4527832.2776682675,-988.7460089164562,1539.863097534906,-989.0148052601518,-5.985064275174883,-2.0577048074631437,-5.9850501362830775,17262.445078715646,0.0,0.19676087423338548,2.0472243320962105,2260733.6602814426,594.7464688871885
333800.0,4527593.660446314,513997.6789864649,4527733.346284093,-989.3438665286267,1539.656330783689,-989.6126612840953,-5.972051950301763,-2.0776814529777106,-5.972034315562628,17262.445078715646,0.0,0.19676087423338548,2.0472243320962105,2260733.6602814426,594.7464688871885
333900.0,4527494.69622136,514151.6341974553,4527634.355179758,-989.9404120437541,1539.4475509166093,-990.2092048586694,-5.95882174081503,-2.097967931781707,-5.958800555250003,17262.445078715646,0.0,0.19676087423338548,2.0472243320962105,2260733.6602814426,594.7464688871885
334000.0,4527395.672408373,514305.56842850416,4527535.304487602,-990.5356234943871,1539.2367267070042,-990.8044140108811,-5.945370057485045,-2.118569122726507,-5.945345265242355,17262.445078715646,0.0,0.19676087423338548,2.0472243320962105,2260733.6602814426,594.7464688871885
334100.0,4527296.589141874,514459.48147359537,4527436.194342181,-991.1294785513097,1539.0238264366549,-991.3982664058852,-5.931693254122122,-2.139489978258316,-5.931664798463488,17262.445078715646,0.0,0.19676087423338548,2.0472243320962105,2260733.6602814426,594.7464688871885
334200.0,4527197.446558632,514613.37312351627,4527337.024880303,-991.7219545178061,1538.8088178883781,-991.9907393412471,-5.917787626781226,-2.1607355253663934,-5.917755450068382,17262.445078715646,0.0,0.19676087423338548,2.0472243320962105,2260733.6602814426,594.7464688871885
334300.0,4527098.2447977085,514767.24316580704,4527237.796241064,-992.3130283238447,1538.5916683385253,-992.5818097411259,-5.90364941296039,-2.182310866536351,-5.903613456641417,17262.445078715646,0.0,0.19676087423338548,2.0472243320962105,2260733.6602814426,594.7464688871885
334400.0,4526998.984000487,514921.09138471005,4527138.508565887,-992.9026765201822,1538.3723445493843,-993.1714541503767,-5.889274790792258,-2.204221180709471,-5.88923499538777,17262.445078715646,0.0,0.19676087423338548,2.0472243320962105,2260733.6602814426,594.7464688871885
334500.0,4526899.664310719,515074.91756111773,4527039.161998561,-993.4908752723865,1538.1508127614857,-993.7596487285726,-5.8746598782295525,-2.226471724246725,-5.874616183318675,17262.445078715646,0.0,0.19676087423338548,2.0472243320962105,2260733.6602814426,594.7464688871885
334600.0,4526800.285874555,515228.7214725202,4526939.7566852765,-994.0776003547774,1537.9270386858132,-994.3463692439437,-5.859800732224651,-2.2490678318971815,-5.859753076430841,17262.445078715646,0.0,0.19676087423338548,2.0472243320962105,2260733.6602814426,594.7464688871885
334700.0,4526700.848840591,515382.5028929519,4526840.292774668,-994.6628271442856,1537.7009874959151,-994.9315910672348,-5.844693347902359,-2.2720149177722413,-5.844641668879034,17262.445078715646,0.0,0.19676087423338548,2.0472243320962105,2260733.6602814426,594.7464688871885
334800.0,4526601.353359903,515536.26159293734,4526740.770417853,-995.2465306142284,1537.4726238199203,-995.5152891654791,-5.829333657728532,-2.2953184763213734,-5.8292778921445265,17262.445078715646,0.0,0.19676087423338548,2.0472243320962105,2260733.6602814426,594.7464688871885
334900.0,4526501.799586093,515689.9973394363,4526641.189768474,-995.8286853280017,1537.2419117324544,-996.0974380956897,-5.813717530671596,-2.3189840833141258,-5.8136576141964325,17262.445078715646,0.0,0.19676087423338548,2.0472243320962105,2260733.6602814426,594.7464688871885
335000.0,4526402.187675324,515843.70989578805,4526541.550982735,-996.4092654326882,1537.0088147464594,-996.6780119984656,-5.797840771359226,-2.3430173968247425,-5.797776638648204,17262.445078715646,0.0,0.19676087423338548,2.0472243320962105,2260733.6602814426,594.7464688871885
335100.0,4526302.517786369,515997.39902165456,4526441.854219451,-996.9882446525812,1536.7732958049135,-997.2569845915144,-5.781699119230696,-2.3674241582185296,-5.7816307039098,17262.445078715646,0.0,0.19676087423338548,2.0472243320962105,2260733.6602814426,594.7464688871885
335200.0,4526202.790080646,516151.06447296345,4526342.0996400835,-997.5655962826228,1536.5353172724526,-997.8343291630887,-5.765288247683218,-2.3922101931426636,-5.7652154823338435,17262.445078715646,0.0,0.19676087423338548,2.0472243320962105,2260733.6602814426,594.7464688871885
335300.0,4526103.004722269,516304.70600184944,4526242.28740879,-998.1412931817571,1536.2948409268922,-998.4100185653379,-5.7486037632145655,-2.417381412517761,-5.748526579358063,17262.445078715646,0.0,0.19676087423338548,2.0472243320962105,2260733.6602814426,594.7464688871885
335400.0,4526003.161878087,516458.3233565953,4526142.417692462,-998.715307766197,1536.051827950651,-998.9840252075733,-5.731641204560967,-2.442943813531845,-5.731559532642995,17262.445078715646,0.0,0.19676087423338548,2.0472243320962105,2260733.6602814426,594.7464688871885
335500.0,4525903.261717727,516611.916281572,4526042.4906607745,-999.2876120026051,1535.8062389220738,-999.5563210494474,-5.714396041830591,-2.468903480636092,-5.714309811205284,17262.445078715646,0.0,0.19676087423338548,2.0472243320962105,2260733.6602814426,594.7464688871885
335600.0,4525803.304413646,516765.4845171777,4525942.506486228,-999.8581774011869,1535.5580338066559,-1000.1268775940463,-5.696863675634246,-2.495266586539885,-5.696772814548215,17262.445078715646,0.0,0.19676087423338548,2.0472243320962105,2260733.6602814426,594.7464688871885
335700.0,4525703.290141173,516919.0277997761,4525842.465344196,-1000.426975008698,1535.3071719481668,-1000.6956658808939,-5.679039436212637,-2.5220393932061937,-5.678943871788761,17262.445078715646,0.0,0.19676087423338548,2.0472243320962105,2260733.6602814426,594.7464688871885
335800.0,4525603.219078551,517072.5458616339,4525742.367412973,-1000.9939754013628,1535.053612059676,-1001.2626564788702,-5.660918582558832,-2.5492282528493106,-5.660818240779886,17262.445078715646,0.0,0.19676087423338548,2.0472243320962105,2260733.6602814426,594.7464688871885
335900.0,4525503.091406995,517226.03843085706,4525642.212873819,-1001.5591486777063,1534.7973122144774,-1001.8278194790406,-5.642496301540842,-2.5768396089273473,-5.6423911072329185,17262.445078715646,0.0,0.19676087423338548,2.0472243320962105,2260733.6602814426,594.7464688871885
336000.0,4525402.907310732,517379.5052313266,4525542.00191101,-1002.1224644512971,1534.5382298369154,-1002.391124487398,-5.623767707019062,-2.6048799971376453,-5.62365758383483,17262.445078715646,0.0,0.19676087423338548,2.0472243320962105,2260733.6602814426,594.7464688871885
336100.0,4525302.666977051,517532.94598263316,4525441.734711884,-1002.6838918434028,1534.2763216931116,-1002.9525406175158,-5.604727838964031,-2.6333560464066235,-5.604612709365793,17262.445078715646,0.0,0.19676087423338548,2.0472243320962105,2260733.6602814426,594.7464688871885
336200.0,4525202.370596355,517686.3604000106,4525341.411466894,-1003.2433994755567,1534.0115438815922,-1003.5120364831131,-5.585371662571429,-2.6622744798788287,-5.585251447814002,17262.445078715646,0.0,0.19676087423338548,2.0472243320962105,2260733.6602814426,594.7464688871885
336300.0,4525102.01836221,517839.7481942689,4525241.032369657,-1003.8009554620359,1533.7438518238166,-1004.0695801905317,-5.565694067376137,-2.691642115902403,-5.5655686874895505,17262.445078715646,0.0,0.19676087423338548,2.0472243320962105,2260733.6602814426,594.7464688871885
336400.0,4525001.610471397,517993.109071726,4525140.597617007,-1004.3565274022512,1533.4732002546089,-1004.6251393311234,-5.545689866366612,-2.7214658690089824,-5.545559240138614,17262.445078715646,0.0,0.19676087423338548,2.0472243320962105,2260733.6602814426,594.7464688871885
336500.0,4524901.147123961,518146.4427341384,4525040.10740904,-1004.910082373048,1533.19954321249,-1005.1786809735491,-5.525353795097669,-2.751752750891028,-5.525217840056064,17262.445078715646,0.0,0.19676087423338548,2.0472243320962105,2260733.6602814426,594.7464688871885
336600.0,4524800.628523269,518299.74887863145,4524939.561949177,-1005.4615869209183,1532.9228340299128,-1005.7301716559904,-5.504680510804885,-2.7825098713716656,-5.504539143199668,17262.445078715646,0.0,0.19676087423338548,2.0472243320962105,2260733.6602814426,594.7464688871885
336700.0,4524700.0548760565,518453.02719762793,4524838.9614442075,-1006.011007054125,1532.6430253234014,-1006.2795773782703,-5.483664591519316,-2.8137444393689597,-5.483517726304654,17262.445078715646,0.0,0.19676087423338548,2.0472243320962105,2260733.6602814426,594.7464688871885
336800.0,4524599.426392489,518606.27737877605,4524738.306104351,-1006.5583082347372,1532.3600689835935,-1006.8268635938878,-5.462300535184319,-2.8454637638520293,-5.462148086000326,17262.445078715646,0.0,0.19676087423338548,2.0472243320962105,2260733.6602814426,594.7464688871885
336900.0,4524498.743286211,518759.4991048764,4524637.596143308,-1007.103455370577,1532.0739161651873,-1007.3719952019624,-5.440582758773215,-2.8776752547908653,-5.440424637927568,17262.445078715646,0.0,0.19676087423338548,2.0472243320962105,2260733.6602814426,594.7464688871885
337000.0,4524398.005774405,518912.69205380784,4524536.831778319,-1007.6464128070786,1531.7845172767954,-1007.914936539092,-5.418505597411079,-2.9103864240948747,-5.418341715860445,17262.445078715646,0.0,0.19676087423338548,2.0472243320962105,2260733.6602814426,594.7464688871885
337100.0,4524297.214077847,519065.8558984523,4524436.013230217,-1008.1871443190602,1531.4918219707035,-1008.4556513711218,-5.3960633034989485,-2.943604886542813,-5.3958935708302445,17262.445078715646,0.0,0.19676087423338548,2.0472243320962105,2260733.6602814426,594.7464688871885
337200.0,4524196.368420965,519218.9903066187,4524335.140723488,-1008.7256131024071,1531.1957791325374,-1008.9941028848267,-5.373250045841786,-2.9773383607020567,-5.373074370253258,17262.445078715646,0.0,0.19676087423338548,2.0472243320962105,2260733.6602814426,594.7464688871885
337300.0,4524095.469031896,519372.09494096576,4524234.21448633,-1009.2617817656695,1530.8963368708391,-1009.5302536795065,-5.3500599087824945,-3.011594669833794,-5.349878197064627,17262.445078715646,0.0,0.19676087423338548,2.0472243320962105,2260733.6602814426,594.7464688871885
337400.0,4523994.516142548,519525.16945892386,4524133.234750709,-1009.7956123215728,1530.5934425065525,-1010.0640657584943,-5.326486891339261,-3.0463817427883044,-5.326299048855518,17262.445078715646,0.0,0.19676087423338548,2.0472243320962105,2260733.6602814426,594.7464688871885
337500.0,4523893.509988654,519678.21351261553,4524032.201752421,-1010.327066178442,1530.2870425624203,-1010.5955005205795,-5.302524906351021,-3.081707614883035,-5.302330837018429,17262.445078715646,0.0,0.19676087423338548,2.0472243320962105,2260733.6602814426,594.7464688871885
337600.0,4523792.450809841,519831.2267487753,4523931.115731155,-1010.8561041315421,1529.9770827522939,-1011.1245187513456,-5.2781677796279425,-3.1175804287683775,-5.277967385897484,17262.445078715646,0.0,0.19676087423338548,2.0472243320962105,2260733.6602814426,594.7464688871885
337700.0,4523691.338849684,519984.2088086681,4523829.976930548,-1011.3826863543323,1529.6635079703578,-1011.6510806144227,-5.253409249112172,-3.1540084352730346,-5.253202431949046,17262.445078715646,0.0,0.19676087423338548,2.0472243320962105,2260733.6602814426,594.7464688871885
337800.0,4523590.174355775,520137.1593280069,4523728.7855982585,-1011.9067723896381,1529.34626228027,-1012.1751456426576,-5.2282429640442,-3.1909999942363028,-5.2280296229079,17262.445078715646,0.0,0.19676087423338548,2.0472243320962105,2260733.6602814426,594.7464688871885
337900.0,4523488.957579781,520290.0779368691,4523627.5419860175,-1012.4283211407395,1529.02528890422,-1012.6966727292003,-5.202662484140274,-3.22856357531894,-5.202442516964531,17262.445078715646,0.0,0.19676087423338548,2.0472243320962105,2260733.6602814426,594.7464688871885
338000.0,4523387.688777514,520442.96425961173,4523526.246349702,-1012.9472908623779,1528.7005302119073,-1013.2156201185085,-5.176661278781206,-3.2667077587922333,-5.176434581953753,17262.445078715646,0.0,0.19676087423338548,2.0472243320962105,2260733.6602814426,594.7464688871885
338100.0,4523286.3682089895,520595.8179147857,4523424.898949397,-1013.463639151683,1528.3719277094417,-1013.7319453972723,-5.150232726210099,-3.305441236309125,-5.149999194552317,17262.445078715646,0.0,0.19676087423338548,2.0472243320962105,2260733.6602814426,594.7464688871885
338200.0,4523184.996138499,520748.6385150489,4523323.500049462,-1013.9773229390186,1528.039422028167,-1014.2456054852587,-5.123370112744583,-3.3447728116489537,-5.1231296394909815,17262.445078715646,0.0,0.19676087423338548,2.0472243320962105,2260733.6602814426,594.7464688871885
338300.0,4523083.572834675,520901.4256670781,4523222.049918598,-1014.4882984787517,1527.7029529134131,-1014.756556626078,-5.09606663200081,-3.384711401440137,-5.095819108778369,17262.445078715646,0.0,0.19676087423338548,2.0472243320962105,2260733.6602814426,594.7464688871885
338400.0,4522982.098570558,521054.17897148,4523120.548829915,-1014.9965213399445,1527.362459213175,-1015.2647543778735,-5.068315384132875,-3.4252660358552927,-5.068060700940258,17262.445078715646,0.0,0.19676087423338548,2.0472243320962105,2260733.6602814426,594.7464688871885
338500.0,4522880.573623667,521206.8980227005,4523018.997061005,-1015.5019463969697,1527.0178788667258,-1015.7701536039358,-5.040109375088354,-3.466445859277891,-5.039847420274982,17262.445078715646,0.0,0.19676087423338548,2.0472243320962105,2260733.6602814426,594.7464688871885
338600.0,4522778.998276066,521359.5824089337,4522917.394894006,-1016.0045278200546,1526.6691488931626,-1016.2727084632436,-5.0114415158781895,-3.5082601309432446,-5.011172176123198,17262.445078715646,0.0,0.19676087423338548,2.0472243320962105,2260733.6602814426,594.7464688871885
338700.0,4522677.372814441,521512.23171202914,4522815.742615676,-1016.5042190657506,1526.316205379891,-1016.772372400932,-4.982304621866872,-3.5507182255449576,-4.982027782157934,17262.445078715646,0.0,0.19676087423338548,2.0472243320962105,2260733.6602814426,594.7464688871885
338800.0,4522575.697530167,521664.84550739784,4522714.040517464,-1017.0009728673347,1525.9589834710505,-1017.2690981386912,-4.952691412080944,-3.5938296338099307,-4.952406955692993,17262.445078715646,0.0,0.19676087423338548,2.0472243320962105,2260733.6602814426,594.7464688871885
338900.0,4522473.972719382,521817.4233639178,4522612.2888955865,-1017.4947412251414,1525.5974173558832,-1017.7628376650968,-4.922594508537681,-3.63760396303933,-4.922302317011508,17262.445078715646,0.0,0.19676087423338548,2.0472243320962105,2260733.6602814426,594.7464688871885
339000.0,4522372.198683061,521969.9648438376,4522510.488051095,-1017.9854753968294,1525.2314402570512,-1018.2535422258736,-4.892006435595402,-3.6820509376134174,-4.891706388716156,17262.445078715646,0.0,0.19676087423338548,2.0472243320962105,2260733.6602814426,594.7464688871885
339100.0,4522270.375727091,522122.4695026793,4522408.638289955,-1018.473125887584,1524.8609844189052,-1018.7411623140972,-4.86091961932806,-3.7271803994564032,-4.86061159510366,17262.445078715646,0.0,0.19676087423338548,2.0472243320962105,2260733.6602814426,594.7464688871885
339200.0,4522168.504162347,522274.93688914,4522306.739923122,-1018.9576424402586,1524.4859810957082,-1019.2256476603317,-4.829326386921839,-3.773002308465057,-4.829010261561281,17262.445078715646,0.0,0.19676087423338548,2.0472243320962105,2260733.6602814426,594.7464688871885
339300.0,4522066.584304768,522427.36654499214,4522204.793266615,-1019.4389740254567,1524.1063605398192,-1019.7069472227107,-4.797218966101631,-3.8195267428891446,-4.796894613993224,17262.445078715646,0.0,0.19676087423338548,2.0472243320962105,2260733.6602814426,594.7464688871885
339400.0,4521964.616475433,522579.7580049829,4522102.798641597,-1019.9170688315581,1523.7220519898394,-1020.1850091769611,-4.764589484580753,-3.866763899674182,-4.764256778270274,17262.445078715646,0.0,0.19676087423338548,2.0472243320962105,2260733.6602814426,594.7464688871885
339500.0,4521862.601000646,522732.1107967322,4522000.756374453,-1020.391874254692,1523.332983658729,-1020.6597809063734,-4.73142996954355,-3.914724094751939,-4.731088779712335,17262.445078715646,0.0,0.19676087423338548,2.0472243320962105,2260733.6602814426,594.7464688871885
339600.0,4521760.538212008,522884.42444062926,4521898.66679687,-1020.8633368886586,1522.9390827218951,-1021.1312089917219,-4.697732347155564,-3.963417763287071,-4.69738254259854,17262.445078715646,0.0,0.19676087423338548,2.0472243320962105,2260733.6602814426,594.7464688871885
339700.0,4521658.4284465015,523036.6984497287,4521796.530245916,-1021.331402514805,1522.5402753052583,-1021.5992392011378,-4.663488442108699,-4.012855459868879,-4.663129889712362,17262.445078715646,0.0,0.19676087423338548,2.0472243320962105,2260733.6602814426,594.7464688871885
339800.0,4521556.2720465725,523188.9323296446,4521694.347064125,-1021.7960160918558,1522.1364864733027,-1022.0638164799383,-4.628689977198855,-4.063047858652222,-4.628322541919223,17262.445078715646,0.0,0.19676087423338548,2.0472243320962105,2260733.6602814426,594.7464688871885
339900.0,4521454.069360212,523341.12557844404,4521592.117599579,-1022.2571217457042,1521.7276402171155,-1022.5248849404146,-4.593328572940057,-4.114005753441821,-4.592952117780575,17262.445078715646,0.0,0.19676087423338548,2.0472243320962105,2260733.6602814426,594.7464688871885
340000.0,4521351.820741043,523493.27768653893,4521489.842205987,-1022.7146627591663,1521.3136594424193,-1022.9823878515846,-4.557395747217254,-4.165740057716949,-4.557010133206685,17262.445078715646,0.0,0.19676087423338548,2.0472243320962105,2260733.6602814426,594.7464688871885
340100.0,4521249.5265484,523645.38813657704,4521387.521242778,-1023.168581561702,1520.8944659576061,-1023.4362676289113,-4.520882914975983,-4.218261804599471,-4.5204880011462905,17262.445078715646,0.0,0.19676087423338548,2.0472243320962105,2260733.6602814426,594.7464688871885
340200.0,4521147.187147418,523797.45640333166,4521285.155075179,-1023.6188197191074,1520.4699804617778,-1023.8864658239935,-4.483781387957199,-4.271582146753085,-4.483377031321435,17262.445078715646,0.0,0.19676087423338548,2.0472243320962105,2260733.6602814426,594.7464688871885
340300.0,4521044.80290912,523949.4819535899,4521182.744074308,-1024.065317923183,1520.040122532799,-1024.332923114231,-4.44608237447321,-4.325712356220203,-4.445668430003406,17262.445078715646,0.0,0.19676087423338548,2.0472243320962105,2260733.6602814426,594.7464688871885
340400.0,4520942.374210504,524101.4642460402,4521080.288617259,-1024.508015981382,1519.6048106153705,-1024.775579292471,-4.407776979231208,-4.380663824186974,-4.407353299836301,17262.445078715646,0.0,0.19676087423338548,2.0472243320962105,2260733.6602814426,594.7464688871885
340500.0,4520839.90143463,524253.4027311583,4520977.789087189,-1024.9468528064417,1519.16396200913,-1025.214373256638,-4.3688562032020055,-4.436448060680475,-4.3684226397058,17262.445078715646,0.0,0.19676087423338548,2.0472243320962105,2260733.6602814426,594.7464688871885
340600.0,4520737.384970715,524405.2968510921,4520875.245873414,-1025.3817664060066,1518.717492856786,-1025.6492429993536,-4.329310943541758,-4.493076694186691,-4.328867344660931,17262.445078715646,0.0,0.19676087423338548,2.0472243320962105,2260733.6602814426,594.7464688871885
340700.0,4520634.825214219,524557.1460395455,4520772.659371493,-1025.8126938722446,1518.2653181322942,-1026.080125597551,-4.2891319935643875,-4.550561471193087,-4.288678205886571,17262.445078715646,0.0,0.19676087423338548,2.0472243320962105,2260733.6602814426,594.7464688871885
340800.0,4520532.222566939,524708.9497216609,4520670.029983327,-1026.2395713714639,1517.8073516290833,-1026.5069572020898,-4.248310042769862,-4.608914255648507,-4.247845910731794,17262.445078715646,0.0,0.19676087423338548,2.0472243320962105,2260733.6602814426,594.7464688871885
340900.0,4520429.577437102,524860.7073139005,4520567.358117244,-1026.662334133735,1517.3435059483397,-1026.9296730273759,-4.206835676925803,-4.668147028344497,-4.2063610427915785,17262.445078715646,0.0,0.19676087423338548,2.0472243320962105,2260733.6602814426,594.7464688871885
341000.0,4520326.890239459,525012.4182239263,4520464.644188103,-1027.0809164425245,1516.873692487358,-1027.3482073409925,-4.164699378215085,-4.728271886199574,-4.164214082054512,17262.445078715646,0.0,0.19676087423338548,2.0472243320962105,2260733.6602814426,594.7464688871885
341100.0,4520224.161395383,525164.0818504797,4520361.888617381,-1027.4952516243466,1516.3978214279675,-1027.7624934533503,-4.121891525439808,-4.789301041461272,-4.1213954051068935,17262.445078715646,0.0,0.19676087423338548,2.0472243320962105,2260733.6602814426,594.7464688871885
341200.0,4520121.391332959,525315.6975832589,4520259.091833273,-1027.9052720384368,1515.915801725043,-1028.172463707359,-4.078402394291047,-4.851246820812381,-4.077895285402619,17262.445078715646,0.0,0.19676087423338548,2.0472243320962105,2260733.6602814426,594.7464688871885
341300.0,4520018.580487086,525467.2648027956,4520156.254270788,-1028.310909066459,1515.42754109511,-1028.5780494681308,-4.0342221576883635,-4.914121664375812,-4.033703893602859,17262.445078715646,0.0,0.19676087423338548,2.0472243320962105,2260733.6602814426,594.7464688871885
341400.0,4519915.729299577,525618.782880331,4520053.376371848,-1028.7120931022469,1514.9329460050556,-1028.9791811127213,-3.989340886187161,-4.977938124621595,-3.9888112979835815,17262.445078715646,0.0,0.19676087423338548,2.0472243320962105,2260733.6602814426,594.7464688871885
341500.0,4519812.8382192515,525770.25117769,4519950.458585389,-1029.1087535415907,1514.4319216609513,-1029.3757880199141,-3.9437485484589634,-5.042708865168802,-3.943207464916044,17262.445078715646,0.0,0.19676087423338548,2.0472243320962105,2260733.6602814426,594.7464688871885
341600.0,4519709.907702041,525921.6690471544,4519847.501367455,-1029.5008187720766,1513.9243719970036,-1029.7677985600578,-3.897435011846498,-5.108446659480234,-3.8968822594220613,17262.445078715646,0.0,0.19676087423338548,2.0472243320962105,2260733.6602814426,594.7464688871885
341700.0,4519606.93821109,526073.0358313356,4519744.505181309,-1029.8882161629854,1513.4101996646393,-1030.1551400849614,-3.8503900429999978,-5.1751643894407895,-3.8498254458105734,17262.445078715646,0.0,0.19676087423338548,2.0472243320962105,2260733.6602814426,594.7464688871885
341800.0,4519503.930216856,526224.3508630454,4519641.470497526,-1030.270872055257,1512.8893060217388,-1030.5377389178589,-3.8026033085940942,-5.242875043821065,-3.8020266883947795,17262.445078715646,0.0,0.19676087423338548,2.0472243320962105,2260733.6602814426,594.7464688871885
341900.0,4519400.8841972165,526375.6134651665,4519538.397794104,-1030.6487117515335,1512.3615911220295,-1030.9155203434486,-3.754064376124893,-5.311591716627394,-3.7534755522894834,17262.445078715646,0.0,0.19676087423338548,2.0472243320962105,2260733.6602814426,594.7464688871885
342000.0,4519297.800637569,526526.8229505211,4519435.287556562,-1031.0216595062839,1511.8269537046504,-1031.2884085980177,-3.704762714803112,-5.38132760531529,-3.7041615043045426,17262.445078715646,0.0,0.19676087423338548,2.0472243320962105,2260733.6602814426,594.7464688871885
342100.0,4519194.680030939,526677.9786217392,4519332.140278049,-1031.3896385160247,1511.285291183901,-1031.6563268596585,-3.654687696530173,-5.452096008886437,-3.654073913921278,17262.445078715646,0.0,0.19676087423338548,2.0472243320962105,2260733.6602814426,594.7464688871885
342200.0,4519091.522878085,526829.0797711256,4519228.956459451,-1031.7525709096415,1510.7364996391884,-1032.0191972385906,-3.6038285969747323,-5.523910325843928,-3.6032020543693495,17262.445078715646,0.0,0.19676087423338548,2.0472243320962105,2260733.6602814426,594.7464688871885
342300.0,4518988.3296876075,526980.1256805259,4519125.736609494,-1032.1103777388232,1510.180473805184,-1032.3769407675911,-3.55217459674044,-5.596784052020064,-3.5515351037948806,17262.445078715646,0.0,0.19676087423338548,2.0472243320962105,2260733.6602814426,594.7464688871885
342400.0,4518885.1009760555,527131.1156211916,4519022.481244859,-1032.4629789686187,1509.6171070622056,-1032.7294773925512,-3.4997147826421844,-5.670730778251882,-3.4990621465370997,17262.445078715646,0.0,0.19676087423338548,2.0472243320962105,2260733.6602814426,594.7464688871885
342500.0,4518781.837268037,527282.0488536438,4518919.190890283,-1032.8102934681256,1509.046291426839,-1033.076725963162,-3.446438149078888,-5.745764187922727,-3.4457721745015566,17262.445078715646,0.0,0.19676087423338548,2.0472243320962105,2260733.6602814426,594.7464688871885
342600.0,4518678.539096327,527432.9246275373,4518815.866078676,-1033.1522390013222,1508.4679175428128,-1033.4186042237452,-3.392333599520534,-5.821898054344573,-3.391654088647599,17262.445078715646,0.0,0.19676087423338548,2.0472243320962105,2260733.6602814426,594.7464688871885
342700.0,4518575.207001979,527583.7421815215,4518712.507351226,-1033.4887322180534,1507.8818746721427,-1033.7550288042369,-3.3373899481026617,-5.899146237991733,-3.336696700583342,17262.445078715646,0.0,0.19676087423338548,2.0472243320962105,2260733.6602814426,594.7464688871885
342800.0,4518471.841534441,527734.5007431031,4518609.115257518,-1033.8196886451815,1507.2880506865602,-1034.0859152113374,-3.281595921339294,-5.977522683570646,-3.2808887342790936,17262.445078715646,0.0,0.19676087423338548,2.0472243320962105,2260733.6602814426,594.7464688871885
342900.0,4518368.443251662,527885.199528506,4518505.690355642,-1034.145022677915,1506.6863320592424,-1034.411177819838,-3.2249401599517435,-6.057041416930282,-3.2242188278966917,17262.445078715646,0.0,0.19676087423338548,2.0472243320962105,2260733.6602814426,594.7464688871885
343000.0,4518265.012720209,528035.8377425311,4518402.233212305,-1034.464647571326,1506.0766038568597,-1034.7307298641367,-3.1674112208210836,-6.137716541802522,-3.1666755357425527,17262.445078715646,0.0,0.19676087423338548,2.0472243320962105,2260733.6602814426,594.7464688871885
343100.0,4518161.550515381,528186.4145784153,4518298.744402951,-1034.7784754320683,1505.4587497319576,-1035.044483429955,-3.108997579069501,-6.219562236365686,-3.1082473303495983,17262.445078715646,0.0,0.19676087423338548,2.0472243320962105,2260733.6602814426,594.7464688871885
343200.0,4518058.057221323,528336.9292176898,4518195.224511869,-1035.086417210312,1504.8326519156908,-1035.3523494462713,-3.049687630268122,-6.302592749635672,-3.048922604685723,17262.445078715646,0.0,0.19676087423338548,2.0472243320962105,2260733.6602814426,594.7464688871885
343300.0,4517954.533431146,528487.3808300375,4518091.674132319,-1035.3883826919036,1504.1981912109284,-1035.6542376774792,-2.989469692782749,-6.386822397668766,-2.9886896745001765,17262.445078715646,0.0,0.19676087423338548,2.0472243320962105,2260733.6602814426,594.7464688871885
343400.0,4517850.979747039,528637.76857315,4517988.093866639,-1035.6842804907687,1503.5552469857466,-1035.9500567157893,-2.928332010256865,-6.472265559578021,-2.927536780807263,17262.445078715646,0.0,0.19676087423338548,2.0472243320962105,2260733.6602814426,594.7464688871885
343500.0,4517747.396780388,528788.0915925837,4517884.484326367,-1035.9740180415702,1502.903697167331,-1036.2397139738855,-2.866262754234498,-6.558936673360301,-2.8654520925099423,17262.445078715646,0.0,0.19676087423338548,2.0472243320962105,2260733.6602814426,594.7464688871885
343600.0,4517643.785151896,528938.3490216152,4517780.846132361,-1036.2575015926348,1502.2434182363045,-1036.5231156778518,-2.8032500269338554,-6.646850231519085,-2.802423709174211,17262.445078715646,0.0,0.19676087423338548,2.0472243320962105,2260733.6602814426,594.7464688871885
343700.0,4517540.1454917,529088.539981097,4517677.179914914,-1036.5346361991665,1501.5742852215042,-1036.8001668603827,-2.739281864170545,-6.736020776485687,-2.7384396639531285,17262.445078715646,0.0,0.19676087423338548,2.0472243320962105,2260733.6602814426,594.7464688871885
343800.0,4517436.478439491,529238.6635793112,4517573.486313877,-1036.8053257167578,1500.896171695226,-1037.070771354295,-2.6743462384330794,-6.826462895835995,-2.673487926663163,17262.445078715646,0.0,0.19676087423338548,2.0472243320962105,2260733.6602814426,594.7464688871885
343900.0,4517332.784644636,529388.7189118247,4517469.765978777,-1037.0694727952182,1500.2089497689592,-1037.3348317863547,-2.6084310621206335,-6.9181912172892375,-2.6075564070228117,17262.445078715646,0.0,0.19676087423338548,2.0472243320962105,2260733.6602814426,594.7464688871885
344000.0,4517229.064766297,529538.705061342,4517366.01956894,-1037.3269788727334,1499.5124900896296,-1037.5922495714356,-2.541524190942548,-7.0112204034905865,-2.540632958053026,17262.445078715646,0.0,0.19676087423338548,2.0472243320962105,2260733.6602814426,594.7464688871885
344100.0,4517125.3194735525,529688.6210975589,4517262.247753609,-1037.5777441703738,1498.8066618363787,-1037.8429249070268,-2.4736134274874324,-7.105565146567249,-2.4727053796472607,17262.445078715646,0.0,0.19676087423338548,2.0472243320962105,2260733.6602814426,594.7464688871885
344200.0,4517021.54944552,529838.4660770159,4517158.451212072,-1037.8216676869672,1498.091332717896,-1038.0867567681057,-2.404686524960278,-7.201240162461503,-2.4037614223095893,17262.445078715646,0.0,0.19676087423338548,2.0472243320962105,2260733.6602814426,594.7464688871885
344300.0,4516917.75537148,529988.2390429503,4517054.630633778,-1038.0586471943554,1497.3663689703312,-1038.3236429023927,-2.334731191101141,-7.298260185022081,-2.3337887910744186,17262.445078715646,0.0,0.19676087423338548,2.0472243320962105,2260733.6602814426,594.7464688871885
344400.0,4516813.937950996,530137.9390251498,4516950.7867184635,-1038.2885792330512,1496.631635355809,-1038.5534798260087,-2.263735092282028,-7.3966399598600265,-2.2627751496044546,17262.445078715646,0.0,0.19676087423338548,2.0472243320962105,2260733.6602814426,594.7464688871885
344500.0,4516710.097894038,530287.5650398042,4516846.920176275,-1038.5113591083134,1495.8869951615698,-1038.7761628195492,-2.191685857783953,-7.496394237967313,-2.190708124468884,17262.445078715646,0.0,0.19676087423338548,2.0472243320962105,2260733.6602814426,594.7464688871885
344600.0,4516606.235921109,530437.1160893586,4516743.031727894,-1038.7268808866602,1495.1323101997612,-1038.991585924598,-2.1185710842766303,-7.5975377690669,-2.1175753096242467,17262.445078715646,0.0,0.19676087423338548,2.0472243320962105,2260733.6602814426,594.7464688871885
344700.0,4516502.352763368,530586.5911623653,4516639.122104659,-1038.9350373928394,1494.3674408079082,-1039.1996419406976,-2.0443783404762783,-7.70008529473109,-2.04336427107342,17262.445078715646,0.0,0.19676087423338548,2.0472243320962105,2260733.6602814426,594.7464688871885
344800.0,4516398.449162751,530735.9892333368,4516535.192048689,-1039.1357202072747,1493.5922458500831,-1039.4002224227945,-1.9690951720117926,-7.804051541225494,-1.9680625517330954,17262.445078715646,0.0,0.19676087423338548,2.0472243320962105,2260733.6602814426,594.7464688871885
344900.0,4516294.525872103,530885.3092625983,4516431.242313013,-1039.328819664009,1492.806582718805,-1039.5932176791835,-1.8927091064913837,-7.909451212091567,-1.8916576765016968,17262.445078715646,0.0,0.19676087423338548,2.0472243320962105,2260733.6602814426,594.7464688871885
345000.0,4516190.583655293,531034.550196141,4516327.273661691,-1039.514224849163,1492.0103073376936,-1039.7785167699667,-1.815207658774785,-8.016298980461508,-1.8141371575329526,17262.445078715646,0.0,0.19676087423338548,2.0472243320962105,2260733.6602814426,594.7464688871885
345100.0,4516086.623287346,531183.710965475,4516223.286869937,-1039.6918235999337,1491.2032741649066,-1039.956007506052,-1.736578336452526,-8.124609481104802,-1.7354884997165891,17262.445078715646,0.0,0.19676087423338548,2.0472243320962105,2260733.6602814426,594.7464688871885
345200.0,4515982.645554566,531332.7904874829,4516119.282724247,-1039.861502504151,1490.3853361973854,-1040.1255764487098,-1.6568086455518838,-8.23439730217947,-1.6556992063857177,17262.445078715646,0.0,0.19676087423338548,2.0472243320962105,2260733.6602814426,594.7464688871885
345300.0,4515878.65125466,531481.7876642747,4516015.262022527,-1040.0231469004145,1489.5563449759397,-1040.287108909712,-1.5758860964520762,-8.345676976714648,-1.574756785233551,17262.445078715646,0.0,0.19676087423338548,2.0472243320962105,2260733.6602814426,594.7464688871885
345400.0,4515774.641196865,531630.7013830415,4515911.22557421,-1040.176640878834,1488.7161505911986,-1040.4404889520724,-1.493798210024539,-8.458462973803021,-1.4926487544552396,17262.445078715646,0.0,0.19676087423338548,2.0472243320962105,2260733.6602814426,594.7464688871885
345500.0,4515670.6162020685,531779.5305159112,4515807.174200388,-1040.3218672823957,1487.8646016904565,-1040.585599391414,-1.4105325240049238,-8.572769689495072,-1.4093626491214817,17262.445078715646,0.0,0.19676087423338548,2.0472243320962105,2260733.6602814426,594.7464688871885
345600.0,4515566.577102939,531928.2739198048,4515703.108733931,-1040.458707708977,1487.001545485446,-1040.722321797985,-1.326076599592957,-8.688611437402221,-1.3248860277800425,17262.445078715646,0.0,0.19676087423338548,2.0472243320962105,2260733.6602814426,594.7464688871885
345700.0,4515462.524744045,532076.930436293,4515599.030019616,-1040.5870425140322,1486.1268277610627,-1040.850536499346,-1.2404180282921171,-8.806002438993122,-1.2392064792971684,17262.445078715646,0.0,0.19676087423338548,2.0472243320962105,2260733.6602814426,594.7464688871885
345800.0,4515358.4599819835,532225.498891454,4515494.93891425,-1040.7067508139746,1485.2402928850784,-1040.9701225837543,-1.1535444389824168,-8.924956813594395,-1.1523116299321332,17262.445078715646,0.0,0.19676087423338548,2.0472243320962105,2260733.6602814426,594.7464688871885
345900.0,4515254.383685501,532373.9780957323,4515390.83628679,-1040.8177104902788,1484.3417838188677,-1041.0809579042668,-1.065443505243766,-9.045488568072166,-1.0641891506624361,17262.445078715646,0.0,0.19676087423338548,2.0472243320962105,2260733.6602814426,594.7464688871885
346000.0,4515150.296735616,532522.3668437989,4515286.723018472,-1040.9197981943262,1483.431142129183,-1041.1829190835879,-0.9761029529158316,-9.167611586216294,-0.9748267647455648,17262.445078715646,0.0,0.19676087423338548,2.0472243320962105,2260733.6602814426,594.7464688871885
346100.0,4515046.200025746,532670.6639144121,4515182.60000293,-1041.0128893530202,1482.5082080010059,-1041.275881519687,-0.8855105679221218,-9.291339617789113,-0.8842122555450063,17262.445078715646,0.0,0.19676087423338548,2.0472243320962105,2260733.6602814426,594.7464688871885
346200.0,4514942.094461822,532818.8680702804,4515078.468146319,-1041.0968581751956,1481.572820251511,-1041.3597193922099,-0.7936542043342136,-9.416686267274857,-0.7923334745964938,17262.445078715646,0.0,0.19676087423338548,2.0472243320962105,2260733.6602814426,594.7464688871885
346300.0,4514837.98096242,532966.9780579259,4514974.328367436,-1041.1715776588474,1480.6248163451696,-1041.434305669711,-0.7005217926979173,-9.543664982300164,-0.6991783499362265,17262.445078715646,0.0,0.19676087423338548,2.0472243320962105,2260733.6602814426,594.7464688871885
346400.0,4514733.860458873,533114.9926075505,4514870.181597844,-1041.236919599206,1479.6640324100276,-1041.4995121177296,-0.6061013486195472,-9.672289041729998,-0.604734894689269,17262.445078715646,0.0,0.19676087423338548,2.0472243320962105,2260733.6602814426,594.7464688871885
346500.0,4514629.733895397,533262.9104329025,4514766.028781986,-1041.2927545976827,1478.6903032551909,-1041.5552093077404,-0.5103809816160068,-9.802571543435391,-0.5089912159218155,17262.445078715646,0.0,0.19676087423338548,2.0472243320962105,2260733.6602814426,594.7464688871885
346600.0,4514525.602229203,533410.7302311463,4514661.87087731,-1041.3389520717146,1477.7034623895495,-1041.6012666269992,-0.4133489042216034,-9.934525391744799,-0.4119355237502429,17262.445078715646,0.0,0.19676087423338548,2.0472243320962105,2260733.6602814426,594.7464688871885
346700.0,4514421.466430623,533558.4506827329,4514557.708854381,-1041.375380265533,1476.7033420417733,-1041.6375522893168,-0.3149934413701905,-10.068163284554274,-0.3135561407255594,17262.445078715646,0.0,0.19676087423338548,2.0472243320962105,2260733.6602814426,594.7464688871885
346800.0,4514317.327483221,533706.0704512728,4514453.543697003,-1041.4019062618836,1475.6897731816139,-1041.6639333467813,-0.21530304004651146,-10.20349770010691,-0.21384151148710728,17262.445078715646,0.0,0.19676087423338548,2.0472243320962105,2260733.6602814426,594.7464688871885
346900.0,4514213.1863839105,533853.5881834117,4514349.376402333,-1041.4183959947245,1474.6625855425439,-1041.6802757024614,-0.11426627920113042,-10.34054088345139,-0.11278021267991534,17262.445078715646,0.0,0.19676087423338548,2.0472243320962105,2260733.6602814426,594.7464688871885
347000.0,4514109.044143069,534001.0025087078,4514245.207980992,-1041.4247142629313,1473.6216076457677,-1041.6864441241144,-0.01187187994266381,-10.479304832561716,-0.010360963149419256,17262.445078715646,0.0,0.19676087423338548,2.0472243320962105,2260733.6602814426,594.7464688871885
347100.0,4514004.901784649,534148.3120395119,4514141.039457182,-1041.4207247450333,1472.566666825637,-1041.6823022589274,0.09189128399163238,-10.619801284118585,0.09342736558541898,17262.445078715646,0.0,0.19676087423338548,2.0472243320962105,2260733.6602814426,594.7464688871885
347200.0,4513900.760346292,534295.5153708498,4514036.871868797,-1041.4062900150113,1471.4975892565046,-1041.6677126493191,0.1970341755006153,-10.762041698973515,0.1985957385942383,17262.445078715646,0.0,0.19676087423338548,2.0472243320962105,2260733.6602814426,594.7464688871885
347300.0,4513796.620879435,534442.611080308,4513932.706267527,-1041.381271559182,1470.4141999810483,-1041.64253674983,0.3035675830994933,-10.906037247269364,0.3051549465128707,17262.445078715646,0.0,0.19676087423338548,2.0472243320962105,2260733.6602814426,594.7464688871885
347400.0,4513692.484449422,534589.597727922,4513828.543718975,-1041.3455297941996,1469.316322940099,-1041.6066349451285,0.4115021096274827,-11.051798793235996,0.4131155942482687,17262.445078715646,0.0,0.19676087423338548,2.0472243320962105,2260733.6602814426,594.7464688871885
347500.0,4513588.352135606,534736.4738560678,4513724.385302755,-1041.2989240861984,1468.2037810040058,-1041.5598665691589,0.5208481606848618,-11.19933687966562,0.5224880894127626,17262.445078715646,0.0,0.19676087423338548,2.0472243320962105,2260733.6602814426,594.7464688871885
347600.0,4513484.225031457,534883.2379893557,4513620.232112601,-1041.2413127711077,1467.0763960055701,-1041.5020899254625,0.6316159327797477,-11.348661712041782,0.633282630467999,17262.445078715646,0.0,0.19676087423338548,2.0472243320962105,2260733.6602814426,594.7464688871885
347700.0,4513380.10424466,535029.8886345293,4513516.085256468,-1041.1725531761638,1465.9339887745832,-1041.433162308695,0.7438154012202265,-11.49978314237424,0.7455091946141508,17262.445078715646,0.0,0.19676087423338548,2.0472243320962105,2260733.6602814426,594.7464688871885
347800.0,4513275.990897218,535176.4242803664,4513411.945856627,-1041.0925016426474,1464.7763791739953,-1041.352940027371,0.8574563077163049,-11.652710652691212,0.8591775253889429,17262.445078715646,0.0,0.19676087423338548,2.0472243320962105,2260733.6602814426,594.7464688871885
347900.0,4513171.886125548,535322.8433975843,4513307.815049771,-1041.001013549875,1463.6033861377518,-1041.2612784278608,0.9725481477187916,-11.8074533382291,0.9742971200034516,17262.445078715646,0.0,0.19676087423338548,2.0472243320962105,2260733.6602814426,594.7464688871885
348000.0,4513067.791080576,535469.144438749,4513203.693987104,-1040.8979433404686,1462.4148277103266,-1041.1580319196678,1.089100157486648,-11.964019890309562,1.090877216406434,17262.445078715646,0.0,0.19676087423338548,2.0472243320962105,2260733.6602814426,594.7464688871885
348100.0,4512963.706927831,535615.3258381878,4513099.583834433,-1040.7831445469324,1461.2105210879815,-1041.0430540020127,1.207121300887775,-12.122418578912587,1.2089267800819377,17262.445078715646,0.0,0.19676087423338548,2.0472243320962105,2260733.6602814426,594.7464688871885
348200.0,4512859.63484753,535761.3860119076,4512995.485772261,-1040.6564698195634,1459.9902826617856,-1040.9161972917511,1.3266202559361702,-12.282657234951635,1.3284544905832743,17262.445078715646,0.0,0.19676087423338548,2.0472243320962105,2260733.6602814426,594.7464688871885
348300.0,4512755.576034671,535907.3233575156,4512891.400995874,-1040.5177709557213,1458.753928062419,-1040.7773135526509,1.447605401061674,-12.444743232246992,1.4494687277995277,17262.445078715646,0.0,0.19676087423338548,2.0472243320962105,2260733.6602814426,594.7464688871885
348400.0,4512651.53169911,536053.1362541461,4512787.330715419,-1040.3668989304826,1457.5012722067956,-1040.6262537260554,1.5700848011386004,-12.60868346923636,1.5719775579808823,17262.445078715646,0.0,0.19676087423338548,2.0472243320962105,2260733.6602814426,594.7464688871885
348500.0,4512547.5030656485,536198.8230623913,4512683.2761559915,-1040.2037039287065,1456.2321293465284,-1040.4628679629575,1.6940661932485153,-12.774484350389242,1.6959887194980459,17262.445078715646,0.0,0.19676087423338548,2.0472243320962105,2260733.6602814426,594.7464688871885
348600.0,4512443.491374107,536344.3821242375,4512579.238557709,-1040.0280353785358,1454.9463131182652,-1040.2870056575086,1.8195569722044453,-12.942151767365417,1.821509608363053,17262.445078715646,0.0,0.19676087423338548,2.0472243320962105,2260733.6602814426,594.7464688871885
348700.0,4512339.497879399,536489.811763006,4512475.219175788,-1039.8397419863577,1453.643636595923,-1040.09851548199,1.9465641758363725,-13.111691079918685,1.9485472635113217,17262.445078715646,0.0,0.19676087423338548,2.0472243320962105,2260733.6602814426,594.7464688871885
348800.0,4512235.523851602,536635.1102832999,4512371.219280608,-1039.6386717732478,1452.3239123448448,-1039.897245423265,2.07509447003073,-13.283107096537424,2.077108351837637,17262.445078715646,0.0,0.19676087423338548,2.0472243320962105,2260733.6602814426,594.7464688871885
348900.0,4512131.570576025,536780.2759709554,4512267.240157787,-1039.4246721129214,1450.9869524779017,-1039.6830428207413,2.2051541335663316,-13.456404054882896,2.2071991530285544,17262.445078715646,0.0,0.19676087423338548,2.0472243320962105,2260733.6602814426,594.7464688871885
349000.0,4512027.639353269,536925.3070929997,4512163.283108236,-1039.197589771212,1449.6325687135657,-1039.4557544058591,2.336749042702415,-13.631585601964753,2.3388255441468564,17262.445078715646,0.0,0.19676087423338548,2.0472243320962105,2260733.6602814426,594.7464688871885
349100.0,4511923.731499286,537070.201897615,4512059.349448225,-1038.9572709471026,1448.2605724359717,-1039.2152263431328,2.4698846555883742,-13.808654774152583,2.4719929840376507,17262.445078715646,0.0,0.19676087423338548,2.0472243320962105,2260733.6602814426,594.7464688871885
349200.0,4511819.848345439,537214.9586141075,4511955.440509433,-1038.7035613153246,1446.870774756992,-1038.9613042727615,2.6045659964443253,-13.987613976953801,2.6067064975052894,17262.445078715646,0.0,0.19676087423338548,2.0472243320962105,2260733.6602814426,594.7464688871885
349300.0,4511715.991238543,537359.5754528836,4511851.557638998,-1038.4363060705496,1445.4629865803397,-1038.6938333548317,2.740797639569716,-14.168464964639163,2.7429706593182646,17262.445078715646,0.0,0.19676087423338548,2.0472243320962105,2260733.6602814426,594.7464688871885
349400.0,4511612.161540919,537504.0506054327,4511747.702199565,-1038.1553499731888,1444.037018667718,-1038.4126583151285,2.878583693157263,-14.351208819685542,2.8807895780194537,17262.445078715646,0.0,0.19676087423338548,2.0472243320962105,2260733.6602814426,594.7464688871885
349500.0,4511508.36063043,537648.3822443159,4511643.875569327,-1037.8605373968194,1442.5926817070329,-1038.117623492574,3.0179277829608138,-14.535845932104921,3.0201668795901817,17262.445078715646,0.0,0.19676087423338548,2.0472243320962105,2260733.6602814426,594.7464688871885
349600.0,4511404.589900521,537792.5685231623,4511540.079142058,-1037.551712377253,1441.1297863826805,-1037.8085728883082,3.1588330357799537,-14.722375978608968,3.161105690931069,17262.445078715646,0.0,0.19676087423338548,2.0472243320962105,2260733.6602814426,594.7464688871885
349700.0,4511300.850760244,537936.6075766722,4511436.314327151,-1037.2287186632614,1439.6481434479222,-1037.485350216428,3.301302062813585,-14.910797901683127,3.3036086232118045,17262.445078715646,0.0,0.19676087423338548,2.0472243320962105,2260733.6602814426,594.7464688871885
349800.0,4511197.144634293,538080.497520628,4511332.582549634,-1036.8913997689751,1438.1475637993565,-1037.1477989563984,3.4453369428917435,-15.101109888584022,3.447677755099148,17262.445078715646,0.0,0.19676087423338548,2.0472243320962105,2260733.6602814426,594.7464688871885
349900.0,4511093.472963018,538224.2364519121,4511228.885250202,-1036.5395990279637,1436.6278585534965,-1036.7957624071466,3.5909392055790708,-15.293309350252041,3.5933146158565394,17262.445078715646,0.0,0.19676087423338548,2.0472243320962105,2260733.6602814426,594.7464688871885
350000.0,4510989.837202442,538367.8224485326,4511125.223885223,-1036.1731596490108,1435.0888391254573,-1036.4290837428512,3.738109814185835,-15.487392900189766,3.740520168351293,17262.445078715646,0.0,0.19676087423338548,2.0472243320962105,2260733.6602814426,594.7464688871885
350100.0,4510886.238824272,538511.2535696573,4511021.599926754,-1035.791924773593,1433.5303173097561,-1036.0476060704352,3.8868491486914767,-15.683356333314036,3.889294791974274,17262.445078715646,0.0,0.19676087423338548,2.0472243320962105,2260733.6602814426,594.7464688871885
350200.0,4510782.6793158995,538654.5278556565,4510918.014862539,-1035.3957375350694,1431.9521053632286,-1035.65117248877,4.037156988615,-15.881194604829806,4.0396382655064444,17262.445078715646,0.0,0.19676087423338548,2.0472243320962105,2260733.6602814426,594.7464688871885
350300.0,4510679.160180404,538797.643328152,4510814.470196014,-1034.9844411195863,1430.354016090056,-1035.2396261495967,4.189032495809073,-16.08090180909434,4.191549749909087,17262.445078715646,0.0,0.19676087423338548,2.0472243320962105,2260733.6602814426,594.7464688871885
350400.0,4510575.682936538,538940.5979900777,4510710.967446292,-1034.5578788287048,1428.7358629289022,-1034.8128103201668,4.342474197269344,-16.282471158599037,4.345027771129295,17262.445078715646,0.0,0.19676087423338548,2.0472243320962105,2260733.6602814426,594.7464688871885
350500.0,4510472.249118717,539083.3898257463,4510607.508148151,-1034.1158941437475,1427.0974600421514,-1034.3705684476076,4.497479967884937,-16.485894962966615,4.500070202846611,17262.445078715646,0.0,0.19676087423338548,2.0472243320962105,2260733.6602814426,594.7464688871885
350600.0,4510368.860276998,539226.016800927,4510504.093852014,-1033.6583307918706,1425.438622407237,-1033.912744225008,4.65404701323987,-16.691164608115756,4.656674249270637,17262.445078715646,0.0,0.19676087423338548,2.0472243320962105,2260733.6602814426,594.7464688871885
350700.0,4510265.517977047,539368.4768629314,4510400.726123918,-1033.1850328138535,1423.7591659100503,-1033.4391816592265,4.812171852427973,-16.89827053554163,4.814836427952149,17262.445078715646,0.0,0.19676087423338548,2.0472243320962105,2260733.6602814426,594.7464688871885
350800.0,4510162.223800109,539510.7679407089,4510297.406545481,-1032.6958446336043,1422.0589074404106,-1032.9497251404132,4.971850300923504,-17.10720222177049,4.974552552649933,17262.445078715646,0.0,0.19676087423338548,2.0472243320962105,2260733.6602814426,594.7464688871885
350900.0,4510058.9793429645,539652.8879449522,4510194.136713861,-1032.1906111293754,1420.3376649895813,-1032.4442195132424,5.1330774535396015,-17.317948158032557,5.135817716285507,17262.445078715646,0.0,0.19676087423338548,2.0472243320962105,2260733.6602814426,594.7464688871885
351000.0,4509955.78621788,539794.8347682125,4510090.918241703,-1031.6691777066771,1418.5952577498058,-1031.922510149845,5.29584766748334,-17.530495830165016,5.29862627399449,17262.445078715646,0.0,0.19676087423338548,2.0472243320962105,2260733.6602814426,594.7464688871885
351100.0,4509852.646052554,539936.6062850243,4509987.752757089,-1031.1313903728812,1416.8315062158408,-1031.3844430244294,5.4601545455367715,-17.744831698785102,5.462971826303967,17262.445078715646,0.0,0.19676087423338548,2.0472243320962105,2260733.6602814426,594.7464688871885
351200.0,4509749.560490048,540078.200352041,4509884.641903468,-1030.5770958134972,1415.0462322884566,-1030.8298647895765,5.625990919398895,-17.960941179780907,5.62884720247087,17262.445078715646,0.0,0.19676087423338548,2.0472243320962105,2260733.6602814426,594.7464688871885
351300.0,4509646.531188718,540219.614808181,4509781.587339588,-1030.0061414701063,1413.239259379872,-1030.2586228541927,5.793348833194817,-18.178808625127683,5.796244443987596,17262.445078715646,0.0,0.19676087423338548,2.0472243320962105,2260733.6602814426,594.7464688871885
351400.0,4509543.5598221375,540360.8474747835,4509678.590739414,-1029.4183756199354,1411.4104125210883,-1029.670565463103,5.9622195272102605,-18.398417304108733,5.965154788313024,17262.445078715646,0.0,0.19676087423338548,2.0472243320962105,2260733.6602814426,594.7464688871885
351500.0,4509440.648079005,540501.8961557768,4509575.65379204,-1028.8136474570435,1409.5595184710803,-1029.065541778257,6.13259342184819,-18.619749384935403,6.135568652825758,17262.445078715646,0.0,0.19676087423338548,2.0472243320962105,2260733.6602814426,594.7464688871885
351600.0,4509337.797663051,540642.7586378559,4509472.778201598,-1028.1918071751027,1407.686405827804,-1028.4434019615298,6.304460101851015,-18.842785916824496,6.307475619042974,17262.445078715646,0.0,0.19676087423338548,2.0472243320962105,2260733.6602814426,594.7464688871885
351700.0,4509235.010292932,540783.432690672,4509369.9656871455,-1027.5527060517393,1405.7909051409715,-1027.8039972590836,6.477808300829289,-19.067506812587986,6.480864417145882,17262.445078715646,0.0,0.19676087423338548,2.0472243320962105,2260733.6602814426,594.7464688871885
351800.0,4509132.287702122,540923.916067034,4509267.217982562,-1026.8961965344083,1403.8728490265398,-1027.1471800872628,6.652625886101716,-19.29389083173986,6.655722910816596,17262.445078715646,0.0,0.19676087423338548,2.0472243320962105,2260733.6602814426,594.7464688871885
351900.0,4509029.631638783,541064.2065031205,4509164.536836422,-1026.2221323277663,1401.932072282862,-1026.4728041199867,6.8288998438968225,-19.52191556418737,6.832038082436741,17262.445078715646,0.0,0.19676087423338548,2.0472243320962105,2260733.6602814426,594.7464688871885
352000.0,4508927.043865645,541204.3017187036,4509061.924011866,-1025.5303684825028,1399.9684120084364,-1025.7807243776035,7.006616264942232,-19.75155741454019,7.009796018673787,17262.445078715646,0.0,0.19676087423338548,2.0472243320962105,2260733.6602814426,594.7464688871885
352100.0,4508824.52615986,541344.1994173856,4508959.381286459,-1024.8207614855944,1397.9817077211949,-1025.0707973171652,7.185760330478265,-19.982791587085572,7.188981896491809,17262.445078715646,0.0,0.19676087423338548,2.0472243320962105,2260733.6602814426,594.7464688871885
352200.0,4508722.080312855,541483.8972868464,4508856.910452048,-1024.0931693519346,1395.9718014792566,-1024.3428809240793,7.3663162987162485,-20.215592071454854,7.369579969607126,17262.445078715646,0.0,0.19676087423338548,2.0472243320962105,2260733.6602814426,594.7464688871885
352300.0,4508619.708130175,541623.3929991039,4508754.5133146,-1023.3474517172928,1393.9385380030792,-1023.5968348050892,7.548267491792868,-20.449931629049097,7.551573555440036,17262.445078715646,0.0,0.19676087423338548,2.0472243320962105,2260733.6602814426,594.7464688871885
352400.0,4508517.411431318,541762.6842107861,4508652.191694036,-1022.5834699325524,1391.8817647989283,-1022.8325202825359,7.731596283240633,-20.68578178024816,7.734945022582869,17262.445078715646,0.0,0.19676087423338548,2.0472243320962105,2260733.6602814426,594.7464688871885
352500.0,4508415.192049556,541901.7685634166,4508549.947424055,-1021.801087159176,1389.8013322835848,-1022.0498004898445,7.916284086004875,-20.92311279244187,7.919675778814685,17262.445078715646,0.0,0.19676087423338548,2.0472243320962105,2260733.6602814426,594.7464688871885
352600.0,4508313.051831752,542040.6436837107,4508447.782351948,-1021.0001684658372,1387.697093910205,-1021.2485404681793,8.102311341063686,-21.161893668957077,8.10574625971909,17262.445078715646,0.0,0.19676087423338548,2.0472243320962105,2260733.6602814426,594.7464688871885
352700.0,4508210.9926381605,542179.3071838868,4508345.698338403,-1020.180580926161,1385.5689062952424,-1020.4286072642066,8.289657506676898,-21.40209213891233,8.293135917931222,17262.445078715646,0.0,0.19676087423338548,2.0472243320962105,2260733.6602814426,594.7464688871885
352800.0,4508109.016342225,542317.7566619881,4508243.697257299,-1019.3421937175074,1383.416629346338,-1019.5898700289018,8.478301048265571,-21.64367464799885,8.481823213015458,17262.445078715646,0.0,0.19676087423338548,2.0472243320962105,2260733.6602814426,594.7464688871885
352900.0,4508007.124830362,542455.9897022186,4508141.780995489,-1018.4848782207298,1381.2401263910788,-1018.7322001173316,8.66821942901592,-21.886606350311574,8.67178560206769,17262.445078715646,0.0,0.19676087423338548,2.0472243320962105,2260733.6602814426,594.7464688871885
353000.0,4507905.320001737,542594.0038752912,4508039.951452578,-1017.6085081208399,1379.039264306524,-1017.8554711893411,8.859389101202202,-22.13085110121866,8.862999531036799,17262.445078715646,0.0,0.19676087423338548,2.0472243320962105,2260733.6602814426,594.7464688871885
353100.0,4507803.603768025,542731.7967387898,4507938.210540686,-1016.7129595085004,1376.8139136493887,-1016.959559311071,9.051785498280225,-22.376371451335334,9.0554404268169,17262.445078715646,0.0,0.19676087423338548,2.0472243320962105,2260733.6602814426,594.7464688871885
353200.0,4507701.978053168,542869.365837543,4507836.560184198,-1015.7981109822695,1374.5639487867732,-1016.0443430572255,9.245383027762315,-22.623128641612205,9.249082690121309,17262.445078715646,0.0,0.19676087423338548,2.0472243320962105,2260733.6602814426,594.7464688871885
353300.0,4507600.444793121,543006.7087040126,4507735.002319517,-1014.8638437515156,1372.2892480273242,-1015.1097036140112,9.440155064957013,-22.87108259964621,9.443899689221334,17262.445078715646,0.0,0.19676087423338548,2.0472243320962105,2260733.6602814426,594.7464688871885
353400.0,4507499.0059355805,543143.8228586932,4507633.538894788,-1013.9100417399159,1369.9896937527064,-1014.1555248826585,9.636073947556351,-23.120191937185997,9.639863754533005,17262.445078715646,0.0,0.19676087423338548,2.0472243320962105,2260733.6602814426,594.7464688871885
353500.0,4507397.663439711,543280.7058105272,4507532.171869629,-1012.9365916894501,1367.6651725492575,-1013.1816935834404,9.833110971143508,-23.370413948924913,9.836946174124323,17262.445078715646,0.0,0.19676087423338548,2.0472243320962105,2260733.6602814426,594.7464688871885
353600.0,4507296.419275858,543417.355057331,4507430.903214839,-1011.9433832647975,1365.3155753397,-1012.1880993600925,10.031236385630132,-23.621704612588907,10.035117190152397,17262.445078715646,0.0,0.19676087423338548,2.0472243320962105,2260733.6602814426,594.7464688871885
353700.0,4507195.275425251,543553.768086236,4507329.734912103,-1010.9303091580418,1362.9407975147783,-1011.1746348845426,10.230419392674612,-23.874018590382867,10.234345996281869,17262.445078715646,0.0,0.19676087423338548,2.0472243320962105,2260733.6602814426,594.7464688871885
353800.0,4507094.233879692,543689.9423741411,4507228.668953681,-1009.897265193584,1360.540739064681,-1010.1411959618468,10.43062814409031,-24.127309231801693,10.434600736093389,17262.445078715646,0.0,0.19676087423338548,2.0472243320962105,2260733.6602814426,594.7464688871885
353900.0,4506993.296641242,543825.8753881799,4507127.707342095,-1008.8441504331623,1358.1153047101109,-1009.0876816352343,10.63182974131299,-24.381528577893594,10.63584850255172,17262.445078715646,0.0,0.19676087423338548,2.0472243320962105,2260733.6602814426,594.7464688871885
354000.0,4506892.4657218885,543961.5645861999,4507026.8520897925,-1007.770867280873,1355.664404032856,-1008.0139942911502,10.833990235931235,-24.63662736697409,10.83805533853694,17262.445078715646,0.0,0.19676087423338548,2.0472243320962105,2260733.6602814426,594.7464688871885
354100.0,4506791.743143207,544097.0074172555,4506926.105218814,-1006.6773215880831,1353.1879516057174,-1006.9200397641941,11.037074631300333,-24.8925550418121,11.041186238459478,17262.445078715646,0.0,0.19676087423338548,2.0472243320962105,2260733.6602814426,594.7464688871885
354200.0,4506691.130936013,544232.2013221132,4506825.468760437,-1005.5634227581255,1350.6858671216378,-1005.8057274418371,11.241046885307092,-25.149259758371976,11.2452051510263,17262.445078715646,0.0,0.19676087423338548,2.0472243320962105,2260733.6602814426,594.7464688871885
354300.0,4506590.6311399955,544367.1437337699,4506724.944754821,-1004.4290838506591,1348.1580755218813,-1004.6709703688063,11.445869914285781,-25.40668839610506,11.450074983158522,17262.445078715646,0.0,0.19676087423338548,2.0472243320962105,2260733.6602814426,594.7464688871885
354400.0,4506490.245803355,544501.8320779846,4506624.535250632,-1003.2742216855806,1345.6045071231058,-1003.5156853510191,11.65150559810979,-25.66478656981636,11.655757605085046,17262.445078715646,0.0,0.19676087423338548,2.0472243320962105,2260733.6602814426,594.7464688871885
354500.0,4506389.976982416,544636.263773822,4506524.242304664,-1002.0987569463641,1343.0250977431651,-1002.3397930589467,11.857914786504523,-25.923498643160425,11.862213856657661,17262.445078715646,0.0,0.19676087423338548,2.0472243320962105,2260733.6602814426,594.7464688871885
354600.0,4506289.826741235,544770.4362342088,4506424.067981446,-1000.9026142827094,1340.4197888254812,-1001.1432181302844,12.065057306588077,-26.182767743767677,12.069403554894286,17262.445078715646,0.0,0.19676087423338548,2.0472243320962105,2260733.6602814426,594.7464688871885
354700.0,4506189.797151204,544904.3468665022,4506324.01435284,-999.6857224123733,1337.7885275618216,-999.925889271806,12.272891971676984,-26.442535780043364,12.277285502787542,17262.445078715646,0.0,0.19676087423338548,2.0472243320962105,2260733.6602814426,594.7464688871885
354800.0,4506089.890290635,545037.9930730715,4506224.083497631,-998.448014222057,1335.1312670133125,-998.6877393602729,12.48137659135931,-26.70274345963446,12.485817499380984,17262.445078715646,0.0,0.19676087423338548,2.0472243320962105,2260733.6602814426,594.7464688871885
354900.0,4505990.108244337,545171.37225189,4506124.2775011035,-997.1894268672208,1332.4479662295194,-997.4287055422709,12.690467982869112,-26.96333030960207,12.694956351147026,17262.445078715646,0.0,0.19676087423338548,2.0472243320962105,2260733.6602814426,594.7464688871885
355000.0,4505890.453103188,545304.4817971409,4506024.598454608,-995.9099018706955,1329.7385903654258,-996.1487293328432,12.900121983779993,-27.224234698314906,12.904657884684216,17262.445078715646,0.0,0.19676087423338548,2.0472243320962105,2260733.6602814426,594.7464688871885
355100.0,4505790.926963691,545437.3190998324,4505925.048455122,-994.6093852199589,1327.0031107961363,-994.8477567127883,13.110293466031553,-27.485393859073806,13.1148769607478,17262.445078715646,0.0,0.19676087423338548,2.0472243320962105,2260733.6602814426,594.7464688871885
355200.0,4505691.53192752,545569.8815484262,4505825.629604799,-993.2878274629425,1324.2415052291303,-993.5257382244868,13.320936351280526,-27.746743915448153,13.325567489605213,17262.445078715646,0.0,0.19676087423338548,2.0472243320962105,2260733.6602814426,594.7464688871885
355300.0,4505592.270101067,545702.1665294758,4505726.344010505,-991.9451838022358,1321.4537578138952,-992.1826290661263,13.532003627615643,-28.00821990836766,13.536682447755638,17262.445078715646,0.0,0.19676087423338548,2.0472243320962105,2260733.6602814426,594.7464688871885
355400.0,4505493.1435949635,545834.1714282763,4505627.193783348,-990.581414187549,1318.639859248762,-990.8183891841842,13.743447367657385,-28.269755824989048,13.748173896034785,17262.445078715646,0.0,0.19676087423338548,2.0472243320962105,2260733.6602814426,594.7464688871885
355500.0,4505394.154523607,545965.8936295245,4505528.181038205,-989.1964834063003,1315.7998068847687,-989.4329833640336,13.955218747978364,-28.53128462924329,13.959992999040598,17262.445078715646,0.0,0.19676087423338548,2.0472243320962105,2260733.6602814426,594.7464688871885
355600.0,4505295.30500467,546097.330517989,4505429.307893222,-987.7903611721904,1312.933604826381,-988.0263813185367,14.167268069948662,-28.79273829419355,14.172090045984241,17262.445078715646,0.0,0.19676087423338548,2.0472243320962105,2260733.6602814426,594.7464688871885
355700.0,4505196.597158603,546228.4794791907,4505330.57646933,-986.3630222116245,1310.0412640288907,-986.5985577744854,14.3795447819118,-29.054047836069326,14.384414472872015,17262.445078715646,0.0,0.19676087423338548,2.0472243320962105,2260733.6602814426,594.7464688871885
355800.0,4505098.033108131,546359.3379000922,4505231.98888973,-984.9144463478482,1307.1228023923236,-985.1494925567541,14.591997502765256,-29.315143350066258,14.596914886092176,17262.445078715646,0.0,0.19676087423338548,2.0472243320962105,2260733.6602814426,594.7464688871885
355900.0,4504999.614977737,546489.9031697976,4505133.54727938,-983.4446185826565,1304.178244851683,-983.6791706700262,14.80457404688984,-29.575954047828517,14.809539087350858,17262.445078715646,0.0,0.19676087423338548,2.0472243320962105,2260733.6602814426,594.7464688871885
356000.0,4504901.344893143,546620.1726802596,4505035.253764481,-981.9535291755425,1301.2076234633603,-982.1875823779583,15.017221450444369,-29.836408296626693,15.022234099973685,17262.445078715646,0.0,0.19676087423338548,2.0472243320962105,2260733.6602814426,594.7464688871885
356100.0,4504803.224980776,546750.1438269959,4504937.110471938,-980.4411737201476,1298.2109774875428,-980.6747232796463,15.229885999014787,-30.09643366020777,15.234946196562031,17262.445078715646,0.0,0.19676087423338548,2.0472243320962105,2260733.6602814426,594.7464688871885
356200.0,4504705.257367239,546879.8140098139,4504839.119528825,-978.9075532178804,1295.1883534664546,-979.1405943832592,15.442513256613543,-30.355956941302647,15.447620927999983,17262.445078715646,0.0,0.19676087423338548,2.0472243320962105,2260733.6602814426,594.7464688871885
356300.0,4504607.444178758,547009.1806335426,4504741.283061844,-977.3526741485706,1292.1398052982684,-977.5852021767067,15.65504809598086,-30.614904225718,15.660203153763314,17262.445078715646,0.0,0.19676087423338548,2.0472243320962105,2260733.6602814426,594.7464688871885
356400.0,4504509.787540634,547138.2411087711,4504643.603196772,-975.7765485380255,1289.0653943065245,-976.0085586952089,15.867434730193873,-30.873200928011872,15.872637073536744,17262.445078715646,0.0,0.19676087423338548,2.0472243320962105,2260733.6602814426,594.7464688871885
356500.0,4504412.289576687,547266.992852595,4504546.082057899,-974.179194022361,1285.9651893049077,-974.41068158564,16.079616745588567,-31.130771838750356,16.08486626014424,17262.445078715646,0.0,0.19676087423338548,2.0472243320962105,2260733.6602814426,594.7464688871885
356600.0,4504314.952408689,547395.4332893686,4504448.721767471,-972.5606339089793,1282.8392666572222,-972.7915941675171,16.291537135896974,-31.38754117320769,16.29683369369487,17262.445078715646,0.0,0.19676087423338548,2.0472243320962105,2260733.6602814426,594.7464688871885
356700.0,4504217.778155797,547523.559851462,4504351.524445114,-970.9208972340695,1279.6877103324234,-971.1513254905119,16.50313833766254,-31.64343262158444,16.50848179700705,17262.445078715646,0.0,0.19676087423338548,2.0472243320962105,2260733.6602814426,594.7464688871885
356800.0,4504120.768933974,547651.3699800248,4504254.49220726,-969.2600188165067,1276.5106119545578,-969.4899103883592,16.714362266808983,-31.898369400570363,16.7197524721866,17262.445078715646,0.0,0.19676087423338548,2.0472243320962105,2260733.6602814426,594.7464688871885
356900.0,4504023.92685541,547778.8611257534,4504157.627166567,-967.5780393080355,1273.3080708474765,-967.8073895290495,16.925150356413663,-32.152274306311156,16.9305871384095,17262.445078715646,0.0,0.19676087423338548,2.0472243320962105,2260733.6602814426,594.7464688871885
357000.0,4503927.254027938,547906.0307496635,4504060.931431334,-965.8750052396198,1270.080194074189,-966.1038094611861,17.135443595591724,-32.40506976864712,17.14092677081574,17262.445078715646,0.0,0.19676087423338548,2.0472243320962105,2260733.6602814426,594.7464688871885
357100.0,4503830.752554439,548032.8763238653,4503964.407104906,-964.1509690638478,1266.8270964707283,-964.3792226563978,17.345182569480716,-32.65667790660219,17.35071194050378,17262.445078715646,0.0,0.19676087423338548,2.0472243320962105,2260733.6602814426,594.7464688871885
357200.0,4503734.424532254,548159.3953323426,4503868.056285085,-962.405989193288,1263.5489006744099,-962.6336875477002,17.554307500271953,-32.90702058504472,17.55988285557207,17262.445078715646,0.0,0.19676087423338548,2.0472243320962105,2260733.6602814426,594.7464688871885
357300.0,4503638.272052583,548285.5852717339,4503771.881063531,-960.6401300346895,1260.2457371463684,-960.8672685637014,17.762758289238896,-33.15601947244719,17.768379403157716,17262.445078715646,0.0,0.19676087423338548,2.0472243320962105,2260733.6602814426,594.7464688871885
357400.0,4503542.297199883,548411.4436521158,4503675.883525159,-958.8534620189334,1256.917744188265,-959.0800361585563,17.970474559723662,-33.40359609968601,17.976141192433502,17262.445078715646,0.0,0.19676087423338548,2.0472243320962105,2260733.6602814426,594.7464688871885
357500.0,4503446.502051265,548536.9679977872,4503580.065747537,-957.0460616266379,1253.565067953067,-957.2720668375752,18.177395701023965,-33.64967191979888,18.183107598505522,17262.445078715646,0.0,0.19676087423338548,2.0472243320962105,2260733.6602814426,594.7464688871885
357600.0,4503350.888675891,548662.1558480556,4503484.429800277,-955.2180114093322,1250.1878624498058,-955.4434431783994,18.383460913142017,-33.89416836864219,18.38921780717296,17262.445078715646,0.0,0.19676087423338548,2.0472243320962105,2260733.6602814426,594.7464688871885
357700.0,4503255.459134362,548787.0047580219,4503388.97774443,-953.3694000061168,1246.7862895422297,-953.594253847662,18.588609252307762,-34.13700692632697,18.59441086046235,17262.445078715646,0.0,0.19676087423338548,2.0472243320962105,2260733.6602814426,594.7464688871885
357800.0,4503160.21547811,548911.512299366,4503293.711631877,-951.5003221557326,1243.3605189412751,-951.7245936130561,18.792779677243356,-34.37810917938384,18.798625702903127,17262.445078715646,0.0,0.19676087423338548,2.0472243320962105,2260733.6602814426,594.7464688871885
357900.0,4503065.15974879,549035.6760611302,4503198.633504715,-949.6108787039707,1239.910728191291,-949.8345633507435,18.99591109610405,-34.61739688356639,19.00180122847991,17262.445078715646,0.0,0.19676087423338548,2.0472243320962105,2260733.6602814426,594.7464688871885
358000.0,4502970.293977664,549159.4936505029,4503103.745394648,-947.7011766063562,1236.4371026499516,-947.9242700480354,19.19794241402213,-34.854792027190875,19.203876328187675,17262.445078715646,0.0,0.19676087423338548,2.0472243320962105,2260733.6602814426,594.7464688871885
358100.0,4502875.620184994,549282.9626935972,4503009.049322377,-945.7713289260508,1232.9398354618158,-945.9938268012911,19.398812581195312,-35.09021689493112,19.404789938131763,17262.445078715646,0.0,0.19676087423338548,2.0472243320962105,2260733.6602814426,594.7464688871885
358200.0,4502781.140379433,549406.0808362289,4502914.547296986,-943.8214548269218,1229.4191275254857,-944.0433528089821,19.59846064144493,-35.323594131965855,19.60448108809753,17262.445078715646,0.0,0.19676087423338548,2.0472243320962105,2260733.6602814426,594.7464688871885
358300.0,4502686.856557407,549528.8457446898,4502820.241315337,-941.8516795617343,1225.8751874543366,-942.0729733598781,19.79682578117847,-35.55484680838871,19.802888950524498,17262.445078715646,0.0,0.19676087423338548,2.0472243320962105,2260733.6602814426,594.7464688871885
358400.0,4502592.77070252,549651.2551065168,4502726.133361457,-939.8621344554297,1222.3082315307981,-940.0828198163179,19.993847378698455,-35.783898483801345,19.999952889826908,17262.445078715646,0.0,0.19676087423338548,2.0472243320962105,2260733.6602814426,594.7464688871885
358500.0,4502498.884784938,549773.3066312564,4502632.225405936,-937.8529568834613,1218.7184836541715,-938.0730295925364,20.1894650537457,-36.01067327193997,20.195612511948607,17262.445078715646,0.0,0.19676087423338548,2.0472243320962105,2260733.6602814426,594.7464688871885
358600.0,4502405.2007607855,549894.9980512235,4502538.519405319,-935.8242902451648,1215.1061752819855,-936.0437461280258,20.383618717244666,-36.23509590529035,20.389807714120106,17262.445078715646,0.0,0.19676087423338548,2.0472243320962105,2260733.6602814426,594.7464688871885
358700.0,4502311.720571551,550016.3271222538,4502445.01730151,-933.7762839321463,1211.4715453648946,-933.9951188559123,20.576248621156587,-36.457091799565575,20.582478734723303,17262.445078715646,0.0,0.19676087423338548,2.0472243320962105,2260733.6602814426,594.7464688871885
358800.0,4502218.446143483,550137.29162445,4502351.721021168,-931.709093291687,1207.8148402751444,-931.9273031663492,20.767295408341532,-36.676587117916206,20.77356620316524,17262.445078715646,0.0,0.19676087423338548,2.0472243320962105,2260733.6602814426,594.7464688871885
358900.0,4502125.379387001,550257.8893629197,4502258.632475119,-929.6228795851591,1204.1363137286282,-929.8404603649188,20.956700162416016,-36.89350883485318,20.963011189747203,17262.445078715646,0.0,0.19676087423338548,2.0472243320962105,2260733.6602814426,594.7464688871885
359000.0,4502032.522196103,550378.118168506,4502165.753557765,-927.5178099414647,1200.4362267005763,-927.7347576260579,21.144404457430696,-37.10778479965483,21.150755255353992,17262.445078715646,0.0,0.19676087423338548,2.0472243320962105,2260733.6602814426,594.7464688871885
359100.0,4501939.876447785,550497.9758985083,4502073.086146498,-925.3940573055146,1196.7148473349282,-925.6103679415204,21.330350407393215,-37.31934379928947,21.336740500988125,17262.445078715646,0.0,0.19676087423338548,2.0472243320962105,2260733.6602814426,594.7464688871885
359200.0,4501847.444001458,550617.4604373954,4501980.632101122,-923.2518003817696,1192.972450847447,-923.4674700639024,21.514480715468295,-37.52811562063575,21.520909616981232,17262.445078715646,0.0,0.19676087423338548,2.0472243320962105,2260733.6602814426,594.7464688871885
359300.0,4501755.226698377,550736.5696975066,4501888.393263282,-921.0912235728782,1189.2093194226454,-921.3062484452618,21.696738722847385,-37.73403111199095,21.70320593187492,17262.445078715646,0.0,0.19676087423338548,2.0472243320962105,2260733.6602814426,594.7464688871885
359400.0,4501663.226361077,550855.3016197437,4501796.371455894,-918.9125169134508,1185.425742104608,-919.1268931708736,21.87706845712746,-37.93702224366041,21.883573460810556,17262.445078715646,0.0,0.19676087423338548,2.0472243320962105,2260733.6602814426,594.7464688871885
359500.0,4501571.444792809,550973.6541742511,4501704.568482587,-916.7158759990181,1181.622014681795,-916.9295998881688,22.05541468023369,-38.1370221676741,22.06195695346282,17262.445078715646,0.0,0.19676087423338548,2.0472243320962105,2260733.6602814426,594.7464688871885
359600.0,4501479.883776989,551091.6253610842,4501612.986127151,-914.5015019102316,1177.7984395659341,-914.7145697309135,22.23172293566581,-38.33396527634776,22.23830194129676,17262.445078715646,0.0,0.19676087423338548,2.0472243320962105,2260733.6602814426,594.7464688871885
359700.0,4501388.545076655,551209.2132108656,4501521.62615299,-912.2696011323667,1173.955325665105,-912.4820092386898,22.405939595133404,-38.527787259774904,22.412554784213615,17262.445078715646,0.0,0.19676087423338548,2.0472243320962105,2260733.6602814426,594.7464688871885
359800.0,4501297.43043393,551326.4157854279,4501430.490302591,-910.0203854702052,1170.0929882511437,-910.2321302717553,22.57801190438603,-38.718425162002006,22.584662716391094,17262.445078715646,0.0,0.19676087423338548,2.0472243320962105,2260733.6602814426,594.7464688871885
359900.0,4501206.541569494,551443.2311784433,4501339.580296987,-907.7540719583727,1166.2117488214933,-907.9651499213566,22.74788802822358,-38.90581743587176,22.754573891303895,17262.445078715646,0.0,0.19676087423338548,2.0472243320962105,2260733.6602814426,594.7464688871885
360000.0,4501115.880182065,551559.6575160391,4501248.897835249,-905.4708827672192,1162.3119349556393,-905.681290415584,22.9155170946315,-39.08990399646619,22.922237425868623,17262.445078715646,0.0,0.19676087423338548,2.0472243320962105,2260733.6602814426,594.7464688871885
360100.0,4501025.447947893,551675.6929573986,4501158.444593971,-903.1710451043369,1158.3938801662803,-903.3807790208643,23.08084923788302,-39.270626272951375,23.0876034435556,17262.445078715646,0.0,0.19676087423338548,2.0472243320962105,2260733.6602814426,594.7464688871885
360200.0,4500935.246520259,551791.3356953465,4501068.2222267715,-900.8547911118173,1154.4579237453916,-901.0638479391896,23.24383564063909,-39.44792725886769,23.250623116498012,17262.445078715646,0.0,0.19676087423338548,2.0472243320962105,2260733.6602814426,594.7464688871885
360300.0,4500845.277528987,551906.5839569191,4500978.232363809,-898.5223577593559,1150.504410605346,-898.7307342011949,23.404428574894723,-39.621751560676536,23.41124870644719,17262.445078715646,0.0,0.19676087423338548,2.0472243320962105,2260733.6602814426,594.7464688871885
360400.0,4500755.5425799675,552021.4360039183,4500888.476611299,-896.1739867333185,1146.5336911152663,-896.3816795551953,23.562581441768582,-39.792045444565304,23.569433604570825,17262.445078715646,0.0,0.19676087423338548,2.0472243320962105,2260733.6602814426,594.7464688871885
360500.0,4500666.04325469,552135.8901334484,4500798.956551054,-893.8099243218932,1142.5461209327905,-894.0169303523083,23.718248810017368,-39.958756881364735,23.725132369975658,17262.445078715646,0.0,0.19676087423338548,2.0472243320962105,2260733.6602814426,594.7464688871885
360600.0,4500576.781109793,552249.9446784371,4500709.673740023,-891.4304212964541,1138.5420608314419,-891.6367374277874,23.871386453240355,-40.12183558954125,23.87830076691999,17262.445078715646,0.0,0.19676087423338548,2.0472243320962105,2260733.6602814426,594.7464688871885
360700.0,4500487.757676617,552363.5980081377,4500620.629709856,-889.0357327892744,1134.521876523798,-889.2413559787027,24.021951385723924,-40.2812330762068,24.028895800665765,17262.445078715646,0.0,0.19676087423338548,2.0472243320962105,2260733.6602814426,594.7464688871885
360800.0,4500398.974460776,552476.848528614,4500531.825966467,-886.6261181677244,1130.4859384806618,-886.8310454381082,24.16990189685712,-40.43690267606593,24.176875751901456,17262.445078715646,0.0,0.19676087423338548,2.0472243320962105,2260733.6602814426,594.7464688871885
360900.0,4500310.432941741,552589.6946832077,4500443.263989623,-884.2018409051018,1126.4346217464433,-884.406069345839,24.315197584046405,-40.58879958821584,24.32220020966362,17262.445078715646,0.0,0.19676087423338548,2.0472243320962105,2260733.6602814426,594.7464688871885
361000.0,4500222.134572438,552702.1349529851,4500354.945232535,-881.7631684482485,1122.3683057509706,-881.9666952160945,24.457799384113756,-40.73688091078816,24.46483010274149,17262.445078715646,0.0,0.19676087423338548,2.0472243320962105,2260733.6602814426,594.7464688871885
361100.0,4500134.080778852,552814.1678571673,4500266.871121471,-879.3103720821053,1118.2873741179485,-879.513194401959,24.597669603092076,-40.88110567333086,24.604727729478466,17262.445078715646,0.0,0.19676087423338548,2.0472243320962105,2260733.6602814426,594.7464688871885
361200.0,4500046.272959655,552925.7919535392,4500179.043055377,-876.8437267913661,1114.1922144702892,-877.0458419570216,24.734771944450173,-41.02143486698109,24.741856786002764,17262.445078715646,0.0,0.19676087423338548,2.0472243320962105,2260733.6602814426,594.7464688871885
361300.0,4499958.712485842,553037.0058388397,4500091.462405515,-874.3635111193961,1110.083218232546,-874.5649164942589,24.869071535564082,-41.1578314722049,24.876182392704024,17262.445078715646,0.0,0.19676087423338548,2.0472243320962105,2260733.6602814426,594.7464688871885
361400.0,4499871.400700381,553147.8081491318,4500004.130515113,-871.8700070245848,1105.9607804306875,-872.0707000423529,25.0005349525782,-41.29026048429615,25.00767111909929,17262.445078715646,0.0,0.19676087423338548,2.0472243320962105,2260733.6602814426,594.7464688871885
361500.0,4499784.338917879,553258.1975601531,4499917.048699031,-869.3634997343013,1101.8252994894424,-869.5634778996092,25.129130243447364,-41.41868893637964,25.136291006879397,17262.445078715646,0.0,0.19676087423338548,2.0472243320962105,2260733.6602814426,594.7464688871885
361600.0,4499697.528424264,553368.1727876446,4499830.218243443,-866.8442775966308,1097.677177027463,-867.0435384856582,25.254826949298405,-41.54308592010466,25.26201159127471,17262.445078715646,0.0,0.19676087423338548,2.0472243320962105,2260733.6602814426,594.7464688871885
361700.0,4499610.970476478,553477.7325876604,4499743.640405531,-864.3126319300678,1093.5168176505435,-864.5111731911105,25.377596123922473,-41.663422603800115,25.384803920550823,17262.445078715646,0.0,0.19676087423338548,2.0472243320962105,2260733.6602814426,594.7464688871885
361800.0,4499524.666302192,553586.8757568563,4499657.316413195,-861.7688568713485,1089.3446287431452,-861.966676225352,25.49741035150257,-41.779672248235194,25.504640573739266,17262.445078715646,0.0,0.19676087423338548,2.0472243320962105,2260733.6602814426,594.7464688871885
361900.0,4499438.617099525,553695.6011327561,4499571.24746478,-859.213249221602,1085.1610202584673,-859.4103444626583,25.614243762478345,-41.89181021987224,25.62149567650494,17262.445078715646,0.0,0.19676087423338548,2.0472243320962105,2260733.6602814426,594.7464688871885
362000.0,4499352.824036792,553803.9075939989,4499485.434728817,-856.6461082910074,1080.9664045073164,-856.8424772868129,25.728072047605067,-41.99981400169579,25.73534491520735,17262.445078715646,0.0,0.19676087423338548,2.0472243320962105,2260733.6602814426,594.7464688871885
362100.0,4499267.288252255,553911.794060564,4499399.87934378,-854.0677357421378,1076.7611959460187,-854.2633764344148,25.83887247011595,-42.10366320151429,25.846165549064697,17262.445078715646,0.0,0.19676087423338548,2.0472243320962105,2260733.6602814426,594.7464688871885
362200.0,4499182.010853902,554019.2594939745,4499314.582417856,-851.4784354321819,1072.5458109636247,-851.6733458370601,25.94662387603398,-42.20333955780482,25.95393642046698,17262.445078715646,0.0,0.19676087423338548,2.0472243320962105,2260733.6602814426,594.7464688871885
362300.0,4499096.992919231,554126.3028974803,4499229.545028739,-848.8785132542265,1068.3206676686523,-849.0726914625876,26.051306702621453,-42.29882694309815,26.058637963426477,17262.445078715646,0.0,0.19676087423338548,2.0472243320962105,2260733.6602814426,594.7464688871885
362400.0,4499012.235495054,554232.9233162192,4499144.768223428,-846.268276977788,1064.0861856756137,-846.4617211555715,26.152902984975192,-42.39011136492583,26.16025221017341,17262.445078715646,0.0,0.19676087423338548,2.0472243320962105,2260733.6602814426,594.7464688871885
362500.0,4498927.7395973215,554339.119837357,4499060.253018053,-843.6480360887772,1059.8427858915718,-843.8407444772478,26.25139636072945,-42.47718096429411,26.258762795858814,17262.445078715646,0.0,0.19676087423338548,2.0472243320962105,2260733.6602814426,594.7464688871885
362600.0,4498843.506210955,554444.8915902056,4498976.000397707,-841.0181016290869,1055.5908903029667,-841.2100725450637,26.346772072944177,-42.56002601179461,26.354154961442397,17262.445078715646,0.0,0.19676087423338548,2.0472243320962105,2260733.6602814426,594.7464688871885
362700.0,4498759.536289699,554550.2377463209,4498892.011316301,-838.3787860359828,1051.3309217629542,-838.57001787203,26.43901697112539,-42.6386389012972,26.44641555471206,17262.445078715646,0.0,0.19676087423338548,2.0472243320962105,2260733.6602814426,594.7464688871885
362800.0,4498675.830755996,554655.1575195787,4498808.286696432,-835.7304029814821,1047.063303779488,-835.9208942060624,26.528119510433676,-42.71301414130765,26.53553302949112,17262.445078715646,0.0,0.19676087423338548,2.0472243320962105,2260733.6602814426,594.7464688871885
362900.0,4498592.390500859,554759.6501662293,4498724.827429266,-833.0732672119047,1042.7884603043872,-833.2630163694934,26.6140697490965,-42.78314834402249,26.621497443048874,17262.445078715646,0.0,0.19676087423338548,2.0472243320962105,2260733.6602814426,594.7464688871885
363000.0,4498509.216383787,554863.7149849319,4498641.634374439,-830.4076943877692,1038.5068155236083,-830.5967000989313,26.69685934401762,-42.8490402120847,26.704300451707958,17262.445078715646,0.0,0.19676087423338548,2.0472243320962105,2260733.6602814426,594.7464688871885
363100.0,4498426.309232668,554967.3513167669,4498558.708359976,-827.7340009242187,1034.2187936489565,-827.9222618856483,26.776481544649542,-42.910690523135465,26.783935304714202,17262.445078715646,0.0,0.19676087423338548,2.0472243320962105,2260733.6602814426,594.7464688871885
363200.0,4498343.669843721,555070.5585452291,4498476.050182222,-825.0525038321441,1029.9248187114492,-825.2400188166667,26.852931185117725,-42.96810211215997,26.86039683635805,17262.445078715646,0.0,0.19676087423338548,2.0472243320962105,2260733.6602814426,594.7464688871885
363300.0,4498261.298981439,555173.3360961985,4498393.660605789,-822.3635205601806,1025.6253143565516,-822.550288416718,26.926204674690922,-43.02127985175752,26.933681456441427,17262.445078715646,0.0,0.19676087423338548,2.0472243320962105,2260733.6602814426,594.7464688871885
363400.0,4498179.197378555,555275.6834378919,4498311.540363521,-819.6673688377409,1021.3207036414908,-819.8533884912395,26.996299986536588,-43.07023063027164,27.003787139029644,17262.445078715646,0.0,0.19676087423338548,2.0472243320962105,2260733.6602814426,594.7464688871885
363500.0,4498097.365736023,555377.6000807941,4498229.690156476,-816.9643665192534,1017.0114088348568,-817.1496369705762,27.063216644898493,-43.11496332796363,27.07071340962483,17262.445078715646,0.0,0.19676087423338548,2.0472243320962105,2260733.6602814426,594.7464688871885
363600.0,4498015.804723009,555479.0855775691,4498148.110653915,-814.2548314297624,1012.6978512186838,-814.4393517555458,27.126955710699924,-43.155488791245055,27.134461330764786,17262.445078715646,0.0,0.19676087423338548,2.0472243320962105,2260733.6602814426,594.7464688871885
363700.0,4497934.514976906,555580.1395229516,4498066.802493322,-811.5390812120454,1008.3804508932047,-811.7228505645198,27.18751976554365,-43.19181980494531,27.195033486018243,17262.445078715646,0.0,0.19676087423338548,2.0472243320962105,2260733.6602814426,594.7464688871885
363800.0,4497853.497103358,555680.7615536192,4497985.76628042,-808.8174331754053,1004.059626584468,-809.0004507821812,27.24491289431472,-43.223971062882114,27.2524339625825,17262.445078715646,0.0,0.19676087423338548,2.0472243320962105,2260733.6602814426,594.7464688871885
363900.0,4497772.751676301,555780.9513480456,4497905.002589219,-806.0902041462747,999.7357954549867,-806.2724693100945,27.299140666252597,-43.25195913658001,27.306668332350213,17262.445078715646,0.0,0.19676087423338548,2.0472243320962105,2260733.6602814426,594.7464688871885
364000.0,4497692.279238018,555880.7086263347,4497824.511962069,-803.3577103207826,995.4093729175991,-803.5392224192384,27.35021011469596,-43.27580244240061,27.357743631648518,17262.445078715646,0.0,0.19676087423338548,2.0472243320962105,2260733.6602814426,594.7464688871885
364100.0,4497612.080299213,555980.0331500365,4497744.29490973,-800.6202671194159,991.080772452697,-800.8010256046339,27.39812971544162,-43.2955212070225,27.405668339591887,17262.445078715646,0.0,0.19676087423338548,2.0472243320962105,2260733.6602814426,594.7464688871885
364200.0,4497532.155339087,556078.924721945,4497664.351911456,-797.8781890439074,986.7504054289832,-798.0581934422005,27.442909363845185,-43.31113743143981,27.450452355176544,17262.445078715646,0.0,0.19676087423338548,2.0472243320962105,2260733.6602814426,594.7464688871885
364300.0,4497452.504805448,556177.3831858783,4497584.683415099,-795.1317895364784,982.4186809279003,-795.3110394479658,27.48456035065722,-43.322674853481566,27.492106973110094,17262.445078715646,0.0,0.19676087423338548,2.0472243320962105,2260733.6602814426,594.7464688871885
364400.0,4497373.129114816,556275.4084264409,4497505.289837214,-792.3813808415554,978.0860055718781,-792.5598759397512,27.523095336721646,-43.330158909019026,27.530644858503127,17262.445078715646,0.0,0.19676087423338548,2.0472243320962105,2260733.6602814426,594.7464688871885
364500.0,4497294.0286525525,556373.0003687696,4497426.171563192,-789.6272738700734,973.7527833565237,-789.8050139014455,27.558528326501996,-43.333616691827565,27.566080020388405,17262.445078715646,0.0,0.19676087423338548,2.0472243320962105,2260733.6602814426,594.7464688871885
364600.0,4497215.203772999,556470.1589782628,4497347.328947398,-786.869778066481,969.4194154868857,-787.0467628499786,27.590874640614103,-43.33307691233365,27.598427784246322,17262.445078715646,0.0,0.19676087423338548,2.0472243320962105,2260733.6602814426,594.7464688871885
364700.0,4497136.654799635,556566.884260293,4497268.762313322,-784.1092012785423,965.086300217902,-784.2854307050951,27.6201508872869,-43.328569855158484,27.627704763458247,17262.445078715646,0.0,0.19676087423338548,2.0472243320962105,2260733.6602814426,594.7464688871885
364800.0,4497058.382025235,556663.1762599042,4497190.47195375,-781.34584963004,960.7538326991437,-781.5213236620293,27.64637493295038,-43.32012733571298,27.65392882988686,17262.445078715646,0.0,0.19676087423338548,2.0472243320962105,2260733.6602814426,594.7464688871885
364900.0,4496980.385712057,556759.0350614937,4497112.458130937,-778.5800273964654,956.4224048239491,-778.7547460671668,27.66956587187365,-43.30778265575685,27.67711908350623,17262.445078715646,0.0,0.19676087423338548,2.0472243320962105,2260733.6602814426,594.7464688871885
365000.0,4496902.666092028,556854.4607884797,4497034.721076804,-775.8120368837832,952.0924050830431,-775.9860002967829,27.689743995049053,-43.2915705581714,27.697295821278125,17262.445078715646,0.0,0.19676087423338548,2.0472243320962105,2260733.6602814426,594.7464688871885
365100.0,4496825.223366945,556949.4536029528,4496957.260993136,-773.0421783103502,947.7642184227235,-773.2153866389351,27.70693075828396,-43.27152718090592,27.71448050523552,17262.445078715646,0.0,0.19676087423338548,2.0472243320962105,2260733.6602814426,594.7464688871885
365200.0,4496748.057708696,557044.0137053155,4496880.078051799,-770.2707496920572,943.4382261076847,-770.44320317858,27.721148749597564,-43.247690010224524,27.7286957298712,17262.445078715646,0.0,0.19676087423338548,2.0472243320962105,2260733.6602814426,594.7464688871885
365300.0,4496671.169259481,557138.1413339074,4496803.172394964,-767.4980467307645,939.1148055885501,-767.6697456859845,27.732421655994383,-43.22009783334819,27.739965188902776,17262.445078715646,0.0,0.19676087423338548,2.0472243320962105,2260733.6602814426,594.7464688871885
365400.0,4496594.558132049,557231.8367646168,4496726.544135347,-764.7243627060886,934.7943303741663,-764.8953075084881,27.740774229661955,-43.18879069055669,27.748313641461916,17262.445078715646,0.0,0.19676087423338548,2.0472243320962105,2260733.6602814426,594.7464688871885
365500.0,4496518.224409946,557325.1003104807,4496650.193356453,-761.9499883705962,930.4771699087123,-762.1201794656755,27.746232253656395,-43.1538098268342,27.75376687777135,17262.445078715646,0.0,0.19676087423338548,2.0472243320962105,2260733.6602814426,594.7464688871885
365600.0,4496442.168147776,557417.9323212724,4496574.120112838,-759.1752118484522,926.1636894536638,-759.3446497480021,27.748822507122448,-43.11519764312125,27.756351684356183,17262.445078715646,0.0,0.19676087423338548,2.0472243320962105,2260733.6602814426,594.7464688871885
365700.0,4496366.389371465,557510.3331830776,4496498.324430373,-756.4003185375655,921.8542499746447,-756.5690038189185,27.748572730155637,-43.07299764730985,27.756095808897328,17262.445078715646,0.0,0.19676087423338548,2.0472243320962105,2260733.6602814426,594.7464688871885
365800.0,4496290.888078538,557602.3033178591,4496422.806306521,-753.6255910152656,917.5492080331949,-753.7935243205283,27.74551158828756,-43.02725440496344,27.75302792470806,17262.445078715646,0.0,0.19676087423338548,2.0472243320962105,2260733.6602814426,594.7464688871885
365900.0,4496215.664238408,557693.8431830112,4496347.565710631,-750.8513089475465,913.2489156834712,-751.0184909828109,27.739668636742024,-42.978013489946086,27.747177594981306,17262.445078715646,0.0,0.19676087423338548,2.0472243320962105,2260733.6602814426,594.7464688871885
366000.0,4496140.717792672,557784.9532709043,4496272.602584223,-748.0777490018936,908.953720373891,-748.2441805364323,27.731074284437163,-42.925321434934716,27.73857523678288,17262.445078715646,0.0,0.19676087423338548,2.0472243320962105,2260733.6602814426,594.7464688871885
366100.0,4496066.048655412,557875.6341084194,4496197.9168413,-745.3051847637217,904.6639648537247,-745.4708666291637,27.7197597578375,-42.86922568194474,27.727252084894847,17262.445078715646,0.0,0.19676087423338548,2.0472243320962105,2260733.6602814426,594.7464688871885
366200.0,4495991.65671351,557965.886256474,4496123.508368658,-742.533886656431,900.3799870846321,-742.6988197459222,27.705757064716238,-42.809774532945305,27.71324015556882,17262.445078715646,0.0,0.19676087423338548,2.0472243320962105,2260733.6602814426,594.7464688871885
366300.0,4495917.541826965,558055.7103095384,4496049.377026204,-739.7641218650929,896.1021201571335,-739.9283071324405,27.689098957838034,-42.7470171005796,27.69657221019996,17262.445078715646,0.0,0.19676087423338548,2.0472243320962105,2260733.6602814426,594.7464688871885
366400.0,4495843.703829225,558145.1068951455,4495975.522647287,-736.9961542637641,891.8306922119946,-737.1595927225667,27.669818898668744,-42.68100325912209,27.677281719028016,17262.445078715646,0.0,0.19676087423338548,2.0472243320962105,2260733.6602814426,594.7464688871885
366500.0,4495770.142527518,558234.0766733915,4495901.945039029,-734.2302443464323,887.5660263665083,-734.392937069195,27.647951021101576,-42.61178359566163,27.655402824854598,17262.445078715646,0.0,0.19676087423338548,2.0472243320962105,2260733.6602814426,594.7464688871885
366600.0,4495696.857703193,558322.6203364304,4495828.643982672,-731.46664916158,883.308440645637,-731.6285972788178,27.623530095317697,-42.53940936165535,27.630970306895204,17262.445078715646,0.0,0.19676087423338548,2.0472243320962105,2260733.6602814426,594.7464688871885
366700.0,4495623.849112071,558410.7386079612,4495755.619233919,-728.7056222503594,879.0582479179855,-728.8668269496874,27.596591491767626,-42.46393242483809,27.604019544751846,17262.445078715646,0.0,0.19676087423338548,2.0472243320962105,2260733.6602814426,594.7464688871885
366800.0,4495551.116484796,558498.4322427097,4495682.8705232935,-725.9474135883565,874.8157558365567,-726.1078761135694,27.56717114536189,-42.385405221595235,27.574586482595304,17262.445078715646,0.0,0.19676087423338548,2.0472243320962105,2260733.6602814426,594.7464688871885
366900.0,4495478.659527195,558585.7020259036,4495610.397556494,-723.1922695309271,870.5812667842494,-723.3519911810683,27.53530551988806,-42.303880709820255,27.54270759357354,17262.445078715646,0.0,0.19676087423338548,2.0472243320962105,2260733.6602814426,594.7464688871885
367000.0,4495406.477920641,558672.5487727437,4495538.2000147635,-720.4404327620761,866.3550778240403,-720.5994148904969,27.50103157272779,-42.219412322346095,27.50841984452044,17262.445078715646,0.0,0.19676087423338548,2.0472243320962105,2260733.6602814426,594.7464688871885
367100.0,4495334.571322428,558758.9733278689,4495466.277555255,-717.6921422468503,862.1374806537964,-717.85038626026,27.464386719860812,-42.13205392093444,27.471760660951485,17262.445078715646,0.0,0.19676087423338548,2.0472243320962105,2260733.6602814426,594.7464688871885
367200.0,4495262.939366138,558844.976564818,4495394.629811409,-714.947633187212,857.9287615656528,-715.1051405447213,27.42540880125283,-42.04185975093956,27.432767892443444,17262.445078715646,0.0,0.19676087423338548,2.0472243320962105,2260733.6602814426,594.7464688871885
367300.0,4495191.581662023,558930.5593854871,4495323.256393329,-712.2071369813548,853.729201409893,-712.3639091935104,27.38413604664057,-41.94888439666157,27.39147977841149,17262.445078715646,0.0,0.19676087423338548,2.0472243320962105,2260733.6602814426,594.7464688871885
367400.0,4495120.4977973895,559015.7227195842,4495252.156888166,-709.4708811864195,849.5390755632559,-709.626919814234,27.340607041758428,-41.85318273744149,27.34793491432775,17262.445078715646,0.0,0.19676087423338548,2.0472243320962105,2260733.6602814426,594.7464688871885
367500.0,4495049.687336978,559100.46752408,4495181.330860505,-706.739089484566,845.3586539015978,-706.8943961385409,27.294860694978045,-41.754809904462725,27.30217221835319,17262.445078715646,0.0,0.19676087423338548,2.0472243320962105,2260733.6602814426,594.7464688871885
367600.0,4494979.149823358,559184.7947826564,4495110.777852749,-704.0119816523525,841.18820077683,-704.1665579914973,27.24693620452282,-41.65382123845124,27.254230898544456,17262.445078715646,0.0,0.19676087423338548,2.0472243320962105,2260733.6602814426,594.7464688871885
367700.0,4494908.884777319,559268.705505154,4495040.4973855205,-701.2897735333722,837.0279749980488,-701.4436212642191,27.196873026145703,-41.550272248138974,27.204150420524112,17262.445078715646,0.0,0.19676087423338548,2.0472243320962105,2260733.6602814426,594.7464688871885
367800.0,4494838.89169826,559352.2007270163,4494970.488958046,-698.5726770140903,832.8782298167727,-698.7257978897059,27.144710841405455,-41.444218569649976,27.151970475749582,17262.445078715646,0.0,0.19676087423338548,2.0472243320962105,2260733.6602814426,594.7464688871885
367900.0,4494769.170064594,559435.2815087338,4494900.75204856,-695.860900002828,828.739212916199,-696.0132958218218,27.090489526475658,-41.33571592672854,27.097730950314972,17262.445078715646,0.0,0.19676087423338548,2.0472243320962105,2260733.6602814426,594.7464688871885
368000.0,4494699.71933414,559517.9489352863,4494831.286114701,-693.1546464118323,824.611166404389,-693.3063190173646,27.034249121621396,-41.22482009196742,27.041471894420635,17262.445078715646,0.0,0.19676087423338548,2.0472243320962105,2260733.6602814426,594.7464688871885
368100.0,4494630.538944529,559600.2041155855,4494762.090593912,-690.4541161423701,820.4943268112847,-690.6050674211572,26.976029801251418,-41.111586848923544,26.983233492418524,17262.445078715646,0.0,0.19676087423338548,2.0472243320962105,2260733.6602814426,594.7464688871885
368200.0,4494561.6283136,559682.0481819178,4494693.164903841,-687.7595050727836,816.3889250894664,-687.9097369541039,26.91587184463279,-40.996071955221616,26.923056033520137,17262.445078715646,0.0,0.19676087423338548,2.0472243320962105,2260733.6602814426,594.7464688871885
368300.0,4494492.986839808,559763.4822893853,4494624.508442748,-685.0710050494396,812.2951866185479,-685.2205195041395,26.85381560728039,-40.87833110665726,26.86097988317945,17262.445078715646,0.0,0.19676087423338548,2.0472243320962105,2260733.6602814426,594.7464688871885
368400.0,4494424.613902623,559844.5076153504,4494556.120589906,-682.3888038805082,808.2133312131132,-682.5376029200082,26.789901493015023,-40.75841990228838,26.797045455144712,17262.445078715646,0.0,0.19676087423338548,2.0472243320962105,2260733.6602814426,594.7464688871885
368500.0,4494356.508862939,559925.1253588789,4494488.000706004,-679.7130853325001,804.1435731340936,-679.8611710078031,26.724169926729424,-40.63639381055808,26.73129318421823,17262.445078715646,0.0,0.19676087423338548,2.0472243320962105,2260733.6602814426,594.7464688871885
368600.0,4494288.671063473,560005.3367401855,4494420.148133553,-677.0440291294905,800.0861211034791,-677.1914035301921,26.656661327874033,-40.512308136458984,26.663763499736184,17262.445078715646,0.0,0.19676087423338548,2.0472243320962105,2260733.6602814426,594.7464688871885
368700.0,4494221.099829174,560085.1430000811,4494352.5621972885,-674.3818109549612,796.0411783222644,-674.5284762082628,26.58741608463972,-40.386217989708186,26.594496799745592,17262.445078715646,0.0,0.19676087423338548,2.0472243320962105,2260733.6602814426,594.7464688871885
368800.0,4494153.7944676215,560164.5453994214,4494285.242204579,-671.726602456185,792.008942491521,-671.8725607259091,26.516474528886924,-40.25817825398695,26.523533425927713,17262.445078715646,0.0,0.19676087423338548,2.0472243320962105,2260733.6602814426,594.7464688871885
368900.0,4494086.754269434,560243.5452185582,4494218.187445822,-669.0785712510819,787.9896058364968,-669.2238247366929,26.443876911821125,-40.12824355724104,26.450913639268215,17262.445078715646,0.0,0.19676087423338548,2.0472243320962105,2260733.6602814426,594.7464688871885
369000.0,4494019.97850867,560322.1437567932,4494151.397194856,-666.437880937469,783.9833551336285,-666.5824318730968,26.36966338041993,-39.996468243043054,26.376677596478874,17262.445078715646,0.0,0.19676087423338548,2.0472243320962105,2260733.6602814426,594.7464688871885
369100.0,4493953.466443226,560400.3423318346,4494084.870709351,-663.8046911046323,779.9903717403696,-663.9485417581018,26.293873954605495,-39.86290634300497,26.30086532716512,17262.445078715646,0.0,0.19676087423338548,2.0472243320962105,2260733.6602814426,594.7464688871885
369200.0,4493887.217315242,560478.1422792566,4494018.60723122,-661.1791573471411,776.0108316277199,-661.3223100190064,26.21654850515408,-39.727611550226676,26.223516711730543,17262.445078715646,0.0,0.19676087423338548,2.0472243320962105,2260733.6602814426,594.7464688871885
369300.0,4493821.230351496,560555.5449519627,4493952.605987009,-658.5614312808344,772.0449054153593,-658.7038883034191,26.137726732428263,-39.59063719387619,26.14467146010452,17262.445078715646,0.0,0.19676087423338548,2.0472243320962105,2260733.6602814426,594.7464688871885
369400.0,4493755.5047638025,560632.5517196523,4493886.866188298,-655.9516605608965,768.0927584092709,-656.0934242973403,26.057448145786164,-39.452036214725574,26.064369091146965,17262.445078715646,0.0,0.19676087423338548,2.0472243320962105,2260733.6602814426,594.7464688871885
369500.0,4493690.03974941,560709.1639682915,4493821.387032096,-653.3499889019514,764.1545506417558,-653.4910617452634,25.97575204383434,-39.311861141833155,25.982648912896856,17262.445078715646,0.0,0.19676087423338548,2.0472243320962105,2260733.6602814426,594.7464688871885
369600.0,4493624.834491389,560785.3830995875,4493756.167701235,-650.7565561000971,760.23043691373,-650.896940472216,25.892677495391,-39.17016407021084,25.89955000353139,17262.445078715646,0.0,0.19676087423338548,2.0472243320962105,2260733.6602814426,594.7464688871885
369700.0,4493559.888159026,560861.2105304681,4493691.207364758,-648.1714980568032,756.320566839202,-648.3111964076652,25.80826332121827,-39.026996639540066,25.81511119309427,17262.445078715646,0.0,0.19676087423338548,2.0472243320962105,2260733.6602814426,594.7464688871885
369800.0,4493495.199908214,560936.647692565,4493626.505178307,-645.5949468045987,752.4250848918267,-645.7339616112138,25.722548076519033,-38.88241001392621,25.72937104598886,17262.445078715646,0.0,0.19676087423338548,2.0472243320962105,2260733.6602814426,594.7464688871885
369900.0,4493430.768881829,561011.6960317021,4493562.060284515,-643.0270305344718,748.544130453433,-643.1653643000072,25.635570034171003,-38.73645486265421,25.642367844208593,17262.445078715646,0.0,0.19676087423338548,2.0472243320962105,2260733.6602814426,594.7464688871885
370000.0,4493366.594210125,561086.3570073892,4493497.87181338,-640.4678736249086,744.6778378644256,-640.6055288777826,25.547367168727998,-38.58918134197536,25.55413957133497,17262.445078715646,0.0,0.19676087423338548,2.0472243320962105,2260733.6602814426,594.7464688871885
370100.0,4493302.675011102,561160.63209232,4493433.938882652,-637.9175966724966,740.8263364759586,-638.0545759654793,25.457977141126914,-38.44063907784804,25.46472389724126,17262.445078715646,0.0,0.19676087423338548,2.0472243320962105,2260733.6602814426,594.7464688871885
370200.0,4493239.010390893,561234.5227718764,4493370.260598204,-635.3763165240191,736.9897507037864,-635.5126224333441,25.36743728415379,-38.29087714968986,25.374158163555528,17262.445078715646,0.0,0.19676087423338548,2.0472243320962105,2260733.6602814426,594.7464688871885
370300.0,4493175.599444129,561308.0305436372,4493306.836054411,-632.8441463099671,733.1682000836898,-632.9797814344518,25.27578458861631,-38.13994407507432,25.282479369830302,17262.445078715646,0.0,0.19676087423338548,2.0472243320962105,2260733.6602814426,594.7464688871885
370400.0,4493112.441254314,561381.1569168933,4493243.664334514,-630.3211954793985,729.3617993283862,-630.4561624395749,25.183055690249162,-37.987887795397604,25.189724160445287,17262.445078715646,0.0,0.19676087423338548,2.0472243320962105,2260733.6602814426,594.7464688871885
370500.0,4493049.53489419,561453.9034121679,4493180.744510992,-627.807569836072,725.5706583858253,-627.941871273327,25.089286857291953,-37.834755662440415,25.09592881218262,17262.445078715646,0.0,0.19676087423338548,2.0472243320962105,2260733.6602814426,594.7464688871885
370600.0,4492986.8794260975,561526.2715607435,4493118.075645922,-625.3033715757871,721.7948824987837,-625.4370101515136,24.99451397880312,-37.68059442589307,25.00112922253861,17262.445078715646,0.0,0.19676087423338548,2.0472243320962105,2260733.6602814426,594.7464688871885
370700.0,4492924.473902338,561598.2629041938,4493055.656791336,-622.8086993248596,718.0345722656621,-622.941677719618,24.898772553602576,-37.52545022171458,24.90536089866403,17262.445078715646,0.0,0.19676087423338548,2.0472243320962105,2260733.6602814426,594.7464688871885
370800.0,4492862.317365526,561669.8789939231,4492993.486989581,-620.3236481796679,714.2898237024,-620.4559690923586,24.80209767995093,-37.369368561445384,24.80865894704139,17262.445078715646,0.0,0.19676087423338548,2.0472243320962105,2260733.6602814426,594.7464688871885
370900.0,4492800.408848942,561741.1213907105,4492931.565273667,-617.8483097472011,710.5607283054213,-617.9799758942476,24.70452404581554,-37.21239432229539,24.711058063749086,17262.445078715646,0.0,0.19676087423338548,2.0472243320962105,2260733.6602814426,594.7464688871885
371000.0,4492738.747376878,561811.9916642616,4492869.890667613,-615.3827721865442,706.847373115523,-615.5137863010877,24.60608591985335,-37.05457173815272,24.612592525442487,17262.445078715646,0.0,0.19676087423338548,2.0472243320962105,2260733.6602814426,594.7464688871885
371100.0,4492677.331964981,561882.4913927659,4492808.462186791,-612.9271202512368,703.1498407826264,-613.0574850823422,24.50681714296827,-36.89594439134358,24.51329618090979,17262.445078715646,0.0,0.19676087423338548,2.0472243320962105,2260733.6602814426,594.7464688871885
371200.0,4492616.161620591,561952.6221624612,4492747.278838267,-610.4814353324429,699.4682096313098,-610.6111536443158,24.406751120516372,-36.73655520522329,24.413202443275683,17262.445078715646,0.0,0.19676087423338548,2.0472243320962105,2260733.6602814426,594.7464688871885
371300.0,4492555.235343075,562022.385567204,4492686.33962113,-608.0457955028697,695.8025537270443,-608.1748700740859,24.30592081511937,-36.57644643754781,24.312344282813644,17262.445078715646,0.0,0.19676087423338548,2.0472243320962105,2260733.6602814426,594.7464688871885
371400.0,4492494.5521241585,562091.7832080474,4492625.643526827,-605.6202755613772,692.1529429430527,-605.7487091841228,24.204358740065743,-36.415659674597116,24.210754220345788,17262.445078715646,0.0,0.19676087423338548,2.0472243320962105,2260733.6602814426,594.7464688871885
371500.0,4492434.110948246,562160.8166928248,4492565.189539483,-603.2049470782172,688.5194430277232,-603.3327425575418,24.10209695326057,-36.254235826001455,24.10846432119176,17262.445078715646,0.0,0.19676087423338548,2.0472243320962105,2260733.6602814426,594.7464688871885
371600.0,4492373.910792746,562229.4876357414,4492504.976636224,-600.7998784408486,684.9021156724987,-600.9270385939293,23.999167051797773,-36.09221512034988,24.005506189740053,17262.445078715646,0.0,0.19676087423338548,2.0472243320962105,2260733.6602814426,594.7464688871885
371700.0,4492313.950628385,562297.7976569711,4492445.003787497,-598.40513490027,681.3010185801753,-598.5316625556883,23.895600167010215,-35.929637101411025,23.90191096449734,17262.445078715646,0.0,0.19676087423338548,2.0472243320962105,2260733.6602814426,594.7464688871885
371800.0,4492254.229419521,562365.7483822618,4492385.269957374,-596.020778617819,677.7162055335435,-596.1466766148493,23.79142696009807,-35.76654062507685,23.797709313716155,17262.445078715646,0.0,0.19676087423338548,2.0472243320962105,2260733.6602814426,594.7464688871885
