t,x,y,z,vx,vy,vz,ax,ay,az,total_mass,fuel_mass,drag_coeff,frontal_area,total_thrust,total_mfr
0.0,4509943.562399399,-4.1989575615326356,4509917.609444722,0.0,0.0,0.0,-6.930554157943081,6.452653427801225e-06,-6.930514275324717,40557.25271004392,21583.45467218605,0.2055418267503148,1.9282774277535222,2255743.600971862,633.1786670497614
100.0,4509943.672476997,-3.994161620413893,4509917.71956747,2.201550792915446,4.095916629313687,2.2024538031410392,22.01546111703102,40.95907857107871,22.024491199945285,38950.48096725413,21520.136805481074,0.2055418267503148,1.9282774277535222,2255743.600971862,633.1786670497614
200.0,4509944.002944744,-3.379441657666587,4509918.050170742,4.407800627336769,8.198476021192363,4.40960810579683,22.062380807811635,41.02537374954617,22.07142544161186,38887.16310054915,21456.818938776098,0.2055418267503148,1.9282774277535222,2255743.600971862,633.1786670497614
300.0,4509944.554272603,-2.354133639576795,4509918.601724645,6.6187506466340515,12.307673289247955,6.62146405023848,22.109311307845157,41.091619002780135,22.118370481307917,38823.84523384418,21393.50107207112,0.2055418267503148,1.9282774277535222,2255743.600971862,633.1786670497614
400.0,4509945.326930647,-0.9175740285113694,4509919.374699398,8.834401921759286,16.423503399042914,8.838022706286324,22.156251905058685,41.15781287406237,22.16532560663898,38760.5273671392,21330.183205366142,0.2055418267503148,1.9282774277535222,2255743.600971862,633.1786670497614
500.0,4509946.321389051,0.9309002025192978,4509920.369565323,11.054755453825239,20.545961172950992,11.059285073889866,22.203201913459054,41.22395395579675,22.212290131301152,38697.20950043422,21266.865338661166,0.2055418267503148,1.9282774277535222,2255743.600971862,633.1786670497614
600.0,4509947.5381180905,3.1919515557901486,4509921.586792839,13.279812176747644,24.675041295129194,13.28525208577106,22.25016067376463,41.290040890617185,22.259263395713138,38633.89163372925,21203.54747195619,0.2055418267503148,1.9282774277535222,2255743.600971862,633.1786670497614
700.0,4509948.977588127,5.86624199529307,4509923.026852454,15.509572959950553,28.8107383166004,15.515924610130783,22.29712755403518,41.356072372490395,22.306244767646376,38570.57376702427,21140.22960525121,0.2055418267503148,1.9282774277535222,2255743.600971862,633.1786670497614
800.0,4509950.64026961,8.954432933682279,4509924.6902147615,17.744038611134638,32.953046660446084,17.751303453418295,22.344101950299653,41.42204714781269,22.353233642853027,38507.25590031929,21076.911738546234,0.2055418267503148,1.9282774277535222,2255743.600971862,633.1786670497614
900.0,4509952.526633063,12.457185219744462,4509926.577350431,19.983209879108244,37.10196062710854,19.991389363163442,22.39108328718158,41.48796401650073,22.400229445691643,38443.93803361431,21013.593871841258,0.2055418267503148,1.9282774277535222,2255743.600971862,633.1786670497614
1000.0,4509954.637149084,16.375159126404586,4509928.688730205,22.22708745668091,41.25747439980199,22.23618303087138,22.43807101852177,41.553821833075304,22.447231629750103,38380.620166909335,20950.276005136282,0.2055418267503148,1.9282774277535222,2255743.600971862,633.1786670497614
1100.0,4509956.972288338,20.709014339278244,4509931.024824893,24.475671983619097,45.41958205003183,24.485685094979527,22.485064627998145,41.61961950773798,22.494239678465657,38317.30230020436,20886.958138431306,0.2055418267503148,1.9282774277535222,2255743.600971862,633.1786670497614
1200.0,4509959.532521547,25.45940994578129,4509933.586105363,26.72896404966383,49.588277543221245,26.73989614387642,22.532063629742282,41.68535600743985,22.541253105741735,38253.98443349938,20823.640271726326,0.2055418267503148,1.9282774277535222,2255743.600971862,633.1786670497614
1300.0,4509962.318319495,30.62700442480748,4509936.373042543,28.986964197609865,53.76355474444453,28.998816718982187,22.579067568952535,41.75103035694212,22.588271456561277,38190.6665667944,20760.32240502135,0.2055418267503148,1.9282774277535222,2255743.600971862,633.1786670497614
1400.0,4509965.330153016,36.212455636984764,4509939.386107411,31.2496729264461,57.945407424266016,31.262447317890196,22.62607602250333,41.81664163986785,22.635294307596293,38127.348700089424,20697.004538316374,0.2055418267503148,1.9282774277535222,2255743.600971862,633.1786670497614
1500.0,4509968.568492992,42.21642081552068,4509942.625770993,33.51709069455676,62.13382926468398,33.530788397569594,22.673088599550525,41.882188999744464,22.682321267813407,38064.03083338445,20633.686671611395,0.2055418267503148,1.9282774277535222,2255743.600971862,633.1786670497614
1600.0,4509972.033810347,48.63955655764738,4509946.092504357,35.789217922983,66.32881386517838,35.80384037762823,22.7201049421324,41.94767164103651,22.729351979075126,38000.71296667947,20570.36880490642,0.2055418267503148,1.9282774277535222,2255743.600971862,633.1786670497614
1700.0,4509975.72657605,55.48251881667658,4509949.786778615,38.06605499874447,70.53035474886146,38.08160364363554,22.767124725766074,42.01308883016803,22.776386116736408,37937.3950999745,20507.050938201442,0.2055418267503148,1.9282774277535222,2255743.600971862,633.1786670497614
1800.0,4509979.647261102,62.74596289467465,4509953.709064913,40.34760227822033,74.73844536873031,40.364078550505,22.81414766003907,42.078439896534384,22.82342339023656,37874.07723326952,20443.733071496466,0.2055418267503148,1.9282774277535222,2255743.600971862,633.1786670497614
1900.0,4509983.796336541,70.43054343576803,4509957.8598344335,42.63386009058925,78.95307911402007,42.6512654259355,22.861173489195753,42.14372423350258,22.870463543685776,37810.75936656455,20380.41520479149,0.2055418267503148,1.9282774277535222,2255743.600971862,633.1786670497614
2000.0,4509988.174273436,78.53691442008896,4509962.239558388,44.924828741327914,83.17424931665674,44.94316457391125,22.908201992718404,42.20894129940008,22.917506356446527,37747.44149985957,20317.09733808651,0.2055418267503148,1.9282774277535222,2255743.600971862,633.1786670497614
2100.0,4509992.781542886,87.06572915837144,4509966.848708019,47.22050851576735,87.40194925780844,47.239776278259576,22.955232985902565,42.27409061849124,22.96455164370905,37684.12363315459,20253.779471381535,0.2055418267503148,1.9282774277535222,2255743.600971862,633.1786670497614
2200.0,4509997.6186160175,96.0176402872071,4509971.687754596,49.52089968270665,91.63617217453377,49.54110080626612,23.00226632042649,42.33917178194107,23.011599257061068,37620.805766449615,20190.46160467656,0.2055418267503148,1.9282774277535222,2255743.600971862,633.1786670497614
2300.0,4510002.685963983,105.39329976497083,4509976.757169414,51.826002498083376,95.87691126652608,51.847138412346695,23.04930188491441,42.404184448765875,23.05864908505121,37557.487899744636,20127.14373797158,0.2055418267503148,1.9282774277535222,2255743.600971862,633.1786670497614
2400.0,4510007.98405796,115.19335886842552,4509982.057423795,54.13581720870005,100.12415970295218,54.15788934177531,23.09633960549325,42.46912834677014,23.105701053745985,37494.170033039656,20063.825871266603,0.2055418267503148,1.9282774277535222,2255743.600971862,633.1786670497614
2500.0,4510013.513369151,125.41846819001532,4509987.588989083,56.45034405600606,104.37791062938427,56.473353834467595,23.143379446342653,42.53400327346932,23.152755127279963,37430.85216633468,20000.508004561627,0.2055418267503148,1.9282774277535222,2255743.600971862,633.1786670497614
2600.0,4510019.2743687825,136.0692776358567,4509993.352336646,58.769583279934324,108.63815717482345,58.79353212881902,23.190421410238052,42.59880909699803,23.199811308399095,37367.534299629704,19937.19013785665,0.2055418267503148,1.9282774277535222,2255743.600971862,633.1786670497614
2700.0,4510025.267528104,147.1464364244365,4509999.347937878,61.09353512279196,112.90489245881352,61.1184244655971,23.23746553908643,42.66354575700326,23.246869638996614,37304.21643292473,19873.872271151675,0.2055418267503148,1.9282774277535222,2255743.600971862,633.1786670497614
2800.0,4510031.493318389,158.65059308602557,4510005.576264195,63.422199833204246,117.17810959864345,63.44803109188701,23.28451191445451,42.728213265521866,23.293930200641483,37240.89856621975,19810.554404446695,0.2055418267503148,1.9282774277535222,2255743.600971862,633.1786670497614
2900.0,4510037.9522109395,170.58239546281726,4510012.03778704,65.75557767011108,121.45780171663687,65.7823522650896,23.33156065808931,42.79281170784229,23.340993115099074,37177.58069951477,19747.23653774172,0.2055418267503148,1.9282774277535222,2255743.600971862,633.1786670497614
3000.0,4510044.644677082,182.94249070979902,4510018.732977881,68.09366890681522,125.74396194752717,68.12138825697124,23.37861193243059,42.85734124334985,23.388058544843844,37114.26283280979,19683.918671036743,0.2055418267503148,1.9282774277535222,2255743.600971862,633.1786670497614
3100.0,4510051.57118817,195.73152529636576,4510025.662308215,70.4364738350814,130.03658344591634,70.46513935776464,23.425665941114985,42.92180210635506,23.43512669356365,37050.94496610482,19620.600804331763,0.2055418267503148,1.9282774277535222,2255743.600971862,633.1786670497614
3200.0,4510058.732215591,208.95014500868328,4510032.826249569,72.7839927692855,134.33565939381592,72.81360588031967,23.47272292947174,42.98619460690484,23.48219780665562,36987.62709939984,19557.282937626787,0.2055418267503148,1.9282774277535222,2255743.600971862,633.1786670497614
3300.0,4510066.128230761,222.59899495280962,4510040.225273502,75.13622605061302,138.64118300826837,75.16678816430344,23.519783185009576,43.05051913157592,23.529272171713256,36924.30923269487,19493.96507092181,0.2055418267503148,1.9282774277535222,2255743.600971862,633.1786670497614
3400.0,4510073.759705134,236.67871955858277,4510047.859851609,77.49317405130577,142.95314754904697,77.5246865804488,23.566847037894618,43.11477614425018,23.576350119004495,36860.99136598989,19430.647204216835,0.2055418267503148,1.9282774277535222,2255743.600971862,633.1786670497614
3500.0,4510081.627110202,251.189962584282,4510055.730455523,79.85483717895605,147.2715463264325,79.88730153485017,23.61391486141908,43.17896618687148,23.623432021940545,36797.673499284916,19367.32933751186,0.2055418267503148,1.9282774277535222,2255743.600971862,633.1786670497614
3600.0,4510089.730917501,266.1333671220708,4510063.837556922,82.22121588084727,151.5963727090648,82.25463347330587,23.660987072460507,43.24308988018364,23.670518297535327,36734.355632579936,19304.01147080688,0.2055418267503148,1.9282774277535222,2255743.600971862,633.1786670497614
3700.0,4510098.071598614,281.5095756042284,4510072.181627528,84.59231064834013,155.92762013186723,84.62668288570609,23.708064131931188,43.30714792444884,23.71760940685503,36671.03776587496,19240.693604101903,0.2055418267503148,1.9282774277535222,2255743.600971862,633.1786670497614
3800.0,4510106.649625172,297.31922981017766,4510080.763139115,86.96812202130329,160.26528210404217,87.0034503104653,23.75514654521792,43.3711411001468,23.764705855458036,36607.719899169984,19177.375737396927,0.2055418267503148,1.9282774277535222,2255743.600971862,633.1786670497614
3900.0,4510115.465468868,313.56297087431557,4510089.582563514,89.34865059258759,164.60935221713567,89.38493633899829,23.802234862611428,43.43507026865356,23.811808193824454,36544.402032465005,19114.057870691948,0.2055418267503148,1.9282774277535222,2255743.600971862,633.1786670497614
4000.0,4510124.519601452,330.24143929465396,4510098.640372618,91.73389701254287,168.9598241531689,91.7711416202387,23.849329679725503,43.49893637289987,23.858917017775465,36481.084165760025,19050.74000398697,0.2055418267503148,1.9282774277535222,2255743.600971862,633.1786670497614
4100.0,4510133.812494746,347.3552749422764,4510107.937038388,94.12386199357613,173.31669169283472,94.16206686519904,23.89643163790557,43.562740438008944,23.906032968881973,36417.76629905505,18987.422137281996,0.2055418267503148,1.9282774277535222,2255743.600971862,633.1786670497614
4200.0,4510143.344620645,364.90511707161795,4510117.473032859,96.51854631475015,177.67994872375692,96.55771285157115,23.943541424626638,43.62648357191311,23.953156734862713,36354.44843235007,18924.10427057702,0.2055418267503148,1.9282774277535222,2255743.600971862,633.1786670497614
4300.0,4510153.116451125,382.89160433157383,4510127.2488281485,98.91795082642152,182.04958924881043,98.958080428366,23.990659773880058,43.690166965948855,24.000289049971148,36291.1305656451,18860.786403872044,0.2055418267503148,1.9282774277535222,2255743.600971862,633.1786670497614
4400.0,4510163.12845825,401.31537477744337,4510137.26489646,101.32207645491668,186.42560739449982,101.36317052059165,24.03778746654939,43.753791895430304,24.047430695371453,36227.81269894012,18797.468537167064,0.2055418267503148,1.9282774277535222,2255743.600971862,633.1786670497614
4500.0,4510173.381114185,420.1770658837142,4510147.521710096,103.73092420724532,190.80799741939435,103.77298413396842,24.084925330774805,43.81735972020055,24.094582499503044,36164.49483223514,18734.150670462088,0.2055418267503148,1.9282774277535222,2255743.600971862,633.1786670497614
4600.0,4510183.874891194,439.47731455769303,4510158.019741463,106.14449517584947,195.19675372261716,106.18752235967993,24.132074242305976,43.88087188516056,24.141745338433573,36101.17696553016,18670.832803757112,0.2055418267503148,1.9282774277535222,2255743.600971862,633.1786670497614
4700.0,4510194.610261658,459.21675715398777,4510168.75946308,108.56279054338756,199.59187085238625,108.60678637915903,24.179235124843345,43.94432992077555,24.18892013620031,36037.85909882519,18607.514937052132,0.2055418267503148,1.9282774277535222,2255743.600971862,633.1786670497614
4800.0,4510205.5876980815,479.39602948984634,4510179.741347592,110.98581158755204,203.99334351460513,111.03077746890725,24.226408950367507,44.007735443558346,24.23610786513965,35974.54123212021,18544.197070347156,0.2055418267503148,1.9282774277535222,2255743.600971862,633.1786670497614
4900.0,4510216.8076731,500.01576686135684,4510190.965867774,113.41355968591937,208.40116658150086,113.45949700534678,24.273596739456597,44.071090156529564,24.28330954620458,35911.22336541524,18480.87920364218,0.2055418267503148,1.9282774277535222,2255743.600971862,633.1786670497614
5000.0,4510228.270659493,521.076604060514,4510202.433496543,115.8460363208313,212.81533510030698,115.8929464697036,24.320799561591492,44.134395849654474,24.330526249269976,35847.90549871026,18417.561336937204,0.2055418267503148,1.9282774277535222,2255743.600971862,633.1786670497614
5100.0,4510239.977130193,542.5791753931557,4510214.144706972,118.28324308430612,217.23584430198903,118.33112745292068,24.36801853544868,44.19765440025592,24.377759093425595,35784.58763200528,18354.243470232228,0.2055418267503148,1.9282774277535222,2255743.600971862,633.1786670497614
5200.0,4510251.927558299,564.5241146977745,4510226.099972297,120.7251816829786,221.66268961001043,120.77404166059985,24.415254829180768,44.26086777340373,24.425009247256625,35721.269765300305,18290.92560352725,0.2055418267503148,1.9282774277535222,2255743.600971862,633.1786670497614
5300.0,4510264.122417084,586.9120553652075,4510238.299765932,123.1718539430675,226.09586664913607,123.22169091797122,24.462509660684297,44.3240380222797,24.472277929111602,35657.951898595325,18227.607736822272,0.2055418267503148,1.9282774277535222,2255743.600971862,633.1786670497614
5400.0,4510276.5621800115,609.7436303592082,4510250.744561479,125.62326181536928,230.53537125427147,125.67407717488888,24.509784297854758,44.38716728851825,24.51956640735751,35594.63403189035,18164.289870117296,0.2055418267503148,1.9282774277535222,2255743.600971862,633.1786670497614
5500.0,4510289.247320746,633.0194722379041,4510263.4348327415,128.0794073802767,234.98119947933478,128.13120251085147,24.557080058829033,44.45025780252296,24.566876000622262,35531.31616518537,18100.972003412317,0.2055418267503148,1.9282774277535222,2255743.600971862,633.1786670497614
5600.0,4510302.178313168,656.7402131761431,4510276.371053737,130.54029285282127,239.43334760615937,130.59306914004648,24.604398312214546,44.51331188375797,24.614208078023957,35467.998298480394,18037.65413670734,0.2055418267503148,1.9282774277535222,2255743.600971862,633.1786670497614
5700.0,4510315.355631384,680.9064849887316,4510289.553698712,133.00592058773773,243.89181215342447,133.05967941641686,24.651740477305577,44.57633194101485,24.661564059387203,35404.68043177542,17974.336270002364,0.2055418267503148,1.9282774277535222,2255743.600971862,633.1786670497614
5800.0,4510328.7797497455,705.5189191545664,4510302.983242156,135.47629308454992,248.35658988561127,135.53103583874872,24.69910802428625,44.63932047265431,24.7089454154462,35341.36256507044,17911.01840329739,0.2055418267503148,1.9282774277535222,2255743.600971862,633.1786670497614
5900.0,4510342.451142861,730.5781468416648,4510316.660158815,137.95141299267618,252.82767782198223,138.00714105577876,24.74650247442048,44.7022800668232,24.756353668034713,35278.04469836547,17847.700536592412,0.2055418267503148,1.9282774277535222,2255743.600971862,633.1786670497614
6000.0,4510356.370285609,756.0847989330915,4510330.584923708,140.43128311655315,257.3050732455808,140.48799787132012,24.79392540022828,44.76521340164571,24.803790390262414,35214.72683166049,17784.382669887433,0.2055418267503148,1.9282774277535222,2255743.600971862,633.1786670497614
6100.0,4510370.53765316,782.039506053789,4510344.758012142,142.91590642077665,261.7887737122491,142.97360924940514,24.84137842564879,44.828123245389634,24.851257206677992,35151.40896495551,17721.064803182457,0.2055418267503148,1.9282774277535222,2255743.600971862,633.1786670497614
6200.0,4510384.953720989,808.4428985983079,4510359.179899729,145.40528603525834,266.2787770596613,145.46397831944407,24.888863226189894,44.891012456607235,24.898755793418726,35088.09109825053,17657.74693647748,0.2055418267503148,1.9282774277535222,2255743.600971862,633.1786670497614
6300.0,4510399.618964889,835.2956067594436,4510373.851062403,147.8994252603966,270.77508141636963,147.95910838139787,24.936381529064214,44.95388398425065,24.94628787834657,35024.77323154556,17594.4290697725,0.2055418267503148,1.9282774277535222,2255743.600971862,633.1786670497614
6400.0,4510414.533399963,862.5974166098454,4510388.771515218,150.38673430348018,275.25646357101357,150.44740496460872,24.841559533744565,44.756147422547535,24.8514222228921,34961.45536484058,17531.111203067525,0.2055418267503148,1.9282774277535222,2255743.600971862,633.1786670497614
6500.0,4510429.696538373,890.3471931130744,4510403.940770084,152.87572177398303,279.7384970727098,152.93738011119495,24.880475761049855,44.80318847934892,24.89034874270722,34898.137498135606,17467.79333636255,0.2055418267503148,1.9282774277535222,2255743.600971862,633.1786670497614
6600.0,4510445.108770151,918.5454078328955,4510419.359217137,155.36859326819294,284.22521282703497,155.43124030589755,24.91906392763014,44.84955817597835,24.928947053596556,34834.819631430626,17404.475469657573,0.2055418267503148,1.9282774277535222,2255743.600971862,633.1786670497614
6700.0,4510460.770482048,947.1925256183918,4510435.0272432305,157.86531567676138,288.7165431364846,157.92895242442407,24.957317955370414,44.895245706222575,24.96721107506425,34771.501764725646,17341.157602952597,0.2055418267503148,1.9282774277535222,2255743.600971862,633.1786670497614
6800.0,4510476.682057477,976.2890044951682,4510450.945231875,160.36585528787606,293.21241923318087,160.43048273978255,24.995231884991604,44.94024049236793,25.00513484550077,34708.183898020674,17277.839736247617,0.2055418267503148,1.9282774277535222,2255743.600971862,633.1786670497614
6900.0,4510492.843876446,1005.8352955594773,4510467.113563181,162.8701777994655,297.7127713022965,162.93579693449115,25.032799882314038,44.984532196379526,25.042712528448867,34644.866031315694,17214.52186954264,0.2055418267503148,1.9282774277535222,2255743.600971862,633.1786670497614
7000.0,4510509.256315506,1035.8318428747414,4510483.532613794,165.3782483320271,302.2175285065903,165.44486011341175,25.07001624445449,45.028110730941094,25.079938418803014,34581.54816461072,17151.204002837665,0.2055418267503148,1.9282774277535222,2255743.600971862,633.1786670497614
7100.0,4510525.9197476925,1066.279083370584,4510500.202756846,167.8900314420723,306.7266190120405,167.95763681720055,25.106875405952522,45.07096627034774,25.11680694893818,34518.23029790574,17087.886136132685,0.2055418267503148,1.9282774277535222,2255743.600971862,633.1786670497614
7200.0,4510542.834542467,1097.1774467444793,4510517.124361892,170.4054911361811,311.2399700145611,170.47409103636866,25.14337194482306,45.113089261246316,25.153312694764747,34454.91243120076,17024.56826942771,0.2055418267503148,1.9282774277535222,2255743.600971862,633.1786670497614
7300.0,4510560.001065668,1128.5273553661266,4510534.297794862,172.92459088565874,315.7575077677858,172.9941862259449,25.179500588532008,45.154470433217845,25.189450381706475,34391.59456449579,16961.250402722733,0.2055418267503148,1.9282774277535222,2255743.600971862,633.1786670497614
7400.0,4510577.41967945,1160.3292241846545,4510551.723418003,175.44729364178673,320.2791576119024,175.51788532073306,25.215256219890378,45.195100809193754,25.225214890596934,34328.27669779081,16897.932536017757,0.2055418267503148,1.9282774277535222,2255743.600971862,633.1786670497614
7500.0,4510595.090742242,1192.5834606387632,4510569.401589831,177.9735618516593,324.8048440035221,178.0451507511551,25.250633882863294,45.23497171569978,25.260601263490713,34264.95883108584,16834.61466931278,0.2055418267503148,1.9282774277535222,2255743.600971862,633.1786670497614
7600.0,4510613.0146086905,1225.2904645699016,4510587.332665082,180.50335747459746,329.3344905465648,180.57594445967186,25.285628788291064,45.274074792922455,25.29560470938677,34201.64096438086,16771.2968026078,0.2055418267503148,1.9282774277535222,2255743.600971862,633.1786670497614
7700.0,4510631.191629616,1258.4506281385852,4510605.516994661,183.03664199913086,333.86802002414373,183.11022791777214,25.320236319517,45.31240200458889,25.330220609858422,34138.32309767588,16707.978935902825,0.2055418267503148,1.9282774277535222,2255743.600971862,633.1786670497614
7800.0,4510649.6221519625,1292.0643357439512,4510623.954925596,185.57337646053844,338.40535443142886,185.64796214352035,25.354452037918744,45.34994564765403,25.36444452458674,34075.0052309709,16644.66106919785,0.2055418267503148,1.9282774277535222,2255743.600971862,633.1786670497614
7900.0,4510668.306518759,1326.1319639466474,4510642.646800998,188.11352145893775,342.9464150094705,188.18910771965355,25.388271688339138,45.3866983617887,25.398272196793606,34011.68736426593,16581.34320249287,0.2055418267503148,1.9282774277535222,2255743.600971862,633.1786670497614
8000.0,4510687.24506907,1360.6538813951508,4510661.592960012,190.65703717791288,347.49112227996284,190.73362481221682,25.421691204412127,45.42265313866032,25.431699558569584,33948.36949756095,16518.025335787894,0.2055418267503148,1.9282774277535222,2255743.600971862,633.1786670497614
8100.0,4510706.438137961,1395.63044875561,4510680.793737783,193.2038834036701,352.03939608092537,193.2814731897269,25.454706713780208,45.45780333100018,25.464722736093396,33885.051630855975,16454.707469082918,0.2055418267503148,1.9282774277535222,2255743.600971862,633.1786670497614
8200.0,4510725.886056455,1431.0620186452982,4510700.2494654115,195.75401954471022,356.59115560328166,195.8326122428527,25.487314543197456,45.49214266144712,25.497338054736897,33821.733764150995,16391.38960237794,0.2055418267503148,1.9282774277535222,2255743.600971862,633.1786670497614
8300.0,4510745.5891515,1466.9489355697715,4510719.960469918,198.30740465200634,361.14631942831215,198.3870010046009,25.519511223517775,45.52566523116679,25.5295420440552,33758.415897446015,16328.071735672964,0.2055418267503148,1.9282774277535222,2255743.600971862,633.1786670497614
8400.0,4510765.547745931,1503.2915358638115,4510739.927074213,200.8639974396745,365.7048055659578,200.94459817099562,25.551293494558884,45.558365528229984,25.561331442652563,33695.09803074104,16264.753868967986,0.2055418267503148,1.9282774277535222,2255743.600971862,633.1786670497614
8500.0,4510785.762158438,1540.0901476362428,4510760.149597056,203.42375630612554,370.26653149395116,203.50536212223847,25.582658309842603,45.59023843575121,25.59270320292441,33631.78016403606,16201.43600226301,0.2055418267503148,1.9282774277535222,2255743.600971862,633.1786670497614
8600.0,4510806.232703536,1577.345090718702,4510780.628353035,205.9866393556849,374.8314141977491,206.06925094433734,25.613602841205203,45.621279239776506,25.62365449566943,33568.46229733109,16138.118135558034,0.2055418267503148,1.9282774277535222,2255743.600971862,633.1786670497614
8700.0,4510826.959691538,1615.0566766184404,4510801.363652528,208.55260442066748,379.39937021124337,208.63622245119018,25.64412448327215,45.651483636910896,25.654182714566023,33505.14443062611,16074.800268853056,0.2055418267503148,1.9282774277535222,2255743.600971862,633.1786670497614
8800.0,4510847.943428525,1653.2252084752347,4510822.355801684,211.12160908389365,383.97031565822124,211.20623420711016,25.6742208577966,45.680847741684246,25.684285480512393,33441.82656392113,16011.482402148078,0.2055418267503148,1.9282774277535222,2255743.600971862,633.1786670497614
8900.0,4510869.184216327,1691.8509810224803,4510843.605102396,213.69361070163256,388.5441662945503,213.7792435497783,25.70388981785492,45.7093680936442,25.71396064582366,33378.50869721616,15948.164535443102,0.2055418267503148,1.9282774277535222,2255743.600971862,633.1786670497614
9000.0,4510890.682352499,1730.9342805525387,4510865.111852281,216.26856642695859,393.1208375510597,216.3552076136093,25.73312945189596,45.73704166417012,25.743206298282583,33315.19083051118,15884.846668738126,0.2055418267503148,1.9282774277535222,2255743.600971862,633.1786670497614
9100.0,4510912.438130302,1770.4753848864061,4510886.87634466,218.8464332335053,397.7002445770896,218.93408335351526,25.761938087639862,45.76386586300151,25.772020765039862,33251.87296380621,15821.528802033148,0.2055418267503148,1.9282774277535222,2255743.600971862,633.1786670497614
9200.0,4510934.451838686,1810.4745633477694,4510908.898868542,221.42716793960278,402.28230228467993,221.5158275690525,25.7903142958231,45.789838544474684,25.800402616360515,33188.55509710123,15758.21093532817,0.2055418267503148,1.9282774277535222,2255743.600971862,633.1786670497614
9300.0,4510956.723762276,1850.9320767415115,4510931.179708609,224.0107272327816,406.8669253933686,224.10039692893568,25.818256893785833,45.81495801346155,25.828350669212533,33125.23723039625,15694.893068623194,0.2055418267503148,1.9282774277535222,2255743.600971862,633.1786670497614
9400.0,4510979.254181359,1891.8481773367266,4510953.719145204,226.59706769462844,411.45402847556966,226.6877479959032,25.84576494889735,45.83922303100306,25.855863990693607,33061.91936369127,15631.575201918218,0.2055418267503148,1.9282774277535222,2255743.600971862,633.1786670497614
9500.0,4511002.043371879,1933.2231088542999,4510976.5174543215,229.18614582597633,416.04352600250013,229.2778372519177,25.872837781815655,45.86263281963072,25.882941901291826,32998.601496986295,15568.25733521324,0.2055418267503148,1.9282774277535222,2255743.600971862,633.1786670497614
9600.0,4511025.091605424,1975.0571064591068,4510999.574907603,231.7779180724131,420.63533239062417,231.87062112368463,25.89947496958041,45.885187068375245,25.909583977979768,32935.283630281316,15504.939468508263,0.2055418267503148,1.9282774277535222,2255743.600971862,633.1786670497614
9700.0,4511048.399149228,2017.3503967568806,4511022.89177233,234.37234085009086,425.22936204858263,234.46605600847226,25.92567634853176,45.9068859374494,25.935790057134348,32871.96576357634,15441.621601803286,0.2055418267503148,1.9282774277535222,2255743.600971862,633.1786670497614
9800.0,4511071.966266164,2060.1031977957973,4511046.4683114225,236.96937057181952,429.8255294245758,237.0640983002154,25.951442017054816,45.92773006260498,25.961560237282228,32808.64789687136,15378.30373509831,0.2055418267503148,1.9282774277535222,2255743.600971862,633.1786670497614
9900.0,4511095.793214747,2103.315719072818,4511070.304783442,239.56896367342594,434.4237490541659,239.6647044158852,25.976772338146166,45.94772055915807,25.986894881667247,32745.330030166388,15314.985868393333,0.2055418267503148,1.9282774277535222,2255743.600971862,633.1786670497614
10000.0,4511119.880249139,2146.988161544832,4511094.401442594,242.17107664036143,439.0239356084662,242.2678308221074,26.00166794179919,45.96685902567715,26.011794620636547,32682.01216346141,15251.668001688355,0.2055418267503148,1.9282774277535222,2255743.600971862,633.1786670497614
10100.0,4511144.227619154,2191.120717644639,4511118.758538732,244.77566603453909,443.62600394268264,244.87343406201015,26.02612972720536,45.98514754732973,26.03626035384256,32618.694296756432,15188.350134983379,0.2055418267503148,1.9282774277535222,2255743.600971862,633.1786670497614
10200.0,4511168.835570267,2235.713571301798,4511143.376317373,247.38268852138222,448.2298691449734,247.48147078228334,26.050158864768488,46.00258869888218,26.060293252258003,32555.376430051456,15125.032268278403,0.2055418267503148,1.9282774277535222,2255743.600971862,633.1786670497614
10300.0,4511193.704343625,2280.7668979683767,4511168.2550197,249.99210089706557,452.8354465855926,250.09189776043058,26.07375679793314,46.01918554735593,26.083894760004764,32492.05856334648,15061.714401573425,0.2055418267503148,1.9282774277535222,2255743.600971862,633.1786670497614
10400.0,4511218.8341760645,2326.2808646496337,4511193.394882587,252.60386011592988,457.4426519662814,252.70467193219469,26.09692524481742,46.03494165432292,26.107066595987302,32428.7406966415,14998.396534868447,0.2055418267503148,1.9282774277535222,2255743.600971862,633.1786670497614
10500.0,4511244.225300123,2372.255629939643,4511218.796138605,255.21792331805094,462.05140136987313,255.31975041913765,26.119666199657722,46.04986107785417,26.129810755337754,32365.422829936528,14935.07866816347,0.2055418267503148,1.9282774277535222,2255743.600971862,633.1786670497614
10600.0,4511269.877944066,2418.6913440618932,4511244.459016052,257.8342478569435,466.66161131007476,257.9370905563555,26.14198193405641,46.063948374106246,26.152129510663983,32302.104963231548,14871.760801458495,0.2055418267503148,1.9282774277535222,2255743.600971862,633.1786670497614
10700.0,4511295.792331904,2465.5881489148715,4511270.3837389685,260.4527913273805,471.27319878139036,260.55664992030864,26.163874998033197,46.077208598547465,26.17402541310122,32238.787096526572,14808.442934753517,0.2055418267503148,1.9282774277535222,2255743.600971862,633.1786670497614
10800.0,4511321.968683421,2512.9461781226432,4511296.570527168,263.0735115933086,475.8860813091497,263.1783863567481,26.18534822088106,46.089647306825825,26.195501293168157,32175.469229821596,14745.12506804854,0.2055418267503148,1.9282774277535222,2255743.600971862,633.1786670497614
10900.0,4511348.407214201,2560.7655570904412,4511323.019596261,265.6963668158385,480.5001769996057,265.8022580087174,26.206404711821286,46.10127055526975,26.216560261422174,32112.151363116616,14681.807201343563,0.2055418267503148,1.9282774277535222,2255743.600971862,633.1786670497614
11000.0,4511375.108135663,2609.0464030652647,4511349.73115769,268.32131548129263,485.1154045900647,268.4282233446108,26.227047860462523,46.11208490103076,26.23720570891829,32048.83349641164,14618.489334638587,0.2055418267503148,1.9282774277535222,2255743.600971862,633.1786670497614
11100.0,4511402.071655088,2657.7888252014927,4511376.705418762,270.94831642928796,489.73168349901323,271.05624118626736,26.247281337054677,46.12209740185278,26.25744130746313,31985.515629706664,14555.17146793361,0.2055418267503148,1.9282774277535222,2255743.600971862,633.1786670497614
11200.0,4511429.297975663,2706.9929246315064,4511403.942582683,273.5773288808349,494.3489338762036,273.68627073708103,26.267109092549475,46.13131561548918,26.277271009675278,31922.197763001685,14491.853601228631,0.2055418267503148,1.9282774277535222,2255743.600971862,633.1786670497614
11300.0,4511456.787296517,2756.6587945413194,4511431.442848601,276.20831246643274,498.967076652664,276.3182716101067,26.2865353584542,46.13974759874472,26.29669904883885,31858.879896296712,14428.535734523655,0.2055418267503148,1.9282774277535222,2255743.600971862,633.1786670497614
11400.0,4511484.539812761,2806.786520251201,4511459.206411649,278.84122725414034,503.58603359059464,278.9522038561423,26.305564646489014,46.14740190616123,26.315729938560487,31795.562029591732,14365.21786781868,0.2055418267503148,1.9282774277535222,2255743.600971862,633.1786670497614
11500.0,4511512.5557155395,2857.376179301284,4511487.233462984,281.476033777603,508.205727333115,281.58802799176647,26.32420174804259,46.15428758833834,26.33436847222463,31732.244162886756,14301.900001113701,0.2055418267503148,1.9282774277535222,2255743.600971862,633.1786670497614
11600.0,4511540.835192072,2908.4278415421363,4511515.524189841,284.11269306401533,512.8260814538255,284.2257050273122,26.342451733429574,46.160414189896535,26.35261972225053,31668.92629618178,14238.582134408724,0.2055418267503148,1.9282774277535222,2255743.600971862,633.1786670497614
11700.0,4511569.378425709,2959.9415692302796,4511544.078775584,286.75116666199983,517.4470205061474,286.8651964947565,26.360319950948885,46.16579174708077,26.37048903915003,31605.6084294768,14175.264267703747,0.2055418267503148,1.9282774277535222,2255743.600971862,633.1786670497614
11800.0,4511598.185595981,3011.917417128629,4511572.897399753,289.3914166693819,522.0684700724064,289.50646447550616,26.37781202574447,46.170430785008946,26.387982050387688,31542.290562771825,14111.946400998771,0.2055418267503148,1.9282774277535222,2255743.600971862,633.1786670497614
11900.0,4511627.256878657,3064.3554326118256,4511601.980238129,292.0334057608411,526.690356812623,292.14947162805976,26.394933858471507,46.17434231457059,26.405104659046316,31478.97269606685,14048.628534293794,0.2055418267503148,1.9282774277535222,2255743.600971862,633.1786670497614
12000.0,4511656.592445806,3117.2556557764337,4511631.327462787,294.67709721541974,531.3126085129759,294.7941812155268,26.411691623765048,46.17753782897164,26.42186304229483,31415.65482936187,13985.310667588816,0.2055418267503148,1.9282774277535222,2255743.600971862,633.1786670497614
12100.0,4511686.192465852,3170.6181195559666,4511660.939242159,297.3224549438686,535.9351541339028,297.4405571329842,26.42809176851993,46.18002929994128,26.43826364966737,31352.336962656897,13921.99280088384,0.2055418267503148,1.9282774277535222,2255743.600971862,633.1786670497614
12200.0,4511716.057103647,3224.442849840699,4511690.815741101,299.96944351581135,540.5579238578047,300.0885639346513,26.444141009979084,46.18182917359657,26.454313201150647,31289.019095951917,13858.674934178864,0.2055418267503148,1.9282774277535222,2255743.600971862,633.1786670497614
12300.0,4511746.186520532,3278.7298656022363,4511720.957120958,302.6180281867086,545.1808491363204,302.7381668608639,26.459846333631738,46.182950365968374,26.47001868508119,31225.70122924694,13795.357067473886,0.2055418267503148,1.9282774277535222,2255743.600971862,633.1786670497614
12400.0,4511776.580874409,3333.479179022779,4511751.363539632,305.2681749246024,549.8038627371367,305.3893318648295,26.475214990927096,46.18340625819891,26.485387355857945,31162.383362541965,13732.039200768908,0.2055418267503148,1.9282774277535222,2255743.600971862,633.1786670497614
12500.0,4511807.240319813,3388.6907956290524,4511782.035151661,307.9198504366231,554.4268987903027,308.04202563914424,26.49025449680858,46.18321069142081,26.500426731475407,31099.065495836985,13668.721334063932,0.2055418267503148,1.9282774277535222,2255743.600971862,633.1786670497614
12600.0,4511838.165007989,3444.364714430835,4511812.972108288,310.5730221952408,559.0498928340158,310.6962156420544,26.504972627063346,46.182377961309015,26.5151445908719,31035.74762913201,13605.403467358956,0.2055418267503148,1.9282774277535222,2255743.600971862,633.1786670497614
12700.0,4511869.355086969,3500.500928064042,4511844.174557541,313.2276584642429,563.672781859847,313.35187012344386,26.51937741549981,46.18092281232868,26.529548971105882,30972.429762427033,13542.085600653978,0.2055418267503148,1.9282774277535222,2255743.600971862,633.1786670497614
12800.0,4511900.8107016515,3557.099422938299,4511875.642644314,315.88372832442053,568.2955043573759,316.00895815053053,26.533477150948272,46.17886043167104,26.54364816435518,30909.111895722053,13478.767733949,0.2055418267503148,1.9282774277535222,2255743.600971862,633.1786670497614
12900.0,4511932.531993884,3614.1601793889513,4511907.376510452,318.54120169894725,572.918000358205,318.66744963325453,26.54728037409685,46.176206442899854,26.557450714751557,30845.79402901708,13415.449867244024,0.2055418267503148,1.9282774277535222,2255743.600971862,633.1786670497614
13000.0,4511964.519102549,3671.6831718334392,4511939.376294831,321.2000493784322,577.5402114793224,321.32731534934106,26.56079587415789,46.17297689930009,26.57096541504563,30782.4761623121,13352.132000539048,0.2055418267503148,1.9282774277535222,2255743.600971862,633.1786670497614
13100.0,4511996.772163656,3729.6683689319793,4511971.64213345,323.86024304563244,582.1620809657867,323.9885269690221,26.57403268537762,46.16918827695252,26.584201303115016,30719.158295607125,13288.81413383407,0.2055418267503148,1.9282774277535222,2255743.600971862,633.1786670497614
13200.0,4512029.291310424,3788.1157337524755,4512004.174159522,326.521755299808,586.7835537327044,326.6510570794005,26.587000083384787,46.1648574675272,26.59716765831139,30655.84042890215,13225.496267129092,0.2055418267503148,1.9282774277535222,2255743.600971862,633.1786670497614
13300.0,4512062.076673382,3847.0252239395945,4512036.972503564,329.1845596807043,591.4045764064737,329.31487920844194,26.599707581390007,46.16000177081712,26.609873997658127,30592.522562197173,13162.178400424116,0.2055418267503148,1.9282774277535222,2255743.600971862,633.1786670497614
13400.0,4512095.12838046,3906.396791887926,4512070.037293496,331.84863069214697,596.0250973652685,331.97996784857816,26.612164926238524,46.154638887017754,26.622330071901427,30529.204695492197,13098.86053371914,0.2055418267503148,1.9282774277535222,2255743.600971862,633.1786670497614
13500.0,4512128.446557087,3966.230384919153,4512103.368654733,334.51394382523455,600.6450667787374,334.64629847990875,26.624382094316147,46.14878690875249,26.63454586141446,30465.886828787217,13035.542667014164,0.2055418267503148,1.9282774277535222,2255743.600971862,633.1786670497614
13600.0,4512162.031326292,4026.5259454631514,4512136.96671029,337.1804755811151,605.2644366468935,337.3138475929861,26.636369287321052,46.14246431286715,26.646531571967365,30402.568962082245,12972.224800309188,0.2055418267503148,1.9282774277535222,2255743.600971862,633.1786670497614
13700.0,4512195.882808806,4087.283411242937,4512170.831580885,339.8482034933329,609.8831608381716,339.98259271117075,26.648136927903618,46.13568995199786,26.658297630365208,30339.25109537727,12908.906933604212,0.2055418267503148,1.9282774277535222,2255743.600971862,633.1786670497614
13800.0,4512230.001123166,4148.502715463376,4512204.963385037,342.51710614973274,614.5011951266313,342.6525124125435,26.659695655176247,46.12848304591672,26.669854679955932,30275.933228672293,12845.589066899236,0.2055418267503148,1.9282774277535222,2255743.600971862,633.1786670497614
13900.0,4512264.386385818,4210.183787003573,4512239.362239179,345.18716321390895,619.1184972282831,345.3235863513628,26.671056320103975,46.120863172674454,26.681213576018987,30212.615361967313,12782.27120019426,0.2055418267503148,1.9282774277535222,2255743.600971862,633.1786670497614
14000.0,4512299.038711234,4272.326550612845,4512274.028257763,347.8583554461875,623.7350268365194,347.9957952790544,26.682229980779454,46.112850259547464,26.6923853810383,30149.29749526234,12718.953333489284,0.2055418267503148,1.9282774277535222,2255743.600971862,633.1786670497614
14100.0,4512333.958212015,4334.930927110193,4512308.961553372,350.53066472412985,628.35074565663,350.66912106472296,26.693227897585693,46.104464573795404,26.703381359863023,30085.979628557365,12655.635466784308,0.2055418267503148,1.9282774277535222,2255743.600971862,633.1786670497614
14200.0,4512369.144999008,4397.996833587184,4512344.162236834,353.20407406254765,632.9656174393841,353.343546715174,26.704061528256005,46.09572671324673,26.714212974765353,30022.66176185239,12592.317600079332,0.2055418267503148,1.9282774277535222,2255743.600971862,633.1786670497614
14300.0,4512404.599181416,4461.524183614133,4512379.630417333,355.87856763301824,637.5796080136622,356.0190563944367,26.71474252283559,46.08665759672074,26.72489188040004,29959.34389514741,12528.999733374356,0.2055418267503148,1.9282774277535222,2255743.600971862,633.1786670497614
14400.0,4512440.320866923,4525.512887449513,4512415.3662025295,358.5541307828915,642.1926853181221,358.6956354427776,26.725282718550332,46.07727845429612,26.73542991867104,29896.026028442437,12465.68186666938,0.2055418267503148,1.9282774277535222,2255743.600971862,633.1786670497614
14500.0,4512476.310161802,4589.962852252469,4512451.369698678,361.2307500537788,646.8048194318839,361.37327039519647,26.7356941345886,46.06761081743686,26.745839113511106,29832.70816173746,12402.363999964404,0.2055418267503148,1.9282774277535222,2255743.600971862,633.1786670497614
14600.0,4512512.567171044,4654.873982298365,4512487.641010747,363.90841319951625,651.4159826042204,364.05194899939596,26.745988966804198,46.05767650899055,26.756131665582547,29769.390295032485,12339.046133259428,0.2055418267503148,1.9282774277535222,2255743.600971862,633.1786670497614
14700.0,4512549.091998476,4720.246179197238,4512524.18024254,366.5871092035939,656.0261492832417,366.73166023321716,26.756179582346206,46.047497633069625,26.76631994690485,29706.072428327505,12275.728266554452,0.2055418267503148,1.9282774277535222,2255743.600971862,633.1786670497614
14800.0,4512585.884746884,4786.079342115076,4512560.987496821,369.26682829604425,660.6352961435603,369.4123943215342,26.766278514216754,46.03709656481746,26.776416495410203,29642.754561622532,12212.410399849476,0.2055418267503148,1.9282774277535222,2255743.600971862,633.1786670497614
14900.0,4512622.945518143,4852.373367997808,4512598.06287544,371.94756196978335,665.243402112929,372.09414275260116,26.776298455774246,46.02649594009119,26.7864340094444,29579.436694917556,12149.0925331445,0.2055418267503148,1.9282774277535222,2255743.600971862,633.1786670497614
15000.0,4512660.274413338,4919.128151797911,4512635.40647946,374.6293029963992,669.8504483978412,374.7768982938462,26.78625225517724,46.01571864505291,26.796385342208467,29516.11882821258,12085.774666439524,0.2055418267503148,1.9282774277535222,2255743.600971862,633.1786670497614
15100.0,4512697.871532898,4986.3435867035205,4512673.018409284,377.3120454413814,674.4564185080865,377.4606550071066,26.796152909777494,46.0047878056846,26.806283496149415,29452.8009615076,12022.456799734548,0.2055418267503148,1.9282774277535222,2255743.600971862,633.1786670497614
15200.0,4512735.736976724,5054.019564369941,4512710.898764787,379.9957846787881,679.0612982802537,380.14540826330074,26.80601356047956,45.99372677725799,26.816141617317445,29389.48309480263,11959.138933029571,0.2055418267503148,1.9282774277535222,2255743.600971862,633.1786670497614
15300.0,4512773.8708443185,5122.155975153461,4512749.047645449,382.6805174053465,683.665075900178,382.83115475653364,26.81584748605347,45.98255913373575,26.82597298967634,29326.165228097652,11895.821066324595,0.2055418267503148,1.9282774277535222,2255743.600971862,633.1786670497614
15400.0,4512812.2732349215,5190.752708347358,4512787.465150483,385.3662416539829,688.2677419243252,385.5178925176317,26.825668097426266,45.97130865714993,26.835791029392666,29262.847361392676,11832.50319961962,0.2055418267503148,1.9282774277535222,2255743.600971862,633.1786670497614
15500.0,4512850.944247643,5259.809652419983,4512826.151378975,388.05295680678034,692.8692893001124,388.2056209271049,26.835488931948397,45.95999932695085,26.84560927909979,29199.529494687697,11769.185332914643,0.2055418267503148,1.9282774277535222,2255743.600971862,633.1786670497614
15600.0,4512889.883981602,5329.32669525483,4512865.106430016,390.74066360736145,697.4697133851613,390.89434072753374,26.845323647637326,45.948655309330746,26.855441402139153,29136.211627982724,11705.867466209667,0.2055418267503148,1.9282774277535222,2255743.600971862,633.1786670497614
15700.0,4512929.092536056,5399.303724392479,4512904.330402841,393.42936417269533,702.0690119654835,393.5840540353802,26.855186017420053,45.937300946560796,26.865301176800422,29072.893761277748,11642.549599504691,0.2055418267503148,1.9282774277535222,2255743.600971862,633.1786670497614
15800.0,4512968.5700105475,5469.740627274295,4512943.823396963,396.11906200432736,706.6671852725988,396.2747643522212,26.8650899233636,45.925960746322495,26.87520249054967,29009.575894572772,11579.231732799715,0.2055418267503148,1.9282774277535222,2255743.600971862,633.1786670497614
15900.0,4513008.316505036,5540.637291487792,4512983.585512319,398.8097619990324,711.2642359995868,398.9664765754055,26.875049350911176,45.91465937106456,26.885159334263104,28946.258027867792,11515.91386609474,0.2055418267503148,1.9282774277535222,2255743.600971862,633.1786670497614
16000.0,4513048.332120042,5611.993605013551,4513023.616849402,401.501470458891,715.8601693160754,401.6591970081332,26.885078383119804,45.90342162737837,26.89518579646249,28882.94016116282,11452.595999389763,0.2055418267503148,1.9282774277535222,2255743.600971862,633.1786670497614
16100.0,4513088.616956787,5683.809456473578,4513063.917509409,404.1941951007903,720.4549928821667,404.35293336895944,26.895191194923235,45.89227245543391,26.905296057575555,28819.622294457844,11389.278132684787,0.2055418267503148,1.9282774277535222,2255743.600971862,633.1786670497614
16200.0,4513129.171117336,5756.084735381006,4513104.487594378,406.88794506535123,725.0487168613101,407.0476948007247,26.90540204740136,45.88123691844342,26.915504384203285,28756.304427752868,11325.960265979811,0.2055418267503148,1.9282774277535222,2255743.600971862,633.1786670497614
16300.0,4513169.994704737,5828.819332391028,4513145.327207334,409.5827309252839,729.6413539321226,409.7434918789126,26.915725282082125,45.87034019219823,26.925825123419347,28692.98656104789,11262.642399274835,0.2055418267503148,1.9282774277535222,2255743.600971862,633.1786670497614
16400.0,4513211.087823171,5902.013139552965,4513186.436452433,412.2785646931741,734.2329192991654,412.440336619439,26.92617531527227,45.85960755467312,26.936272697098644,28629.668694342916,11199.324532569859,0.2055418267503148,1.9282774277535222,2255743.600971862,633.1786670497614
16500.0,4513252.45057809,5975.6660505633545,4513227.8154351,414.9754598287044,738.8234307026854,415.138242485875,26.936766632426973,45.84906437571515,26.946861596284627,28566.35082763794,11136.006665864883,0.2055418267503148,1.9282774277535222,2255743.600971862,633.1786670497614
16600.0,4513294.083076364,6049.777961019964,4513269.464262186,417.673431245314,743.4129084273287,417.83722439610887,26.947513782554875,45.838736106811645,26.95760637559217,28503.032960932964,11072.688799159907,0.2055418267503148,1.9282774277535222,2255743.600971862,633.1786670497614
16700.0,4513335.985426431,6124.348768676626,4513311.3830421,420.37249531630084,748.0013753098341,420.5372987284495,26.95843137267722,45.82864827096948,26.968521647664346,28439.715094227984,11009.37093245493,0.2055418267503148,1.9282774277535222,2255743.600971862,633.1786670497614
16800.0,4513378.157738434,6199.378373698789,4513353.571884967,423.0726698803721,752.588856745721,423.2384833271789,26.969534062335345,45.81882645269629,26.979622077677757,28376.39722752301,10946.053065749955,0.2055418267503148,1.9282774277535222,2255743.600971862,633.1786670497614
16900.0,4513420.60012438,6274.8666789196905,4513396.0309027685,425.77397424664764,757.1753806949791,425.9407975075566,26.980836558159012,45.80929628810508,26.990922377908753,28313.079360818036,10882.735199044979,0.2055418267503148,1.9282774277535222,2255743.600971862,633.1786670497614
17000.0,4513463.312698274,6350.8135900970465,4513438.76020949,428.47642919912334,761.7609776867744,428.6442620602839,26.992353608488557,45.8000834551298,27.002437302353304,28249.76149411306,10819.417332340003,0.2055418267503148,1.9282774277535222,2255743.600971862,633.1786670497614
17100.0,4513506.295576279,6427.2190161701665,4513481.75992127,431.1800570005994,766.3456808231832,431.3488992554331,27.004099998077166,45.7912136638986,27.014181641427275,28186.44362740808,10756.099465635027,0.2055418267503148,1.9282774277535222,2255743.600971862,633.1786670497614
17200.0,4513549.548876855,6504.08286951739,4513525.030156552,433.88488139608194,770.9295257819692,434.0547328458498,27.01609054285127,45.7827126472252,27.026170216724616,28123.125760703108,10692.78159893005,0.2055418267503148,1.9282774277535222,2255743.600971862,633.1786670497614
17300.0,4513593.072720911,6581.405066213754,4513568.571036224,436.5909276156646,775.5125508184168,436.7617880700348,27.028340084756348,45.77460615126701,27.0384178758612,28059.80789399813,10629.463732225075,0.2055418267503148,1.9282774277535222,2255743.600971862,633.1786670497614
17400.0,4513636.867231956,6659.185526288804,4513612.382683776,439.2982223768978,780.0947967662371,439.47009165451345,27.040863486678752,45.766919926332726,27.050939487394558,27996.490027293155,10566.145865520099,0.2055418267503148,1.9282774277535222,2255743.600971862,633.1786670497614
17500.0,4513680.932536242,6737.424173984438,4513656.465225443,442.0067938866541,784.6763070375624,442.1796718157013,27.053675627452122,45.75967971785492,27.06374993582834,27933.172160588176,10502.827998815123,0.2055418267503148,1.9282774277535222,2255743.600971862,633.1786670497614
17600.0,4513725.268762917,6816.120938012717,4513700.818790357,444.71667184249884,789.2571276220458,444.89055826127407,27.06679139695191,45.75291125753297,27.07686411670486,27869.854293883203,10439.510132110147,0.2055418267503148,1.9282774277535222,2255743.600971862,633.1786670497614
17700.0,4513769.8760441765,6895.27575181353,4513745.443510694,447.4278874335737,793.8373070850824,447.60278219105123,27.080225691283815,45.74664025465695,27.09029693179165,27806.536427178227,10376.19226540517,0.2055418267503148,1.9282774277535222,2255743.600971862,633.1786670497614
17800.0,4513814.754515405,6974.888553812051,4513790.339521829,450.1404733410043,798.4168965651735,450.3163762974028,27.093993408065508,45.740892387610906,27.10406328436126,27743.21856047325,10312.874398700194,0.2055418267503148,1.9282774277535222,2255743.600971862,633.1786670497614
17900.0,4513859.904315332,7054.959287675877,4513835.506962476,452.85446373783975,802.9959497704469,453.0313747651882,27.108109441808818,45.73569329556767,27.118178074571706,27679.90069376827,10249.55653199522,0.2055418267503148,1.9282774277535222,2255743.600971862,633.1786670497614
18000.0,4513905.325586179,7135.4879025717855,4513880.9459748445,455.5698942885361,807.5745229743587,455.74781327123867,27.122588679401815,45.731068570374525,27.132656194946676,27616.5828270633,10186.238665290244,0.2055418267503148,1.9282774277535222,2255743.600971862,633.1786670497614
18100.0,4513951.01847381,7216.47435342202,4513926.656704785,458.2868021479923,812.1526750105909,458.46572898339224,27.137445995699153,45.727043748643624,27.14751252596415,27553.264960358323,10122.920798585268,0.2055418267503148,1.9282774277535222,2255743.600971862,633.1786670497614
18200.0,4513996.983127874,7297.918601160023,4513972.639301942,461.0052259601508,816.7304672671687,461.1851605590927,27.152696249219137,45.72364430404463,27.162761931751827,27489.947093653347,10059.602931880294,0.2055418267503148,1.9282774277535222,2255743.600971862,633.1786670497614
18300.0,4514043.219701964,7379.820612985548,4514018.893919896,463.7252058561725,821.3079636798169,463.9061481435635,27.168354277950264,45.72089563980357,27.178419255891907,27426.62922694837,9996.285065175318,0.2055418267503148,1.9282774277535222,2255743.600971862,633.1786670497614
18400.0,4514089.728353758,7462.180362619065,4514065.42071632,466.44678345219853,825.8852307245758,466.6287333675675,27.184434895275004,45.718823081421924,27.194499317343368,27363.311360243395,9932.967198470342,0.2055418267503148,1.9282774277535222,2255743.600971862,633.1786670497614
18500.0,4514136.50924517,7544.997830555392,4514112.219853123,469.1700018467089,830.462337409699,469.3529593447642,27.200952886001055,45.717451869597944,27.211016906471624,27299.993493538423,9869.649331765366,0.2055418267503148,1.9282774277535222,2255743.600971862,633.1786670497614
18600.0,4514183.562542499,7628.273004316486,4514159.291496598,471.89490561749113,835.0393552668556,472.0788706686762,27.217923002523776,45.716807153391755,27.227986781209445,27236.675626833443,9806.33146506039,0.2055418267503148,1.9282774277535222,2255743.600971862,633.1786670497614
18700.0,4514230.888416574,7712.005878703311,4514206.635817575,474.62154081823,839.6163583416572,474.8065134092767,27.235359961094,45.71691398358838,27.245423663323294,27173.35776012847,9743.013598355416,0.2055418267503148,1.9282774277535222,2255743.600971862,633.1786670497614
18800.0,4514278.487042905,7796.19645604674,4514254.252991561,477.34995497473,844.1934231835331,477.53593510921013,27.253278438215474,45.71779730630127,27.263342234809397,27110.039893423495,9679.69573165044,0.2055418267503148,1.9282774277535222,2255743.600971862,633.1786670497614
18900.0,4514326.358601825,7880.844746457399,4514302.143198892,480.0801970807839,848.7706288349774,480.2671847796579,27.27169306716187,45.719481956797935,27.281757134409375,27046.72202671852,9616.377864945463,0.2055418267503148,1.9282774277535222,2255743.600971862,633.1786670497614
19000.0,4514374.503278643,7965.95076807441,4514350.306624878,482.8123175936987,853.3480568201887,483.00031289586224,27.290618434626314,45.72199265357031,27.300682954258434,26983.404160013542,9553.05999824049,0.2055418267503148,1.9282774277535222,2255743.600971862,633.1786670497614
19100.0,4514422.921263784,8051.514547312973,4514398.743459952,485.5463684294926,857.9257911331283,485.73537139232013,27.310069077483313,45.72535399261391,27.320134236646105,26920.086293308566,9489.742131535513,0.2055418267503148,1.9282774277535222,2255743.600971862,633.1786670497614
19200.0,4514471.61275294,8137.536119110722,4514447.45389981,488.28240295777476,862.5039182250185,488.4724136576606,27.330059479688046,45.72959044195948,27.340125470914252,26856.768426603594,9426.424264830537,0.2055418267503148,1.9282774277535222,2255743.600971862,633.1786670497614
19300.0,4514520.57794721,8224.0155271728,4514496.438145561,491.02047599632067,867.0825269913042,491.211494529217,27.350604069300843,45.73472633643508,27.360671090480466,26793.450559898618,9363.106398125561,0.2055418267503148,1.9282774277535222,2255743.600971862,633.1786670497614
19400.0,4514569.817053248,8310.952824215612,4514545.696403869,493.7606438053566,871.6617087581027,493.9526702873087,27.371717215638476,45.740785872661334,27.381785469988188,26730.132693193642,9299.788531420585,0.2055418267503148,1.9282774277535222,2255743.600971862,633.1786670497614
19500.0,4514619.330283407,8398.348072209194,4514595.2288871,496.5029640815654,876.2415572681649,496.6959986492435,27.393413226557023,45.747793104287496,27.403482922588587,26666.814826488662,9236.47066471561,0.2055418267503148,1.9282774277535222,2255743.600971862,633.1786670497614
19600.0,4514669.11785588,8486.201342618155,4514645.03581346,499.2474959518269,880.8221686663709,499.4415387630551,27.415706345860887,45.755771937458604,27.42577769734851,26603.49695978369,9173.152798010635,0.2055418267503148,1.9282774277535222,2255743.600971862,633.1786670497614
19700.0,4514719.179994845,8574.512716641146,4514695.117407145,501.99429996670597,885.4036414847849,502.18935120098763,27.438610750848618,45.764746126531996,27.448683976795454,26540.179093078714,9109.834931305659,0.2055418267503148,1.9282774277535222,2255743.600971862,633.1786670497614
19800.0,4514769.516930603,8663.282285448813,4514745.473898477,504.74343809370083,889.9860766272922,504.93949795274074,27.462140549979253,45.774739270013875,27.47221587458291,26476.861226373738,9046.517064600685,0.2055418267503148,1.9282774277535222,2255743.600971862,633.1786670497614
19900.0,4514820.128899728,8752.5101504202,4514796.105524047,507.49497371026524,894.5695773538424,507.6920424184881,27.486309780677324,45.78577480674792,27.496387433294593,26413.54335966876,8983.199197895708,0.2055418267503148,1.9282774277535222,2255743.600971862,633.1786670497614
20000.0,4514871.016145196,8842.196423377542,4514847.012526859,510.24897159661714,899.1542492643226,510.4470494016827,27.511132407260938,45.797876012327414,27.52121262237175,26350.225492963786,8919.881331190732,0.2055418267503148,1.9282774277535222,2255743.600971862,633.1786670497614
20100.0,4514922.178916534,8932.341226819452,4514898.195156463,513.0054979283466,903.7402002820837,513.2045851016611,27.53662231900558,45.811065995753275,27.546705336176124,26286.907626258813,8856.563464485756,0.2055418267503148,1.9282774277535222,2255743.600971862,633.1786670497614
20200.0,4514973.617469956,9022.94469415242,4514949.653669104,515.764620268837,908.3275406371439,515.9647171060608,27.562793328333825,45.8253676963199,27.572879392179114,26223.589759553834,8793.24559778078,0.2055418267503148,1.9282774277535222,2255743.600971862,633.1786670497614
20300.0,4515025.332068501,9114.006969920632,4515001.388327849,518.5264075615111,912.916382849092,518.7275143830624,27.58965916913354,45.84080388073334,27.599748529279264,26160.27189284886,8729.927731075806,0.2055418267503148,1.9282774277535222,2255743.600971862,633.1786670497614
20400.0,4515077.322982171,9205.52821003406,4515053.399402735,521.2909301219149,917.5068417097142,521.4930472734703,27.617233495200605,45.85739714045371,27.6273264062444,26096.954026143885,8666.60986437083,0.2055418267503148,1.9282774277535222,2255743.600971862,633.1786670497614
20500.0,4515129.590488068,9297.508581994798,4515105.6871708995,524.0582596296542,922.0990342653675,524.2613874826444,27.645529878825776,45.87516988929664,27.65562660029798,26033.63615943891,8603.291997665854,0.2055418267503148,1.9282774277535222,2255743.600971862,633.1786670497614
20600.0,4515182.134870529,9389.94826512164,4515158.251916719,526.8284691201931,926.6930797991221,527.0326080722953,27.674561809473847,45.89414436120174,27.684662605797783,25970.318292733933,8539.97413096088,0.2055418267503148,1.9282774277535222,2255743.600971862,633.1786670497614
20700.0,4515234.956421264,9482.84745077284,4515211.093931942,529.6016329765295,931.2890998126948,529.8067834521559,27.70434269263017,45.91434260829955,27.71444783308195,25907.000426028957,8476.656264255904,0.2055418267503148,1.9282774277535222,2255743.600971862,633.1786670497614
20800.0,4515288.055439488,9576.206342567068,4515264.213515828,532.3778269207602,935.8872180081979,532.5839893715416,27.734885848732937,45.93578649913355,27.744995607400973,25843.682559323985,8413.338397550928,0.2055418267503148,1.9282774277535222,2255743.600971862,633.1786670497614
20900.0,4515341.432232052,9670.025156602533,4515317.610975277,535.1571280055456,940.4875602697231,535.3643029108123,27.766204512256664,45.95849771715118,27.77631916800069,25780.36469261901,8350.020530845952,0.2055418267503148,1.9282774277535222,2255743.600971862,633.1786670497614
21000.0,4515395.087113582,9764.30412167425,4515371.2866249615,537.9396146054889,945.0902546447838,538.1478024727462,27.798311830899756,45.98249775938123,27.808431667309733,25717.046825914033,8286.702664140976,0.2055418267503148,1.9282774277535222,2255743.600971862,633.1786670497614
21100.0,4515449.020406605,9859.043479489455,4515425.240787462,540.7253664084408,949.6954313256376,540.9345677738411,27.831220864898242,46.00780793533548,27.841346170252898,25653.728959209053,8223.384797436001,0.2055418267503148,1.9282774277535222,2255743.600971862,633.1786670497614
21200.0,4515503.232441683,9954.24348488114,4515479.473793397,543.5144644067406,954.3032226305082,543.7246798355511,27.86494458646019,46.03444936612495,27.87507565368543,25590.41109250408,8160.066930731025,0.2055418267503148,1.9282774277535222,2255743.600971862,633.1786670497614
21300.0,4515557.723557543,10049.904406019705,4515533.985981548,546.3069908884074,958.91376298473,546.518220975474,27.899495879310475,46.06244298377187,27.909633005937586,25527.093225799104,8096.749064026049,0.2055418267503148,1.9282774277535222,2255743.600971862,633.1786670497614
21400.0,4515612.494101204,10146.026524622723,4515588.777698997,549.1030294282924,963.5271889018352,549.3152747984985,27.93488753836095,46.09180953074356,27.945031026484784,25463.77535909413,8033.431197321074,0.2055418267503148,1.9282774277535222,2255743.600971862,633.1786670497614
21500.0,4515667.544428106,10242.610136162819,4515643.849301249,551.902664879202,968.1436389646024,552.1159261879245,27.97113226948027,46.12256955966251,27.981282425717275,25400.457492389152,7970.113330616099,0.2055418267503148,1.9282774277535222,2255743.600971862,633.1786670497614
21600.0,4515722.87490224,10339.655550073643,4515699.20115236,554.7059833630059,972.7632538060885,554.9202612965657,28.008242689386762,46.154743433233364,28.01839982483304,25337.139625684176,7906.795463911123,0.2055418267503148,1.9282774277535222,2255743.600971862,633.1786670497614
21700.0,4515778.48589627,10437.163089953949,4515754.833625065,557.5130722617391,977.386176090663,557.7283675378484,28.046231325647312,46.18835132435653,28.056395755836718,25273.821758979204,7843.477597206147,0.2055418267503148,1.9282774277535222,2255743.600971862,633.1786670497614
21800.0,4515834.377791662,10535.13309376978,4515810.747100905,560.3240202087098,982.0125504950612,560.5403335769142,28.085110616784505,46.223413216431766,28.09528266164678,25210.503892274224,7780.159730501172,0.2055418267503148,1.9282774277535222,2255743.600971862,633.1786670497614
21900.0,4515890.550978808,10633.565914054761,4515866.941970346,563.138917079623,986.6425236894804,563.3562493217406,28.12489291248314,46.259948903836175,28.135072896302177,25147.18602556925,7716.841863796197,0.2055418267503148,1.9282774277535222,2255743.600971862,633.1786670497614
22000.0,4515947.005857148,10732.4619181085,4515923.41863291,565.9578539837308,991.2762443187316,566.1762059142864,28.165590473917298,46.29797799261277,28.175778725289533,25083.868158864276,7653.523997091221,0.2055418267503148,1.9282774277535222,2255743.600971862,633.1786670497614
22100.0,4516003.742835297,10831.821488193113,4515980.177497293,568.7809232550209,995.9138629834694,569.0002957216756,28.207215474155383,46.33751990129514,28.217412325948395,25020.5502921593,7590.206130386245,0.2055418267503148,1.9282774277535222,2255743.600971862,633.1786670497614
22200.0,4516060.762331162,10931.645021727869,4516037.218981489,571.60821844345,1000.555532221514,571.8286123274283,28.249779998685682,46.378593861942086,28.259985787997024,24957.232425454324,7526.88826368127,0.2055418267503148,1.9282774277535222,2255743.600971862,633.1786670497614
22300.0,4516118.064772064,11031.932931481984,4516094.54351291,574.4398343062363,1005.2014064892854,574.6612505227473,28.29329604602319,46.42121892131313,28.3035111141394,24893.914558749348,7463.570396976294,0.2055418267503148,1.9282774277535222,2255743.600971862,633.1786670497614
22400.0,4516175.650594863,11132.685645765556,4516152.151528508,577.2758667992166,1009.8516421433642,577.4983062978723,28.33777552843396,46.46541394224807,28.34800022079002,24830.596692044375,7400.252530271318,0.2055418267503148,1.9282774277535222,2255743.600971862,633.1786670497614
22500.0,4516233.520246074,11233.903608618662,4516210.043474896,580.1164130682813,1014.5063974221973,580.3398768335101,28.38323027271727,46.51119760514577,28.39346493885627,24767.2788253394,7336.934663566342,0.2055418267503148,1.9282774277535222,2255743.600971862,633.1786670497614
22600.0,4516291.674181983,11335.587279998646,4516268.219808459,582.961571440893,1019.1658324279631,583.1860604923498,28.429672021116478,46.55858840966552,28.439917014649687,24703.960958634423,7273.616796861367,0.2055418267503148,1.9282774277535222,2255743.600971862,633.1786670497614
22700.0,4516350.11286877,11437.73713596558,4516326.680995482,585.8114414176998,1023.830109108611,586.0369568106721,28.477112432289594,46.60760467653056,28.487368110856966,24640.643091929443,7210.298930156391,0.2055418267503148,1.9282774277535222,2255743.600971862,633.1786670497614
22800.0,4516408.836782623,11540.353668865964,4516385.427512258,588.6661236642522,1028.4993912400928,588.8926664900615,28.525563082379612,46.65826454950279,28.53582980761071,24577.32522522447,7146.981063451415,0.2055418267503148,1.9282774277535222,2255743.600971862,633.1786670497614
22900.0,4516467.8464098545,11643.437387514636,4516444.459845212,591.5257200028299,1033.1738444087973,591.7532913892303,28.575035466173695,46.71058599750953,28.58531360364901,24514.007358519495,7083.663196746439,0.2055418267503148,1.9282774277535222,2255743.600971862,633.1786670497614
23000.0,4516527.142247016,11746.988817374955,4516503.77849101,594.3903334043898,1037.8536359942052,594.6189345159619,28.625540998321082,46.76458681686984,28.635830917533966,24450.68949181452,7020.345330041463,0.2055418267503148,1.9282774277535222,2255743.600971862,633.1786670497614
23100.0,4516586.724801012,11851.00850073725,4516563.383956676,597.2600679806408,1042.5389351517756,597.4897000191824,28.677091014659204,46.8202846337054,28.68739308897825,24387.37162510954,6957.027463336487,0.2055418267503148,1.9282774277535222,2255743.600971862,633.1786670497614
23200.0,4516646.594589219,11955.496996895576,4516623.276759707,600.1350289762544,1047.2299127960794,600.3656931811671,28.72969677359968,46.877696906452414,28.740011380231692,24324.053758404567,6893.709596631511,0.2055418267503148,1.9282774277535222,2255743.600971862,633.1786670497614
23300.0,4516706.752139593,12060.454882322783,4516683.457428184,603.015322761219,1051.926741584191,603.2470204098913,28.783369457586794,46.936840928495435,28.79369697754033,24260.73589169959,6830.391729926535,0.2055418267503148,1.9282774277535222,2255743.600971862,633.1786670497614
23400.0,4516767.197990779,12165.88275084396,4516743.926500885,605.9010568233437,1056.629595899351,606.1337892315307,28.83812017463887,46.99773383094128,28.848460992688352,24197.418024994615,6767.073863221559,0.2055418267503148,1.9282774277535222,2255743.600971862,633.1786670497614
23500.0,4516827.932692231,12271.781213808243,4516804.684527394,608.7923397609206,1061.3386518349125,609.0261082831197,28.89395995995401,47.060392585500466,28.904314464604553,24134.100158289635,6703.755996516583,0.2055418267503148,1.9282774277535222,2255743.600971862,633.1786670497614
23600.0,4516888.9568043165,12378.150900259028,4516865.732068218,611.6892812755518,1066.0540871785818,611.924087305375,28.9508997775813,47.1248340074777,28.961268361034136,24070.782291584663,6640.438129811607,0.2055418267503148,1.9282774277535222,2255743.600971862,633.1786670497614
23700.0,4516950.270898429,12484.992457102646,4516927.069694891,614.5919921651467,1070.776081396965,614.82783713569,29.008950522167297,47.19107475888816,29.019333580285917,24007.464424879687,6577.120263106631,0.2055418267503148,1.9282774277535222,2255743.600971862,633.1786670497614
23800.0,4517011.875557094,12592.306549275483,4516988.697990084,617.5005843170985,1075.5048156204325,617.737469701307,29.068123020747688,47.25913135164685,29.07852095302465,23944.14655817471,6513.802396401655,0.2055418267503148,1.9282774277535222,2255743.600971862,633.1786670497614
23900.0,4517073.771374082,12700.09385990962,4517050.617547717,620.4151707016429,1080.2404726283073,620.6530980126738,29.12842803462418,47.32902015090094,29.138841244148722,23880.82869146973,6450.484529696679,0.2055418267503148,1.9282774277535222,2255743.600971862,633.1786670497614
24000.0,4517135.958954515,12808.355090496998,4517112.828973064,623.335865365408,1084.9832368343928,623.5748361569898,29.189876261278577,47.40075737842031,29.20030515470487,23817.51082476476,6387.166662991703,0.2055418267503148,1.9282774277535222,2255743.600971862,633.1786670497614
24100.0,4517198.438914971,12917.09096105216,4517175.332882863,626.2627834251607,1089.7332942728465,626.5027992919487,29.25247833635795,47.4743591161061,29.262923323874226,23754.192958059783,6323.848796286727,0.2055418267503148,1.9282774277535222,2255743.600971862,633.1786670497614
24200.0,4517261.211883595,13026.302210273592,4517238.1299054185,629.196041061752,1094.4908325844076,629.4371036396819,29.316244835704698,47.549841309570354,29.326706331003116,23690.875091354807,6260.530929581751,0.2055418267503148,1.9282774277535222,2255743.600971862,633.1786670497614
24300.0,4517324.278500202,13135.989595703715,4517301.220680712,632.1357555142715,1099.2560410029898,632.3778664809095,29.38118627744857,47.62721977181731,29.391664697695894,23627.557224649827,6197.2130628767745,0.2055418267503148,1.9282774277535222,2255743.600971862,633.1786670497614
24400.0,4517387.6394163845,13246.153893887544,4517364.605860505,635.0820450744128,1104.0291103426462,635.3252061493022,29.447313124135455,47.706510186981205,29.457808889944616,23564.239357944854,6133.8951961717985,0.2055418267503148,1.9282774277535222,2255743.600971862,633.1786670497614
24500.0,4517451.295295616,13356.795900530062,4517428.286108446,638.0350290810558,1108.810232984914,638.279242026062,29.51463578492296,47.787728114173305,29.525149320325305,23500.92149123988,6070.577329466822,0.2055418267503148,1.9282774277535222,2255743.600971862,633.1786670497614
24600.0,4517515.246813355,13467.916430652363,4517492.262100172,640.9948279150703,1113.5996028665472,641.2400945347223,29.583164617809576,47.87088899138001,29.593696350228193,23437.603624534902,6007.259462761846,0.2055418267503148,1.9282774277535222,2255743.600971862,633.1786670497614
24700.0,4517579.494657152,13579.516318746571,4517556.534523416,643.9615629943468,1118.3974154676444,644.2078851361761,29.65290993190414,47.95600813942326,29.663460292127873,23374.285757829923,5943.94159605687,0.2055418267503148,1.9282774277535222,2255743.600971862,633.1786670497614
24800.0,4517644.039526751,13691.596418929596,4517621.104078108,646.9353567690565,1123.2038678001782,647.1827363239339,29.723881989756315,48.04310076601945,29.734451411914783,23310.96789112495,5880.623729351894,0.2055418267503148,1.9282774277535222,2255743.600971862,633.1786670497614
24900.0,4517708.882134192,13804.15760509577,4517685.971476479,649.9163327171476,1128.0191583969324,650.1647716196171,29.79609100970842,48.13218196986723,29.806679931247913,23247.650024419974,5817.305862646918,0.2055418267503148,1.9282774277535222,2255743.600971862,633.1786670497614
25000.0,4517774.023203912,13917.200771068394,4517751.137443164,652.904615340079,1132.843487300855,653.1541155686895,29.86954716829679,48.223266744813365,29.880156029957018,23184.332157714998,5753.987995941942,0.2055418267503148,1.9282774277535222,2255743.600971862,633.1786670497614
25100.0,4517839.463472853,14030.726830750235,4517816.602715303,655.9003301587967,1137.6770560548284,656.1508937364315,29.944260602685873,48.316369984067165,29.95488984847773,23121.01429101002,5690.670129236966,0.2055418267503148,1.9282774277535222,2255743.600971862,633.1786670497614
25200.0,4517905.203690558,14144.736718273032,4517882.368042643,658.9036037099573,1142.5200676918687,659.1552327041616,30.02024141313939,48.41150648447061,30.030891490323626,23057.696424305046,5627.35226253199,0.2055418267503148,1.9282774277535222,2255743.600971862,633.1786670497614
25300.0,4517971.244619273,14259.231388146034,4517948.434187641,661.9145635424001,1147.3727267257523,662.1672600657058,30.097499665524637,48.508690950817424,30.108171024591456,22994.37855760007,5564.034395827014,0.2055418267503148,1.9282774277535222,2255743.600971862,633.1786670497614
25400.0,4518037.587034051,14374.211815403629,4518014.801925563,664.9333382138722,1152.2352391420811,665.1871044241216,30.17604539384895,48.60793800021919,30.186738488498616,22931.060690895094,5500.716529122038,0.2055418267503148,1.9282774277535222,2255743.600971862,633.1786670497614
25500.0,4518104.231722853,14489.678995752096,4518081.472044586,667.9600572880103,1157.1078123897855,668.214895388677,30.25588860282318,48.70926216650918,30.266603889947532,22867.742824190114,5437.398662417062,0.2055418267503148,1.9282774277535222,2255743.600971862,633.1786670497614
25600.0,4518171.179486643,14605.633945715537,4518148.445345899,670.9948513315805,1161.990655373072,671.2507635720892,30.337039270463592,48.81267790470386,30.34777721012862,22804.424957485142,5374.080795712086,0.2055418267503148,1.9282774277535222,2255743.600971862,633.1786670497614
25700.0,4518238.431139492,14722.077702781016,4518215.722643801,674.037851911981,1166.8839784438203,674.2948405880253,30.41950735070138,48.91819959546816,30.430268406130722,22741.107090780166,5310.76292900711,0.2055418267503148,1.9282774277535222,2255743.600971862,633.1786670497614
25800.0,4518305.9875086825,14839.011325542973,4518283.304765803,677.0891915950075,1171.7879933944305,677.3472590488665,30.50330277604496,49.02584154966284,30.514087413604415,22677.78922407519,5247.445062302134,0.2055418267503148,1.9282774277535222,2255743.600971862,633.1786670497614
25900.0,4518373.849434798,14956.435893846929,4518351.192552727,680.149003942888,1176.7029134511272,680.4081525637407,30.588435460241527,49.135618012881025,30.59924414942455,22614.47135737021,5184.127195597158,0.2055418267503148,1.9282774277535222,2255743.600971862,633.1786670497614
26000.0,4518442.01777183,15074.352508932563,4518419.386858806,683.2174235125847,1181.6289532677201,683.4776557368234,30.674915300970937,49.24754317003104,30.685748514385224,22551.153490665238,5120.809328892182,0.2055418267503148,1.9282774277535222,2255743.600971862,633.1786670497614
26100.0,4518510.493387276,15192.762293576172,4518487.888551784,686.2945858543683,1186.566328919828,686.5559041659112,30.76275218257385,49.36163114996855,30.77361039592885,22487.83562396026,5057.491462187206,0.2055418267503148,1.9282774277535222,2255743.600971862,633.1786670497614
26200.0,4518579.277162239,15311.666392232588,4518556.698513012,689.3806275106664,1191.5152578995653,689.6430344412682,30.85195597877584,49.47789603011192,30.862839670871303,22424.517757255286,4994.17359548223,0.2055418267503148,1.9282774277535222,2255743.600971862,633.1786670497614
26300.0,4518648.369991523,15431.065971176578,4518625.817637553,692.475686015187,1196.4759591106952,692.739184144749,30.942536555445592,49.59635184110627,30.953446208161182,22361.199890550306,4930.855728777254,0.2055418267503148,1.9282774277535222,2255743.600971862,633.1786670497614
26400.0,4518717.772783738,15550.962218643794,4518695.246834276,695.5798998923195,1201.4486528642515,695.844491849198,31.034503773371064,49.71701257150865,31.045439871656953,22297.882023845334,4867.537862072278,0.2055418267503148,1.9282774277535222,2255743.600971862,633.1786670497614
26500.0,4518787.486461394,15671.356344971293,4518764.987025956,698.6934086568152,1206.433560874631,698.9590971181301,31.12786749105134,49.839892172489705,31.138830522919896,22234.564157140358,4804.219995367302,0.2055418267503148,1.9282774277535222,2255743.600971862,633.1786670497614
26600.0,4518857.511961002,15792.249582737706,4518835.039149375,701.8163528137486,1211.4309062561588,702.0831405056907,31.222637567498385,49.965004562541964,31.233628024016856,22171.24629043538,4740.902128662326,0.2055418267503148,1.9282774277535222,2255743.600971862,633.1786670497614
26700.0,4518927.850233175,15913.643186903077,4518905.40415542,704.9488738587614,1216.4409135201265,705.2167635568986,31.318823865057666,50.09236363221041,31.32984224034188,22107.928423730402,4677.58426195735,0.2055418267503148,1.9282774277535222,2255743.600971862,633.1786670497614
26800.0,4518998.502242724,16035.53843494843,4518976.083009183,708.0911142785903,1221.4638085723068,708.3601088081739,31.4164362522479,50.221983248845106,31.427483043457087,22044.61055702543,4614.2663952523735,0.2055418267503148,1.9282774277535222,2255743.600971862,633.1786670497614
26900.0,4519069.468968759,16157.93662701512,4519047.076690058,711.2432175518796,1226.4998187109438,711.5133197881498,31.515484606602353,50.35387726134567,31.526560313934926,21981.292690320453,4550.9485285473975,0.2055418267503148,1.9282774277535222,2255743.600971862,633.1786670497614
27000.0,4519140.7514047865,16280.839086043996,4519118.386191842,714.405328150281,1231.5491726252221,714.6765410187721,31.615978817525807,50.48805950492214,31.627083944216267,21917.974823615477,4487.630661842421,0.2055418267503148,1.9282774277535222,2255743.600971862,633.1786670497614
27100.0,4519212.35055881,16404.24715791444,4519190.012522834,717.5775915398406,1236.6121003942137,717.849918016686,31.717928789176625,50.62454380588773,31.729063841493492,21854.656956910498,4424.312795137445,0.2055418267503148,1.9282774277535222,2255743.600971862,633.1786670497614
27200.0,4519284.26745343,16528.16221158333,4519261.956705935,720.7601541826748,1241.688833486304,721.0335972949122,31.821344443336237,50.76334398641894,31.832509930580997,21791.339090205525,4360.994928432469,0.2055418267503148,1.9282774277535222,2255743.600971862,633.1786670497614
27300.0,4519356.503125943,16652.58563922396,4519334.219778746,723.9531635389363,1246.7796047590996,724.227726364812,31.92623572230481,50.90447386934944,31.937432156811948,21728.02122350055,4297.677061727493,0.2055418267503148,1.9282774277535222,2255743.600971862,633.1786670497614
27400.0,4519429.058628443,16777.518856364968,4519406.802793671,727.1567680690706,1251.8846484598141,727.4324537383447,32.03261259179398,51.047947282947604,32.04384048893207,21664.703356795573,4234.359195022517,0.2055418267503148,1.9282774277535222,2255743.600971862,633.1786670497614
27500.0,4519501.935027917,16902.96330202936,4519479.706818014,730.3711172363641,1257.0042002261378,730.6479289306158,32.14048504384897,51.19377806573311,32.15174492202283,21601.385490090594,4171.041328317541,0.2055418267503148,1.9282774277535222,2255743.600971862,633.1786670497614
27600.0,4519575.133406352,17028.920438873603,4519552.932934082,733.596361509785,1262.1384970875863,733.8743024627173,32.24986309974783,51.3419800712426,32.26115548040168,21538.06762338562,4107.723461612565,0.2055418267503148,1.9282774277535222,2255743.600971862,633.1786670497614
27700.0,4519648.654860831,17155.391753326912,4519626.482239284,736.8326523671174,1267.2877774673316,737.1117258648636,32.360756812937574,51.49256717284711,32.37208222055929,21474.749756680645,4044.405594907589,0.2055418267503148,1.9282774277535222,2255743.600971862,633.1786670497614
27800.0,4519722.500503635,17282.37875573071,4519700.355846232,740.0801422983893,1272.4522811845147,740.3603516798189,32.473176271954614,51.64555326853077,32.48453523408105,21411.43188997567,3981.087728202613,0.2055418267503148,1.9282774277535222,2255743.600971862,633.1786670497614
27900.0,4519796.671462346,17409.88298047839,4519774.554882844,743.3389848095956,1277.6322494570395,743.620333466621,32.58713160336848,51.80095228569758,32.59852465059182,21348.11402327069,3917.769861497637,0.2055418267503148,1.9282774277535222,2255743.600971862,633.1786670497614
28000.0,4519871.168879946,17537.905986155314,4519849.080492445,746.6093344267161,1282.8279249048485,746.8918258046006,32.70263297472188,51.95877818595989,32.71406064069703,21284.796156565717,3854.451994792661,0.2055418267503148,1.9282774277535222,2255743.600971862,633.1786670497614
28100.0,4519945.993914922,17666.44935567924,4519923.933833869,749.8913467000302,1288.0395515536793,750.1749842976959,32.8196905974743,52.119044969920964,32.83115341892735,21221.47828986074,3791.134128087685,0.2055418267503148,1.9282774277535222,2255743.600971862,633.1786670497614
28200.0,4520021.147741368,17795.51469644109,4519999.116081562,753.1851782087274,1293.2673748393029,753.4699655790648,32.93831472997191,52.28176668199037,32.949813246709724,21158.160423155765,3727.8162613827085,0.2055418267503148,1.9282774277535222,2255743.600971862,633.1786670497614
28300.0,4520096.631549086,17925.10364044619,4520074.628425685,756.4909865658155,1298.5116416122423,756.7769273159939,33.05851568038671,52.44695741513432,33.070050435307394,21094.842556450785,3664.498394677732,0.2055418267503148,1.9282774277535222,2255743.600971862,633.1786670497614
28400.0,4520172.4465436945,18055.21784445601,4520150.472072218,759.8089304233268,1303.7726001429726,760.0960282151055,33.18030380969624,52.6146313156833,33.19187534880082,21031.52468974581,3601.180527972756,0.2055418267503148,1.9282774277535222,2255743.600971862,633.1786670497614
28500.0,4520248.593946725,18185.85899013043,4520226.648243063,763.1391694778222,1309.0505001276006,763.4274280278634,33.30368953464804,52.78480258810083,33.31529840705317,20968.206823040833,3537.86266126778,0.2055418267503148,1.9282774277535222,2255743.600971862,633.1786670497614
28600.0,4520325.074995735,18317.02878417062,4520303.158176152,766.4818644761938,1314.3455926940242,766.7712875563766,33.42868333073528,52.95748549975886,33.440330088686906,20904.888956335857,3474.5447945628034,0.2055418267503148,1.9282774277535222,2255743.600971862,633.1786670497614
28700.0,4520401.890944406,18448.72895846254,4520380.003125547,769.8371772217682,1319.6581304085726,770.1277686595041,33.55529573517567,53.13269438570613,33.56698093406384,20841.57108963088,3411.226927857827,0.2055418267503148,1.9282774277535222,2255743.600971862,633.1786670497614
28800.0,4520479.043062658,18580.961270221145,4520457.184361552,773.2052705807082,1324.988367283124,773.497034259258,33.683537349895644,53.31044365343248,33.695261548270324,20778.253222925905,3347.909061152851,0.2055418267503148,1.9282774277535222,2255743.600971862,633.1786670497614
28900.0,4520556.532636747,18713.72750213531,4520534.703170814,776.5863084887154,1330.3365587827034,776.8792483475082,33.813418844528364,53.49074778764421,33.82518260411628,20714.93535622093,3284.591194447875,0.2055418267503148,1.9282774277535222,2255743.600971862,633.1786670497614
29000.0,4520634.360969377,18847.029462513547,4520612.5608564345,779.9804559580344,1335.7029618335584,780.2745759929879,33.9449509593973,53.67362135500137,33.95675484511993,20651.617489515953,3221.2733277428983,0.2055418267503148,1.9282774277535222,2255743.600971862,633.1786670497614
29100.0,4520712.529379808,18980.868985430563,4520690.758738077,783.3878790847582,1341.0878348317133,783.683183348601,34.078144508524495,53.859079008884294,34.089989088516944,20588.299622810977,3157.955461037922,0.2055418267503148,1.9282774277535222,2255743.600971862,633.1786670497614
29200.0,4520791.039203966,19115.247930874677,4520769.298152074,786.8087450564349,1346.4914376519998,787.105237659031,34.21301038263498,54.047135494140214,34.22489622826605,20524.981756106,3094.637594332946,0.2055418267503148,1.9282774277535222,2255743.600971862,633.1786670497614
29300.0,4520869.891794547,19250.168184896178,4520848.1804515375,790.2432221599787,1351.9140316575676,790.5409072686535,34.349559552165005,54.23780565182298,34.3614872380582,20461.663889401025,3031.3197276279698,0.2055418267503148,1.9282774277535222,2255743.600971862,633.1786670497614
29400.0,4520949.088521136,19385.63165975665,4520927.407006469,793.6914797898826,1357.355879709869,793.9903616297521,34.48780307029125,54.431104423955155,34.49977317434691,20398.34602269605,2968.0018609229933,0.2055418267503148,1.9282774277535222,2255743.600971862,633.1786670497614
29500.0,4521028.630770308,19521.640294079338,4521006.9792038705,797.1536884567364,1362.8172461791228,797.4537713110376,34.62775207593376,54.62704685823141,34.63976517935216,20335.028155991073,2904.683994218017,0.2055418267503148,1.9282774277535222,2255743.600971862,633.1786670497614
29600.0,4521108.519945749,19658.196053000545,4521086.898447859,800.6300197960485,1368.298396955253,800.9313080064727,34.76941779681391,54.82564811280245,34.78147448411947,20271.710289286097,2841.3661275130407,0.2055418267503148,1.9282774277535222,2255743.600971862,633.1786670497614
29700.0,4521188.757468364,19795.300928322195,4521167.166159777,804.1206465773736,1373.7995994593061,804.4231445444025,34.9128115524685,55.0269234609697,34.92491241153496,20208.39242258112,2778.0482608080647,0.2055418267503148,1.9282774277535222,2255743.600971862,633.1786670497614
29800.0,4521269.344776392,19932.956938665528,4521247.783778307,807.6257427137466,1379.321122655343,807.9294548969903,35.05794475731338,55.23088829595093,35.07009037939014,20145.07455587614,2714.730394103088,0.2055418267503148,1.9282774277535222,2255743.600971862,633.1786670497614
29900.0,4521350.283325521,20071.166129626017,4521328.752759585,811.1454832714231,1384.8632370628081,811.4504141899614,35.20482892368404,55.43755813559212,35.21701990342334,20081.75668917117,2651.412527398112,0.2055418267503148,1.9282774277535222,2255743.600971862,633.1786670497614
30000.0,4521431.574589006,20209.930573929552,4521410.07457732,814.6800444799283,1390.4262147693744,814.9861987126545,35.35347566490664,55.64694862711701,35.36571260039203,20018.43882246619,2588.094660693136,0.2055418267503148,1.9282774277535222,2255743.600971862,633.1786670497614
30100.0,4521513.220057779,20349.252371589922,4521491.750722908,818.2296037424143,1396.010329444266,818.5369859283821,35.503896698366766,55.859075551858375,35.516180191142396,19955.120955761216,2524.7767939881596,0.2055418267503148,1.9282774277535222,2255743.600971862,633.1786670497614
30200.0,4521595.221240576,20489.133650067666,4521573.78270555,821.7943396463276,1401.615856352057,822.1029544851009,35.65610384859309,56.07395483000003,35.668434503694165,19891.803089056237,2461.4589272831836,0.2055418267503148,1.9282774277535222,2255743.600971862,633.1786670497614
30300.0,4521677.579664051,20629.576564430314,4521656.172052371,825.3744319743872,1407.2430723669477,825.6842842263932,35.810109050342625,56.291602525306985,35.82248747632688,19828.48522235126,2398.1410605782075,0.2055418267503148,1.9282774277535222,2255743.600971862,633.1786670497614
30400.0,4521760.296872893,20770.583297514087,4521738.920308543,828.9700617158751,1412.8922559875173,829.28115620276,35.965924351714634,56.51203484988922,35.978351160694835,19765.167355646285,2334.8231938732315,0.2055418267503148,1.9282774277535222,2255743.600971862,633.1786670497614
30500.0,4521843.374429955,20912.1560600871,4521822.029037402,832.5814110782391,1418.5636873519566,832.8937526832283,36.12356191725358,56.73526816893198,36.13603772493107,19701.84948894131,2271.5053271682555,0.2055418267503148,1.9282774277535222,2255743.600971862,633.1786670497614
30600.0,4521926.81391637,21054.2970910141,4521905.499820573,836.2086634990111,1424.2576482537781,836.5222571672718,36.283034031089706,56.96131900547497,36.29555945678903,19638.531622236333,2208.187460463279,0.2055418267503148,1.9282774277535222,2255743.600971862,633.1786670497614
30700.0,4522010.616931679,21197.00865742281,4521989.3342580935,839.8520036580412,1429.9744221580067,840.1668543970491,36.44435310007006,57.19020404515949,36.45692876677458,19575.213755531357,2144.869593758303,0.2055418267503148,1.9282774277535222,2255743.600971862,633.1786670497614
30800.0,4522094.78509395,21340.293054871916,4522073.533968537,843.5116174900479,1435.714294217849,843.8277303699572,36.607531656922774,57.42194014101713,36.62015819131138,19511.89588882638,2081.551727053327,0.2055418267503148,1.9282774277535222,2255743.600971862,633.1786670497614
30900.0,4522179.320039912,21484.15260752073,4522158.100589142,847.1876921974888,1441.4775512918466,847.5050723515062,36.772582363416234,57.656544318233585,36.78526039590111,19448.578022121405,2018.2338603483506,0.2055418267503148,1.9282774277535222,2255743.600971862,633.1786670497614
31000.0,4522264.223425075,21628.589668300625,4522243.035775936,850.8804162637505,1447.2644819615098,851.1990688885132,36.939518013561056,57.894033778969714,36.95224817832643,19385.26015541643,1954.9159936433743,0.2055418267503148,1.9282774277535222,2255743.600971862,633.1786670497614
31100.0,4522349.496923866,21773.606619088216,4522328.3412038665,854.589979466661,1453.0753765494362,854.9099098226184,37.108351536810545,58.134425907163404,37.121134471852585,19321.942288711452,1891.5981269383983,0.2055418267503148,1.9282774277535222,2255743.600971862,633.1786670497614
31200.0,4522435.142229751,21919.205870880407,4522414.01856693,858.316572892327,1458.9105271379162,858.6377863041265,37.27909600127111,58.37773827333264,37.291932348438834,19258.624422006476,1828.280260233422,0.2055418267503148,1.9282774277535222,2255743.600971862,633.1786670497614
31300.0,4522521.161055372,22065.38986397132,4522500.069578305,862.0603889492959,1464.7702275880224,862.3828908061728,37.45176461696174,58.6239886394449,37.46465502199901,19195.3065553015,1764.9623935284458,0.2055418267503148,1.9282774277535222,2255743.600971862,633.1786670497614
31400.0,4522607.555132681,22212.161068131136,4522586.495970484,865.8216213830461,1470.6547735591907,866.1454171392184,37.62637073907167,58.873194963767006,37.63931585166023,19131.988688596524,1701.6445268234695,0.2055418267503148,1.9282774277535222,2255743.600971862,633.1786670497614
31500.0,4522694.326213069,22359.521982786948,4522673.299495408,869.6004652908085,1476.5644625292907,869.925560465875,37.80292787124375,59.12537540574149,37.81592834504733,19068.67082189155,1638.3266601184932,0.2055418267503148,1.9282774277535222,2255743.600971862,633.1786670497614
31600.0,4522781.476067509,22507.475137205627,4522760.481924605,873.3971171367194,1482.4995938151903,873.7235173160637,37.981449668877175,59.38054833087888,37.99450616158669,19005.352955186572,1575.0087934135172,0.2055418267503148,1.9282774277535222,2255743.600971862,633.1786670497614
31700.0,4522869.006486684,22656.02309067877,4522848.04504932,877.2117747673086,1488.460468593815,877.5394856025066,38.161949942467686,59.63873231569596,38.17506311584754,18942.035088481596,1511.690926708541,0.2055418267503148,1.9282774277535222,2255743.600971862,633.1786670497614
31800.0,4522956.919281136,22805.16843270979,4522935.990680664,881.044637427325,1494.4473899237046,881.3736646365572,38.344442660956986,59.89994615265212,38.35761318089244,18878.71722177662,1448.373060003565,0.2055418267503148,1.9282774277535222,2255743.600971862,633.1786670497614
31900.0,4523045.216281402,22954.913783203177,4523024.320649747,884.8959057759021,1500.4606627670714,885.2262551443716,38.5289419551253,60.164208855140835,38.54217049167088,18815.399355071644,1385.0551932985886,0.2055418267503148,1.9282774277535222,2255743.600971862,633.1786670497614
32000.0,4523133.899338154,23105.26179265599,4523113.036807825,888.7657819030668,1506.5005940123624,889.0974592834216,38.715462121001835,60.43153966249348,38.72874934843095,18752.081488366668,1321.7373265936124,0.2055418267503148,1.9282774277535222,2255743.600971862,633.1786670497614
32100.0,4523222.970322347,23256.21514235164,4523202.141026441,892.6544693465945,1512.5674924973275,892.9874806593543,38.90401762329102,60.70195804499146,38.91736422014661,18688.763621661692,1258.4194598886363,0.2055418267503148,1.9282774277535222,2255743.600971862,633.1786670497614
32200.0,4523312.214330836,23407.469866725944,4523291.418335732,892.229510123944,1512.5332552071077,892.5625162280362,-4.13570045771948,-0.15521272478791914,-4.135711358441803,18654.76142989307,1224.4172681200166,0.2055418267503148,1.9282774277535222,2255743.600971862,633.1786670497614
32300.0,4523401.4169935305,23558.723032614424,4523380.654299118,891.8274786690616,1512.5362018695448,892.160487745356,-3.908655521394394,0.2130171793477551,-3.9085854075325805,18634.79246039629,1204.4482986232358,0.2055418267503148,1.9282774277535222,2255743.600971862,633.1786670497614
32400.0,4523490.580582211,23709.97832445053,4523469.85118919,891.447957115213,1512.5756565753636,891.7809771958786,-3.685727692331538,0.5745871695670957,-3.6855780290774867,18614.823490899507,1184.479329126455,0.2055418267503148,1.9282774277535222,2255743.600971862,633.1786670497614
32500.0,4523579.707327463,23861.239360031363,4523559.01123733,891.0905393740759,1512.650962388123,891.4235783467545,-3.466801378068249,0.9296834434000942,-3.466573589652894,18594.85452140273,1164.5103596296742,0.2055418267503148,1.9282774277535222,2255743.600971862,633.1786670497614
32600.0,4523668.799419836,24012.509692380787,4523648.136634869,890.7548307148386,1512.7614806661177,891.0878963266692,-3.2517651005485533,1.2784855697843795,-3.251460571700072,18574.885551905947,1144.5413901328934,0.2055418267503148,1.9282774277535222,2255743.600971862,633.1786670497614
32700.0,4523757.859010956,24163.792811546224,4523737.2295342,890.4404473615074,1512.9065904136105,890.7735472230083,-3.040511318802425,1.6211667746601996,-3.040131396141625,18554.91658240917,1124.5724206361126,0.2055418267503148,1.9282774277535222,2255743.600971862,633.1786670497614
32800.0,4523846.888214605,24315.092146331976,4523826.29204986,890.1470161075035,1513.0856876599082,890.4801576963176,-2.832936260586189,1.9578942121340752,-2.8324822539622243,18534.947612912387,1104.6034511393318,0.2055418267503148,1.9282774277535222,2255743.600971862,633.1786670497614
32900.0,4523935.889107754,24466.411065971777,4523915.326259562,889.8741739466783,1513.2981848648828,890.2073646111875,-2.628939762441272,2.2888292220872053,-2.6284129462107018,18514.978643415605,1084.634481642551,0.2055418267503148,1.9282774277535222,2255743.600971862,633.1786670497614
33000.0,4524024.863731574,24617.752881743192,4524004.334205204,889.621567719929,1513.5435103496204,889.9548146827435,-2.4284251176913703,2.614127575001305,-2.4278267319433624,18495.009673918823,1064.6655121457702,0.2055418267503148,1.9282774277535222,2255743.600971862,633.1786670497614
33100.0,4524113.814092393,24769.120848526243,4524093.317893831,889.3888537766428,1513.8211077509518,889.7221641379704,-2.2312989319579106,2.9339397046755593,-2.230630183688236,18475.040704422045,1044.6965426489894,0.2055418267503148,1.9282774277535222,2255743.600971862,633.1786670497614
33200.0,4524202.742162639,24920.518166308677,4524182.279298575,889.1756976502402,1514.1304354986937,889.5090783911402,-2.037470985722404,3.2484109295978314,-2.036733049958741,18455.071734925263,1024.7275731522086,0.2055418267503148,1.9282774277535222,2255743.600971862,633.1786670497614
33300.0,4524291.649881739,25071.947981640013,4524271.2203595545,888.9817737471304,1514.4709663144936,889.3152317326583,-1.8468541035756587,3.557681663546852,-1.8460481244565745,18435.102765428484,1004.7586036554278,0.2055418267503148,1.9282774277535222,2255743.600971862,633.1786670497614
33400.0,4524380.539156991,25223.41338903653,4524360.14298475,888.8067650484307,1514.8421867312318,889.1403070306757,-1.6593640297789705,3.8618876160291933,-1.6584911215887885,18415.133795931702,984.789634158647,0.2055418267503148,1.9282774277535222,2255743.600971862,633.1786670497614
33500.0,4524469.411864409,25374.91743233918,4524449.049050843,888.6503628238343,1515.2435966319938,888.9839954448566,-1.4749193097648803,4.161159983152874,-1.473980557926593,18395.16482643492,964.8206646618662,0.2055418267503148,1.9282774277535222,2255743.600971862,633.1786670497614
33600.0,4524558.269849537,25526.46310602633,4524537.940404039,888.5122663570497,1515.6747088076802,888.8459961517204,-1.2934411772795773,4.455625629414911,-1.292437639307737,18375.19585693814,944.8516951650854,0.2055418267503148,1.9282774277535222,2255743.600971862,633.1786670497614
33700.0,4524647.114928235,25678.05335648316,4524626.818860845,888.3921826822632,1516.1350485323721,888.7260160810097,-1.1148534468464923,4.745407260919848,-1.1137861532620068,18355.22688744136,924.8827256683046,0.2055418267503148,1.9282774277535222,2255743.600971862,633.1786670497614
33800.0,4524735.948887447,25829.69108322946,4524715.686208841,888.2898263311041,1516.624153155616,888.6237696625667,-0.939082411267087,5.030623590486446,-0.9379523664756757,18335.25791794458,904.9137561715238,0.2055418267503148,1.9282774277535222,2255743.600971862,633.1786670497614
33900.0,4524824.7734859325,25981.37914010746,4524804.544207417,888.2049190896264,1517.1415717108418,888.538978583229,-0.7660567438782593,5.311389495095142,-0.76486492701431,18315.288948447796,884.944786674743,0.2055418267503148,1.9282774277535222,2255743.600971862,633.1786670497614
34000.0,4524913.590454983,26133.120336431282,4524893.394588483,888.1371897648398,1517.6868645391642,888.4713715532771,-0.5957074053446476,5.587816166030407,-0.594454771082038,18295.319978951018,864.9758171779622,0.2055418267503148,1.9282774277535222,2255743.600971862,633.1786670497614
34100.0,4525002.401499112,26284.917438099514,4524982.239057159,888.0863739603517,1518.2596029278595,888.4206840819973,-0.42796755469621317,5.860011252189139,-0.42665503402755967,18275.351009454236,845.0068476811814,0.2055418267503148,1.9282774277535222,2255743.600971862,633.1786670497614
34200.0,4525091.2082967255,26436.773168672324,4525071.079292451,888.0522138607041,1518.8593687628509,888.3866582619419,-0.2627724644396796,6.1280789968260265,-0.26140096542556357,18255.382039957454,825.0378781844006,0.2055418267503148,1.9282774277535222,2255743.600971862,633.1786670497614
34300.0,4525180.012500768,26588.69021041451,4525159.916947893,888.0344580240106,1519.4857541945617,888.3690425614931,-0.1000594394922576,6.39212036814493,-0.09862984798168029,18235.413070460672,805.0689086876198,0.2055418267503148,1.9282774277535222,2255743.600971862,633.1786670497614
34400.0,4525268.8157393485,26740.671205305778,4525248.753652177,888.0328611825198,1520.13836131654,888.3675916253552,0.06023226023875061,6.652233184018126,0.061719079915329544,18215.444100963894,785.099939190839,0.2055418267503148,1.9282774277535222,2255743.600971862,633.1786670497614
34500.0,4525357.619616353,26892.71875601949,4525337.591009759,888.0471840507503,1520.8168018562797,888.382066082622,0.21816149382245165,6.908512231143046,0.21970469818627691,18195.475131467112,765.1309696940582,0.2055418267503148,1.9282774277535222,2255743.600971862,633.1786670497614
34600.0,4525446.425712028,27044.83542687109,4525426.430601452,888.0771931408605,1521.5206968776954,888.412232362081,0.37378530999322024,7.1610493789203495,0.37538407577549293,18175.506161970334,745.1620001972774,0.2055418267503148,1.9282774277535222,2255743.600971862,633.1786670497614
34700.0,4525535.235583554,27197.023744737326,4525515.273984991,888.1226605849346,1522.2496764947416,888.4578625144363,0.527159014742903,7.409933688346065,0.5288125382669495,18155.537192473552,725.1930307004966,0.2055418267503148,1.9282774277535222,2255743.600971862,633.1786670497614
34800.0,4525624.050765599,27349.286199947383,4525604.122695593,888.1833639638809,1523.0033795956822,888.5187340411462,0.6783362359385645,7.655251516111473,0.6800437325249273,18135.56822297677,705.2240612037158,0.2055418267503148,1.9282774277535222,2255743.600971862,633.1786670497614
34900.0,4525712.872770856,27501.625247146952,4525692.9782464905,888.2590861426539,1523.7814535775494,888.5946297295873,0.8273689851571504,7.897086614222832,0.8291296885505801,18115.599253479988,685.255091706935,0.2055418267503148,1.9282774277535222,2255743.600971862,633.1786670497614
35000.0,4525801.70309056,27654.04330613624,4525781.84212945,888.3496151115288,1524.583554090353,888.6853374942722,0.9743077168345753,8.135520225294098,0.9761208786520186,18095.63028398321,665.2861222101542,0.2055418267503148,1.9282774277535222,2255743.600971862,633.1786670497614
35100.0,4525890.543194994,27806.542762682853,4525870.715815282,888.4547438331653,1525.4093447906155,888.7906502238593,1.1192013848960425,8.37063117378456,1.1210662740946464,18075.661314486428,645.3171527133734,0.2055418267503148,1.9282774277535222,2255743.600971862,633.1786670497614
35200.0,4525979.394533984,27959.12596931051,4525959.600754328,888.5742700952156,1526.2584971038425,888.9103656337088,1.262097496968412,8.602495953341457,1.2640133993327876,18055.69234498965,625.3481832165926,0.2055418267503148,1.9282774277535222,2255743.600971862,633.1786670497614
35300.0,4526068.258537367,28111.795246064416,4526048.498376936,888.7079963682417,1527.1306899955432,889.0442861237491,1.4030421662994996,8.831188810449458,1.4050083839473615,18035.723375492867,605.3792137198118,0.2055418267503148,1.9282774277535222,2255743.600971862,633.1786670497614
35400.0,4526157.136615456,28264.55288125415,4526137.410093921,888.8557296687152,1528.0256097504432,889.1922186414284,1.542080161502648,9.056781824578158,1.5440960124081222,18015.754405996086,585.410244223031,0.2055418267503148,1.9282774277535222,2255743.600971862,633.1786670497614
35500.0,4526246.030159487,28417.40113217488,4526226.337297018,889.0172814268913,1528.942949759548,889.353974549542,1.6792549542182194,9.279344984973996,1.681319771751987,17995.785436499304,565.4412747262502,0.2055418267503148,1.9282774277535222,2255743.600971862,633.1786670497614
35600.0,4526334.940542056,28570.342225807657,4526315.281359311,889.19246735935,1529.8824103147278,889.5293694987279,1.8146087648070388,9.4989462642833,1.8167218972927301,17975.81646700252,545.4723052294694,0.2055418267503148,1.9282774277535222,2255743.600971862,633.1786670497614
35700.0,4526423.869117538,28723.378359499526,4526404.24363566,889.3811073460146,1530.8436984105163,889.7182233044417,1.9481826061458225,9.715651689116875,1.9503434164319042,17955.847497505743,525.5033357326886,0.2055418267503148,1.9282774277535222,2255743.600971862,633.1786670497614
35800.0,4526512.8172225,28876.511701624175,4526493.225463109,889.5830253114615,1531.8265275528222,889.9203598282248,2.0800163256460866,9.929525407755053,2.0822241906926386,17935.87852800896,505.53436623590784,0.2055418267503148,1.9282774277535222,2255743.600971862,633.1786670497614
35900.0,4526601.786176099,29029.744392223784,4526582.228161286,889.798049110347,1532.830617574277,890.1356068630903,2.2101486455528363,10.1406297550811,2.212402956032646,17915.909558512183,485.5653967391271,0.2055418267503148,1.9282774277535222,2255743.600971862,633.1786670497614
36000.0,4526690.77728047,29183.07854363272,4526671.253032789,890.0260104167849,1533.8556944559466,890.3637960228607,2.3386172016134665,10.349025314889538,2.3409173615268024,17895.9405890154,465.59642724234635,0.2055418267503148,1.9282774277535222,2255743.600971862,633.1786670497614
36100.0,4526779.791821102,29336.51624108374,4526760.301363566,890.2667446175126,1534.901490155149,890.6047626352979,2.4654585801956443,10.554770979696766,2.4678040064981808,17875.97161951862,445.6274577455656,0.2055418267503148,1.9282774277535222,2255743.600971862,633.1786670497614
36200.0,4526868.831067202,29490.059543297233,4526849.3744232785,890.5200907086986,1535.967742439139,890.8583456388723,2.590708353924988,10.757924008167766,2.593098476168393,17856.002650021837,425.65848824878486,0.2055418267503148,1.9282774277535222,2255743.600971862,633.1786670497614
36300.0,4526957.896272054,29643.710483054136,4526938.473465658,890.7858911962418,1537.054194724419,891.1243874830272,2.714401115895077,10.958540080242003,2.7168353758797092,17836.03368052506,405.6895187520041,0.2055418267503148,1.9282774277535222,2255743.600971862,633.1786670497614
36400.0,4527046.988673366,29797.471067753053,4527027.599728852,891.0639919994263,1538.1605959214585,891.4027340318005,2.836570512544638,11.156673350114346,2.8390483639838884,17816.064711028277,385.7205492552234,0.2055418267503148,1.9282774277535222,2255743.600971862,633.1786670497614
36500.0,4527136.109493602,29951.343279952103,4527116.754435762,891.3542423578012,1539.286700284609,891.69323447067,2.9572492752307156,11.35237649711414,2.9597701834265706,17796.0957415315,365.75157975844263,0.2055418267503148,1.9282774277535222,2255743.600971862,633.1786670497614
36600.0,4527225.259940314,30105.32907789601,4527205.93879437,891.6564947411558,1540.4322672670085,891.9957412164973,3.0764692505796205,11.54570077461645,3.0790326921089513,17776.126772034717,345.7826102616619,0.2055418267503148,1.9282774277535222,2255743.600971862,633.1786670497614
36700.0,4527314.441206458,30259.43039602893,4527295.153998058,891.970604762473,1541.5970613802845,892.3101098304509,3.1942614296553966,11.736696057048135,3.1968668920666197,17756.157802537935,325.81364076488114,0.2055418267503148,1.9282774277535222,2255743.600971862,633.1786670497614
36800.0,4527403.6544707045,30413.64914549347,4527384.401225918,892.2964310937439,1542.7808520588685,892.6361989337901,3.3106559760062675,11.925410885086716,3.3133029575259227,17736.188833041153,305.8446712681004,0.2055418267503148,1.9282774277535222,2255743.600971862,633.1786670497614
36900.0,4527492.900897742,30567.987214616376,4527473.681643053,892.6338353845346,1543.9834135287458,892.9738701264033,3.425682252641294,12.111892509136647,3.4283702618902074,17716.219863544375,285.87570177131965,0.2055418267503148,1.9282774277535222,2255743.600971862,633.1786670497614
37000.0,4527582.18163857,30722.4464693813,4527562.996400872,892.9826821831999,1545.2045246804703,893.3229879079938,3.5393688479729732,12.296186931139122,3.542097403691609,17696.250894047593,265.9067322745389,0.2055418267503148,1.9282774277535222,2255743.600971862,633.1786670497614
37100.0,4527671.497830782,30877.028753889073,4527652.346637377,893.342838860643,1546.4439689462845,893.6834196018124,3.6517436007775315,12.478338944799576,3.6545122315601937,17676.281924550814,245.93776277775817,0.2055418267503148,1.9282774277535222,2255743.600971862,633.1786670497614
37200.0,4527760.850598849,31031.735890805907,4527741.733477438,893.7141755365255,1547.7015341811862,894.055035280841,3.762833624225669,12.658392174319076,3.7656418682632244,17656.312955054032,225.96879328097742,0.2055418267503148,1.9282774277535222,2255743.600971862,633.1786670497614
37300.0,4527850.241054389,31186.56968179987,4527831.158033068,894.0965650078354,1548.9770125477978,894.4377076963357,3.8726653289968107,12.836389111647316,3.8755127338275983,17636.34398555725,205.99982378419668,0.2055418267503148,1.9282774277535222,2255743.600971862,633.1786670497614
37400.0,4527939.670296427,31341.531907966048,4527920.621403688,894.489882679725,1550.2702004048936,894.8313122086402,3.981264445550713,13.012371152380314,3.984150567819367,17616.37501606047,186.03085428741593,0.2055418267503148,1.9282774277535222,2255743.600971862,633.1786670497614
37500.0,4528029.13941166,31496.624330240735,4528010.124676378,894.8940064985361,1551.5808981994505,895.2357267201863,4.088656045563101,13.186378630310118,4.091580450786965,17596.40604656369,166.0618847906352,0.2055418267503148,1.9282774277535222,2255743.600971862,633.1786670497614
37600.0,4528118.649474702,31651.848689804996,4528099.668926139,895.3088168869285,1552.908910362092,895.6508316106011,4.194864562577404,13.35845085071223,4.197826824920263,17576.43707706691,146.09291529385445,0.2055418267503148,1.9282774277535222,2255743.600971862,633.1786670497614
37700.0,4528208.201548331,31807.206708477934,4528189.255216126,895.734196681038,1554.2540452058015,896.076509673841,4.29991381190139,13.528626122416716,4.3029135139542705,17556.46810757013,126.12394579707369,0.2055418267503148,1.9282774277535222,2255743.600971862,633.1786670497614
37800.0,4528297.796683729,31962.700089100006,4528278.884597894,896.1700310695876,1555.6161148277843,896.5126460572823,4.4038270097763,13.69694178870695,4.406863742345062,17536.499138073348,106.15497630029293,0.2055418267503148,1.9282774277535222,2255743.600971862,633.1786670497614
37900.0,4528387.435920707,32118.330515906648,4528368.558111627,896.6162075348822,1556.9949350143663,896.9591282026947,4.506626791855541,13.863434257106443,4.5097001537550145,17516.530168576566,86.18600680351217,0.2055418267503148,1.9282774277535222,2255743.600971862,633.1786670497614
38000.0,4528477.120287941,32274.099654892565,4528458.276786366,897.0726157956182,1558.3903251488175,897.415845789031,4.6083352310168415,14.028139028091706,4.611444828871285,17496.561199079784,66.21703730673141,0.2055418267503148,1.9282774277535222,2255743.600971862,633.1786670497614
38100.0,4528566.850803185,32430.00915416693,4528548.0416402295,897.5391477514436,1559.8021081219972,897.8826906769667,4.708973854539555,14.19109072278271,4.712119302589218,17476.592229583006,46.248067809950655,0.2055418267503148,1.9282774277535222,2255743.600971862,633.1786670497614
38200.0,4528656.628473494,32586.060644299792,4528637.853680629,898.0156974292051,1561.23011024572,898.359556855129,4.808563660665033,14.352323109638743,4.8117445805785755,17456.623260086224,26.279098313169897,0.2055418267503148,1.9282774277535222,2255743.600971862,633.1786670497614
38300.0,4528746.454295426,32742.25573865994,4528727.7139044795,898.5021609308233,1562.6741611687444,898.8463403879524,4.907125134578782,14.51186913022371,4.910341155271358,17436.654290589446,6.310128816389138,0.2055418267503148,1.9282774277535222,2255743.600971862,633.1786670497614
38400.0,4528836.237834524,32898.46669250201,4528817.531849285,897.1706161319781,1561.5482325668183,897.5145515399298,-13.255810092391794,-11.160128340649193,-13.258228759760428,17430.344161773057,0.0,0.2055418267503148,1.9282774277535222,2255743.600971862,633.1786670497614
38500.0,4528925.8888134,33054.56604161368,4528907.217209679,895.8509140216775,1560.441997617721,896.1946097149964,-13.138651087882995,-10.965251271321,-13.141026862917991,17430.344161773057,0.0,0.2055418267503148,1.9282774277535222,2255743.600971862,633.1786670497614
38600.0,4529015.4084036965,33210.55573485265,4528996.771157736,894.5428031940139,1559.3550479093506,894.8862634173876,-13.023973759002605,-10.774406400306708,-13.026307528857437,17430.344161773057,0.0,0.2055418267503148,1.9282774277535222,2255743.600971862,633.1786670497614
38700.0,4529104.79775224,33366.437680751915,4529086.194840701,893.246038652269,1558.2869853063655,893.5892675627878,-12.91171501995768,-10.587492566487946,-12.914007649533374,17430.344161773057,0.0,0.2055418267503148,1.9282774277535222,2255743.600971862,633.1786670497614
38800.0,4529194.057981668,33522.21374853152,4529175.489381625,891.9603816102203,1557.23742163292,892.3033832795685,-12.801813734274207,-10.404411721369804,-12.804066066903971,17430.344161773057,0.0,0.2055418267503148,1.9282774277535222,2255743.600971862,633.1786670497614
38900.0,4529283.1901910445,33677.88576907911,4529264.655879973,890.6855993008598,1556.2059783672262,891.0283777174392,-12.69421064232716,-10.22506881342098,-12.696423500435584,17430.344161773057,0.0,0.2055418267503148,1.9282774277535222,2255743.600971862,633.1786670497614
39000.0,4529372.195456447,33833.455535900575,4529353.695412219,889.4214647921996,1555.1922863474304,889.7640238631883,-12.588848292046855,-10.049371677485865,-12.591022477784787,17430.344161773057,0.0,0.2055418267503148,1.9282774277535222,2255743.600971862,633.1786670497614
39100.0,4529461.074831546,33988.924806041745,4529442.609032418,888.1677568098555,1554.1959854883034,888.510100363205,-12.485670972614516,-9.877230928965746,-12.487807268470654,17430.344161773057,0.0,0.2055418267503148,1.9282774277535222,2255743.600971862,633.1786670497614
39200.0,4529549.82934816,34144.29530098236,4529531.397772768,886.9242595661177,1553.2167245082853,887.2663913524887,-12.384624651026968,-9.708559862581678,-12.386723820417204,17430.344161773057,0.0,0.2055418267503148,1.9282774277535222,2255743.600971862,633.1786670497614
39300.0,4529638.4600167945,34299.56870750318,4529620.062644146,885.690762595227,1552.2541606664333,886.0326862898687,-12.285656911367486,-9.54327435545569,-12.287719699202906,17430.344161773057,0.0,0.2055418267503148,1.9282774277535222,2255743.600971862,633.1786670497614
39400.0,4529726.967827171,34454.746678527306,4529708.6046366375,884.4670605945948,1551.3079595088554,884.8087797991675,-12.188716896663447,-9.38129277432186,-12.190744029897946,17430.344161773057,0.0,0.2055418267503148,1.9282774277535222,2255743.600971862,633.1786670497614
39500.0,4529815.353748729,34609.83083393656,4529797.024720039,883.2529532717127,1550.3777946242246,883.5944715160571,-12.0937552531968,-9.222535886652159,-12.09574744135513,17430.344161773057,0.0,0.2055418267503148,1.9282774277535222,2255743.600971862,633.1786670497614
39600.0,4529903.618731127,34764.822761363925,4529885.323844357,882.0482451965137,1549.4633474079924,882.3895659403682,-12.00072407715258,-9.06692677551445,-12.002682012839683,17430.344161773057,0.0,0.2055418267503148,1.9282774277535222,2255743.600971862,633.1786670497614
39700.0,4529991.763704713,34919.72401696273,4529973.502940285,880.8527456589567,1548.5643068349375,881.1938722936248,-11.909576863491125,-8.914390757979882,-11.911501222883512,17430.344161773057,0.0,0.2055418267503148,1.9282774277535222,2255743.600971862,633.1786670497614
39800.0,4530079.789580999,35074.5361261536,4530061.562919668,879.6662685316162,1547.6803692397043,880.0072043815853,-11.820268456938049,-8.764855306910603,-11.822159900257983,17430.344161773057,0.0,0.2055418267503148,1.9282774277535222,2255743.600971862,633.1786670497614
39900.0,4530167.697253104,35229.26058434974,4530149.5046759555,878.4886321370722,1546.8112381049987,878.829380461586,-11.732755004992867,-8.618249975969794,-11.73461417696605,17430.344161773057,0.0,0.2055418267503148,1.9282774277535222,2255743.600971862,633.1786670497614
40000.0,4530255.4875962,35383.89885766148,4530237.32908464,877.3196591199018,1545.9566238571294,877.6602231144876,-11.646993912857056,-8.474506327695064,-11.64882144315448,17430.344161773057,0.0,0.2055418267503148,1.9282774277535222,2255743.600971862,633.1786670497614
40100.0,4530343.16146793,35538.45238358072,4530325.037003685,876.1591763230856,1545.116243668595,876.4995591210388,-11.562943800197539,-8.333557864502085,-11.564740303862198,17430.344161773057,0.0,0.2055418267503148,1.9282774277535222,2255743.600971862,633.1786670497614
40200.0,4530430.71970883,35692.92257164595,4530412.629273933,875.0070146686505,1544.2898212674281,875.3472193424763,-11.480564459651127,-8.19533996246617,-11.48233053751012,17430.344161773057,0.0,0.2055418267503148,1.9282774277535222,2255743.600971862,633.1786670497614
40300.0,4530518.163142726,35847.31080408852,4530500.106719516,873.8630090423771,1543.47708675303,874.203038605192,-11.399816817001753,-8.059789807775076,-11.401553056064436,17430.344161773057,0.0,0.2055418267503148,1.9282774277535222,2255743.600971862,633.1786670497614
40400.0,4530605.492577125,36001.61843646086,4530587.47014824,872.7269981824103,1542.6777764182307,873.0668555893046,-11.320662892939037,-7.926846335704662,-11.322369866781754,17430.344161773057,0.0,0.2055418267503148,1.9282774277535222,2255743.600971862,633.1786670497614
40500.0,4530692.708803599,36155.84679824718,4530674.720351968,871.5988245716164,1541.8916325773287,871.9385127209792,-11.24306576633769,-7.796450172022757,-11.244744035475598,17430.344161773057,0.0,0.2055418267503148,1.9282774277535222,2255743.600971862,633.1786670497614
40600.0,4530779.812598147,36309.99719345722,4530761.858106988,870.4783343335413,1541.1184033998761,870.817856068348,-11.166989538982738,-7.66854357670058,-11.16863965122927,17430.344161773057,0.0,0.2055418267503148,1.9282774277535222,2255743.600971862,633.1786670497614
40700.0,4530866.804721562,36464.070901203726,4530848.884174371,869.3653771318242,1540.3578427499808,869.7047352408894,-11.092399301674586,-7.54307038982624,-11.094021792488999,17430.344161773057,0.0,0.2055418267503148,1.9282774277535222,2255743.600971862,633.1786670497614
40800.0,4530953.685919774,36618.06917626411,4530935.799300327,868.2598060729362,1539.6097100309096,868.5990032921322,-11.019261101656307,-7.41997597962911,-11.020856494479823,17430.344161773057,0.0,0.2055418267503148,1.9282774277535222,2255743.600971862,633.1786670497614
40900.0,4531040.456924192,36771.99324962674,4531022.604216535,867.1614776121119,1538.8737700347897,867.5005166255545,-10.947541911297861,-7.299207192509799,-10.94911071787879,17430.344161773057,0.0,0.2055418267503148,1.9282774277535222,2255743.600971862,633.1786670497614
41000.0,4531127.118452035,36925.84432902261,4531109.2996404795,866.070251462352,1538.149792797209,866.4091349035533,-10.877209597989284,-7.180712305000446,-10.878752318697593,17430.344161773057,0.0,0.2055418267503148,1.9282774277535222,2255743.600971862,633.1786670497614
41100.0,4531213.671206653,37079.62359944254,4531195.886275771,864.9859905063785,1537.4375534565293,865.32472095937,-10.80823289517847,-7.0644409775508175,-10.809750019310192,17430.344161773057,0.0,0.2055418267503148,1.9282774277535222,2255743.600971862,633.1786670497614
41200.0,4531300.115877838,37233.33222364062,4531282.364812457,863.9085607114307,1536.7368321177294,864.2471407118555,-10.740581374518941,-6.950344210087487,-10.742073380590796,17430.344161773057,0.0,0.2055418267503148,1.9282774277535222,2255743.600971862,633.1786670497614
41300.0,4531386.453142129,37386.97134262428,4531368.735927329,862.8378310467937,1536.0474137206113,863.1762630829704,-10.67422541905968,-6.83837429923446,-10.675692775094307,17430.344161773057,0.0,0.2055418267503148,1.9282774277535222,2255743.600971862,633.1786670497614
41400.0,4531472.68366311,37540.54207613134,4531455.000284218,861.7736734039565,1535.3690879122012,862.1119599179146,-10.609136197451775,-6.72848479715827,-10.610579361253887,17430.344161773057,0.0,0.2055418267503148,1.9282774277535222,2255743.600971862,633.1786670497614
41500.0,4531558.808091697,37694.045523094515,4531541.158534281,860.7159625193021,1534.7016489231892,861.0541059077904,-10.545285639108727,-6.620630471933491,-10.546705058532563,17430.344161773057,0.0,0.2055418267503148,1.9282774277535222,2255743.600971862,633.1786670497614
41600.0,4531644.827066419,37847.48276209376,4531627.211316283,859.6645758992337,1534.0448954482574,860.002578514702,-10.482646410298694,-6.514767269397266,-10.48404252350708,17430.344161773057,0.0,0.2055418267503148,1.9282774277535222,2255743.600971862,633.1786670497614
41700.0,4531730.741213689,38000.85485179686,4531713.159256873,858.6193937476482,1533.3986305301537,858.9572578992045,-10.421191891111153,-6.410852276397943,-10.422565126826482,17430.344161773057,0.0,0.2055418267503148,1.9282774277535222,2255743.600971862,633.1786670497614
41800.0,4531816.551148075,38154.16283138858,4531799.002970845,857.5802988956705,1532.7626614473702,857.918026850012,-10.36089615327541,-6.308843685404331,-10.362246931022822,17430.344161773057,0.0,0.2055418267503148,1.9282774277535222,2255743.600971862,633.1786670497614
41900.0,4531902.257472554,38307.407720988784,4531884.743061404,856.5471767335641,1532.136799605298,856.8847707158858,-10.301733938782995,-6.208700760396912,-10.303062669126078,17430.344161773057,0.0,0.2055418267503148,1.9282774277535222,2255743.600971862,633.1786670497614
42000.0,4531987.86077877,38460.59052205979,4531970.380120411,855.5199151447421,1531.5208604307281,855.8573773396208,-10.24368063929152,-6.110383804007181,-10.244987724060762,17430.344161773057,0.0,0.2055418267503148,1.9282774277535222,2255743.600971862,633.1786670497614
42100.0,4532073.361647276,38613.71221780342,4532055.914728636,854.4984044417985,1530.9146632695818,854.8357369940558,-10.186712276265766,-6.01385412583246,-10.187998108780054,17430.344161773057,0.0,0.2055418267503148,1.9282774277535222,2255743.600971862,633.1786670497614
42200.0,4532158.760647775,38766.773773547866,4532141.347455995,853.4825373044911,1530.3180312877485,853.819742320033,-10.130805481836394,-5.919074011896835,-10.132070447117785,17430.344161773057,0.0,0.2055418267503148,1.9282774277535222,2255743.600971862,633.1786670497614
42300.0,4532244.058339353,38919.77613712491,4532226.678861784,852.4722087196034,1529.730791374926,852.8092882662401,-10.075937480339308,-5.826006695197895,-10.077181955321327,17430.344161773057,0.0,0.2055418267503148,1.9282774277535222,2255743.600971862,633.1786670497614
42400.0,4532329.255270708,39072.720239237584,4532311.909494906,851.4673159226194,1529.1527740513513,851.8042720308636,-10.022086070510857,-5.734616327300175,-10.023310424240549,17430.344161773057,0.0,0.2055418267503148,1.9282774277535222,2255743.600971862,633.1786670497614
42500.0,4532414.351980374,39225.60699381871,4532397.039894094,850.4677583411479,1528.5838133773232,850.8045930049938,-9.969229608308986,-5.644867950927059,-9.970434202142927,17430.344161773057,0.0,0.2055418267503148,1.9282774277535222,2255743.600971862,633.1786670497614
42600.0,4532499.348996933,39378.43729838045,4532482.070588129,849.4734375400338,1528.0237468654148,849.8101527177163,-9.917346990342672,-5.55672747352439,-9.918532178137186,17430.344161773057,0.0,0.2055418267503148,1.9282774277535222,2255743.600971862,633.1786670497614
42700.0,4532584.246839227,39531.212034355296,4532567.002096047,848.4842571680974,1527.4724153952864,848.8208547828332,-9.866417637872804,-5.470161641734616,-9.867583766168536,17430.344161773057,0.0,0.2055418267503148,1.9282774277535222,2255743.600971862,633.1786670497614
42800.0,4532669.046016567,39683.93206742859,4532651.834927349,847.5001229064458,1526.9296631310037,847.8366048471557,-9.816421481375235,-5.385138016769318,-9.81756888957635,17430.344161773057,0.0,0.2055418267503148,1.9282774277535222,2255743.600971862,633.1786670497614
42900.0,4532753.747028932,39836.59824786297,4532736.569582202,846.520942418301,1526.395337440778,846.8573105403153,-9.767338945630582,-5.301624950621038,-9.768467966178683,17430.344161773057,0.0,0.2055418267503148,1.9282774277535222,2255743.600971862,633.1786670497614
43000.0,4532838.350367161,39989.21141081481,4532821.206551628,845.5466253002938,1525.8692888190412,845.8828814260395,-9.719150935332072,-5.219591563102946,-9.720261893875106,17430.344161773057,0.0,0.2055418267503148,1.9282774277535222,2255743.600971862,633.1786670497614
43100.0,4532922.856513152,40141.7723766431,4532905.746317706,844.5770830351714,1525.3513708107816,844.9132289548434,-9.671838821178197,-5.1390077196606985,-9.672932036734462,17430.344161773057,0.0,0.2055418267503148,1.9282774277535222,2255743.600971862,633.1786670497614
43200.0,4533007.265940039,40294.28195121079,4532990.189353748,843.6122289458721,1524.8414399380563,843.9482664180883,-9.625384426446306,-5.059844009953392,-9.626460211563753,17430.344161773057,0.0,0.2055418267503148,1.9282774277535222,2255743.600971862,633.1786670497614
43300.0,4533091.579112383,40446.74092617889,4533074.536124488,842.6519781509203,1524.3393556286117,842.9879089033612,-9.579770014010668,-4.9820717271418395,-9.58082867492164,17430.344161773057,0.0,0.2055418267503148,1.9282774277535222,2255743.600971862,633.1786670497614
43400.0,4533175.7964863395,40599.15007929359,4533158.787086256,841.6962475210976,1523.8449801465395,842.0320732511296,-9.534978273805319,-4.905662847888194,-9.536020110576901,17430.344161773057,0.0,0.2055418267503148,1.9282774277535222,2255743.600971862,633.1786670497614
43500.0,4533259.918509843,40751.51017466647,4533242.94268715,840.7449556373457,1523.3581785248987,841.0806780126309,-9.490992310698752,-4.83059001301122,-9.492017617378863,17430.344161773057,0.0,0.2055418267503148,1.9282774277535222,2255743.600971862,633.1786670497614
43600.0,4533343.9456227645,40903.82196304815,4533327.003367211,839.7980227498628,1522.87881850024,840.1336434089532,-9.447795632779016,-4.756826508797715,-9.448804697538385,17430.344161773057,0.0,0.2055418267503148,1.9282774277535222,2255743.600971862,633.1786670497614
43700.0,4533427.878257086,41056.086182095394,4533410.96955858,838.8553707383508,1522.4067704489678,839.1908912912697,-9.405372140020837,-4.6843462489223615,-9.406365245291006,17430.344161773057,0.0,0.2055418267503148,1.9282774277535222,2255743.600971862,633.1786670497614
43800.0,4533511.716837054,41208.30355663205,4533494.841685665,837.9169230733781,1521.9419073254803,838.2523451021871,-9.36370611332795,-4.613123756966568,-9.364683535935436,17430.344161773057,0.0,0.2055418267503148,1.9282774277535222,2255743.600971862,633.1786670497614
43900.0,4533595.461779344,41360.47479890376,4533578.620165296,836.9826047788193,1521.4841046020292,837.3179298381718,-9.322782203936534,-4.543134149513905,-9.323744215233262,17430.344161773057,0.0,0.2055418267503148,1.9282774277535222,2255743.600971862,633.1786670497614
44000.0,4533679.113493205,41512.60060882685,4533662.305406879,836.0523423953375,1521.0332402102415,836.3875720130204,-9.282585423158798,-4.474353119787119,-9.283532289148948,17430.344161773057,0.0,0.2055418267503148,1.9282774277535222,2255743.600971862,633.1786670497614
44100.0,4533762.672380619,41664.68167423141,4533745.897812544,835.1260639448752,1520.5891944842515,835.4611996223372,-9.243101132464663,-4.406756921825672,-9.244033113928031,17430.344161773057,0.0,0.2055418267503148,1.9282774277535222,2255743.600971862,633.1786670497614
44200.0,4533846.138836439,41816.71867109876,4533829.397777297,834.2036988961216,1520.1518501053893,834.5387421089895,-9.204315033878935,-4.34032235516569,-9.205232386490925,17430.344161773057,0.0,0.2055418267503148,1.9282774277535222,2255743.600971862,633.1786670497614
44300.0,4533929.513248539,41968.712263793444,4533912.805689155,833.2851781309241,1519.721092048376,833.6201303295076,-9.166213160688754,-4.275026750015244,-9.167116135137096,17430.344161773057,0.0,0.2055418267503148,1.9282774277535222,2255743.600971862,633.1786670497614
44400.0,4534012.795997948,42120.66310528998,4533996.1219292935,832.3704339116142,1519.2968075289784,832.7052965213989,-9.128781868447929,-4.210847952903393,-9.129670710546268,17430.344161773057,0.0,0.2055418267503148,1.9282774277535222,2255743.600971862,633.1786670497614
44500.0,4534095.987458992,42272.57183739439,4534079.346872177,831.4593998492189,1518.8788859530748,831.794174271348,-9.09200782626662,-4.147764312784153,-9.092882777065027,17430.344161773057,0.0,0.2055418267503148,1.9282774277535222,2255743.600971862,633.1786670497614
44600.0,4534179.087999419,42424.439090960695,4534162.480885695,830.5520108725291,1518.46721886709,830.8866984842743,-9.055878008375618,-4.085754667578456,-9.056739304268149,17430.344161773057,0.0,0.2055418267503148,1.9282774277535222,2255743.600971862,633.1786670497614
44700.0,4534262.097980541,42576.265486102595,4534245.524331293,829.6482031979976,1518.0616999097524,829.9828053532202,-9.020379685956877,-4.024798331140891,-9.021227558786254,17430.344161773057,0.0,0.2055418267503148,1.9282774277535222,2255743.600971862,633.1786670497614
44800.0,4534345.01775735,42728.051632400304,4534328.4775641,828.7479143004429,1517.662224765137,829.0824323300427,-8.985500419228835,-3.964875080632768,-8.986335096388371,17430.344161773057,0.0,0.2055418267503148,1.9282774277535222,2255743.600971862,633.1786670497614
44900.0,4534427.847678648,42879.7981291028,4534411.34093305,827.8510828845297,1517.2686911169474,828.1855180968856,-8.951228049780582,-3.9059651442924697,-8.952049754313403,17430.344161773057,0.0,0.2055418267503148,1.9282774277535222,2255743.600971862,633.1786670497614
45000.0,4534510.588087171,43031.505565325555,4534494.114781006,826.957648857006,1516.8809986040058,827.2920025384063,-8.91755069313976,-3.8480491895778495,-8.918359643835416,17430.344161773057,0.0,0.2055418267503148,1.9282774277535222,2255743.600971862,633.1786670497614
45100.0,4534593.239319701,43183.17452024387,4534576.79944488,826.0675532996713,1516.4990487769076,826.4018267147339,-8.884456731574534,-3.7911083116829682,-8.885253143063087,17430.344161773057,0.0,0.2055418267503148,1.9282774277535222,2255743.600971862,633.1786670497614
45200.0,4534675.801707187,43334.80556328193,4534659.395255746,825.1807384430527,1516.1227450558074,825.5149328351367,-8.851934807110773,-3.7351240223968434,-8.85271888995444,17430.344161773057,0.0,0.2055418267503148,1.9282774277535222,2255743.600971862,633.1786670497614
45300.0,4534758.275574856,43486.39925429771,4534741.902538955,824.2971476407699,1515.7519926893024,824.6312642323778,-8.819973814768197,-3.680078239312624,-8.820745775550614,17430.344161773057,0.0,0.2055418267503148,1.9282774277535222,2255743.600971862,633.1786670497614
45400.0,4534840.6612423295,43637.95614376376,4534824.321614248,823.4167253445648,1515.3866987143774,823.7507653377361,-8.788562895997954,-3.6259532753570864,-8.78932293741114,17430.344161773057,0.0,0.2055418267503148,1.9282774277535222,2255743.600971862,633.1786670497614
45500.0,4534922.959023724,43789.476772944145,4534906.6527958615,822.5394170799789,1515.0267719173828,822.8733816566747,-8.757691432320774,-3.572731828640465,-8.75843975324985,17430.344161773057,0.0,0.2055418267503148,1.9282774277535222,2255743.600971862,633.1786670497614
45600.0,4535005.169227764,43940.96167406744,4534988.896392637,821.6651694226556,1514.6721227960095,821.9990597451358,-8.72734903915654,-3.520396972611515,-8.728085834762311,17430.344161773057,0.0,0.2055418267503148,1.9282774277535222,2255743.600971862,633.1786670497614
45700.0,4535087.292157881,44092.411370496,4535071.052708121,820.7939299752519,1514.3226635222363,821.1277471864429,-8.697525559838672,-3.4689321465072207,-8.698251021638079,17430.344161773057,0.0,0.2055418267503148,1.9282774277535222,2255743.600971862,633.1786670497614
45800.0,4535169.328112318,44243.826376891586,4535153.12204067,819.9256473449384,1513.9783079062158,820.2593925687937,-8.668211059806119,-3.4183211460855447,-8.668925375750664,17430.344161773057,0.0,0.2055418267503148,1.9282774277535222,2255743.600971862,633.1786670497614
45900.0,4535251.277384229,44395.20719937743,4535235.10468355,819.0602711214718,1513.638971361075,819.3939454633252,-8.639395820968584,-3.3685481146345935,-8.640099175520783,17430.344161773057,0.0,0.2055418267503148,1.9282774277535222,2255743.600971862,633.1786670497614
46000.0,4535333.140261773,44546.55433569677,4535317.00092503,818.1977518558231,1513.3045708685993,818.5313564027331,-8.611070336239738,-3.319597534249966,-8.61176291044765,17430.344161773057,0.0,0.2055418267503148,1.9282774277535222,2255743.600971862,633.1786670497614
46100.0,4535414.917028214,44697.86827536806,4535398.81104848,817.3380410393432,1512.975024945779,817.6715768604315,-8.583225304227303,-3.2714542173613124,-8.583907275797191,17430.344161773057,0.0,0.2055418267503148,1.9282774277535222,2255743.600971862,633.1786670497614
46200.0,4535496.607962009,44849.149499836865,4535480.535332465,816.4810910834533,1512.650253612188,816.8145592302349,-8.555851624083612,-3.2241032985159674,-8.556523167450809,17430.344161773057,0.0,0.2055418267503148,1.9282774277535222,2255743.600971862,633.1786670497614
46300.0,4535578.213336902,45000.39848262449,4535562.174050832,815.6268552998407,1512.3301783581726,815.9602568065478,-8.528940390501454,-3.177530226393061,-8.529601676899453,17430.344161773057,0.0,0.2055418267503148,1.9282774277535222,2255743.600971862,633.1786670497614
46400.0,4535659.733422013,45151.61568947354,4535643.7274728045,814.7752878811497,1512.0147221138293,815.1086237650484,-8.502482888859081,-3.131720756056413,-8.503134086386941,17430.344161773057,0.0,0.2055418267503148,1.9282774277535222,2255743.600971862,633.1786670497614
46500.0,4535741.168481925,45302.801578490325,4535725.195863064,813.9263438821492,1511.703809218743,814.2596151438498,-8.476470590502455,-3.086660941425502,-8.477111864190542,17430.344161773057,0.0,0.2055418267503148,1.9282774277535222,2255743.600971862,633.1786670497614
46600.0,4535822.518776766,45453.95660028438,4535806.579481842,813.0799792013671,1511.3973653924695,813.4131868251274,-8.450895148164651,-3.042337127965492,-8.451526660038773,17430.344161773057,0.0,0.2055418267503148,1.9282774277535222,2255743.600971862,633.1786670497614
46700.0,4535903.784562299,45605.08119810497,4535887.878584996,812.236150563174,1511.0953177057377,812.5692955171969,-8.425748391516592,-2.998735945586627,-8.426370300660569,17430.344161773057,0.0,0.2055418267503148,1.9282774277535222,2255743.600971862,633.1786670497614
46800.0,4535984.966089997,45756.17580797484,4535969.093424096,811.3948155003075,1510.797594552351,811.7278987370322,-8.401022322843831,-2.9558443017444738,-8.401634785460544,17430.344161773057,0.0,0.2055418267503148,1.9282774277535222,2255743.600971862,633.1786670497614
46900.0,4536066.063607128,45907.24085882111,4536050.224246504,810.5559323368213,1510.504125621771,810.8889547932083,-8.376709112845079,-2.9136493747339545,-8.37731228231606,17430.344161773057,0.0,0.2055418267503148,1.9282774277535222,2255743.600971862,633.1786670497614
47000.0,4536147.07735683,46058.276772603516,4536131.271295451,809.7194601714493,1510.214841872359,810.0524227692594,-8.352801096552673,-2.872138607178597,-8.353395123496247,17430.344161773057,0.0,0.2055418267503148,1.9282774277535222,2255743.600971862,633.1786670497614
47100.0,4536228.0075781895,46209.28396443998,4536212.234810115,808.8853588613712,1509.929675505263,809.218262507439,-8.32929076936291,-2.831299699693734,-8.329875801690948,17430.344161773057,0.0,0.2055418267503148,1.9282774277535222,2255743.600971862,633.1786670497614
47200.0,4536308.854506317,46360.262842729615,4536293.115025695,808.0535890063696,1509.6485599389266,808.386434592872,-8.30617078318232,-2.791120604735678,-8.30674696615564,17430.344161773057,0.0,0.2055418267503148,1.9282774277535222,2255743.600971862,633.1786670497614
47300.0,4536389.618372416,46511.213809273206,4536373.912173487,807.2241119333681,1509.3714297842057,807.5569003380859,-8.283433942677778,-2.7515895206155374,-8.284001418960232,17430.344161773057,0.0,0.2055418267503148,1.9282774277535222,2255743.600971862,633.1786670497614
47400.0,4536470.299403863,46662.137259391224,4536454.626480952,806.3968896813377,1509.0982208200758,806.7296217679129,-8.261073201632753,-2.7126948856827195,-8.261632111344026,17430.344161773057,0.0,0.2055418267503148,1.9282774277535222,2255743.600971862,633.1786670497614
47500.0,4536550.89782427,46813.03358203946,4536535.2581717875,805.5718849865631,1508.8288699699112,805.904561604751,-8.239081659403537,-2.674425372667615,-8.239632140170714,17430.344161773057,0.0,0.2055418267503148,1.9282774277535222,2255743.600971862,633.1786670497614
47600.0,4536631.413853558,46963.9031599223,4536615.807465999,804.7490612682589,1508.563315278325,805.0816832541745,-8.217452557472477,-2.6367698831787503,-8.217994744480388,17430.344161773057,0.0,0.2055418267503148,1.9282774277535222,2255743.600971862,633.1786670497614
47700.0,4536711.847708024,47114.746369603694,4536696.274579967,803.9283826145252,1508.3014958885485,804.2609507908852,-8.19617927609637,-2.599717542351814,-8.196713302136764,17430.344161773057,0.0,0.2055418267503148,1.9282774277535222,2255743.600971862,633.1786670497614
47800.0,4536792.199600407,47265.563581615934,4536776.659726511,803.1098137686338,1508.0433520203405,803.4423289449933,-8.175255331045967,-2.5632576936437985,-8.175781326565538,17430.344161773057,0.0,0.2055418267503148,1.9282774277535222,2255743.600971862,633.1786670497614
47900.0,4536872.46973995,47416.35516056621,4536856.963114955,802.2933201156364,1507.78882494841,802.625783088621,-8.15467437043446,-2.527379893769056,-8.15519246358177,17430.344161773057,0.0,0.2055418267503148,1.9282774277535222,2255743.600971862,633.1786670497614
48000.0,4536952.658332469,47567.12146524104,4536937.184951195,801.4788676692853,1507.537856981337,801.8112792228188,-8.134430171630719,-2.4920739077701555,-8.134940488302012,17430.344161773057,0.0,0.2055418267503148,1.9282774277535222,2255743.600971862,633.1786670497614
48100.0,4537032.765580411,47717.86284870865,4537017.3254377525,800.6664230592581,1507.290391440982,800.9987839647856,-8.114516638256998,-2.4573297042236812,-8.11501930214099,17430.344161773057,0.0,0.2055418267503148,1.9282774277535222,2255743.600971862,633.1786670497614
48200.0,4537112.791682916,47868.57965841928,4537097.384773848,799.8559535186803,1507.0463726423654,800.1882645353863,-8.09492779726572,-2.4231374505717134,-8.095422929887343,17430.344161773057,0.0,0.2055418267503148,1.9282774277535222,2255743.600971862,633.1786670497614
48300.0,4537192.736835877,48019.272236303485,4537177.363155447,799.0474268719339,1506.8057458740107,799.3796887469571,-8.075657796095957,-2.389487508580633,-8.076145516859103,17430.344161773057,0.0,0.2055418267503148,1.9282774277535222,2255743.600971862,633.1786670497614
48400.0,4537272.601232,48169.94091886856,4537257.2607753305,798.2408115227487,1506.5684573787323,798.5730249913913,-8.056700899904254,-2.3563704299181776,-8.057181326133561,17430.344161773057,0.0,0.2055418267503148,1.9282774277535222,2255743.600971862,633.1786670497614
48500.0,4537352.385060857,48320.58603729301,4537337.077823144,797.4360764425653,1506.3344543348635,797.7682422284997,-8.03805148886905,-2.3237769518477114,-8.038524735850723,17430.344161773057,0.0,0.2055418267503148,1.9282774277535222,2255743.600971862,633.1786670497614
48600.0,4537432.088508948,48471.20791751918,4537416.81448546,796.6331911591652,1506.103684837906,796.9653099746353,-8.019704055567,-2.2916979930373764,-8.02017023658873,17430.344161773057,0.0,0.2055418267503148,1.9282774277535222,2255743.600971862,633.1786670497614
48700.0,4537511.711759751,48621.80688034409,4537496.470945825,795.832125745559,1505.8760978825956,796.1641982915781,-8.00165320241727,-2.2601246494771754,-8.002112428807227,17430.344161773057,0.0,0.2055418267503148,1.9282774277535222,2255743.600971862,633.1786670497614
48800.0,4537591.254993779,48772.38324150844,4537576.047384823,795.0328508091272,1505.6516433453683,795.3648777756724,-7.983893639193354,-2.2290481905039203,-7.9843460203583385,17430.344161773057,0.0,0.2055418267503148,1.9282774277535222,2255743.600971862,633.1786670497614
48900.0,4537670.718388632,48922.93731178396,4537655.543980122,794.2353374810066,1505.4302719672214,794.5673195472086,-7.966420180599191,-2.198460054928407,-7.966865824061909,17430.344161773057,0.0,0.2055418267503148,1.9282774277535222,2255743.600971862,633.1786670497614
49000.0,4537750.102119049,49073.469397058994,4537734.960906529,793.4395574057154,1505.2119353369549,793.7714952400455,-7.949227743908635,-2.168351847263678,-7.949666755344154,17430.344161773057,0.0,0.2055418267503148,1.9282774277535222,2255743.600971862,633.1786670497614
49100.0,4537829.406356959,49223.979798422486,4537814.298336038,792.6454827310123,1504.9965858747858,792.9773769914651,-7.9323113466663795,-2.1387153340512848,-7.9327438299377775,17430.344161773057,0.0,0.2055418267503148,1.9282774277535222,2255743.600971862,633.1786670497614
49200.0,4537908.631271529,49374.4688122463,4537893.5564378835,791.8530860979815,1504.784176816325,792.1849374322545,-7.915666104446796,-2.109542440279477,-7.916092161640016,17430.344161773057,0.0,0.2055418267503148,1.9282774277535222,2255743.600971862,633.1786670497614
49300.0,4537987.777029216,49524.93673026597,4537972.735378585,791.0623406313395,1504.5746621969085,791.3941496770088,-7.899287228671568,-2.0808252458954097,-7.899706960129508,17430.344161773057,0.0,0.2055418267503148,1.9282774277535222,2255743.600971862,633.1786670497614
49400.0,4538066.843793813,49675.38383965991,4538051.835321998,790.2732199299568,1504.3679968362712,790.6049873146504,-7.883170024481826,-2.052555982403851,-7.883583528837683,17430.344161773057,0.0,0.2055418267503148,1.9282774277535222,2255743.600971862,633.1786670497614
49500.0,4538145.831726496,49825.810423127106,4538130.856429362,789.4856980575909,1504.1641363235578,789.8174243991573,-7.8673098886667665,-2.0247270295564515,-7.867717262876651,17430.344161773057,0.0,0.2055418267503148,1.9282774277535222,2255743.600971862,633.1786670497614
49600.0,4538224.740985869,49976.21675896332,4538209.798859342,788.699749533822,1503.9630370026612,789.0314354404967,-7.851702307641227,-1.997330912118115,-7.852103647016067,17430.344161773057,0.0,0.2055418267503148,1.9282774277535222,2255743.600971862,633.1786670497614
49700.0,4538303.5717280125,50126.603121135835,4538288.662768079,787.91534932519,1503.764655957878,788.2469953957583,-7.836342855477914,-1.9703602967213212,-7.836738253714672,17430.344161773057,0.0,0.2055418267503148,1.9282774277535222,2255743.600971862,633.1786670497614
49800.0,4538382.324106524,50276.9697793568,4538367.448309231,787.1324728365249,1503.5689509998765,787.4640796604818,-7.8212271919865834,-1.9438079887945807,-7.821616741198779,17430.344161773057,0.0,0.2055418267503148,1.9282774277535222,2255743.600971862,633.1786670497614
49900.0,4538460.998272564,50427.31699915518,4538446.155634015,786.3510959024668,1503.3758806519677,786.682664060174,-7.806351060842894,-1.9176669295704614,-7.806734851590491,17430.344161773057,0.0,0.2055418267503148,1.9282774277535222,2255743.600971862,633.1786670497614
50000.0,4538539.594374898,50577.645041947326,4538524.784891254,785.5711947791714,1503.1854041366707,785.9027248420109,-7.791710287763322,-1.8919301931667563,-7.792088409081961,17430.344161773057,0.0,0.2055418267503148,1.9282774277535222,2255743.600971862,633.1786670497614
50100.0,4538618.112559936,50727.95416510628,4538603.336227417,784.7927461361948,1502.997481362568,785.1242386667202,-7.777300778725535,-1.8665909837401093,-7.777673318155146,17430.344161773057,0.0,0.2055418267503148,1.9282774277535222,2255743.600971862,633.1786670497614
50200.0,4538696.552971777,50878.24462202969,4538681.809786657,784.0157270485549,1502.8120729114396,784.3471826006395,-7.763118518232872,-1.8416426327098943,-7.763485561845671,17430.344161773057,0.0,0.2055418267503148,1.9282774277535222,2255743.600971862,633.1786670497614
50300.0,4538774.915752246,51028.516662206515,4538760.205710855,783.2401149889639,1502.6291400256741,783.5715341079458,-7.749159567622081,-1.8170785960510822,-7.749521200049968,17430.344161773057,0.0,0.2055418267503148,1.9282774277535222,2255743.600971862,633.1786670497614
50400.0,4538853.201040937,51178.77053128248,4538838.524139659,782.4658878202273,1502.4486445959453,782.7972710430524,-7.735420063411914,-1.7928924516520355,-7.7357763678733065,17430.344161773057,0.0,0.2055418267503148,1.9282774277535222,2255743.600971862,633.1786670497614
50500.0,4538931.408975247,51329.00647112427,4538916.765210519,781.693023787807,1502.2705491491495,782.0243716431689,-7.7218962156930555,-1.7690778967382972,-7.7222472740191375,17430.344161773057,0.0,0.2055418267503148,1.9282774277535222,2255743.600971862,633.1786670497614
50600.0,4539009.539690419,51479.22471988259,4538994.92905873,780.9215015125428,1502.0948168365992,781.2528145210205,-7.70858430655651,-1.7456287453574708,-7.708930199216931,17430.344161773057,0.0,0.2055418267503148,1.9282774277535222,2255743.600971862,633.1786670497614
50700.0,4539087.593319574,51629.42551205403,4539073.015817464,780.1512999835296,1501.9214114224633,780.4825786577218,-7.695480688561439,-1.7225389259272283,-7.695821494689483,17430.344161773057,0.0,0.2055418267503148,1.9282774277535222,2255743.600971862,633.1786670497614
50800.0,4539165.569993752,51779.60907854174,4539151.025617814,779.3823985511452,1501.75029727245,779.7136433958033,-7.682581783238361,-1.6998024788391692,-7.68291758065558,17430.344161773057,0.0,0.2055418267503148,1.9282774277535222,2255743.600971862,633.1786670497614
50900.0,4539243.469841944,51929.77564671506,4539228.95858882,778.614776920227,1501.5814393427283,778.9459884323846,-7.66988407963056,-1.6774135541240864,-7.670214944870896,17430.344161773057,0.0,0.2055418267503148,1.9282774277535222,2255743.600971862,633.1786670497614
51000.0,4539321.292991131,52079.92544046803,4539306.814857512,777.8484151433917,1501.4148031690763,778.1795938124927,-7.657384132868947,-1.6553664091700906,-7.657710141202355,17430.344161773057,0.0,0.2055418267503148,1.9282774277535222,2255743.600971862,633.1786670497614
51100.0,4539399.039566314,52230.058680276794,4539384.59454894,777.0832936144967,1501.250354856259,777.4144399225202,-7.645078562781898,-1.6336554064966236,-7.645399788237471,17430.344161773057,0.0,0.2055418267503148,1.9282774277535222,2255743.600971862,633.1786670497614
51200.0,4539476.709690552,52380.175583255994,4539462.297786211,776.3193930622385,1501.0880610676236,776.6505074838215,-7.632964052538203,-1.6122750115812154,-7.633280567926832,17430.344161773057,0.0,0.2055418267503148,1.9282774277535222,2255743.600971862,633.1786670497614
51300.0,4539554.303484994,52530.27636321411,4539539.924690519,775.5566945438849,1500.92788901491,775.8877775464433,-7.621037347322534,-1.5912197907380596,-7.621349224259086,17430.344161773057,0.0,0.2055418267503148,1.9282774277535222,2255743.600971862,633.1786670497614
51400.0,4539631.821068908,52680.36123070778,4539617.4753811825,774.7951794391382,1500.769806448272,775.1262314829858,-7.609295253041717,-1.5704844090455032,-7.609602561966773,17430.344161773057,0.0,0.2055418267503148,1.9282774277535222,2255743.600971862,633.1786670497614
51500.0,4539709.262559718,52830.4303930952,4539694.949975668,774.0348294441272,1500.613781646501,774.365850982591,-7.5977346350622526,-1.55006362832347,-7.59803744526339,17430.344161773057,0.0,0.2055418267503148,1.9282774277535222,2255743.600971862,633.1786670497614
51600.0,4539786.628073034,52980.484054588465,4539772.348589631,773.2756265655222,1500.4597834074523,773.6066180450575,-7.586352416977414,-1.529952305157956,-7.586650796610056,17430.344161773057,0.0,0.2055418267503148,1.9282774277535222,2255743.600971862,633.1786670497614
51700.0,4539863.917722679,53130.52241630501,4539849.67133694,772.517553114773,1500.3077810386649,772.8485149750754,-7.575145579402976,-1.510145388971033,-7.575439595510819,17430.344161773057,0.0,0.2055418267503148,1.9282774277535222,2255743.600971862,633.1786670497614
51800.0,4539941.131620725,53280.54567631813,4539926.918329708,771.7605917024662,1500.1577443481724,772.0915243765816,-7.564111158801835,-1.4906379201370623,-7.564400877336855,17430.344161773057,0.0,0.2055418267503148,1.9282774277535222,2255743.600971862,633.1786670497614
51900.0,4540018.269877518,53430.55402970657,4540004.089678327,771.0047252327973,1500.0096436355004,771.3356291472302,-7.553246246335386,-1.4714250281413415,-7.553531732177456,17430.344161773057,0.0,0.2055418267503148,1.9282774277535222,2255743.600971862,633.1786670497614
52000.0,4540095.332601709,53580.547668603234,4540081.185491489,770.249936898158,1499.8634496828454,770.5808124729775,-7.54254798674163,-1.4525019297813462,-7.542829303717724,17430.344161773057,0.0,0.2055418267503148,1.9282774277535222,2255743.600971862,633.1786670497614
52100.0,4540172.3199002845,53730.52678224303,4540158.205876222,769.4962101738329,1499.719133746432,769.8270578227774,-7.53201357723996,-1.4338639274106404,-7.532290788142982,17430.344161773057,0.0,0.2055418267503148,1.9282774277535222,2255743.600971862,633.1786670497614
52200.0,4540249.23187859,53880.491557009824,4540235.150937912,768.7435288128052,1499.576667548043,769.0743489433848,-7.521640266460527,-1.4155064072217403,-7.52191343306775,17430.344161773057,0.0,0.2055418267503148,1.9282774277535222,2255743.600971862,633.1786670497614
52300.0,4540326.06864036,54030.44217648259,4540312.020780336,767.9918768406683,1499.4360232667202,768.3226698542654,-7.511425353398742,-1.3974248375691738,-7.511694536489896,17430.344161773057,0.0,0.2055418267503148,1.9282774277535222,2255743.600971862,633.1786670497614
52400.0,4540402.830287746,54180.378821480735,4540388.815505685,767.2412385506406,1499.2971735306307,767.5720048426087,-7.50136618639311,-1.3796147673294912,-7.501631445768098,17430.344161773057,0.0,0.2055418267503148,1.9282774277535222,2255743.600971862,633.1786670497614
52500.0,4540479.516921343,54330.3016701086,4540465.535214592,766.491598498681,1499.1600914090945,766.822338458442,-7.491460162127595,-1.3620718243007057,-7.4917215566238475,17430.344161773057,0.0,0.2055418267503148,1.9282774277535222,2255743.600971862,633.1786670497614
52600.0,4540556.128640214,54480.2108977992,4540542.180006158,765.7429414987037,1499.0247504047709,766.0736555098429,-7.481704724655242,-1.344791713635157,-7.48196231216475,17430.344161773057,0.0,0.2055418267503148,1.9282774277535222,2255743.600971862,633.1786670497614
52700.0,4540632.665541913,54630.10667735716,4540618.749977977,764.9952526178886,1498.8911244460003,765.3259410582489,-7.472097364445437,-1.3277702163104552,-7.472351201931435,17430.344161773057,0.0,0.2055418267503148,1.9282774277535222,2255743.600971862,633.1786670497614
52800.0,4540709.1277225185,54779.9891790009,4540695.2452261625,764.2485171720872,1498.7591878792966,764.5791804138607,-7.462635617451516,-1.3110031876324688,-7.462885760964829,17430.344161773057,0.0,0.2055418267503148,1.9282774277535222,2255743.600971862,633.1786670497614
52900.0,4540785.515276648,54929.8585704041,4540771.665845371,763.5027207213191,1498.6289154619876,763.8333591311382,-7.4533170642006805,-1.294486555774234,-7.453563568895763,17430.344161773057,0.0,0.2055418267503148,1.9282774277535222,2255743.600971862,633.1786670497614
53000.0,4540861.828297489,55079.71501673642,4540848.011928827,762.7578490653599,1498.5002823550005,763.0884630043854,-7.444139328902986,-1.2782163203448411,-7.444382249053647,17430.344161773057,0.0,0.2055418267503148,1.9282774277535222,2255743.600971862,633.1786670497614
53100.0,4540938.066876822,55229.558680703485,4540924.283568344,762.0138882394164,1498.3732641157878,762.3444780634251,-7.435100078581506,-1.2621885509923672,-7.435339467596307,17430.344161773057,0.0,0.2055418267503148,1.9282774277535222,2255743.600971862,633.1786670497614
53200.0,4541014.231105041,55379.38972258621,4541000.480854354,761.2708245098878,1498.2478366913924,761.6013905693584,-7.426197022221529,-1.246399386037052,-7.426432932658906,17430.344161773057,0.0,0.2055418267503148,1.9282774277535222,2255743.600971862,633.1786670497614
53300.0,4541090.321071177,55529.2083002794,4541076.603875922,760.5286443702115,1498.1239764116476,760.8591870104087,-7.417427909938358,-1.230845031133987,-7.417660393521433,17430.344161773057,0.0,0.2055418267503148,1.9282774277535222,2255743.600971862,633.1786670497614
53400.0,4541166.3368629245,55679.014569329716,4541152.652720776,759.7873345367909,1498.0016599825087,760.1178540978483,-7.408790532164455,-1.2155217579668571,-7.409019639795563,17430.344161773057,0.0,0.2055418267503148,1.9282774277535222,2255743.600971862,633.1786670497614
53500.0,4541242.2785666585,55828.80868297294,4541228.627475327,759.0468819450035,1497.880864479515,759.3773787620047,-7.40028271885361,-1.2004259029685544,-7.400508500628555,17430.344161773057,0.0,0.2055418267503148,1.9282774277535222,2255743.600971862,633.1786670497614
53600.0,4541318.14626746,55978.59079217062,4541304.528224686,758.3072737452877,1497.7615673413766,758.6377481483466,-7.391902338703471,-1.1855538660712477,-7.392124843925489,17430.344161773057,0.0,0.2055418267503148,1.9282774277535222,2255743.600971862,633.1786670497614
53700.0,4541393.940049132,56128.361045646074,4541380.355052693,757.5684972993068,1497.6437463636873,757.8989496136462,-7.383647298395067,-1.1709021094835248,-7.383866575588542,17430.344161773057,0.0,0.2055418267503148,1.9282774277535222,2255743.600971862,633.1786670497614
53800.0,4541469.65999423,56278.11958991977,4541456.108041931,756.830540176188,1497.5273796927559,757.1609707222163,-7.37551554184834,-1.1564671564927753,-7.37573163877223,17430.344161773057,0.0,0.2055418267503148,1.9282774277535222,2255743.600971862,633.1786670497614
53900.0,4541545.30618407,56427.86656934408,4541531.787273752,756.0933901488347,1497.412445819557,756.4237992422225,-7.367505049495345,-1.1422455902962345,-7.367718013156378,17430.344161773057,0.0,0.2055418267503148,1.9282774277535222,2255743.600971862,633.1786670497614
54000.0,4541620.878698762,56577.60212613746,4541607.392828292,755.3570351903113,1497.2989235737982,755.6874231420653,-7.3596138375678954,-1.128234052854518,-7.359823714233491,17430.344161773057,0.0,0.2055418267503148,1.9282774277535222,2255743.600971862,633.1786670497614
54100.0,4541696.377617217,56727.32640041805,4541682.924784498,754.6214634702983,1497.1867921180997,754.951830586835,-7.351839957401393,-1.114429243771254,-7.3520467926123505,17430.344161773057,0.0,0.2055418267503148,1.9282774277535222,2255743.600971862,633.1786670497614
54200.0,4541771.803017176,56877.03953023664,4541758.38322014,753.8866633516157,1497.0760309422847,754.2170099348332,-7.34418149475406,-1.1008279191972863,-7.344385333337007,17430.344161773057,0.0,0.2055418267503148,1.9282774277535222,2255743.600971862,633.1786670497614
54300.0,4541847.154975225,57026.74165160912,4541833.768211833,753.1526233868143,1496.966619857779,753.4829497341634,-7.336636569140214,-1.0874268907570614,-7.336837455219806,17430.344161773057,0.0,0.2055418267503148,1.9282774277535222,2255743.600971862,633.1786670497614
54400.0,4541922.433566816,57176.43289854839,4541909.079835059,752.4193323148331,1496.858538992116,752.7496387193868,-7.329203333178428,-1.0742230244989193,-7.3294013101893265,17430.344161773057,0.0,0.2055418267503148,1.9282774277535222,2255743.600971862,633.1786670497614
54500.0,4541997.638866282,57326.11340309568,4541984.31816418,751.6867790577206,1496.7517687835461,752.0170658082423,-7.3218799719535115,-1.061213239867349,-7.322075082652141,17430.344161773057,0.0,0.2055418267503148,1.9282774277535222,2255743.600971862,633.1786670497614
54600.0,4542072.770946858,57475.78329535137,4542059.48327246,750.9549527174195,1496.6462899757473,751.2852200984304,-7.314664702392406,-1.0483945086974658,-7.314856988868475,17430.344161773057,0.0,0.2055418267503148,1.9282774277535222,2255743.600971862,633.1786670497614
54700.0,4542147.829880699,57625.44270350524,4542134.575232082,750.2238425726133,1496.5420836126357,750.5540908644585,-7.3075557726530445,-1.0357638542300691,-7.307745276340862,17430.344161773057,0.0,0.2055418267503148,1.9282774277535222,2255743.600971862,633.1786670497614
54800.0,4542222.815738894,57775.09175386628,4542209.594114164,749.4934380756331,1496.4391310332733,749.8236675545468,-7.300551461526516,-1.0233183501480063,-7.30073822321609,17430.344161773057,0.0,0.2055418267503148,1.9282774277535222,2255743.600971862,633.1786670497614
54900.0,4542297.72859149,57924.73057089193,4542284.539988778,748.7637288494236,1496.337413866871,749.0939397875925,-7.293650077852103,-1.0110551196330655,-7.293834137700036,17430.344161773057,0.0,0.2055418267503148,1.9282774277535222,2255743.600971862,633.1786670497614
55000.0,4542372.5685075,58074.35927721685,4542359.412924966,748.0347046845673,1496.2369140278854,748.3648973501936,-7.286849959944372,-0.9989713344420057,-7.287031357484549,17430.344161773057,0.0,0.2055418267503148,1.9282774277535222,2255743.600971862,633.1786670497614
55100.0,4542447.335554928,58223.977993681205,4542434.212990757,747.3063555363644,1496.1376137112063,747.6365301937279,-7.280149475032729,-0.9870642140025878,-7.280328249186807,17430.344161773057,0.0,0.2055418267503148,1.9282774277535222,2255743.600971862,633.1786670497614
55200.0,4542522.029800778,58373.58683935848,4542508.940253184,746.57867152197,1496.039495387434,746.9088284314882,-7.273547018712433,-0.9753310245277333,-7.273723207800142,17430.344161773057,0.0,0.2055418267503148,1.9282774277535222,2255743.600971862,633.1786670497614
55300.0,4542596.651311078,58523.18593158281,4542583.594778298,745.8516429175833,1495.9425417982445,746.1817823358716,-7.267041014407447,-0.9637690781486732,-7.26721465615669,17430.344161773057,0.0,0.2055418267503148,1.9282774277535222,2255743.600971862,633.1786670497614
55400.0,4542671.200150889,58672.77538597586,4542658.176631187,745.1252601556916,1495.8467359518404,745.455382335622,-7.260629912844698,-0.9523757320663244,-7.2608010444014734,17430.344161773057,0.0,0.2055418267503148,1.9282774277535222,2255743.600971862,633.1786670497614
55500.0,4542745.676384323,58822.35531647326,4542732.685875988,744.3995138223664,1495.7520611184852,744.7296190131244,-7.254312191538715,-0.9411483877190402,-7.254480849476848,17430.344161773057,0.0,0.2055418267503148,1.9282774277535222,2255743.600971862,633.1786670497614
55600.0,4542820.080074559,58971.92583535057,4542807.122575903,743.6743946546089,1495.658500826121,744.0044831017512,-7.2480863542878655,-0.93008448996911,-7.2482525746185695,17430.344161773057,0.0,0.2055418267503148,1.9282774277535222,2255743.600971862,633.1786670497614
55700.0,4542894.411283855,59121.48705324888,4542881.486793217,742.9498935377471,1495.5660388560655,743.279965483257,-7.241950930680644,-0.9191815263051967,-7.242114748861899,17430.344161773057,0.0,0.2055418267503148,1.9282774277535222,2255743.600971862,633.1786670497614
55800.0,4542968.670073569,59271.03907919987,4542955.77858931,742.2260015028808,1495.4746592387887,742.5560571852229,-7.235904475611806,-0.9084370260602886,-7.236065926557565,17430.344161773057,0.0,0.2055418267503148,1.9282774277535222,2255743.600971862,633.1786670497614
55900.0,4543042.856504165,59420.58202065058,4543029.99802467,741.5027097243747,1495.3843462497675,741.8327493785494,-7.229945568809559,-0.8978485596477173,-7.230104686898797,17430.344161773057,0.0,0.2055418267503148,1.9282774277535222,2255743.600971862,633.1786670497614
56000.0,4543116.9706352325,59570.11598348765,4543104.145158912,740.7800095173983,1495.2950844054144,741.1100333749943,-7.224072814371525,-0.887413737810737,-7.224229633457105,17430.344161773057,0.0,0.2055418267503148,1.9282774277535222,2255743.600971862,633.1786670497614
56100.0,4543191.012525502,59719.64107206127,4543178.220050787,740.0578923355122,1495.206858459082,740.3879006247587,-7.218284840310794,-0.8771302108885167,-7.218439393728188,17430.344161773057,0.0,0.2055418267503148,1.9282774277535222,2255743.600971862,633.1786670497614
56200.0,4543264.982232853,59869.15738920863,4543252.222758198,739.3363497682981,1495.1196533971388,739.6663427141164,-7.212580298111247,-0.8669956680968129,-7.2127326186870935,17430.344161773057,0.0,0.2055418267503148,1.9282774277535222,2255743.600971862,633.1786670497614
56300.0,4543338.879814333,60018.66503627705,4543326.153338214,738.6153735390341,1495.0334544351176,738.9453513630879,-7.206957862291897,-0.857007836823,-7.207107982352394,17430.344161773057,0.0,0.2055418267503148,1.9282774277535222,2255743.600971862,633.1786670497614
56400.0,4543412.705326167,60168.16411314671,4543400.011847083,737.8949555024125,1494.9482470139328,738.2249184231575,-7.20141622998021,-0.8471644819355612,-7.201564181359372,17430.344161773057,0.0,0.2055418267503148,1.9282774277535222,2255743.600971862,633.1786670497614
56500.0,4543486.458823772,60317.65471825298,4543473.798340245,737.1750876422998,1494.8640167961662,737.5050358750328,-7.195954120494007,-0.837463405107121,-7.196099934541762,17430.344161773057,0.0,0.2055418267503148,1.9282774277535222,2255743.600971862,633.1786670497614
56600.0,4543560.140361771,60467.136948608444,4543547.512872342,736.4557620695384,1494.7807496624193,736.7856958264449,-7.190570274932253,-0.8279024441518684,-7.190713982522398,17430.344161773057,0.0,0.2055418267503148,1.9282774277535222,2255743.600971862,633.1786670497614
56700.0,4543633.749994003,60616.610899824474,4543621.155497234,735.7369710197885,1494.6984317077329,736.06689050999,-7.1852634557736375,-0.8184794723752392,-7.185405087311645,17430.344161773057,0.0,0.2055418267503148,1.9282774277535222,2255743.600971862,633.1786670497614
56800.0,4543707.287773537,60766.07666613253,4543694.726268013,735.0187068514095,1494.6170492380686,735.3486122810103,-7.180032446483578,-0.8091923979371396,-7.180172031914276,17430.344161773057,0.0,0.2055418267503148,1.9282774277535222,2255743.600971862,633.1786670497614
56900.0,4543780.753752685,60915.53434040508,4543768.225237009,734.3009620433816,1494.536588766856,734.630853615514,-7.174876051129158,-0.800039163227835,-7.175013619944258,17430.344161773057,0.0,0.2055418267503148,1.9282774277535222,2255743.600971862,633.1786670497614
57000.0,4543854.147983011,61064.98401417615,4543841.652455808,733.5837291932635,1494.4570370115994,733.913607108133,-7.169793094001993,-0.7910177442565939,-7.169928675247492,17430.344161773057,0.0,0.2055418267503148,1.9282774277535222,2255743.600971862,633.1786670497614
57100.0,4543927.470515346,61214.4257776616,4543915.00797526,732.8670010151891,1494.3783808905462,733.1968654701187,-7.164782419248051,-0.7821261500511992,-7.164916041531491,17430.344161773057,0.0,0.2055418267503148,1.9282774277535222,2255743.600971862,633.1786670497614
57200.0,4544000.721399797,61363.85971977899,4543988.291845492,732.1507703379001,1494.3006075194148,732.4806215273737,-7.159842890505789,-0.7733624220710767,-7.159974582003412,17430.344161773057,0.0,0.2055418267503148,1.9282774277535222,2255743.600971862,633.1786670497614
57300.0,4544073.900685761,61513.28592816721,4544061.50411592,731.4350301028146,1494.22370420818,731.7648682185196,-7.154973390550786,-0.76472463363053,-7.155103179014527,17430.344161773057,0.0,0.2055418267503148,1.9282774277535222,2255743.600971862,633.1786670497614
57400.0,4544147.008421934,61662.70448920573,4544134.644835258,730.7197733621308,1494.147658457916,731.0495985930004,-7.150172820947843,-0.756210889334055,-7.150300733712227,17430.344161773057,0.0,0.2055418267503148,1.9282774277535222,2255743.600971862,633.1786670497614
57500.0,4544220.044656322,61812.11548803354,4544207.714051533,730.0049932769651,1494.072457957695,730.3348058092197,-7.1454401017100055,-0.7478193245227187,-7.145566165698913,17430.344161773057,0.0,0.2055418267503148,1.9282774277535222,2255743.600971862,633.1786670497614
57600.0,4544293.009436253,61961.51900856782,4544280.71181209,729.2906831155243,1493.9980905815414,729.620483132712,-7.14077417096428,-0.7395481047312046,-7.140898412697592,17430.344161773057,0.0,0.2055418267503148,1.9282774277535222,2255743.600971862,633.1786670497614
57700.0,4544365.902808389,62110.91513352227,4544353.6381636085,728.5768362513103,1493.9245443854384,728.9066239343474,-7.1361739846239045,-0.731395425155302,-7.136296430224024,17430.344161773057,0.0,0.2055418267503148,1.9282774277535222,2255743.600971862,633.1786670497614
57800.0,4544438.72481873,62260.30394442516,4544426.493152109,727.8634461613578,1493.8518076043883,728.1932216885679,-7.13163851606733,-0.7233595101302542,-7.1317591912656075,17430.344161773057,0.0,0.2055418267503148,1.9282774277535222,2255743.600971862,633.1786670497614
57900.0,4544511.475512632,62409.68552163711,4544499.276822964,727.1505064245039,1493.7798686495244,727.4802699716564,-7.127166755823411,-0.7154386126189343,-7.127285685966439,17430.344161773057,0.0,0.2055418267503148,1.9282774277535222,2255743.600971862,633.1786670497614
58000.0,4544584.154934815,62559.05994436852,4544571.98922091,726.4380107196876,1493.7087161052732,726.7677624600367,-7.122757711262602,-0.7076310137095956,-7.122874921318404,17430.344161773057,0.0,0.2055418267503148,1.9282774277535222,2255743.600971862,633.1786670497614
58100.0,4544656.763129369,62708.42729069679,4544644.6303900555,725.7259528242818,1493.6383387265666,726.0556929286033,-7.118410406294662,-0.699935022124207,-7.118525920858784,17430.344161773057,0.0,0.2055418267503148,1.9282774277535222,2255743.600971862,633.1786670497614
58200.0,4544729.300139769,62857.78763758321,4544717.200373891,725.0143266124537,1493.568725436103,725.3440552490824,-7.114123881071994,-0.6923489737356391,-7.114237724373469,17430.344161773057,0.0,0.2055418267503148,1.9282774277535222,2255743.600971862,633.1786670497614
58300.0,4544801.76600888,63007.14106088965,4544789.699215299,724.3031260535554,1493.4998653216553,724.6328433884211,-7.109897191698784,-0.6848712310942086,-7.110009387606011,17430.344161773057,0.0,0.2055418267503148,1.9282774277535222,2255743.600971862,633.1786670497614
58400.0,4544874.16077897,63156.487635394864,4544862.126956564,723.5923452105427,1493.4317476334272,723.9220514072061,-7.105729409945876,-0.677500182963369,-7.105839981972389,17430.344161773057,0.0,0.2055418267503148,1.9282774277535222,2255743.600971862,633.1786670497614
58500.0,4544946.484491718,63305.82743481066,4544934.483639382,722.8819782384227,1493.3643617814546,723.2116734581109,-7.101619622971271,-0.6702342438644724,-7.101728594281415,17430.344161773057,0.0,0.2055418267503148,1.9282774277535222,2255743.600971862,633.1786670497614
58600.0,4545018.737188222,63455.16053179772,4545006.769304865,722.1720193827289,1493.2976973330515,722.5017037843696,-7.097566933046021,-0.6630718536300948,-7.097674326460506,17430.344161773057,0.0,0.2055418267503148,1.9282774277535222,2255743.600971862,633.1786670497614
58700.0,4545090.91890901,63604.48699798124,4545078.983993558,721.4624629780232,1493.2317440103016,721.792136718279,-7.093570457285424,-0.6560114769659281,-7.093676295286821,17430.344161773057,0.0,0.2055418267503148,1.9282774277535222,2255743.600971862,633.1786670497614
58800.0,4545163.029694047,63753.806903966244,4545151.127745443,720.7533034464246,1493.1664916875925,721.0829666797268,-7.089629327385232,-0.649051603020569,-7.089733632123339,17430.344161773057,0.0,0.2055418267503148,1.9282774277535222,2255743.600971862,633.1786670497614
58900.0,4545235.069582745,63903.1203193527,4545223.200599946,720.0445352961648,1493.1019303891924,720.3741881747457,-7.085742689363431,-0.6421907449644465,-7.085845482660571,17430.344161773057,0.0,0.2055418267503148,1.9282774277535222,2255743.600971862,633.1786670497614
59000.0,4545307.038613972,64052.42731275042,4545295.202595949,719.3361531201675,1493.0380502868682,719.6657957940936,-7.081909703306672,-0.6354274395760353,-7.082011006662883,17430.344161773057,0.0,0.2055418267503148,1.9282774277535222,2255743.600971862,633.1786670497614
59100.0,4545378.936826058,64201.72795179365,4545367.133771799,718.6281515946552,1492.9748416975458,718.9577842118588,-7.078129543121395,-0.6287602468355943,-7.078229377719536,17430.344161773057,0.0,0.2055418267503148,1.9282774277535222,2255743.600971862,633.1786670497614
59200.0,4545450.764256804,64351.02230315549,4545438.994165311,717.9205254777786,1492.91229508101,718.2501481840894,-7.074401396290239,-0.6221877495275008,-7.074499783001018,17430.344161773057,0.0,0.2055418267503148,1.9282774277535222,2255743.600971862,633.1786670497614
59300.0,4545522.5209434945,64500.310432562095,4545510.783813782,717.2132696082716,1492.8504010376423,717.5428825474477,-7.070724463632713,-0.6157085528492962,-7.0708214230196145,17430.344161773057,0.0,0.2055418267503148,1.9282774277535222,2255743.600971862,633.1786670497614
59400.0,4545594.206922898,64649.592404806564,4545582.502753997,716.506378904129,1492.7891503062008,716.835982217887,-7.0670979590706136,-0.609321284028409,-7.0671935113947475,17430.344161773057,0.0,0.2055418267503148,1.9282774277535222,2255743.600971862,633.1786670497614
59500.0,4545665.822231281,64798.86828376271,4545654.151022236,715.7998483613077,1492.7285337616343,716.1294421893534,-7.063521109397956,-0.603024591946109,-7.063615274622831,17430.344161773057,0.0,0.2055418267503148,1.9282774277535222,2255743.600971862,633.1786670497614
59600.0,4545737.366904411,64948.13813239857,4545725.728654281,715.0936730524513,1492.6685424129366,715.4232575325087,-7.059993154055064,-0.596817146768088,-7.060085951851265,17430.344161773057,0.0,0.2055418267503148,1.9282774277535222,2255743.600971862,633.1786670497614
59700.0,4545808.840977571,65097.40201278968,4545797.235685427,714.3878481256362,1492.6091674010356,714.7174233934767,-7.056513344907258,-0.5906976395824881,-7.0566047946570585,17430.344161773057,0.0,0.2055418267503148,1.9282774277535222,2255743.600971862,633.1786670497614
59800.0,4545880.244485557,65246.65998613219,4545868.672150484,713.6823688031401,1492.5503999967195,714.0119349926109,-7.053080946027605,-0.5846647820444282,-7.053171066829495,17430.344161773057,0.0,0.2055418267503148,1.9282774277535222,2255743.600971862,633.1786670497614
59900.0,4545951.577462695,65395.91211275572,4545940.038083793,712.9772303802317,1492.4922315985968,713.3067876232845,-7.049695233483741,-0.5787173060270225,-7.049784044156868,17430.344161773057,0.0,0.2055418267503148,1.9282774277535222,2255743.600971862,633.1786670497614
60000.0,4546022.839942842,65545.1584521361,4546011.333519222,712.2724282239824,1492.434653731092,712.6019766507005,-7.046355495128611,-0.5728539632787113,-7.046443014217167,17430.344161773057,0.0,0.2055418267503148,1.9282774277535222,2255743.600971862,633.1786670497614
60100.0,4546094.031959396,65694.39906290775,4546082.558490184,711.5679577720971,1492.3776580424758,711.8974975107232,-7.043061030395704,-0.5670735250879173,-7.043147276173226,17430.344161773057,0.0,0.2055418267503148,1.9282774277535222,2255743.600971862,633.1786670497614
60200.0,4546165.153545303,65843.63400287606,4546153.713029636,710.863814531767,1492.3212363029256,711.1933457087296,-7.039811150097304,-0.561374781952317,-7.039896140570892,17430.344161773057,0.0,0.2055418267503148,1.9282774277535222,2255743.600971862,633.1786670497614
60300.0,4546236.204733063,65992.86332902947,4546224.79717009,710.1599940785414,1492.2653804026234,710.4895168184813,-7.036605176227232,-0.5557565432555613,-7.036688929141718,17430.344161773057,0.0,0.2055418267503148,1.9282774277535222,2255743.600971862,633.1786670497614
60400.0,4546307.1855547335,66142.08709755134,4546295.8109436175,709.4564920552192,1492.2100823498806,709.7860064810159,-7.033442441767104,-0.5502176369495486,-7.03352497460914,17430.344161773057,0.0,0.2055418267503148,1.9282774277535222,2255743.600971862,633.1786670497614
60500.0,4546378.096041945,66291.30536383169,4546366.754381861,708.7533041707595,1492.155334269299,709.0828104035566,-7.030322290495897,-0.5447569092419375,-7.0304036204979665,17430.344161773057,0.0,0.2055418267503148,1.9282774277535222,2255743.600971862,633.1786670497614
60600.0,4546448.936225899,66440.51818247876,4546437.627516032,708.0504261992116,1492.1011283999587,708.3799243584418,-7.027244076803505,-0.5393732242902226,-7.027324220947882,17430.344161773057,0.0,0.2055418267503148,1.9282774277535222,2255743.600971862,633.1786670497614
60700.0,4546519.706137377,66589.7256073303,4546508.430376927,707.3478539786629,1492.04745709364,707.6773441820733,-7.024207165507612,-0.5340654639010419,-7.024286140530238,17430.344161773057,0.0,0.2055418267503148,1.9282774277535222,2255743.600971862,633.1786670497614
60800.0,4546590.405806749,66738.92769146485,4546579.162994928,706.6455834102052,1491.9943128130722,706.9750657738812,-7.021210931673957,-0.5288325272350138,-7.021288754068275,17430.344161773057,0.0,0.2055418267503148,1.9282774277535222,2255743.600971862,633.1786670497614
60900.0,4546661.035263979,66888.12448721268,4546649.825400007,705.9436104569185,1491.9416881302122,706.2730850953081,-7.0182547604398025,-0.5236733305166146,-7.0183314464605004,17430.344161773057,0.0,0.2055418267503148,1.9282774277535222,2255743.600971862,633.1786670497614
61000.0,4546731.594538628,67037.31604616666,4546720.417621738,705.2419311428728,1491.889575724554,705.5713981688107,-7.0153380468410065,-0.5185868067499829,-7.015413612507719,17430.344161773057,0.0,0.2055418267503148,1.9282774277535222,2255743.600971862,633.1786670497614
61100.0,4546802.083659865,67186.50241919287,4546790.939689302,704.5405415521468,1491.8379683814637,704.870001076877,-7.012460195642024,-0.513571905439355,-7.012534656742962,17430.344161773057,0.0,0.2055418267503148,1.9282774277535222,2255743.600971862,633.1786670497614
61200.0,4546872.502656467,67335.68365644121,4546861.391631487,703.8394378278632,1491.7868589905431,704.1688899610623,-7.009620621169195,-0.5086275923148357,-7.00969399326472,17430.344161773057,0.0,0.2055418267503148,1.9282774277535222,2255743.600971862,633.1786670497614
61300.0,4546942.851556832,67484.85980735565,4546931.7734767,703.1386161712409,1491.7362405440213,703.4680610210407,-7.006818747147007,-0.5037528490629358,-7.006891045573142,17430.344161773057,0.0,0.2055418267503148,1.9282774277535222,2255743.600971862,633.1786670497614
61400.0,4547013.130388979,67634.03092068447,4547002.085252972,702.4380728406628,1491.6861061351715,702.7675105136728,-7.00405400653746,-0.4989466730621009,-7.004125246409348,17430.344161773057,0.0,0.2055418267503148,1.9282774277535222,2255743.600971862,633.1786670497614
61500.0,4547083.339180555,67783.19704449024,4547072.326987961,701.7378041507608,1491.6364489567559,702.0672347520897,-7.001325841382387,-0.49420807712303794,-7.0013960375976865,17430.344161773057,0.0,0.2055418267503148,1.9282774277535222,2255743.600971862,633.1786670497614
61600.0,4547153.477958843,67932.35822615973,4547142.49870896,701.0378064715147,1491.5872622994941,701.3672301047923,-6.998633702648565,-0.4895360892334858,-6.99870286989079,17430.344161773057,0.0,0.2055418267503148,1.9282774277535222,2255743.600971862,633.1786670497614
61700.0,4547223.546750764,68081.51451241362,4547212.6004429,700.338076227368,1491.5385395505589,700.6674929947661,-6.995977050075837,-0.484929752307904,-6.9960452028176485,17430.344161773057,0.0,0.2055418267503148,1.9282774277535222,2255743.600971862,633.1786670497614
61800.0,4547293.545582886,68230.66594931606,4547282.6322163595,699.6386098963576,1491.4902741920955,699.9680198986113,-6.993355352027865,-0.48038812394133507,-6.993422504534296,17430.344161773057,0.0,0.2055418267503148,1.9282774277535222,2255743.600971862,633.1786670497614
61900.0,4547363.474481425,68379.81258228411,4547352.594055565,698.939404009259,1491.4424597997656,699.268807345687,-6.9907680853455885,-0.4759102761676716,-6.9908342516772315,17430.344161773057,0.0,0.2055418267503148,1.9282774277535222,2255743.600971862,633.1786670497614
62000.0,4547433.333472256,68528.95445609701,4547422.485986399,698.2404551487457,1491.3950900413156,698.569851917271,-6.988214735203648,-0.47149529522271905,-6.988279929219775,17430.344161773057,0.0,0.2055418267503148,1.9282774277535222,2255743.600971862,633.1786670497614
62100.0,4547503.12258091,68678.09161490532,4547492.308034407,697.541759948563,1491.3481586751677,697.8711502457325,-6.985694794968993,-0.4671422813107355,-6.985759030330635,17430.344161773057,0.0,0.2055418267503148,1.9282774277535222,2255743.600971862,633.1786670497614
62200.0,4547572.841832589,68827.22410223992,4547562.060224797,696.8433150927158,1491.301659549035,697.1726990137199,-6.983207766062371,-0.46285034837565225,-6.983271056235343,17430.344161773057,0.0,0.2055418267503148,1.9282774277535222,2255743.600971862,633.1786670497614
62300.0,4547642.491252164,68976.35196102086,4547631.742582449,696.1451173146697,1491.2555865985587,696.4744949533622,-6.980753157822243,-0.4586186238762202,-6.980815516080118,17430.344161773057,0.0,0.2055418267503148,1.9282774277535222,2255743.600971862,633.1786670497614
62400.0,4547712.070864181,69125.4752335661,4547701.3551319195,695.4471633965663,1491.2099338459673,695.7765348454828,-6.978330487371153,-0.4544462485650985,-6.978391926798192,17430.344161773057,0.0,0.2055418267503148,1.9282774277535222,2255743.600971862,633.1786670497614
62500.0,4547781.580692867,69274.59396160011,4547770.897897445,694.7494501684512,1491.1646953987586,695.0788155188284,-6.975939279484467,-0.4503323762717699,-6.975999812978495,17430.344161773057,0.0,0.2055418267503148,1.9282774277535222,2255743.600971862,633.1786670497614
62600.0,4547851.020762133,69423.7081862623,4547840.370902945,694.051974507515,1491.1198654484024,694.3813338493089,-6.973579066461672,-0.44627617368962635,-6.97363870673691,17430.344161773057,0.0,0.2055418267503148,1.9282774277535222,2255743.600971862,633.1786670497614
62700.0,4547920.391095584,69572.81794811538,4547909.774172033,693.3547333373476,1491.075438269065,693.6840867592521,-6.971249387999759,-0.4422768201663835,-6.971308147589617,17430.344161773057,0.0,0.2055418267503148,1.9282774277535222,2255743.600971862,633.1786670497614
62800.0,4547989.691716516,69721.92328715355,4547979.107728015,692.6577236272047,1491.0314082163534,692.9870712166689,-6.968949791068966,-0.4383335074982959,-6.969007682328775,17430.344161773057,0.0,0.2055418267503148,1.9282774277535222,2255743.600971862,633.1786670497614
62900.0,4548058.922647926,69871.02424281061,4548048.371593895,691.960942391286,1490.9877697260813,692.2902842345326,-6.966679829790885,-0.4344454397282772,-6.966736864900603,17430.344161773057,0.0,0.2055418267503148,1.9282774277535222,2255743.600971862,633.1786670497614
63000.0,4548128.083912512,70020.12085396789,4548117.565792383,691.2643866880269,1490.944517313054,691.5937228700689,-6.96443906531862,-0.4306118329472591,-6.9644952562854785,17430.344161773057,0.0,0.2055418267503148,1.9282774277535222,2255743.600971862,633.1786670497614
63100.0,4548197.175532685,70169.21315896211,4548186.690345894,690.5680536194003,1490.901645569873,690.8973842240589,-6.962227065719032,-0.426831915098921,-6.962282424380147,17430.344161773057,0.0,0.2055418267503148,1.9282774277535222,2255743.600971862,633.1786670497614
63200.0,4548266.197530562,70318.30119559307,4548255.745276556,689.8719403302321,1490.8591491657614,690.201265440153,-6.960043405857418,-0.4231049257884658,-6.960097943882361,17430.344161773057,0.0,0.2055418267503148,1.9282774277535222,2255743.600971862,633.1786670497614
63300.0,4548335.149927982,70467.38500113129,4548324.730606216,689.1760440075261,1490.8170228454064,689.5053637041963,-6.957887667283736,-0.41943011609374053,-6.957941396177056,17430.344161773057,0.0,0.2055418267503148,1.9282774277535222,2255743.600971862,633.1786670497614
63400.0,4548404.032746503,70616.46461232548,4548393.646356439,688.4803618798018,1490.7752614278215,688.8096762435658,-6.955759438121337,-0.41580674838055715,-6.9558123692250495,17430.344161773057,0.0,0.2055418267503148,1.9282774277535222,2255743.600971862,633.1786670497614
63500.0,4548472.846007407,70765.54006540992,4548462.492548516,687.7848912164419,1490.7338598052265,688.1142003265185,-6.953658312957466,-0.412234096120799,-6.953710457453499,17430.344161773057,0.0,0.2055418267503148,1.9282774277535222,2255743.600971862,633.1786670497614
63600.0,4548541.589731705,70914.61139611174,4548531.269203466,687.0896293270521,1490.6928129419466,687.4189332615495,-6.95158389273568,-0.40871144371365115,-6.951635261648275,17430.344161773057,0.0,0.2055418267503148,1.9282774277535222,2255743.600971862,633.1786670497614
63700.0,4548610.263940143,71063.67863965804,4548599.976342042,686.3945735608299,1490.6521158733278,686.7238723967617,-6.949535784650262,-0.4052380863100946,-6.949586388848349,17430.344161773057,0.0,0.2055418267503148,1.9282774277535222,2255743.600971862,633.1786670497614
63800.0,4548678.8686532015,71212.74183078298,4548668.613984732,685.6997213059457,1490.611763704671,686.0290151192463,-6.947513602042534,-0.4018133296404327,-6.947563452242055,17430.344161773057,0.0,0.2055418267503148,1.9282774277535222,2255743.600971862,633.1786670497614
63900.0,4548747.403891102,71361.80100373468,4548737.1821517665,685.0050699889322,1490.5717516101813,685.3343588544719,-6.945516964298823,-0.39843648984453384,-6.945566071065032,17430.344161773057,0.0,0.2055418267503148,1.9282774277535222,2255743.600971862,633.1786670497614
64000.0,4548815.869673813,71510.85619228212,4548805.680863119,684.3106170740855,1490.5320748319373,684.6399010656856,-6.943545496750499,-0.3951068933054201,-6.943593870500208,17430.344161773057,0.0,0.2055418267503148,1.9282774277535222,2255743.600971862,633.1786670497614
64100.0,4548884.266021048,71659.90742972182,4548874.110138512,683.6163600628756,1490.4927286788732,683.9456392533231,-6.9415988305755265,-0.3918238764853043,-6.9416464815793315,17430.344161773057,0.0,0.2055418267503148,1.9282774277535222,2255743.600971862,633.1786670497614
64200.0,4548952.592952274,71808.95474888447,4548942.46999742,682.9222964933663,1490.4537085257803,683.2515709544281,-6.939676602702012,-0.38858678576491534,-6.939723541086475,17430.344161773057,0.0,0.2055418267503148,1.9282774277535222,2255743.600971862,633.1786670497614
64300.0,4549020.850486713,71957.99818214153,4549010.760459073,682.2284239396448,1490.415009812322,682.5576937420826,-6.937778455713113,-0.3853949772849547,-6.937824691462914,17430.344161773057,0.0,0.2055418267503148,1.9282774277535222,2255743.600971862,633.1786670497614
64400.0,4549089.038643349,72107.03776141162,4549078.981542459,681.5347400112616,1490.3766280420668,681.8640052248454,-6.935904037754012,-0.3822478167909832,-6.935949580714062,17430.344161773057,0.0,0.2055418267503148,1.9282774277535222,2255743.600971862,633.1786670497614
64500.0,4549157.157440925,72256.07351816684,4549147.133266329,680.8412423526781,1490.3385587815342,681.1705030462003,-6.93405300244016,-0.37914467948031405,-6.93409786231768,17430.344161773057,0.0,0.2055418267503148,1.9282774277535222,2255743.600971862,633.1786670497614
64600.0,4549225.206897952,72405.10548343911,4549215.215649202,680.1479286427244,1490.3007976592576,680.4771848840136,-6.932225008767402,-0.37608494985200647,-6.932269195133981,17430.344161773057,0.0,0.2055418267503148,1.9282774277535222,2255743.600971862,633.1786670497614
64700.0,4549293.187032709,72554.13368782621,4549283.228709363,679.4547965940658,1490.263340364862,679.78404845,-6.930419721023525,-0.37306802155914753,-6.930463243317122,17430.344161773057,0.0,0.2055418267503148,1.9282774277535222,2255743.600971862,633.1786670497614
64800.0,4549361.09786325,72703.15816149792,4549351.172464874,678.7618439526776,1490.2261826481551,679.0910914891979,-6.928636808701447,-0.37009329726382173,-6.928679676228388,17430.344161773057,0.0,0.2055418267503148,1.9282774277535222,2255743.600971862,633.1786670497614
64900.0,4549428.939407405,72852.17893420199,4549419.046933569,678.0690684973296,1490.1893203182342,678.3983117794526,-6.926875946413797,-0.3671601884943186,-6.9269181683507215,17430.344161773057,0.0,0.2055418267503148,1.9282774277535222,2255743.600971862,633.1786670497614
65000.0,4549496.711682783,73001.19603526997,4549486.8521330645,677.3764680390773,1490.152749242606,677.7057071309085,-6.925136813809135,-0.3642681155050209,-6.925178399204916,17430.344161773057,0.0,0.2055418267503148,1.9282774277535222,2255743.600971862,633.1786670497614
65100.0,4549564.414706775,73150.20949362307,4549554.588080758,676.6840404207633,1490.1164653463213,677.0132753855097,-6.923419095489494,-0.3614165071384689,-6.923460053267134,17430.344161773057,0.0,0.2055418267503148,1.9282774277535222,2255743.600971862,633.1786670497614
65200.0,4549632.048496558,73299.21933777786,4549622.254793834,675.9917835165256,1490.080464611123,676.3210144165081,-6.9217224809295095,-0.35860480068998196,-6.921762819888001,17430.344161773057,0.0,0.2055418267503148,1.9282774277535222,2255743.600971862,633.1786670497614
65300.0,4549699.613069099,73448.22559585185,4549689.852289264,675.2996952313147,1490.0447430746074,675.6289221279802,-6.9200466643967875,-0.35583244177429246,-6.920086393212944,17430.344161773057,0.0,0.2055418267503148,1.9282774277535222,2255743.600971862,633.1786670497614
65400.0,4549767.108441156,73597.22829556909,4549757.380583813,674.6077735004175,1490.0092968293986,674.9369964543515,-6.918391344873786,-0.3530988841946765,-6.918430472104045,17430.344161773057,0.0,0.2055418267503148,1.9282774277535222,2255743.600971862,633.1786670497614
65500.0,4549834.5346292835,73746.2274642656,4549824.839694041,673.9160162889904,1489.9741220223366,674.2452353599285,-6.9167562259809525,-0.35040358981410186,-6.916794760063151,17430.344161773057,0.0,0.2055418267503148,1.9282774277535222,2255743.600971862,633.1786670497614
65600.0,4549901.891649831,73895.22312889477,4549892.229636304,673.2244215915989,1489.9392148536774,673.553636838439,-6.915141015901328,-0.34774602842880836,-6.915178965156454,17430.344161773057,0.0,0.2055418267503148,1.9282774277535222,2255743.600971862,633.1786670497614
65700.0,4549969.179518953,74044.21531603264,4549959.550426762,672.5329874317653,1489.9045715763057,672.8621989125788,-6.913545427306194,-0.3451256776435153,-6.913582799940099,17430.344161773057,0.0,0.2055418267503148,1.9282774277535222,2255743.600971862,633.1786670497614
65800.0,4550036.3982526045,74193.20405188316,4550026.802081374,671.8417118615231,1489.8701884949603,672.1709196335668,-6.911969177282406,-0.3425420227494787,-6.9120059813875026,17430.344161773057,0.0,0.2055418267503148,1.9282774277535222,2255743.600971862,633.1786670497614
65900.0,4550103.547866548,74342.1893622833,4550093.984615912,671.1505929609798,1489.836061965472,671.4797970807064,-6.910411987260561,-0.33999455660383826,-6.910448230817488,17430.344161773057,0.0,0.2055418267503148,1.9282774277535222,2255743.600971862,633.1786670497614
66000.0,4550170.628376356,74491.17127270813,4550161.098045952,670.4596288378851,1489.802188394012,670.7888293609551,-6.908873582944659,-0.3374827795114272,-6.908909273823926,17430.344161773057,0.0,0.2055418267503148,1.9282774277535222,2255743.600971862,633.1786670497614
66100.0,4550237.639797413,74640.14980827583,4550228.1423868835,669.768817627208,1489.7685642363542,670.0980146085001,-6.907353694242936,-0.33500619910849827,-6.907388840206531,17430.344161773057,0.0,0.2055418267503148,1.9282774277535222,2255743.600971862,633.1786670497614
66200.0,4550304.582144917,74789.12499375262,4550295.117653911,669.0781574907189,1489.7351859971463,669.407350984341,-6.905852055199809,-0.3325643302482685,-6.905886663902792,17430.344161773057,0.0,0.2055418267503148,1.9282774277535222,2255743.600971862,633.1786670497614
66300.0,4550371.455433886,74938.09685355757,4550362.023862057,668.3876466165799,1489.702050229195,668.7168366758796,-6.904368403929026,-0.33015669488842375,-6.904402482921094,17430.344161773057,0.0,0.2055418267503148,1.9282774277535222,2255743.600971862,633.1786670497614
66400.0,4550438.259679155,75087.06541176744,4550428.861026164,667.6972832189409,1489.6691535327607,668.0264698965162,-6.902902482548026,-0.32778282198061337,-6.902936039275053,17430.344161773057,0.0,0.2055418267503148,1.9282774277535222,2255743.600971862,633.1786670497614
66500.0,4550504.9948953865,75236.03069212135,4550495.629160896,667.0070655375428,1489.636492554863,667.3362488852522,-6.901454037113318,-0.32544224736161453,-6.901487078918871,17430.344161773057,0.0,0.2055418267503148,1.9282774277535222,2255743.600971862,633.1786670497614
66600.0,4550571.661097063,75384.99271802542,4550562.328280742,666.3169918373262,1489.6040639885985,666.6461719062991,-6.900022817557035,-0.32313451364639956,-6.900055351683867,17430.344161773057,0.0,0.2055418267503148,1.9282774277535222,2255743.600971862,633.1786670497614
66700.0,4550638.258298497,75533.95151255735,4550628.958400021,665.6270604080478,1489.5718645724676,665.9562372486938,-6.898608577624527,-0.32085917012292736,-6.898640611216048,17430.344161773057,0.0,0.2055418267503148,1.9282774277535222,2255743.600971862,633.1786670497614
66800.0,4550704.786513831,75682.90709847097,4550695.51953288,664.9372695639012,1489.5398910897125,665.2664432259209,-6.897211074813073,-0.31861577264877206,-6.897242614914793,17430.344161773057,0.0,0.2055418267503148,1.9282774277535222,2255743.600971862,633.1786670497614
66900.0,4550771.24575704,75831.8594982006,4550762.011693299,664.2476176431453,1489.5081403676654,664.5767881755394,-6.895830070311592,-0.31640388354934246,-6.895861123872557,17430.344161773057,0.0,0.2055418267503148,1.9282774277535222,2255743.600971862,633.1786670497614
67000.0,4550837.636041935,75980.8087338655,4550828.434895093,663.5581030077382,1489.476609277107,663.8872704588172,-6.89446532894141,-0.31422307151789763,-6.894495902815589,17430.344161773057,0.0,0.2055418267503148,1.9282774277535222,2255743.600971862,633.1786670497614
67100.0,4550903.957382163,76129.75482727414,4550894.789151914,662.8687240429764,1489.445294731634,663.1978884603703,-6.893116619097913,-0.3120729115169686,-6.893146720045594,17430.344161773057,0.0,0.2055418267503148,1.9282774277535222,2255743.600971862,633.1786670497614
67200.0,4550970.209791212,76278.69779992847,4550961.074477255,662.1794791571408,1489.4141936870378,662.5086405878081,-6.891783712693504,-0.30995298468192833,-6.891813347382637,17430.344161773057,0.0,0.2055418267503148,1.9282774277535222,2255743.600971862,633.1786670497614
67300.0,4551036.393282412,76427.6376730281,4551027.29088445,661.4903667811475,1489.3833031406914,661.8195252713844,-6.890466385101086,-0.3078628782254522,-6.890495560108641,17430.344161773057,0.0,0.2055418267503148,1.9282774277535222,2255743.600971862,633.1786670497614
67400.0,4551102.507868934,76576.57446747445,4551093.438386677,660.8013853682044,1489.3526201309464,661.130540963654,-6.889164415098882,-0.30580218534413256,-6.889193136912151,17430.344161773057,0.0,0.2055418267503148,1.9282774277535222,2255743.600971862,633.1786670497614
67500.0,4551168.5535638,76725.50820387475,4551159.516996959,660.1125333934738,1489.3221417365398,660.4416861391347,-6.88787758481601,-0.3037705051263654,-6.887905859833916,17430.344161773057,0.0,0.2055418267503148,1.9282774277535222,2255743.600971862,633.1786670497614
67600.0,4551234.530379877,76874.43890254616,4551225.526728171,659.4238093537397,1489.2918650760087,659.7529592939752,-6.886605679678969,-0.3017674424617075,-6.886633514213335,17430.344161773057,0.0,0.2055418267503148,1.9282774277535222,2255743.600971862,633.1786670497614
67700.0,4551300.438329886,77023.36658351962,4551291.467593035,658.7352117670807,1489.261787307115,659.0643589456272,-6.885348488359084,-0.2997926079518428,-6.885375888635899,17430.344161773057,0.0,0.2055418267503148,1.9282774277535222,2255743.600971862,633.1786670497614
67800.0,4551366.277426397,77172.29126654379,4551357.339604128,658.0467391725484,1489.2319056262781,658.3758836325238,-6.884105802720848,-0.2978456178229826,-6.8841327748814996,17430.344161773057,0.0,0.2055418267503148,1.9282774277535222,2255743.600971862,633.1786670497614
67900.0,4551432.047681839,77321.2129710889,4551423.142773882,657.3583901298501,1489.2022172680179,657.6875319137625,-6.8828774177710805,-0.2959260938396533,-6.882903967873578,17430.344161773057,0.0,0.2055418267503148,1.9282774277535222,2255743.600971862,633.1786670497614
68000.0,4551497.749108495,77470.1317163505,4551488.877114584,656.6701632190377,1489.1727195044036,656.9993023687935,-6.881663131608939,-0.2940336632198547,-6.881689265629119,17430.344161773057,0.0,0.2055418267503148,1.9282774277535222,2255743.600971862,633.1786670497614
68100.0,4551563.381718508,77619.04752125319,4551554.542638381,655.9820570402004,1489.1434096445143,656.3111935971123,-6.88046274537688,-0.29216795855179334,-6.880488469209582,17430.344161773057,0.0,0.2055418267503148,1.9282774277535222,2255743.600971862,633.1786670497614
68200.0,4551628.945523881,77767.96040445432,4551620.139357283,655.2940702131631,1489.1142850339045,655.6232042179585,-6.879276063212246,-0.2903286177116412,-6.879301382672482,17430.344161773057,0.0,0.2055418267503148,1.9282774277535222,2255743.600971862,633.1786670497614
68300.0,4551694.440536483,77916.87038434761,4551685.667283159,654.6062013771892,1489.0853430540803,654.9353328700179,-6.8781028921998715,-0.2885152837829801,-6.878127813023968,17430.344161773057,0.0,0.2055418267503148,1.9282774277535222,2255743.600971862,633.1786670497614
68400.0,4551759.866768045,78065.77747906669,4551751.126427746,653.9184491906882,1489.0565811219824,654.2475782111301,-6.876943042325353,-0.28672760497735716,-6.876967570172089,17430.344161773057,0.0,0.2055418267503148,1.9282774277535222,2255743.600971862,633.1786670497614
68500.0,4551825.224230166,78214.68170648861,4551816.516802647,653.2308123309278,1489.0279966894773,653.559938918001,-6.875796326429142,-0.2849652345561511,-6.875820466880856,17430.344161773057,0.0,0.2055418267503148,1.9282774277535222,2255743.600971862,633.1786670497614
68600.0,4551890.512934312,78363.5830842374,4551881.838419332,652.543289493751,1488.9995872428558,652.8724136859189,-6.874662560161391,-0.28322783075372165,-6.874686318725075,17430.344161773057,0.0,0.2055418267503148,1.9282774277535222,2255743.600971862,633.1786670497614
68700.0,4551955.732891822,78512.48162968735,4551947.091289143,651.855879393297,1488.97135030234,652.1850012284762,-6.873541561937581,-0.2815150567018375,-6.873564944045966,17430.344161773057,0.0,0.2055418267503148,1.9282774277535222,2255743.600971862,633.1786670497614
68800.0,4552020.884113906,78661.37735996649,4552012.275423294,651.168580761727,1488.9432834215968,651.4977002772944,-6.872433152894861,-0.27982658035527186,-6.872456163907472,17430.344161773057,0.0,0.2055418267503148,1.9282774277535222,2255743.600971862,633.1786670497614
68900.0,4552085.966611648,78810.27029195984,4552077.390832873,650.4813923489542,1488.91538418726,650.8105095817546,-6.871337156849108,-0.27816207441859786,-6.871359802053316,17430.344161773057,0.0,0.2055418267503148,1.9282774277535222,2255743.600971862,633.1786670497614
69000.0,4552150.980396008,78959.16044231274,4552142.437528844,649.7943129223781,1488.8876502184582,650.123427908731,-6.870253400252735,-0.2765212162742173,-6.870275684864784,17430.344161773057,0.0,0.2055418267503148,1.9282774277535222,2255743.600971862,633.1786670497614
69100.0,4552215.925477824,79108.04782743404,4552207.415522048,649.107341266623,1488.8600791663507,649.4364540423295,-6.869181712153212,-0.27490368791156505,-6.869203641319238,17430.344161773057,0.0,0.2055418267503148,1.9282774277535222,2255743.600971862,633.1786670497614
69200.0,4552280.801867814,79256.93246349928,4552272.324823206,648.4204761832801,1488.8326687136703,648.7495867836305,-6.868121924152168,-0.2733091758572613,-6.868143502949193,17430.344161773057,0.0,0.2055418267503148,1.9282774277535222,2255743.600971862,633.1786670497614
69300.0,4552345.6095765745,79405.81436645384,4552337.165442919,647.7337164906546,1488.8054165742735,648.0628249504348,-6.867073870365328,-0.2717373711066955,-6.867095103802251,17430.344161773057,0.0,0.2055418267503148,1.9282774277535222,2255743.600971862,633.1786670497614
69400.0,4552410.3486145865,79554.69355201602,4552401.937391671,647.0470610235161,1488.7783204926966,647.3761673770143,-6.866037387383021,-0.27018796905648446,-6.866058280401583,17430.344161773057,0.0,0.2055418267503148,1.9282774277535222,2255743.600971862,633.1786670497614
69500.0,4552475.018992215,79703.5700356801,4552466.640679832,646.3605086328529,1488.7513782437188,646.6896129138668,-6.865012314231313,-0.2686606694380149,-6.865032871707053,17430.344161773057,0.0,0.2055418267503148,1.9282774277535222,2255743.600971862,633.1786670497614
69600.0,4552539.620719711,79852.4438327193,4552531.275317654,645.6740581856305,1488.7245876319323,646.0031604274733,-6.863998492333848,-0.2671551762521512,-6.8640187190770465,17430.344161773057,0.0,0.2055418267503148,1.9282774277535222,2255743.600971862,633.1786670497614
69700.0,4552604.1538072135,80001.31495818881,4552595.84131528,644.9877085645539,1488.6979464913181,645.316808800061,-6.862995765474355,-0.26567119770501635,-6.863015666230955,17430.344161773057,0.0,0.2055418267503148,1.9282774277535222,2255743.600971862,633.1786670497614
69800.0,4552668.618264749,80150.18342692866,4552660.338682739,644.3014586678332,1488.6714526848293,644.6305569293686,-6.8620039797596295,-0.2642084461446209,-6.862023559212155,17430.344161773057,0.0,0.2055418267503148,1.9282774277535222,2255743.600971862,633.1786670497614
69900.0,4552733.014102235,80299.0492535666,4552724.767429954,643.6153074089531,1488.6451041039795,643.9444037284156,-6.861022983583237,-0.2627666379986181,-6.86104224635169,17430.344161773057,0.0,0.2055418267503148,1.9282774277535222,2255743.600971862,633.1786670497614
70000.0,4552797.341329483,80447.91245252093,4552789.127566738,642.929253716446,1488.6188986684383,643.2583481252758,-6.86005262758983,-0.261345493713128,-6.860071578232572,17430.344161773057,0.0,0.2055418267503148,1.9282774277535222,2255743.600971862,633.1786670497614
70100.0,4552861.599956196,80596.77303800335,4552853.419102797,642.2432965336692,1488.592834325632,642.5723890628533,-6.859092764640001,-0.2599447376924249,-6.859111407654629,17430.344161773057,0.0,0.2055418267503148,1.9282774277535222,2255743.600971862,633.1786670497614
70200.0,4552925.789991972,80745.63102402161,4552917.642047734,641.557434818584,1488.5669090503516,641.886525498663,-6.85814324977564,-0.25856409823949256,-6.858161589599847,17430.344161773057,0.0,0.2055418267503148,1.9282774277535222,2255743.600971862,633.1786670497614
70300.0,4552989.911446308,80894.48642438235,4552981.796411046,640.8716675435404,1488.5411208443645,641.2007564046138,-6.857203940186109,-0.2572033074978768,-6.857221981198526,17430.344161773057,0.0,0.2055418267503148,1.9282774277535222,2255743.600971862,633.1786670497614
70400.0,4553053.964328595,81043.3392526937,4553045.88220213,640.1859936950631,1488.5154677360347,640.5150807667956,-6.856274695174622,-0.2558621013939727,-6.856292441695652,17430.344161773057,0.0,0.2055418267503148,1.9282774277535222,2255743.600971862,633.1786670497614
70500.0,4553117.948648128,81192.18952236793,4553109.8994302815,639.5004122736423,1488.4899477799465,639.8294975852693,-6.855355376125499,-0.2545402195806654,-6.855372832418148,17430.344161773057,0.0,0.2055418267503148,1.9282774277535222,2255743.600971862,633.1786670497614
70600.0,4553181.864414098,81341.03724662408,4553173.848104697,638.8149222935269,1488.464559056535,639.1440058738607,-6.854445846471772,-0.2532374053816231,-6.854463016742441,17430.344161773057,0.0,0.2055418267503148,1.9282774277535222,2255743.600971862,633.1786670497614
70700.0,4553245.711635602,81489.88243849049,4553237.728234474,638.1295227825218,1488.439299671722,638.4586046599564,-6.853545971663331,-0.2519534057364725,-6.853562860062626,17430.344161773057,0.0,0.2055418267503148,1.9282774277535222,2255743.600971862,633.1786670497614
70800.0,4553309.490321638,81638.72511080737,4553301.539828613,637.444212781787,1488.4141677565563,637.7732929843044,-6.852655619135719,-0.2506879711470433,-6.852672229759228,17430.344161773057,0.0,0.2055418267503148,1.9282774277535222,2255743.600971862,633.1786670497614
70900.0,4553373.20048111,81787.56527622927,4553365.282896023,636.758991345641,1488.3891614668607,637.0880699008162,-6.851774658279231,-0.2494408556241302,-6.851790995168301,17430.344161773057,0.0,0.2055418267503148,1.9282774277535222,2255743.600971862,633.1786670497614
71000.0,4553436.842122829,81936.40294722756,4553428.957445515,636.0738575413669,1488.364278982884,636.4029344763735,-6.85090296040872,-0.24821181663542416,-6.850919027551219,17430.344161773057,0.0,0.2055418267503148,1.9282774277535222,2255743.600971862,633.1786670497614
71100.0,4553500.415255509,82085.23813609281,4553492.56348581,635.3888104490213,1488.3395185089569,635.7178857906368,-6.850040398733752,-0.24700061505404977,-6.850056200064818,17430.344161773057,0.0,0.2055418267503148,1.9282774277535222,2255743.600971862,633.1786670497614
71200.0,4553563.919887778,82234.07085493725,4553556.101025535,634.7038491612464,1488.3148782731553,635.0329229358573,-6.849186848329336,-0.24580701510802522,-6.849202387732123,17430.344161773057,0.0,0.2055418267503148,1.9282774277535222,2255743.600971862,633.1786670497614
71300.0,4553627.356028171,82382.90111569707,4553619.570073228,634.0189727830846,1488.2903565269662,634.3480450166918,-6.848342186107096,-0.2446307843304738,-6.848357467413485,17430.344161773057,0.0,0.2055418267503148,1.9282774277535222,2255743.600971862,633.1786670497614
71400.0,4553690.723685135,82531.72893013475,4553682.97063734,633.3341804317967,1488.2659515449604,633.6632511500203,-6.847506290786856,-0.24347169351056525,-6.8475213177781935,17430.344161773057,0.0,0.2055418267503148,1.9282774277535222,2255743.600971862,633.1786670497614
71500.0,4553754.0228670295,82680.5543098414,4553746.3027262315,632.6494712366822,1488.2416616244689,632.9785404647668,-6.846679042868786,-0.24232951664530739,-6.846693819276574,17430.344161773057,0.0,0.2055418267503148,1.9282774277535222,2255743.600971862,633.1786670497614
71600.0,4553817.253582126,82829.37726623898,4553809.566348177,631.9648443389028,1488.2174850852641,632.2939121017222,-6.845860324605979,-0.2412040308921574,-6.8458748541125845,17430.344161773057,0.0,0.2055418267503148,1.9282774277535222,2255743.600971862,633.1786670497614
71700.0,4553880.415838613,82978.19781058253,4553872.761511368,631.2802988913083,1488.1934202692473,631.6093652133704,-6.845050019977371,-0.2400950165221264,-6.8450643062167025,17430.344161773057,0.0,0.2055418267503148,1.9282774277535222,2255743.600971862,633.1786670497614
71800.0,4553943.509644592,83127.01595396236,4553935.888223908,630.5958340582654,1488.1694655401386,630.9248989637173,-6.844248014661257,-0.23900225687393056,-6.844262061219446,17430.344161773057,0.0,0.2055418267503148,1.9282774277535222,2255743.600971862,633.1786670497614
71900.0,4554006.535008084,83275.83170730625,4553998.946493821,629.911449015489,1488.145619283173,630.2405125281215,-6.843454196009093,-0.2379255383085867,-6.84346800642516,17430.344161773057,0.0,0.2055418267503148,1.9282774277535222,2255743.600971862,633.1786670497614
72000.0,4554069.491937027,83424.64508138158,4554061.936329047,629.2271429498765,1488.1218799047992,629.5562050931287,-6.842668453019807,-0.23686465016489744,-6.842682030786311,17430.344161773057,0.0,0.2055418267503148,1.9282774277535222,2255743.600971862,633.1786670497614
72100.0,4554132.38043928,83573.45608679738,4554124.857737446,628.5429150593438,1488.0982458323863,628.8719758563082,-6.841890676314506,-0.23581938471556463,-6.8419040248781995,17430.344161773057,0.0,0.2055418267503148,1.9282774277535222,2255743.600971862,633.1786670497614
72200.0,4554195.200522618,83722.26473400649,4554187.7107267985,627.8587645526651,1488.0747155139304,628.1878240260912,-6.841120758111595,-0.23478953712401243,-6.841133880874058,17430.344161773057,0.0,0.2055418267503148,1.9282774277535222,2255743.600971862,633.1786670497614
72300.0,4554257.952194744,83871.07103330754,4554250.495304805,627.1746906493133,1488.0512874177687,627.5037488216133,-6.840358592202229,-0.233774905401761,-6.840371492520493,17430.344161773057,0.0,0.2055418267503148,1.9282774277535222,2255743.600971862,633.1786670497614
72400.0,4554320.635463277,84019.87499484704,4554313.211479091,626.4906925793051,1488.0279600322965,626.8197494725572,-6.83960407392631,-0.23277529036672778,-6.839616755113483,17430.344161773057,0.0,0.2055418267503148,1.9282774277535222,2255743.600971862,633.1786670497614
72500.0,4554383.250335762,84168.67662862127,4554375.859257203,625.8067695830464,1488.004731865689,626.1358252189999,-6.838857100148699,-0.2317904956018656,-6.838869565474571,17430.344161773057,0.0,0.2055418267503148,1.9282774277535222,2255743.600971862,633.1786670497614
72600.0,4554445.796819671,84317.47594447836,4554438.438646613,625.1229209111814,1487.9816014456264,625.4519753112608,-6.838117569235929,-0.23082032741465702,-6.8381298219275735,17430.344161773057,0.0,0.2055418267503148,1.9282774277535222,2255743.600971862,633.1786670497614
72700.0,4554508.274922398,84466.27295212014,4554500.949654719,624.4391458244437,1487.9585673190234,624.7681990097527,-6.837385381033253,-0.22986459479718777,-6.83739742427562,17430.344161773057,0.0,0.2055418267503148,1.9282774277535222,2255743.600971862,633.1786670497614
72800.0,4554570.684651265,84615.06766110411,4554563.392288844,623.7554435935092,1487.935628051763,624.0844955848353,-6.836660436842045,-0.22892310938677082,-6.8366722737785395,17430.344161773057,0.0,0.2055418267503148,1.9282774277535222,2255743.600971862,633.1786670497614
72900.0,4554633.0260135215,84763.86008084528,4554625.766556241,623.0718134988518,1487.9127822284338,623.4008643166701,-6.8359426393975955,-0.2279956854272705,-6.835954273130652,17430.344161773057,0.0,0.2055418267503148,1.9282774277535222,2255743.600971862,633.1786670497614
73000.0,4554695.299016345,84912.65022061802,4554688.072464089,622.3882548306013,1487.8900284520714,622.7173044950787,-6.835231892847231,-0.22708213973096833,-6.835243326438891,17430.344161773057,0.0,0.2055418267503148,1.9282774277535222,2255743.600971862,633.1786670497614
73100.0,4554757.503666845,85061.43808955794,4554750.310019498,621.7047668884028,1487.8673653439034,622.0338154194019,-6.834528102728807,-0.2261822916410287,-6.8345393392012594,17430.344161773057,0.0,0.2055418267503148,1.9282774277535222,2255743.600971862,633.1786670497614
73200.0,4554819.639972058,85210.22369666368,4554812.479229508,621.021348981279,1487.8447915430977,621.3503963983624,-6.833831175949534,-0.22529596299456633,-6.833842218285679,17430.344161773057,0.0,0.2055418267503148,1.9282774277535222,2255743.600971862,633.1786670497614
73300.0,4554881.707938953,85359.00705079868,4554874.5801010905,620.3380004274944,1487.8223057065156,620.6670467499282,-6.833141020765155,-0.22442297808627143,-6.833151871909139,17430.344161773057,0.0,0.2055418267503148,1.9282774277535222,2255743.600971862,633.1786670497614
73400.0,4554943.707574433,85507.78816069291,4554936.612641148,619.6547205544214,1487.7999065084678,619.9837658011792,-6.832457546759431,-0.22356316363256307,-6.832468209617177,17430.344161773057,0.0,0.2055418267503148,1.9282774277535222,2255743.600971862,633.1786670497614
73500.0,4555005.638885331,85656.56703494469,4554998.576856518,618.9715086984082,1487.7775926404731,619.3005528881748,-6.831780664823969,-0.2227163487363472,-6.8317911422637145,17430.344161773057,0.0,0.2055418267503148,1.9282774277535222,2255743.600971862,633.1786670497614
73600.0,4555067.501878418,85805.34368202227,4555060.472753972,618.2883642046496,1487.7553628110227,618.617407355825,-6.831110287138366,-0.22188236485226506,-6.831120581991169,17430.344161773057,0.0,0.2055418267503148,1.9282774277535222,2255743.600971862,633.1786670497614
73700.0,4555129.296560396,85954.11811026566,4555122.300340214,617.6052864270586,1487.7332157453457,617.9343285577614,-6.830446327150716,-0.22106104575256752,-6.8304564422109735,17430.344161773057,0.0,0.2055418267503148,1.9282774277535222,2255743.600971862,633.1786670497614
73800.0,4555191.022937906,86102.89032788816,4555184.059621886,616.9222747281409,1487.7111501851798,617.2513158562123,-6.8297886995583035,-0.22025222749334727,-6.8297986375842505,17430.344161773057,0.0,0.2055418267503148,1.9282774277535222,2255743.600971862,633.1786670497614
73900.0,4555252.681017524,86251.66034297811,4555245.750605567,616.2393284788708,1487.6891648885444,616.5683686218777,-6.82913732028876,-0.21945574838147613,-6.829147084002968,17430.344161773057,0.0,0.2055418267503148,1.9282774277535222,2255743.600971862,633.1786670497614
74000.0,4555314.270805763,86400.42816350043,4555307.373297772,615.556447058569,1487.6672586295167,615.8854862338079,-6.828492106481399,-0.21867144894190368,-6.828501698571264,17430.344161773057,0.0,0.2055418267503148,1.9282774277535222,2255743.600971862,633.1786670497614
74100.0,4555375.7923090765,86549.19379729824,4555368.927704955,614.8736298547826,1487.645430198012,615.2026680792831,-6.827852976468927,-0.21789917188557792,-6.827862399587152,17430.344161773057,0.0,0.2055418267503148,1.9282774277535222,2255743.600971862,633.1786670497614
74200.0,4555437.245533855,86697.95725209445,4555430.413833509,614.1908762631664,1487.6236783995669,614.5199135536943,-6.827219849759368,-0.21713876207771696,-6.8272291065244355,17430.344161773057,0.0,0.2055418267503148,1.9282774277535222,2255743.600971862,633.1786670497614
74300.0,4555498.63048643,86846.71853549327,4555491.831689768,613.5081856873663,1487.602002055124,613.8372220604276,-6.826592647018366,-0.2163900665067139,-6.826601740015015,17430.344161773057,0.0,0.2055418267503148,1.9282774277535222,2255743.600971862,633.1786670497614
74400.0,4555559.947173073,86995.47765498179,4555553.181280003,612.8255575389047,1487.5804000008236,613.1545930107484,-6.825971290051677,-0.21565293425339765,-6.825980221831347,17430.344161773057,0.0,0.2055418267503148,1.9282774277535222,2255743.600971862,633.1786670497614
74500.0,4555621.195599998,87144.23461793146,4555614.462610432,612.142991237067,1487.5588710877935,612.4720258236885,-6.825355701787993,-0.21492721646082252,-6.825364474869295,17430.344161773057,0.0,0.2055418267503148,1.9282774277535222,2255743.600971862,633.1786670497614
74600.0,4555682.375773363,87292.98943159958,4555675.675687211,611.4604862087903,1487.5374141819457,611.7895199259348,-6.824745806262035,-0.21421276630451613,-6.824754423131192,17430.344161773057,0.0,0.2055418267503148,1.9282774277535222,2255743.600971862,633.1786670497614
74700.0,4555743.487699264,87441.74210313076,4555736.820516441,610.7780418885536,1487.516028163774,611.1070747517194,-6.824141528597895,-0.21350943896317157,-6.824149991709184,17430.344161773057,0.0,0.2055418267503148,1.9282774277535222,2255743.600971862,633.1786670497614
74800.0,4555804.531383745,87590.4926395584,4555797.897104166,610.0956577182699,1487.494711928156,610.4246897427114,-6.823542794992637,-0.2128170915897568,-6.823551106768823,17430.344161773057,0.0,0.2055418267503148,1.9282774277535222,2255743.600971862,633.1786670497614
74900.0,4555865.506832794,87739.24104780609,4555858.905456376,609.4133331471792,1487.473464384156,609.74236434791,-6.822949532700176,-0.21213558328311966,-6.822957695532947,17430.344161773057,0.0,0.2055418267503148,1.9282774277535222,2255743.600971862,633.1786670497614
75000.0,4555926.414052343,87887.98733468904,4555919.845579005,608.731067631744,1487.452284454832,609.0600980235403,-6.822361670015401,-0.2114647750599766,-6.822369686265788,17430.344161773057,0.0,0.2055418267503148,1.9282774277535222,2255743.600971862,633.1786670497614
75100.0,4555987.253048271,88036.73150691543,4555980.717477932,608.0488606355462,1487.4311710770462,608.3778902329493,-6.821779136258559,-0.21080452982735456,-6.821787008257344,17430.344161773057,0.0,0.2055418267503148,1.9282774277535222,2255743.600971862,633.1786670497614
75200.0,4556048.023826404,88185.47357108783,4556041.521158985,607.3667116291848,1487.4101232012765,607.6957404465046,-6.821201861759857,-0.2101547123554407,-6.821209591807998,17430.344161773057,0.0,0.2055418267503148,1.9282774277535222,2255743.600971862,633.1786670497614
75300.0,4556108.726392513,88334.21353370453,4556102.256627938,606.6846200901758,1487.3891397914315,607.0136481414936,-6.820629777844328,-0.20951518925082624,-6.820637368213352,17430.344161773057,0.0,0.2055418267503148,1.9282774277535222,2255743.600971862,633.1786670497614
75400.0,4556169.36075232,88482.95140116087,4556162.923890512,606.002585502854,1487.3682198246688,606.3316128020252,-6.8200628168169475,-0.20888582893020718,-6.82007026974936,17430.344161773057,0.0,0.2055418267503148,1.9282774277535222,2255743.600971862,633.1786670497614
75500.0,4556229.926911495,88631.68717975056,4556223.52295238,605.3206073582749,1487.3473622912145,605.6496339189323,-6.819500911947945,-0.20826650159440424,-6.819508229657612,17430.344161773057,0.0,0.2055418267503148,1.9282774277535222,2255743.600971862,633.1786670497614
75600.0,4556290.424875656,88780.42087566698,4556284.053819161,604.6386851541195,1487.3265661941869,604.9677109896759,-6.818943997458359,-0.2076570792028286,-6.8189511821309035,17430.344161773057,0.0,0.2055418267503148,1.9282774277535222,2255743.600971862,633.1786670497614
75700.0,4556350.854650374,88929.15249500445,4556344.516496426,603.9568183945996,1487.3058305494212,604.2858435182507,-6.818392008505863,-0.2070574354483555,-6.818399062299044,17430.344161773057,0.0,0.2055418267503148,1.9282774277535222,2255743.600971862,633.1786670497614
75800.0,4556411.216241167,89077.88204375953,4556404.910989697,603.2750065903654,1487.2851543852978,603.6040310150921,-6.8178448811707675,-0.2064674457325355,-6.817851806214856,17430.344161773057,0.0,0.2055418267503148,1.9282774277535222,2255743.600971862,633.1786670497614
75900.0,4556471.509653508,89226.6095278322,4556465.237304445,602.5932492584129,1487.2645367425723,602.9222729969849,-6.817302552442209,-0.20588698714113907,-6.817309350840357,17430.344161773057,0.0,0.2055418267503148,1.9282774277535222,2255743.600971862,633.1786670497614
76000.0,4556531.734892819,89375.33495302717,4556525.495446096,601.9115459219948,1487.2439766742089,602.2405689869727,-6.8167649602046385,-0.20531593842016718,-6.816771634033251,17430.344161773057,0.0,0.2055418267503148,1.9282774277535222,2255743.600971862,633.1786670497614
76100.0,4556591.891964477,89524.05832505501,4556585.685420027,601.229896110531,1487.2234732452148,601.558918514269,-6.816232043224477,-0.2047541799521803,-6.816238594533573,17430.344161773057,0.0,0.2055418267503148,1.9282774277535222,2255743.600971862,633.1786670497614
76200.0,4556651.98087381,89672.7796495334,4556645.807231568,600.548299359521,1487.2030255324785,600.8773211141697,-6.815703741136953,-0.20420159373292174,-6.8157101719505135,17430.344161773057,0.0,0.2055418267503148,1.9282774277535222,2255743.600971862,633.1786670497614
76300.0,4556712.001626102,89821.49893198832,4556705.860886003,599.8667552104583,1487.1826326246087,600.195776327967,-6.815179994433199,-0.2036580633484085,-6.815186306749525,17430.344161773057,0.0,0.2055418267503148,1.9282774277535222,2255743.600971862,633.1786670497614
76400.0,4556771.954226591,89970.21617785514,4556765.846388572,599.1852632107447,1487.1622936217775,599.5142837028643,-6.814660744447518,-0.2031234739522655,-6.81466694023957,17430.344161773057,0.0,0.2055418267503148,1.9282774277535222,2255743.600971862,633.1786670497614
76500.0,4556831.838680468,90118.93139247988,4556825.763744468,598.5038229136069,1487.1420076355637,598.8328427918923,-6.814145933344844,-0.20259771224346024,-6.81415201456059,17430.344161773057,0.0,0.2055418267503148,1.9282774277535222,2255743.600971862,633.1786670497614
76600.0,4556891.654992882,90267.64458112023,4556885.61295884,597.8224338780143,1487.1217737888,598.1514531538268,-6.813635504108415,-0.20208066644432565,-6.813641472671157,17430.344161773057,0.0,0.2055418267503148,1.9282774277535222,2255743.600971862,633.1786670497614
76700.0,4556951.403168938,90416.35574894673,4556945.394036793,597.1410956685975,1487.1015912154219,597.4701143531071,-6.813129400527644,-0.20157222627897994,-6.813135258336356,17430.344161773057,0.0,0.2055418267503148,1.9282774277535222,2255743.600971862,633.1786670497614
76800.0,4557011.083213696,90565.06490104391,4557005.106983391,596.4598078555682,1487.081459060318,596.7888259597564,-6.812627567186117,-0.20107228295195617,-6.812633316115774,17430.344161773057,0.0,0.2055418267503148,1.9282774277535222,2255743.600971862,633.1786670497614
76900.0,4557070.695132175,90713.77204241125,4557064.751803651,595.7785700146409,1487.061376479183,596.1075875493028,-6.812129949449885,-0.20058072912728542,-6.812135591351773,17430.344161773057,0.0,0.2055418267503148,1.9282774277535222,2255743.600971862,633.1786670497614
77000.0,4557130.238929352,90862.4771779644,4557124.328502553,595.0973817269544,1487.0413426383739,595.4263987027012,-6.811636493455832,-0.20009745890778852,-6.81164203015788,17430.344161773057,0.0,0.2055418267503148,1.9282774277535222,2255743.600971862,633.1786670497614
77100.0,4557189.714610159,91011.18031253615,4557183.83708503,594.4162425789959,1487.0213567147655,594.7452590062572,-6.811147146100286,-0.199622367814721,-6.811152579407366,17430.344161773057,0.0,0.2055418267503148,1.9282774277535222,2255743.600971862,633.1786670497614
77200.0,4557249.122179492,91159.88145087748,4557243.277555979,593.7351521625257,1487.0014178956108,594.0641680515516,-6.810661855027799,-0.19915535276774188,-6.810667186722045,17430.344161773057,0.0,0.2055418267503148,1.9282774277535222,2255743.600971862,633.1786670497614
77300.0,4557308.461642203,91308.58059765864,4557302.649920252,593.0541100745023,1486.9815253784018,593.3831254353661,-6.81018056862006,-0.19869631206509664,-6.810185800461161,17430.344161773057,0.0,0.2055418267503148,1.9282774277535222,2255743.600971862,633.1786670497614
77400.0,4557367.733003105,91457.27775747013,4557361.954182664,592.37311591701,1486.9616783707324,592.7021307596098,-6.809703235985046,-0.19824514536422083,-6.809708369710554,17430.344161773057,0.0,0.2055418267503148,1.9282774277535222,2255743.600971862,633.1786670497614
77500.0,4557426.936266971,91605.97293482369,4557421.190347989,591.6921692971862,1486.9418760901638,592.0211836312476,-6.809229806946279,-0.19780175366251365,-6.809234844271904,17430.344161773057,0.0,0.2055418267503148,1.9282774277535222,2255743.600971862,633.1786670497614
77600.0,4557486.071438536,91754.6661341533,4557480.3584209625,591.0112698271506,1486.9221177640907,591.3402836622288,-6.808760232032283,-0.19736603927846633,-6.808765174652177,17430.344161773057,0.0,0.2055418267503148,1.9282774277535222,2255743.600971862,633.1786670497614
77700.0,4557545.1385224955,91903.3573598162,4557539.458406281,590.3304171239355,1486.9024026296113,590.6594304694172,-6.808294462466199,-0.19693790583305712,-6.8082993120532525,17430.344161773057,0.0,0.2055418267503148,1.9282774277535222,2255743.600971862,633.1786670497614
77800.0,4557604.137523507,92052.04661609381,4557598.490308603,589.6496108094162,1486.8827299333973,589.9786236745219,-6.807832450155541,-0.19651725823139457,-6.807837208361662,17430.344161773057,0.0,0.2055418267503148,1.9282774277535222,2255743.600971862,633.1786670497614
77900.0,4557663.068446191,92200.73390719268,4557657.45413255,588.9688505102438,1486.863098931566,589.2978629040299,-6.807374147682152,-0.19610400264468683,-6.807378816138544,17430.344161773057,0.0,0.2055418267503148,1.9282774277535222,2255743.600971862,633.1786670497614
78000.0,4557721.93129513,92349.41923724544,4557716.349882706,588.2881358577777,1486.843508889555,588.6171477891385,-6.806919508292266,-0.19569804649242442,-6.806924088609703,17430.344161773057,0.0,0.2055418267503148,1.9282774277535222,2255743.600971862,633.1786670497614
78100.0,4557780.726074872,92498.10261031173,4557775.177563618,587.6074664880199,1486.8239590819992,587.9364779656895,-6.806468485886749,-0.19529929842484728,-6.806472979655848,17430.344161773057,0.0,0.2055418267503148,1.9282774277535222,2255743.600971862,633.1786670497614
78200.0,4557839.452789925,92646.7840303791,4557833.937179797,586.92684204155,1486.8044487926065,587.2558530741046,-6.806021035011472,-0.19490766830566977,-6.806025443802964,17430.344161773057,0.0,0.2055418267503148,1.9282774277535222,2255743.600971862,633.1786670497614
78300.0,4557898.111444766,92795.46350136393,4557892.628735719,586.2462621634612,1486.784977314039,586.5752727593208,-6.8055771108478975,-0.19452306719510648,-6.805581436212886,17430.344161773057,0.0,0.2055418267503148,1.9282774277535222,2255743.600971862,633.1786670497614
78400.0,4557956.702043832,92944.14102711232,4557951.252235823,585.5657265032971,1486.7655439477937,585.8947366707276,-6.805136669203696,-0.19414540733304025,-6.805140912673919,17430.344161773057,0.0,0.2055418267503148,1.9282774277535222,2255743.600971862,633.1786670497614
78500.0,4558015.224591529,93092.81661140091,4558009.807684516,584.8852347149897,1486.7461480040852,585.2142444621048,-6.804699666503598,-0.19377460212254566,-6.804703829591685,17430.344161773057,0.0,0.2055418267503148,1.9282774277535222,2255743.600971862,633.1786670497614
78600.0,4558073.679092227,93241.49025793784,4558068.295086167,584.2047864567978,1486.7267888017302,584.5337957915609,-6.8042660597803675,-0.19341056611360508,-6.804270143980091,17430.344161773057,0.0,0.2055418267503148,1.9282774277535222,2255743.600971862,633.1786670497614
78700.0,4558132.06555026,93390.16197036354,4558126.714445114,583.5243813912473,1486.707465668034,583.8533903214733,-6.803835806665861,-0.19305321498705294,-6.803839813452389,17430.344161773057,0.0,0.2055418267503148,1.9282774277535222,2255743.600971862,633.1786670497614
78800.0,4558190.383969934,93538.83175225159,4558185.06576566,582.8440191850709,1486.6881779386779,583.1730277184281,-6.803408865382335,-0.19270246553882253,-6.803412796212474,17430.344161773057,0.0,0.2055418267503148,1.9282774277535222,2255743.600971862,633.1786670497614
78900.0,4558248.634355515,93687.49960710954,4558243.349052075,582.1636995091502,1486.6689249576082,582.4927076531623,-6.802985194733759,-0.19235823566433946,-6.802989051046199,17430.344161773057,0.0,0.2055418267503148,1.9282774277535222,2255743.600971862,633.1786670497614
79000.0,4558306.816711242,93836.16553837978,4558301.564308598,581.4834220384577,1486.6497060769277,581.812429800505,-6.802564754097331,-0.1920204443431759,-6.80256853731288,17430.344161773057,0.0,0.2055418267503148,1.9282774277535222,2255743.600971862,633.1786670497614
79100.0,4558364.931041319,93984.82954944027,4558359.7115394315,580.8031864519995,1486.6305206567874,581.1321938393216,-6.802147503415132,-0.1916890116239764,-6.8021512149369565,17430.344161773057,0.0,0.2055418267503148,1.9282774277535222,2255743.600971862,633.1786670497614
79200.0,4558422.977349918,94133.49164360542,4558417.790748751,580.12299243276,1486.6113680652807,580.4519994524569,-6.801733403185867,-0.19136385860952812,-6.801737044399721,17430.344161773057,0.0,0.2055418267503148,1.9282774277535222,2255743.600971862,633.1786670497614
79300.0,4558480.955641181,94282.1518241268,4558475.801940697,579.4428396676462,1486.5922476783385,579.77184632668,-6.801322414456772,-0.19104490744212638,-6.8013259867312295,17430.344161773057,0.0,0.2055418267503148,1.9282774277535222,2255743.600971862,633.1786670497614
79400.0,4558538.8659192175,94430.81009419402,4558533.745119381,578.762727847433,1486.5731588796261,579.0917341526299,-6.800914498815596,-0.1907320812890732,-6.800918003502276,17430.344161773057,0.0,0.2055418267503148,1.9282774277535222,2255743.600971862,633.1786670497614
79500.0,4558596.708188105,94579.46645693538,4558591.620288882,578.08265666671,1486.5541010604418,578.4116626247619,-6.8005096183827645,-0.19042530432846247,-6.800513056816555,17430.344161773057,0.0,0.2055418267503148,1.9282774277535222,2255743.600971862,633.1786670497614
79600.0,4558654.482451895,94728.12091541871,4558649.427453251,577.4026258238285,1486.5350736196158,577.7316314412947,-6.800107735803611,-0.1901245017351229,-6.80011110930288,17430.344161773057,0.0,0.2055418267503148,1.9282774277535222,2255743.600971862,633.1786670497614
79700.0,4558712.188714605,94876.77347265212,4558707.166616505,576.7226350208493,1486.5160759634116,577.0516403041579,-6.799708814240754,-0.18982959966680335,-6.79971212410758,17430.344161773057,0.0,0.2055418267503148,1.9282774277535222,2255743.600971862,633.1786670497614
79800.0,4558769.826980224,95025.42413158466,4558764.837782636,576.0426839634913,1486.4971075054284,576.3716889189412,-6.799312817366578,-0.18954052525051301,-6.7993160648869555,17430.344161773057,0.0,0.2055418267503148,1.9282774277535222,2255743.600971862,633.1786670497614
79900.0,4558827.397252712,95174.07289510715,4558822.440955604,575.362772361081,1486.4781676665048,575.6917769948433,-6.798919709355842,-0.1892572065691186,-6.798922895799892,17430.344161773057,0.0,0.2055418267503148,1.9282774277535222,2255743.600971862,633.1786670497614
80000.0,4558884.8995360015,95322.71976605285,4558879.9761393415,574.6828999265028,1486.4592558746235,575.0119042446222,-6.798529454878391,-0.18897957264809498,-6.798532581500574,17430.344161773057,0.0,0.2055418267503148,1.9282774277535222,2255743.600971862,633.1786670497614
80100.0,4558942.333833993,95471.36474719814,4558937.44333775,574.0030663761495,1486.4403715648189,574.332070384546,-6.798142019091982,-0.1887075534424893,-6.798145087131296,17430.344161773057,0.0,0.2055418267503148,1.9282774277535222,2255743.600971862,633.1786670497614
80200.0,4558999.700150563,95620.00784126327,4558994.842554705,573.3232714298739,1486.421514179083,573.6522751343446,-6.797757367635188,-0.18844107982403874,-6.797760378315377,17430.344161773057,0.0,0.2055418267503148,1.9282774277535222,2255743.600971862,633.1786670497614
80300.0,4559056.998489557,95768.64905091304,4559052.173794054,572.6435148109415,1486.4026831662761,572.9725182171617,-6.7973754666204815,-0.18818008356854835,-6.797378421150233,17430.344161773057,0.0,0.2055418267503148,1.9282774277535222,2255743.600971862,633.1786670497614
80400.0,4559114.228854794,95917.28837875747,4559109.437059618,571.9637962459828,1486.3838779820358,572.2927993595079,-6.796996282627346,-0.18792449734336994,-6.7969991822004845,17430.344161773057,0.0,0.2055418267503148,1.9282774277535222,2255743.600971862,633.1786670497614
80500.0,4559171.3912500655,96065.92582735248,4559166.632355186,571.2841154649477,1486.365098088689,571.613118291214,-6.796619782695533,-0.18767425469512355,-6.79662262849122,17430.344161773057,0.0,0.2055418267503148,1.9282774277535222,2255743.600971862,633.1786670497614
80600.0,4559228.4856791375,96214.56139920054,4559223.759684526,570.604472201059,1486.3463429551646,570.9334747453861,-6.796245934318421,-0.18742929003756736,-6.796248727501338,17430.344161773057,0.0,0.2055418267503148,1.9282774277535222,2255743.600971862,633.1786670497614
80700.0,4559285.512145747,96363.19509675135,4559280.8190513775,569.924866190768,1486.3276120569071,570.2538684583594,-6.795874705436453,-0.18718953863965312,-6.7958774471569985,17430.344161773057,0.0,0.2055418267503148,1.9282774277535222,2255743.600971862,633.1786670497614
80800.0,4559342.470653608,96511.82692240248,4559337.810459452,569.2452971737096,1486.3089048757918,569.5742991696548,-6.795506064430688,-0.1869549366137403,-6.795508755825158,17430.344161773057,0.0,0.2055418267503148,1.9282774277535222,2255743.600971862,633.1786670497614
80900.0,4559399.361206407,96660.45687850002,4559394.733912436,568.5657648926591,1486.2902209000413,568.8947666219344,-6.795139980116454,-0.18672542090400993,-6.7951426223072255,17430.344161773057,0.0,0.2055418267503148,1.9282774277535222,2255743.600971862,633.1786670497614
81000.0,4559456.183807803,96809.08496733915,4559451.589413992,567.8862690934889,1486.2715596241424,568.215270560959,-6.794776421737095,-0.18650092927503145,-6.794779015832815,17430.344161773057,0.0,0.2055418267503148,1.9282774277535222,2255743.600971862,633.1786670497614
81100.0,4559512.938461433,96957.71119116485,4559508.376967756,567.2068095251254,1486.2529205487651,567.535810735545,-6.794415358957794,-0.18628140030047097,-6.794417906053546,17430.344161773057,0.0,0.2055418267503148,1.9282774277535222,2255743.600971862,633.1786670497614
81200.0,4559569.625170908,97106.33555217247,4559565.096577339,566.5273859395083,1486.2343031806822,566.8563868975233,-6.794056761859499,-0.18606677335199598,-6.794059263036987,17430.344161773057,0.0,0.2055418267503148,1.9282774277535222,2255743.600971862,633.1786670497614
81300.0,4559626.243939812,97254.95805250831,4559621.748246327,565.8479980915482,1486.2157070326894,566.1769988016968,-6.793700600932962,-0.18585698858833144,-6.793703057260681,17430.344161773057,0.0,0.2055418267503148,1.9282774277535222,2255743.600971862,633.1786670497614
81400.0,4559682.7947717095,97403.5786942703,4559678.331978283,565.1686457390866,1486.1971316235279,565.4976462058008,-6.793346847072848,-0.18565198694447713,-6.793349259606254,17430.344161773057,0.0,0.2055418267503148,1.9282774277535222,2255743.600971862,633.1786670497614
81500.0,4559739.277670136,97552.19747950847,4559734.847776744,564.4893286428554,1486.1785764778072,564.8183288704626,-6.792995471571918,-0.18545171012106282,-6.792997841353602,17430.344161773057,0.0,0.2055418267503148,1.9282774277535222,2255743.600971862,633.1786670497614
81600.0,4559795.692638605,97700.81441022565,4559791.295645224,563.8100465664378,1486.1600411259285,564.1390465591613,-6.792646446115326,-0.18525610057387026,-6.792648774175179,17430.344161773057,0.0,0.2055418267503148,1.9282774277535222,2255743.600971862,633.1786670497614
81700.0,4559852.039680609,97849.42948837798,4559847.6755872145,563.1307992762289,1486.1415251040105,563.4597990381901,-6.792299742774988,-0.18506510150349753,-6.792302030130355,17430.344161773057,0.0,0.2055418267503148,1.9282774277535222,2255743.600971862,633.1786670497614
81800.0,4559908.318799612,97998.0427158755,4559903.987606184,562.4515865413975,1486.1230279538147,562.7805860766165,-6.791955334004043,-0.18487865684520224,-6.791957581659904,17430.344161773057,0.0,0.2055418267503148,1.9282774277535222,2255743.600971862,633.1786670497614
81900.0,4559964.529999061,98146.65409458271,4559960.231705574,561.7724081338486,1486.104549222673,562.1014074462454,-6.791613192631387,-0.18469671125884346,-6.7916154015805015,17430.344161773057,0.0,0.2055418267503148,1.9282774277535222,2255743.600971862,633.1786670497614
82000.0,4560020.673282376,98295.2636263191,4560016.407888809,561.0932638281851,1486.0860884634155,561.4222629215815,-6.791273291856312,-0.18451921011900996,-6.7912754630793835,17430.344161773057,0.0,0.2055418267503148,1.9282774277535222,2255743.600971862,633.1786670497614
82100.0,4560076.7486529555,98443.87131285972,4560072.516159288,560.4141534016723,1486.067645234299,560.7431522797922,-6.790935605243163,-0.18434609950524453,-6.79093773970899,17430.344161773057,0.0,0.2055418267503148,1.9282774277535222,2255743.600971862,633.1786670497614
82200.0,4560132.756114177,98592.47715593573,4560128.5565203875,559.7350766342006,1486.0492190989385,560.0640753006719,-6.790600106716168,-0.18417732619246763,-6.790602205381803,17430.344161773057,0.0,0.2055418267503148,1.9282774277535222,2255743.600971862,633.1786670497614
82300.0,4560188.695669397,98741.08115723492,4560184.5289754635,559.0560333082506,1486.030809626236,559.3850317666058,-6.790266770554275,-0.18401283764149154,-6.790268834365172,17430.344161773057,0.0,0.2055418267503148,1.9282774277535222,2255743.600971862,633.1786670497614
82400.0,4560244.567321947,98889.6833184022,4560240.433527849,558.377023208857,1486.0124163903142,558.706021462535,-6.789935571386083,-0.18385258198968263,-6.789937601276247,17430.344161773057,0.0,0.2055418267503148,1.9282774277535222,2255743.600971862,633.1786670497614
82500.0,4560300.371075139,99038.28364104018,4560296.270180856,557.6980461235748,1485.9940389704486,558.0270441759213,-6.7896064841848816,-0.183696508041779,-6.789608481077015,17430.344161773057,0.0,0.2055418267503148,1.9282774277535222,2255743.600971862,633.1786670497614
82600.0,4560356.106932265,99186.88212670964,4560352.038937777,557.0191018424445,1485.975676951001,557.3480996967136,-6.789279484263679,-0.183544565260785,-6.789281449069334,17430.344161773057,0.0,0.2055418267503148,1.9282774277535222,2255743.600971862,633.1786670497614
82700.0,4560411.774896594,99335.47877693003,4560407.739801882,556.3401901579582,1485.9573299213546,556.6691878173135,-6.788954547270434,-0.1833967037590741,-6.788956480890143,17430.344161773057,0.0,0.2055418267503148,1.9282774277535222,2255743.600971862,633.1786670497614
82800.0,4560467.374971376,99484.07359318003,4560463.37277642,555.6613108650272,1485.938997475849,555.9903083325427,-6.78863164918322,-0.18325287428953752,-6.7886335525066475,17430.344161773057,0.0,0.2055418267503148,1.9282774277535222,2255743.600971862,633.1786670497614
82900.0,4560522.90715984,99632.66657689797,4560518.937864621,554.9824637609482,1485.9206792137168,555.3114610396095,-6.788310766305582,-0.18311302823693149,-6.788312640211661,17430.344161773057,0.0,0.2055418267503148,1.9282774277535222,2255743.600971862,633.1786670497614
83000.0,4560578.371465194,99781.25772948236,4560574.435069694,554.3036486453719,1485.9023747390213,554.6326457380773,-6.78799187526186,-0.18297711760928792,-6.787993720618928,17430.344161773057,0.0,0.2055418267503148,1.9282774277535222,2255743.600971862,633.1786670497614
83100.0,4560633.767890628,99929.84705229232,4560629.864394829,553.6248653202704,1485.884083660594,553.9538622298317,-6.787674952992677,-0.18284509502949187,-6.787676770658612,17430.344161773057,0.0,0.2055418267503148,1.9282774277535222,2255743.600971862,633.1786670497614
83200.0,4560689.096439311,100078.43454664813,4560685.225843194,552.9461135899061,1485.8658055919734,553.27511031905,-6.7873599767504045,-0.18271691372695392,-6.787361767572762,17430.344161773057,0.0,0.2055418267503148,1.9282774277535222,2255743.600971862,633.1786670497614
83300.0,4560744.357114393,100227.02021383164,4560740.51941794,552.267393260801,1485.8475401513456,552.59638981217,-6.787046924094772,-0.1825925275294097,-6.787048688910912,17430.344161773057,0.0,0.2055418267503148,1.9282774277535222,2255743.600971862,633.1786670497614
83400.0,4560799.549919005,100375.60405508675,4560795.745122197,551.5887041417058,1485.829286961484,551.917700517859,-6.786735772888482,-0.18247189085482923,-6.786737512525702,17430.344161773057,0.0,0.2055418267503148,1.9282774277535222,2255743.600971862,633.1786670497614
83500.0,4560854.674856256,100524.18607161986,4560850.902959078,550.9100460435699,1485.811045649691,551.2390422469842,-6.786426501292931,-0.18235495870345805,-6.786428216568593,17430.344161773057,0.0,0.2055418267503148,1.9282774277535222,2255743.600971862,633.1786670497614
83600.0,4560909.731929241,100672.76626460033,4560905.992931674,550.231418779512,1485.7928158477407,550.5604148125831,-6.786119087763965,-0.18224168664994356,-6.786120779485627,17430.344161773057,0.0,0.2055418267503148,1.9282774277535222,2255743.600971862,633.1786670497614
83700.0,4560964.721141033,100821.34463516093,4560961.015043061,549.5528221647903,1485.7745971918205,549.8818180298337,-6.785813511047737,-0.1821320308356121,-6.78581518001327,17430.344161773057,0.0,0.2055418267503148,1.9282774277535222,2255743.600971862,633.1786670497614
83800.0,4561019.642494689,100969.92118439825,4561015.969296295,548.8742560167746,1485.7563893224763,549.2032517160262,-6.785509750176569,-0.18202594796081273,-6.785511397174287,17430.344161773057,0.0,0.2055418267503148,1.9282774277535222,2255743.600971862,633.1786670497614
83900.0,4561074.495993245,101118.49591337315,4561070.855694414,548.1957201549167,1485.7381918845558,548.5247156905344,-6.785207784464922,-0.18192339527739435,-6.785209410273702,17430.344161773057,0.0,0.2055418267503148,1.9282774277535222,2255743.600971862,633.1786670497614
84000.0,4561129.281639723,101267.06882311117,4561125.674240437,547.5172144007234,1485.720004527155,547.8462097747877,-6.784907593505402,-0.1818243305812861,-6.784909198894798,17430.344161773057,0.0,0.2055418267503148,1.9282774277535222,2255743.600971862,633.1786670497614
84100.0,4561183.999437124,101415.63991460303,4561180.424937367,546.8387385777286,1485.7018269035627,547.1677337922431,-6.784609157164853,-0.1817287122051964,-6.7846107428952305,17430.344161773057,0.0,0.2055418267503148,1.9282774277535222,2255743.600971862,633.1786670497614
84200.0,4561238.649388431,101564.20918880492,4561235.107788188,546.1602925114655,1485.6836586712084,546.4892875683587,-6.784312455580462,-0.18163649901137335,-6.784314022403093,17430.344161773057,0.0,0.2055418267503148,1.9282774277535222,2255743.600971862,633.1786670497614
84300.0,4561293.231496612,101712.77664663902,4561289.722795867,545.4818760294407,1485.6654994916087,545.810870930566,-6.784017469155966,-0.1815476503845163,-6.784019017813161,17430.344161773057,0.0,0.2055418267503148,1.9282774277535222,2255743.600971862,633.1786670497614
84400.0,4561347.745764617,101861.34228899384,4561344.269963355,544.8034889611071,1485.6473490303163,545.1324837082443,-6.783724178557878,-0.18146212622474928,-6.783725709783092,17430.344161773057,0.0,0.2055418267503148,1.9282774277535222,2255743.600971862,633.1786670497614
84500.0,4561402.192195379,102009.90611672467,4561398.749293583,544.1251311378377,1485.6292069568683,544.4541257326938,-6.7834325647117995,-0.18137988694072138,-6.783434079229749,17430.344161773057,0.0,0.2055418267503148,1.9282774277535222,2255743.600971862,633.1786670497614
84600.0,4561456.5707918145,102158.46813065393,4561453.16078947,543.4468023929005,1485.6110729447357,543.7757968371103,-6.7831426087987685,-0.18130089344278338,-6.783144107325534,17430.344161773057,0.0,0.2055418267503148,1.9282774277535222,2255743.600971862,633.1786670497614
84700.0,4561510.881556822,102307.02833157158,4561507.504453914,542.7685025614327,1485.592946671274,543.0974968565598,-6.782854292251686,-0.1812251071362948,-6.782855775494832,17430.344161773057,0.0,0.2055418267503148,1.9282774277535222,2255743.600971862,633.1786670497614
84800.0,4561565.124493285,102455.58672023551,4561561.7802898,542.0902314804156,1485.574827817673,542.4192256279534,-6.782567596751728,-0.18115248991495467,-6.782569065410406,17430.344161773057,0.0,0.2055418267503148,1.9282774277535222,2255743.600971862,633.1786670497614
84900.0,4561619.299604071,102604.14329737193,4561615.988299993,541.4119889886501,1485.5567160689095,541.7409829900225,-6.782282504224912,-0.1810830041543159,-6.782283958989963,17430.344161773057,0.0,0.2055418267503148,1.9282774277535222,2255743.600971862,633.1786670497614
85000.0,4561673.4068920305,102752.69806367574,4561670.128487345,540.7337749267327,1485.5386111136988,541.0627687832949,-6.781998996838635,-0.18101661270532804,-6.7820004383926955,17430.344161773057,0.0,0.2055418267503148,1.9282774277535222,2255743.600971862,633.1786670497614
85100.0,4561727.446359999,102901.25101981086,4561724.200854692,540.0555891370311,1485.5205126444478,540.3845828500703,-6.781717056998277,-0.18095327888798418,-6.7817184860158894,17430.344161773057,0.0,0.2055418267503148,1.9282774277535222,2255743.600971862,633.1786670497614
85200.0,4561781.418010795,103049.8021664107,4561778.2054048525,539.3774314636605,1485.502420357208,539.706425034397,-6.78143666734389,-0.18089296648507633,-6.781438084491601,17430.344161773057,0.0,0.2055418267503148,1.9282774277535222,2255743.600971862,633.1786670497614
85300.0,4561835.321847223,103198.35150407837,4561832.142140631,538.6993017524607,1485.4843339516294,539.0282951820484,-6.781157810746892,-0.18083563973601874,-6.781159216683347,17430.344161773057,0.0,0.2055418267503148,1.9282774277535222,2255743.600971862,633.1786670497614
85400.0,4561889.1578720715,103346.89903338718,4561886.011064815,538.0211998509728,1485.4662531309164,538.3501931405003,-6.780880470306837,-0.18078126333075858,-6.780881865682888,17430.344161773057,0.0,0.2055418267503148,1.9282774277535222,2255743.600971862,633.1786670497614
85500.0,4561942.926088114,103495.44475488093,4561939.81218018,537.3431256084168,1485.4481776017813,537.6721187589079,-6.780604629348199,-0.18072980240377512,-6.780606014806998,17430.344161773057,0.0,0.2055418267503148,1.9282774277535222,2255743.600971862,633.1786670497614
85600.0,4561996.62649811,103643.98866907426,4561993.5454894835,536.6650788756691,1485.4301070744011,536.9940718880837,-6.780330271417279,-0.18068122252818963,-6.780331647594378,17430.344161773057,0.0,0.2055418267503148,1.9282774277535222,2255743.600971862,633.1786670497614
85700.0,4562050.259104801,103792.53077645299,4562047.210995469,535.9870595052405,1485.4120412623743,536.3160523804752,-6.780057380279043,-0.18063548970989773,-6.780058747802483,17430.344161773057,0.0,0.2055418267503148,1.9282774277535222,2255743.600971862,633.1786670497614
85800.0,4562103.823910918,103941.07107747447,4562100.808700867,535.3090673512544,1485.3939798826766,535.6380600901435,-6.779785939914109,-0.18059257038184098,-6.779787299404528,17430.344161773057,0.0,0.2055418267503148,1.9282774277535222,2255743.600971862,633.1786670497614
85900.0,4562157.320919174,104089.60957256793,4562154.33860839,534.6311022694256,1485.3759226556201,534.9600948727418,-6.77951593451574,-0.18055243139834304,-6.779517286586449,17430.344161773057,0.0,0.2055418267503148,1.9282774277535222,2255743.600971862,633.1786670497614
86000.0,4562210.750132269,104238.14626213479,4562207.800720739,533.9531641170391,1485.3578693048103,534.2821565854939,-6.779247348486842,-0.18051504002948965,-6.779248693743925,17430.344161773057,0.0,0.2055418267503148,1.9282774277535222,2255743.600971862,633.1786670497614
86100.0,4562264.11155289,104386.68114654899,4562261.1950406,533.2752527529292,1485.3398195571049,533.6042450871739,-6.778980166437072,-0.1804803639556407,-6.778981505479481,17430.344161773057,0.0,0.2055418267503148,1.9282774277535222,2255743.600971862,633.1786670497614
86200.0,4562317.405183708,104535.21422615732,4562314.521570645,532.5973680374589,1485.3217731425736,532.9263602380854,-6.7787143731799535,-0.1804483712619909,-6.77871570659959,17430.344161773057,0.0,0.2055418267503148,1.9282774277535222,2255743.600971862,633.1786670497614
86300.0,4562370.631027382,104683.74550127971,4562367.780313532,531.9195098324998,1485.3037297944575,532.2485019000411,-6.778449953730035,-0.18041903043320215,-6.778451282111842,17430.344161773057,0.0,0.2055418267503148,1.9282774277535222,2255743.600971862,633.1786670497614
86400.0,4562423.789086554,104832.27497220963,4562420.971271904,531.2416780014123,1485.2856892491293,531.5706699363433,-6.77818689330009,-0.1803923103481211,-6.778188217222137,17430.344161773057,0.0,0.2055418267503148,1.9282774277535222,2255743.600971862,633.1786670497614
86500.0,4562476.879363856,104980.80263921428,4562474.094448393,530.5638724090256,1485.2676512460546,530.8928642117636,-6.777925177298363,-0.18036818027456233,-6.777926497331934,17430.344161773057,0.0,0.2055418267503148,1.9282774277535222,2255743.600971862,633.1786670497614
86600.0,4562529.901861906,105129.32850253499,4562527.149845617,529.8860929216185,1485.2496155277527,530.215084592524,-6.777664791325861,-0.1803466098641832,-6.7776661080355405,17430.344161773057,0.0,0.2055418267503148,1.9282774277535222,2255743.600971862,633.1786670497614
86700.0,4562582.856583307,105277.8525623875,4562580.137466178,529.2083394068999,1485.231581839759,529.5373309462775,-6.77740572117367,-0.1803275691473995,-6.777407035117419,17430.344161773057,0.0,0.2055418267503148,1.9282774277535222,2255743.600971862,633.1786670497614
86800.0,4562635.743530649,105426.37481896224,4562633.057312668,528.5306117339906,1485.213549930587,528.8596031420891,-6.777147952820313,-0.18031102852839426,-6.777149264549562,17430.344161773057,0.0,0.2055418267503148,1.9282774277535222,2255743.600971862,633.1786670497614
86900.0,4562688.562706511,105574.89527242463,4562685.909387664,527.8529097734039,1485.1955195516914,528.1819010504175,-6.776891472429163,-0.18029695878019203,-6.776892782488884,17430.344161773057,0.0,0.2055418267503148,1.9282774277535222,2255743.600971862,633.1786670497614
87000.0,4562741.314113457,105723.4139229154,4562738.693693731,527.1752333970279,1485.177490457431,527.5042245430966,-6.776636266345877,-0.18028533103979727,-6.776637575274669,17430.344161773057,0.0,0.2055418267503148,1.9282774277535222,2255743.600971862,633.1786670497614
87100.0,4562793.997754039,105871.93077055084,4562791.410233421,526.4975824781071,1485.1594624050335,526.8265734933173,-6.776382321095857,-0.18027611680339384,-6.776383629426027,17430.344161773057,0.0,0.2055418267503148,1.9282774277535222,2255743.600971862,633.1786670497614
87200.0,4562846.613630797,106020.44581542313,4562844.0590092745,525.8199568912244,1485.1414351545588,526.1489477756095,-6.776129623381784,-0.18026928792163022,-6.77613093163942,17430.344161773057,0.0,0.2055418267503148,1.9282774277535222,2255743.600971862,633.1786670497614
87300.0,4562899.161746257,106168.95905760057,4562896.640023817,525.1423565122838,1485.1234084688645,525.4713472658251,-6.775878160081158,-0.18026481659495866,-6.7758794687862105,17430.344161773057,0.0,0.2055418267503148,1.9282774277535222,2255743.600971862,633.1786670497614
87400.0,4562951.642102935,106317.47049712791,4562949.153279564,524.4647812184928,1485.1053821135702,524.7937718411199,-6.775627918243874,-0.18026267536902177,-6.775629227910228,17430.344161773057,0.0,0.2055418267503148,1.9282774277535222,2255743.600971862,633.1786670497614
87500.0,4563004.054703333,106465.98013402658,4563001.598779018,523.7872308883457,1485.0873558570247,524.1162213799369,-6.775378885089843,-0.18026283713014019,-6.775380196225396,17430.344161773057,0.0,0.2055418267503148,1.9282774277535222,2255743.600971862,633.1786670497614
87600.0,4563056.3995499415,106614.48796829498,4563053.976524669,523.109705401606,1485.0693294702708,523.4386957619893,-6.77513104800666,-0.18026527510083554,-6.775132361113397,17430.344161773057,0.0,0.2055418267503148,1.9282774277535222,2255743.600971862,633.1786670497614
87700.0,4563108.676645238,106762.99399990875,4563106.286518995,522.4322046392904,1485.0513027270126,522.7611948682437,-6.774884394547271,-0.18026996283541719,-6.774885710121335,17430.344161773057,0.0,0.2055418267503148,1.9282774277535222,2255743.600971862,633.1786670497614
87800.0,4563160.88599169,106911.49822882104,4563158.528764463,521.754728483652,1485.0332754035824,522.0837185809041,-6.77463891242769,-0.18027687421563024,-6.774640230959458,17430.344161773057,0.0,0.2055418267503148,1.9282774277535222,2255743.600971862,633.1786670497614
87900.0,4563213.027591751,107060.00065496276,4563210.703263528,521.0772768181644,1485.015247278908,521.4062667833953,-6.774394589524791,-0.1802859834463927,-6.77439591149894,17430.344161773057,0.0,0.2055418267503148,1.9282774277535222,2255743.600971862,633.1786670497614
88000.0,4563265.101447865,107208.50127824282,4563262.810018633,520.3998495275055,1484.9972181344808,520.7288393603468,-6.774151413874041,-0.18029726505153798,-6.774152739769624,17430.344161773057,0.0,0.2055418267503148,1.9282774277535222,2255743.600971862,633.1786670497614
88100.0,4563317.107562465,107357.00009854845,4563314.849032208,519.7224464975417,1484.9791877543241,520.0514361975776,-6.773909373667344,-0.18031069386965215,-6.773910703957855,17430.344161773057,0.0,0.2055418267503148,1.9282774277535222,2255743.600971862,633.1786670497614
88200.0,4563369.045937969,107505.49711574537,4563366.820306676,519.0450676153125,1484.9611559249618,519.3740571820802,-6.7736684572508965,-0.18032624504997552,-6.773669792404342,17430.344161773057,0.0,0.2055418267503148,1.9282774277535222,2255743.600971862,633.1786670497614
88300.0,4563420.916576789,107653.99232967809,4563418.723844446,518.3677127690154,1484.9431224353873,518.6967022020052,-6.773428653123045,-0.18034389404832324,-6.773429993602012,17430.344161773057,0.0,0.2055418267503148,1.9282774277535222,2255743.600971862,633.1786670497614
88400.0,4563472.719481321,107802.48574017014,4563470.559647915,517.6903818479902,1484.9250870770334,518.0193711466468,-6.773189949932216,-0.18036361662310546,-6.773191296193936,17430.344161773057,0.0,0.2055418267503148,1.9282774277535222,2255743.600971862,633.1786670497614
88500.0,4563524.454653952,107950.97734702432,4563522.32771947,517.0130747427047,1484.9070496437419,517.3420639064271,-6.772952336474848,-0.18038538883136832,-6.772953688971262,17430.344161773057,0.0,0.2055418267503148,1.9282774277535222,2255743.600971862,633.1786670497614
88600.0,4563576.122097059,108099.46715002293,4563574.028061487,516.3357913447395,1484.8890099317346,516.664780372882,-6.772715801693364,-0.18040918702490943,-6.772717160871194,17430.344161773057,0.0,0.2055418267503148,1.9282774277535222,2255743.600971862,633.1786670497614
88700.0,4563627.721813007,108247.955148928,4563625.660676331,515.658531546774,1484.870967739583,515.9875204386462,-6.772480334674154,-0.18043498784643047,-6.772481700974961,17430.344161773057,0.0,0.2055418267503148,1.9282774277535222,2255743.600971862,633.1786670497614
88800.0,4563679.253804151,108396.44134348154,4563677.225566357,514.9812952425718,1484.8529228681803,515.3102839974396,-6.772245924645641,-0.18046276822576593,-6.7722472985058895,17430.344161773057,0.0,0.2055418267503148,1.9282774277535222,2255743.600971862,633.1786670497614
88900.0,4563730.718072835,108544.92573340576,4563728.72273391,514.3040823269664,1484.8348751207125,514.6330709440522,-6.772012560976282,-0.18049250537612868,-6.772013942827403,17430.344161773057,0.0,0.2055418267503148,1.9282774277535222,2255743.600971862,633.1786670497614
89000.0,4563782.114621392,108693.40831840332,4563780.152181323,513.6268926958478,1484.81682430263,513.9558811743311,-6.7717802331726995,-0.18052417679045046,-6.771781623441157,17430.344161773057,0.0,0.2055418267503148,1.9282774277535222,2255743.600971862,633.1786670497614
89100.0,4563833.443452147,108841.88909815752,4563831.513910918,512.9497262461484,1484.7987702216203,513.2787145851664,-6.7715489308777705,-0.18055776023772957,-6.771550329985114,17430.344161773057,0.0,0.2055418267503148,1.9282774277535222,2255743.600971862,633.1786670497614
89200.0,4563884.704567411,108990.36807233255,4563882.807925008,512.2725828758296,1484.7807126875803,512.6015710744775,-6.771318643868771,-0.18059323375946354,-6.771320052231699,17430.344161773057,0.0,0.2055418267503148,1.9282774277535222,2255743.600971862,633.1786670497614
89300.0,4563935.897969488,109138.84524057368,4563934.034225898,511.5954624838683,1484.7626515125892,511.9244505412,-6.771089362055527,-0.18063057566610072,-6.771090780085951,17430.344161773057,0.0,0.2055418267503148,1.9282774277535222,2255743.600971862,633.1786670497614
89400.0,4563987.023660671,109287.3206025075,4563985.192815879,510.91836497024406,1484.7445865108818,511.24735288527233,-6.7708610754786225,-0.18066976453356565,-6.770862503583722,17430.344161773057,0.0,0.2055418267503148,1.9282774277535222,2255743.600971862,633.1786670497614
89500.0,4564038.081643241,109435.79415774217,4564036.2836972345,510.2412902359258,1484.7265174988227,510.5702780076231,-6.770633774307615,-0.1807107791998211,-6.770635212889893,17430.344161773057,0.0,0.2055418267503148,1.9282774277535222,2255743.600971862,633.1786670497614
89600.0,4564089.071919474,109584.26590586753,4564087.306872237,509.56423818285924,1484.708444294879,509.8932258101578,-6.770407448839268,-0.18075359876146666,-6.7704088982966075,17430.344161773057,0.0,0.2055418267503148,1.9282774277535222,2255743.600971862,633.1786670497614
89700.0,4564139.994491631,109732.73584645543,4564138.262343149,508.88720871395395,1484.6903667195957,509.2161961957466,-6.7701820894958145,-0.1807982025704025,-6.770183550221542,17430.344161773057,0.0,0.2055418267503148,1.9282774277535222,2255743.600971862,633.1786670497614
89800.0,4564190.849361966,109881.20397905982,4564189.150112225,508.2102017330712,1484.67228459557,508.5391890682116,-6.769957686823266,-0.1808445702305298,-6.769959159206202,17430.344161773057,0.0,0.2055418267503148,1.9282774277535222,2255743.600971862,633.1786670497614
89900.0,4564241.636532724,110029.67030321706,4564239.970181708,507.53321714501146,1484.6541977474265,507.8622043323147,-6.769734231489719,-0.18089268159449087,-6.769735715914232,17430.344161773057,0.0,0.2055418267503148,1.9282774277535222,2255743.600971862,633.1786670497614
90000.0,4564292.356006139,110178.13481844605,4564290.722553834,506.85625485550247,1484.6361060017914,507.18524189374534,-6.769511714283681,-0.18094251676045817,-6.769513211129745,17430.344161773057,0.0,0.2055418267503148,1.9282774277535222,2255743.600971862,633.1786670497614
90100.0,4564343.0077844355,110326.59752424846,4564341.407230827,506.179314771187,1484.6180091872698,506.50830165910855,-6.769290126112467,-0.18099405606897878,-6.769291635755711,17430.344161773057,0.0,0.2055418267503148,1.9282774277535222,2255743.600971862,633.1786670497614
90200.0,4564393.59186983,110475.0584201089,4564392.024214903,505.50239679961146,1484.5999071344204,505.8313835359133,-6.769069458000555,-0.18104728009983634,-6.7690709808123195,17430.344161773057,0.0,0.2055418267503148,1.9282774277535222,2255743.600971862,633.1786670497614
90300.0,4564444.108264529,110623.51750549514,4564442.573508268,504.82550084921377,1484.581799675732,505.15448743256064,-6.768849701088017,-0.18110216966898204,-6.768851237435406,17430.344161773057,0.0,0.2055418267503148,1.9282774277535222,2255743.600971862,633.1786670497614
90400.0,4564494.55697073,110771.97477985833,4564493.05511312,504.1486268293122,1484.5636866456007,504.47761325833244,-6.76863084662894,-0.18115870582548513,-6.768632396874868,17430.344161773057,0.0,0.2055418267503148,1.9282774277535222,2255743.600971862,633.1786670497614
90500.0,4564544.937990623,110920.4302426331,4564543.469031648,503.47177465009406,1484.545567880305,503.8007609233798,-6.768412885989874,-0.181216869848535,-6.768414450493124,17430.344161773057,0.0,0.2055418267503148,1.9282774277535222,2255743.600971862,633.1786670497614
90600.0,4564595.251326385,111068.88389323783,4564593.81526603,502.7949442226044,1484.5274432179854,503.12393033871217,-6.768195810648334,-0.18127664324449336,-6.768197389763599,17430.344161773057,0.0,0.2055418267503148,1.9282774277535222,2255743.600971862,633.1786670497614
90700.0,4564645.496980188,111217.3357310748,4564644.093818437,502.118135458735,1484.5093124986197,502.447121416186,-6.7679796121912705,-0.18133800774396666,-6.767981206269212,17430.344161773057,0.0,0.2055418267503148,1.9282774277535222,2255743.600971862,633.1786670497614
90800.0,4564695.6749541955,111365.78575553038,4564694.3046910325,501.4413482712136,1484.4911755640017,501.7703340684942,-6.76776428231361,-0.18140094529893033,-6.7677658917009005,17430.344161773057,0.0,0.2055418267503148,1.9282774277535222,2255743.600971862,633.1786670497614
90900.0,4564745.785250559,111514.2339659752,4564744.447885968,500.76458257359303,1484.4730322577193,501.09356820915514,-6.767549812816776,-0.18146543807988919,-6.767551437856148,17430.344161773057,0.0,0.2055418267503148,1.9282774277535222,2255743.600971862,633.1786670497614
91000.0,4564795.827871424,111662.68036176437,4564794.523405388,500.08783828024076,1484.4548824251322,500.4168237525022,-6.76733619560727,-0.1815314684730805,-6.767337836637566,17430.344161773057,0.0,0.2055418267503148,1.9282774277535222,2255743.600971862,633.1786670497614
91100.0,4564845.802818926,111811.12494223758,4564844.531251429,499.41111530632844,1484.436725913351,499.7401006136733,-6.767123422695239,-0.18159901907770504,-6.767125080051455,17430.344161773057,0.0,0.2055418267503148,1.9282774277535222,2255743.600971862,633.1786670497614
91200.0,4564895.710095193,111959.56770671936,4564894.471426218,498.7344135678215,1484.418562571216,499.06339870860063,-6.766911486193076,-0.1816680727031998,-6.766913160206416,17430.344161773057,0.0,0.2055418267503148,1.9282774277535222,2255743.600971862,633.1786670497614
91300.0,4564945.549702344,112108.00865451917,4564944.343931875,498.05773298146914,1484.400392249276,498.38671795400046,-6.766700378314052,-0.18173861236655586,-6.766702069311964,17430.344161773057,0.0,0.2055418267503148,1.9282774277535222,2255743.600971862,633.1786670497614
91400.0,4564995.321642492,112256.44778493163,4564994.148770511,497.38107346479427,1484.3822147997676,497.710058267363,-6.766490091370944,-0.18181062128965678,-6.766491799677172,17430.344161773057,0.0,0.2055418267503148,1.9282774277535222,2255743.600971862,633.1786670497614
91500.0,4565045.025917738,112404.88509723666,4565043.885944229,496.7044349360835,1484.3640300765953,497.0334195669429,-6.7662806177747195,-0.18188408289667546,-6.766282343709341,17430.344161773057,0.0,0.2055418267503148,1.9282774277535222,2255743.600971862,633.1786670497614
91600.0,4565094.662530176,112553.32059069967,4565093.555455122,496.02781731437756,1484.3458379353115,496.3568017717489,-6.766071950033174,-0.18195898081147083,-6.766073693912655,17430.344161773057,0.0,0.2055418267503148,1.9282774277535222,2255743.600971862,633.1786670497614
91700.0,4565144.231481895,112701.75426457169,4565143.157305278,495.35122051946166,1484.3276382330957,495.6802048015348,-6.765864080749664,-0.18203529885505854,-6.765865842886888,17430.344161773057,0.0,0.2055418267503148,1.9282774277535222,2255743.600971862,633.1786670497614
91800.0,4565193.732774972,112850.18611808955,4565192.691496775,494.67464447185586,1484.309430828736,495.0036285767895,-6.7656570026218095,-0.1821130210430888,-6.765658783326135,17430.344161773057,0.0,0.2055418267503148,1.9282774277535222,2255743.600971862,633.1786670497614
91900.0,4565243.166411478,112998.61615047604,4565242.1580316825,493.99808909280586,1484.2912155826089,494.3270730187279,-6.765450708440232,-0.18219213158337252,-6.7654525080175265,17430.344161773057,0.0,0.2055418267503148,1.9282774277535222,2255743.600971862,633.1786670497614
92000.0,4565292.532393477,113147.04436094007,4565291.556912065,493.3215543042736,1484.272992356661,493.6505380492817,-6.765245191087283,-0.18227261487342297,-6.765247009839966,17430.344161773057,0.0,0.2055418267503148,1.9282774277535222,2255743.600971862,633.1786670497614
92100.0,4565341.830723023,113295.47074867682,4565340.888139976,492.6450400289284,1484.2547610143897,492.97402359109,-6.765040443535852,-0.1823544554980582,-6.76504228176294,17430.344161773057,0.0,0.2055418267503148,1.9282774277535222,2255743.600971862,633.1786670497614
92200.0,4565391.061402164,113443.8953128679,4565390.151717464,491.9685461901377,1484.2365214208246,492.2975295674905,-6.764836458848131,-0.18243763822701148,-6.764838316845271,17430.344161773057,0.0,0.2055418267503148,1.9282774277535222,2255743.600971862,633.1786670497614
92300.0,4565440.224432941,113592.31805268148,4565439.347646569,491.2920727119584,1484.2182734425091,491.6210559025108,-6.7646332301744145,-0.1825221480125837,-6.76463510823393,17430.344161773057,0.0,0.2055418267503148,1.9282774277535222,2255743.600971862,633.1786670497614
92400.0,4565489.319817384,113740.7389672725,4565488.475929322,490.61561951912785,1484.2000169474825,490.9446025208592,-6.764430750751918,-0.18260796998732112,-6.7644326491628535,17430.344161773057,0.0,0.2055418267503148,1.9282774277535222,2255743.600971862,633.1786670497614
92500.0,4565538.347557519,113889.15805578274,4565537.536567747,489.9391865370556,1484.1817518052617,490.26816934791634,-6.764229013903636,-0.1826950894617384,-6.764230932951784,17430.344161773057,0.0,0.2055418267503148,1.9282774277535222,2255743.600971862,633.1786670497614
92600.0,4565587.307655362,114037.57531734102,4565586.529563862,489.2627736918145,1484.163477886824,489.59175630972675,-6.764028013037179,-0.18278349192205454,-6.764029953005127,17430.344161773057,0.0,0.2055418267503148,1.9282774277535222,2255743.600971862,633.1786670497614
92700.0,4565636.200112926,114185.99075106332,4565635.454919677,488.5863809101325,1484.1451950645892,488.9153633329903,-6.7638277416436265,-0.18287316302796178,-6.763829702810795,17430.344161773057,0.0,0.2055418267503148,1.9282774277535222,2255743.600971862,633.1786670497614
92800.0,4565685.024932211,114334.40435605294,4565684.312637195,487.9100081193843,1484.1269032124026,488.23899034505394,-6.7636281932964515,-0.18296408861044736,-6.763630175939128,17430.344161773057,0.0,0.2055418267503148,1.9282774277535222,2255743.600971862,633.1786670497614
92900.0,4565733.782115214,114482.81613140064,4565733.10271841,487.2336552475833,1484.108602205518,487.5626372739034,-6.763429361650386,-0.18305625466960873,-6.763431366041766,17430.344161773057,0.0,0.2055418267503148,1.9282774277535222,2255743.600971862,633.1786670497614
93000.0,4565782.471663922,114631.22607618477,4565781.825165311,486.55732222337315,1484.0902919205807,486.88630404815547,-6.763231240440349,-0.18314964737252054,-6.763233266850572,17430.344161773057,0.0,0.2055418267503148,1.9282774277535222,2255743.600971862,633.1786670497614
93100.0,4565831.093580318,114779.63418947141,4565830.479979878,485.88100897602027,1484.0719722356112,486.2099905970495,-6.76303382348039,-0.18324425305113257,-6.763035872176575,17430.344161773057,0.0,0.2055418267503148,1.9282774277535222,2255743.600971862,633.1786670497614
93200.0,4565879.647866374,114928.04047031453,4565879.067164087,485.2047154354057,1484.0536430299883,485.53369685044004,-6.762837104662605,-0.1833400582001744,-6.762839175908888,17430.344161773057,0.0,0.2055418267503148,1.9282774277535222,2255743.600971862,633.1786670497614
93300.0,4565928.134524059,115076.44491775607,4565927.586719903,484.52844153201744,1484.0353041844337,484.8574227387887,-6.762641077956131,-0.18343704947511388,-6.762643172013699,17430.344161773057,0.0,0.2055418267503148,1.9282774277535222,2255743.600971862,633.1786670497614
93400.0,4565976.553555332,115224.84753082615,4565976.038649287,483.8521871969427,1484.0169555809955,484.18116819315685,-6.762445737406094,-0.18353521369012143,-6.76244785453322,17430.344161773057,0.0,0.2055418267503148,1.9282774277535222,2255743.600971862,633.1786670497614
93500.0,4566024.904962148,115373.24830854313,4566024.422954191,483.1759523618604,1483.9985971030321,483.50493314519775,-6.762251077132616,-0.18363453781607786,-6.76225321758469,17430.344161773057,0.0,0.2055418267503148,1.9282774277535222,2255743.600971862,633.1786670497614
93600.0,4566073.188746452,115521.64724991377,4566072.739636564,482.4997369590339,1483.9802286351978,482.82871752714925,-6.762057091329805,-0.18373500897859268,-6.762059255359379,17430.344161773057,0.0,0.2055418267503148,1.9282774277535222,2255743.600971862,633.1786670497614
93700.0,4566121.404910185,115670.04435393338,4566120.988698343,481.8235409213033,1483.961850063426,482.1525212718264,-6.76186377426479,-0.18383661445606864,-6.761865962121601,17430.344161773057,0.0,0.2055418267503148,1.9282774277535222,2255743.600971862,633.1786670497614
93800.0,4566169.55345528,115818.4396195859,4566169.170141461,481.14736418207843,1483.9434612749153,481.47634431261423,-6.761671120276729,-0.18393934167776768,-6.761673332207738,17430.344161773057,0.0,0.2055418267503148,1.9282774277535222,2255743.600971862,633.1786670497614
93900.0,4566217.634383663,115966.83304584408,4566217.283967846,480.47120667533176,1483.9250621581134,480.8001865834606,-6.761479123775867,-0.18404317822192257,-6.76148136002529,17430.344161773057,0.0,0.2055418267503148,1.9282774277535222,2255743.600971862,633.1786670497614
94000.0,4566265.647697254,116115.22463166957,4566265.330179417,479.79506833559105,1483.906652602703,480.12404801886896,-6.761287779242594,-0.18414811181386487,-6.761290040051934,17430.344161773057,0.0,0.2055418267503148,1.9282774277535222,2255743.600971862,633.1786670497614
94100.0,4566313.593397967,116263.61437601304,4566313.308778087,479.1189490979327,1483.8882324995868,479.4479285538917,-6.7610970812265165,-0.1842541303241809,-6.761099366834597,17430.344161773057,0.0,0.2055418267503148,1.9282774277535222,2255743.600971862,633.1786670497614
94200.0,4566361.471487708,116412.0022778143,4566361.219765762,478.44284889797467,1483.8698017408738,478.77182812412303,-6.760907024345539,-0.18436122176688835,-6.760909334988532,17430.344161773057,0.0,0.2055418267503148,1.9282774277535222,2255743.600971862,633.1786670497614
94300.0,4566409.281968379,116560.38833600246,4566409.063144344,477.7667676718697,1483.8513602198639,478.0957466656923,-6.760717603284952,-0.18446937429763666,-6.760719939196415,17430.344161773057,0.0,0.2055418267503148,1.9282774277535222,2255743.600971862,633.1786670497614
94400.0,4566457.024841874,116708.772549496,4566456.838915725,477.09070535629866,1483.8329078310348,477.41968411525704,-6.760528812796549,-0.1845785762119362,-6.760531174207454,17430.344161773057,0.0,0.2055418267503148,1.9282774277535222,2255743.600971862,633.1786670497614
94500.0,4566504.70011008,116857.15491720292,4566504.547081795,476.4146618884641,1483.8144444700276,476.7436404099969,-6.7603406476977606,-0.18468881594341074,-6.760343034836519,17430.344161773057,0.0,0.2055418267503148,1.9282774277535222,2255743.600971862,633.1786670497614
94600.0,4566552.307774878,117005.53543802083,4566552.187644433,475.7386372060834,1483.7959700336332,476.06761548760653,-6.7601531028707535,-0.1848000820620623,-6.760155515963256,17430.344161773057,0.0,0.2055418267503148,1.9282774277535222,2255743.600971862,633.1786670497614
94700.0,4566599.847838145,117153.91411083707,4566599.760605516,475.06263124738274,1483.7774844197788,475.39160928628957,-6.759966173261616,-0.18491236327257482,-6.759968612531257,17430.344161773057,0.0,0.2055418267503148,1.9282774277535222,2255743.600971862,633.1786670497614
94800.0,4566647.32030175,117302.29093452884,4566647.265966912,474.38664395109026,1483.7589875275146,474.71562174475207,-6.759779853879478,-0.1850256484126257,-6.759782319547181,17430.344161773057,0.0,0.2055418267503148,1.9282774277535222,2255743.600971862,633.1786670497614
94900.0,4566694.725167556,117450.6659079633,4566694.7037304845,473.7106752564303,1483.7404792569998,474.0396528021963,-6.759594139795715,-0.18513992645123292,-6.759596632079971,17430.344161773057,0.0,0.2055418267503148,1.9282774277535222,2255743.600971862,633.1786670497614
95000.0,4566742.06243742,117599.03902999767,4566742.07389809,473.03472510311684,1483.7219595094912,473.36370239831456,-6.7594090261430955,-0.18525518648710898,-6.7594115452599794,17430.344161773057,0.0,0.2055418267503148,1.9282774277535222,2255743.600971862,633.1786670497614
95100.0,4566789.332113192,117747.41029947936,4566789.37647158,472.3587934313476,1483.7034281873284,472.6877704732831,-6.759224508114999,-0.1853714177470525,-6.759227054278213,17430.344161773057,0.0,0.2055418267503148,1.9282774277535222,2255743.600971862,633.1786670497614
95200.0,4566836.5341967195,117895.77971524608,4566836.611452798,471.68288018179794,1483.6848851939226,472.011856967756,-6.7590405809646095,-0.1854886095843506,-6.759043154385497,17430.344161773057,0.0,0.2055418267503148,1.9282774277535222,2255743.600971862,633.1786670497614
95300.0,4566883.6686898405,118044.14727612592,4566883.778843585,471.00698529561504,1483.666330433743,471.3359618228594,-6.758857240004111,-0.18560675147719538,-6.758859840891694,17430.344161773057,0.0,0.2055418267503148,1.9282774277535222,2255743.600971862,633.1786670497614
95400.0,4566930.735594389,118192.51298093746,4566930.878645773,470.3311087144118,1483.6477638123054,470.6600849801855,-6.758674480603951,-0.18572583302714762,-6.7586771091649505,17430.344161773057,0.0,0.2055418267503148,1.9282774277535222,2255743.600971862,633.1786670497614
95500.0,4566977.7349121915,118340.8768284899,4566977.9108611895,469.65525038026135,1483.6291852361585,469.98422638178675,-6.75849229819203,-0.18584584395758666,-6.758494954630898,17430.344161773057,0.0,0.2055418267503148,1.9282774277535222,2255743.600971862,633.1786670497614
95600.0,4567024.666645071,118489.23881758313,4567024.875491655,468.97941023569103,1483.6105946128732,469.3083859701702,-6.758310688252994,-0.1859667741122114,-6.758313372771937,17430.344161773057,0.0,0.2055418267503148,1.9282774277535222,2255743.600971862,633.1786670497614
95700.0,4567071.530794843,118637.59894700786,4567071.772538988,468.303588223677,1483.59199185103,468.63256368829195,-6.758129646327448,-0.18608861345353325,-6.758132359126455,17430.344161773057,0.0,0.2055418267503148,1.9282774277535222,2255743.600971862,633.1786670497614
95800.0,4567118.327363318,118785.95721554571,4567118.602004996,467.62778428763863,1483.573376860207,467.9567594795514,-6.75794916801125,-0.1862113520614162,-6.757951909288116,17430.344161773057,0.0,0.2055418267503148,1.9282774277535222,2255743.600971862,633.1786670497614
95900.0,4567165.056352301,118934.3136219693,4567165.363891484,466.95199837143286,1483.5547495509688,467.28097328778586,-6.757769248954782,-0.18633498013161115,-6.757772018905137,17430.344161773057,0.0,0.2055418267503148,1.9282774277535222,2255743.600971862,633.1786670497614
96000.0,4567211.717763591,119082.66816504234,4567212.058200252,466.27623041934896,1483.5361098348549,466.60520505726515,-6.757589884862228,-0.18645948797432693,-6.757592683679557,17430.344161773057,0.0,0.2055418267503148,1.9282774277535222,2255743.600971862,633.1786670497614
96100.0,4567258.311598982,119231.02084351979,4567258.684933092,465.6004803761031,1483.5174576243676,465.9294547326862,-6.757411071490882,-0.18658486601281196,-6.757413899366555,17430.344161773057,0.0,0.2055418267503148,1.9282774277535222,2255743.600971862,633.1786670497614
96200.0,4567304.837860261,119379.37165614785,4567305.244091794,464.92474818683314,1483.4987928329615,465.2537222591679,-6.757232804650423,-0.18671110478195038,-6.757235661773724,17430.344161773057,0.0,0.2055418267503148,1.9282774277535222,2255743.600971862,633.1786670497614
96300.0,4567351.296549212,119527.72060166416,4567351.735678138,464.2490337970933,1483.4801153750323,464.57800758224556,-6.757055080202296,-0.1868381949268966,-6.757057966760436,17430.344161773057,0.0,0.2055418267503148,1.9282774277535222,2255743.600971862,633.1786670497614
96400.0,4567397.687667612,119676.06767879782,4567398.159693902,463.5733371528492,1483.4614251659054,463.9023106478662,-6.75687789405896,-0.18696612720169514,-6.756880810237105,17430.344161773057,0.0,0.2055418267503148,1.9282774277535222,2255743.600971862,633.1786670497614
96500.0,4567444.011217233,119824.4128862695,4567444.516140858,462.8976582004726,1483.4427221218257,463.2266314023832,-6.756701242183272,-0.18709489246794975,-6.75670418816457,17430.344161773057,0.0,0.2055418267503148,1.9282774277535222,2255743.600971862,633.1786670497614
96600.0,4567490.26719984,119972.75622279159,4567490.805020771,462.2219968867366,1483.4240061599467,462.5509697925513,-6.756525120587817,-0.18722448169349198,-6.756528096553421,17430.344161773057,0.0,0.2055418267503148,1.9282774277535222,2255743.600971862,633.1786670497614
96700.0,4567536.455617196,120121.09768706818,4567537.026335402,461.54635315881035,1483.4052771983195,461.87532576552184,-6.756349525334245,-0.18735488595106806,-6.756352531463333,17430.344161773057,0.0,0.2055418267503148,1.9282774277535222,2255743.600971862,633.1786670497614
96800.0,4567582.576471056,120269.43727779522,4567583.180086508,460.8707269642547,1483.386535155883,461.1996992688377,-6.7561744525326635,-0.18748609641705605,-6.756177489002465,17430.344161773057,0.0,0.2055418267503148,1.9282774277535222,2255743.600971862,633.1786670497614
96900.0,4567628.629763171,120417.77499366064,4567629.266275839,460.1951182510169,1483.3677799524532,460.52409025042857,-6.75599989834097,-0.18761810437017742,-6.756002965326785,17430.344161773057,0.0,0.2055418267503148,1.9282774277535222,2255743.600971862,633.1786670497614
97000.0,4567674.615495287,120566.11083334437,4567675.284905139,459.51952696742603,1483.3490115087134,459.8484986586061,-6.755825858964265,-0.18775090119025176,-6.7558289566394905,17430.344161773057,0.0,0.2055418267503148,1.9282774277535222,2255743.600971862,633.1786670497614
97100.0,4567720.533669144,120714.44479551843,4567721.23597615,458.8439530621885,1483.3302297462037,459.1729244420594,-6.755652330654199,-0.187884478356938,-6.755655459190347,17430.344161773057,0.0,0.2055418267503148,1.9282774277535222,2255743.600971862,633.1786670497614
97200.0,4567766.384286477,120862.77687884706,4567767.119490606,458.1683964843831,1483.3114345873114,458.49736754985025,-6.755479309708423,-0.18801882744852758,-6.7554824692751465,17430.344161773057,0.0,0.2055418267503148,1.9282774277535222,2255743.600971862,633.1786670497614
97300.0,4567812.167349017,121011.10708198677,4567812.935450236,457.49285718345664,1483.2926259552607,457.82182793140856,-6.7553067924699315,-0.1881539401407148,-6.755309983235039,17430.344161773057,0.0,0.2055418267503148,1.9282774277535222,2255743.600971862,633.1786670497614
97400.0,4567857.882858489,121159.43540358647,4567858.683856767,456.81733510921936,1483.2738037741042,457.1463055365279,-6.755134775326524,-0.18828980820541424,-6.75513799745601,17430.344161773057,0.0,0.2055418267503148,1.9282774277535222,2255743.600971862,633.1786670497614
97500.0,4567903.530816612,121307.76184228745,4567904.364711916,456.1418302118405,1483.2549679687118,456.47080031536103,-6.754963254710179,-0.1884264235095734,-6.754966508368236,17430.344161773057,0.0,0.2055418267503148,1.9282774277535222,2255743.600971862,633.1786670497614
97600.0,4567949.111225102,121456.0863967236,4567949.9780174,455.46634244184395,1483.2361184647623,455.79531221841546,-6.75479222709652,-0.18856377801401367,-6.7547955124455665,17430.344161773057,0.0,0.2055418267503148,1.9282774277535222,2255743.600971862,633.1786670497614
97700.0,4567994.624085669,121604.40906552134,4567995.523774928,454.79087175010386,1483.2172551887338,455.1198411965492,-6.754621689004236,-0.18870186377227965,-6.754625006204934,17430.344161773057,0.0,0.2055418267503148,1.9282774277535222,2255743.600971862,633.1786670497614
97800.0,4568040.06940002,121752.72984729984,4568041.0019862065,454.1154180878404,1483.1983780678945,454.44438720096645,-6.7544516369945065,-0.18884067292950035,-6.75445498620578,17430.344161773057,0.0,0.2055418267503148,1.9282774277535222,2255743.600971862,633.1786670497614
97900.0,4568085.447169853,121901.04874067102,4568086.412652935,453.43998140661546,1483.1794870302936,453.7689501832133,-6.754282067670493,-0.18898019772127947,-6.7542854490495525,17430.344161773057,0.0,0.2055418267503148,1.9282774277535222,2255743.600971862,633.1786670497614
98000.0,4568130.757396866,122049.36574423964,4568131.755776808,452.76456165832866,1483.1605820047519,453.0935300951737,-6.754112977676758,-0.18912043047258106,-6.7541163913791165,17430.344161773057,0.0,0.2055418267503148,1.9282774277535222,2255743.600971862,633.1786670497614
98100.0,4568176.000082748,122197.68085660336,4568177.031359516,452.089158795213,1483.1416629208534,452.4181268890652,-6.753944363698734,-0.18926136359663606,-6.753947809878226,17430.344161773057,0.0,0.2055418267503148,1.9282774277535222,2255743.600971862,633.1786670497614
98200.0,4568221.175229186,122345.99407635287,4568222.239402747,451.4137727698309,1483.1227297089367,451.742740517435,-6.753776222462233,-0.18940298959387922,-6.753779701271036,17430.344161773057,0.0,0.2055418267503148,1.9282774277535222,2255743.600971862,633.1786670497614
98300.0,4568266.282837862,122494.30540207191,4568267.37990818,450.73840353507035,1483.103782300086,451.0673709331558,-6.7536085507328725,-0.18954530105087003,-6.753612062321526,17430.344161773057,0.0,0.2055418267503148,1.9282774277535222,2255743.600971862,633.1786670497614
98400.0,4568311.322910451,122642.61483233738,4568312.452877492,450.06305104414065,1483.0848206261223,450.39201808942204,-6.753441345315611,-0.18968829063925613,-6.753444889833034,17430.344161773057,0.0,0.2055418267503148,1.9282774277535222,2255743.600971862,633.1786670497614
98500.0,4568356.295448627,122790.92236571938,4568357.458312354,449.38771525056876,1483.0658446195953,449.7166819397458,-6.753274603054201,-0.18983195111472662,-6.753278180647709,17430.344161773057,0.0,0.2055418267503148,1.9282774277535222,2255743.600971862,633.1786670497614
98600.0,4568401.200454056,122939.22800078132,4568402.396214434,448.71239610819526,1483.046854213775,449.04136243795307,-6.753108320830711,-0.18997627531599617,-6.753111931646042,17430.344161773057,0.0,0.2055418267503148,1.9282774277535222,2255743.600971862,633.1786670497614
98700.0,4568446.037928402,123087.53173607997,4568447.266585395,448.0370935711707,1483.0278493426438,448.3660595381799,-6.752942495565038,-0.19012125616379297,-6.752946139746358,17430.344161773057,0.0,0.2055418267503148,1.9282774277535222,2255743.600971862,633.1786670497614
98800.0,4568490.807873323,123235.8335701655,4568492.069426893,447.36180759395177,1483.0088299408874,447.6907731948686,-6.752777124214406,-0.1902668866598666,-6.75278080190434,17430.344161773057,0.0,0.2055418267503148,1.9282774277535222,2255743.600971862,633.1786670497614
98900.0,4568535.510290472,123384.13350158163,4568536.8047405835,446.68653813129754,1482.9897959438877,447.0155033627641,-6.752612203772887,-0.19041315988599394,-6.752615915112528,17430.344161773057,0.0,0.2055418267503148,1.9282774277535222,2255743.600971862,633.1786670497614
99000.0,4568580.1451814985,123532.43152886564,4568581.472528115,446.0112851382659,1482.970747287714,446.3402499969102,-6.752447731270941,-0.1905600690030197,-6.752451476399871,17430.344161773057,0.0,0.2055418267503148,1.9282774277535222,2255743.600971862,633.1786670497614
99100.0,4568624.712548047,123680.72765054843,4568626.07279113,445.33604857020987,1482.9516839091161,445.66501305264603,-6.752283703774943,-0.1907076072498926,-6.752287482831248,17430.344161773057,0.0,0.2055418267503148,1.9282774277535222,2255743.600971862,633.1786670497614
99200.0,4568669.212391758,123829.02186515463,4568670.605531271,444.660828382774,1482.932605745516,444.9897924856025,-6.752120118386711,-0.19085576794271542,-6.752123931507,17430.344161773057,0.0,0.2055418267503148,1.9282774277535222,2255743.600971862,633.1786670497614
99300.0,4568713.644714268,123977.31417120264,4568715.070750171,443.98562453189106,1482.9135127349998,444.3145882516987,-6.751956972243065,-0.19100454447381632,-6.751960819562488,17430.344161773057,0.0,0.2055418267503148,1.9282774277535222,2255743.600971862,633.1786670497614
99400.0,4568758.009517208,124125.60456720469,4568759.468449464,443.3104369737782,1482.8944048163112,443.6394003071384,-6.751794262515377,-0.19115393031082373,-6.751798144167638,17430.344161773057,0.0,0.2055418267503148,1.9282774277535222,2255743.600971862,633.1786670497614
99500.0,4568802.306802205,124273.89305166694,4568803.798630775,442.63526566493397,1482.875281928843,442.9642286084067,-6.751631986409122,-0.1913039189957556,-6.751635902526497,17430.344161773057,0.0,0.2055418267503148,1.9282774277535222,2255743.600971862,633.1786670497614
99600.0,4568846.5365708815,124422.1796230895,4568848.061295726,441.96011056213445,1482.85614401263,442.2890731122667,-6.751470141163456,-0.1914545041441245,-6.751474091876811,17430.344161773057,0.0,0.2055418267503148,1.9282774277535222,2255743.600971862,633.1786670497614
99700.0,4568890.698824856,124570.46427996653,4568892.256445936,441.28497162243025,1482.8369910083425,441.6139337757559,-6.751308724050764,-0.1916056794440423,-6.751312709489568,17430.344161773057,0.0,0.2055418267503148,1.9282774277535222,2255743.600971862,633.1786670497614
99800.0,4568934.793565744,124718.74702078628,4568936.384083019,440.60984880314305,1482.8178228572776,440.9388105561832,-6.7511477323762525,-0.19175743865535103,-6.751151752668599,17430.344161773057,0.0,0.2055418267503148,1.9282774277535222,2255743.600971862,633.1786670497614
99900.0,4568978.820795153,124867.02784403115,4568980.444208583,439.9347420618625,1482.7986395013534,440.26370341112545,-6.750987163477523,-0.1919097756087545,-6.750991218750136,17430.344161773057,0.0,0.2055418267503148,1.9282774277535222,2255743.600971862,633.1786670497614
100000.0,4569022.780514691,125015.3067481778,4569024.436824235,439.25965135644276,1482.7794408831012,439.5886122984242,-6.750827014724164,-0.19206268420496425,-6.750831105102421,17430.344161773057,0.0,0.2055418267503148,1.9282774277535222,2255743.600971862,633.1786670497614
100100.0,4569066.672725958,125163.58373169713,4569068.361931575,438.5845766449995,1482.7602269456588,438.9135371761827,-6.750667283517339,-0.1922161584138601,-6.750671409125287,17430.344161773057,0.0,0.2055418267503148,1.9282774277535222,2255743.600971862,633.1786670497614
100200.0,4569110.497430552,125311.85879305442,4569112.219532202,437.9095178859067,1482.7409976327635,438.23847800276246,-6.750507967289371,-0.1923701922736495,-6.750512128249736,17430.344161773057,0.0,0.2055418267503148,1.9282774277535222,2255743.600971862,633.1786670497614
100300.0,4569154.2546300655,125460.13193070932,4569156.009627706,437.23447503779363,1482.7217528887456,437.5634347367806,-6.750349063503385,-0.1925247798900571,-6.750353259937589,17430.344161773057,0.0,0.2055418267503148,1.9282774277535222,2255743.600971862,633.1786670497614
100400.0,4569197.944326089,125608.40314311597,4569199.732219678,436.5594480595416,1482.7024926585214,436.88840733710646,-6.750190569652871,-0.19267991543550428,-6.750194801681054,17430.344161773057,0.0,0.2055418267503148,1.9282774277535222,2255743.600971862,633.1786670497614
100500.0,4569241.566520206,125756.672428723,4569243.387309701,435.8844369102811,1482.6832168875865,436.2133957628585,-6.750032483261319,-0.1928355931483104,-6.750036751002338,17430.344161773057,0.0,0.2055418267503148,1.9282774277535222,2255743.600971862,633.1786670497614
100600.0,4569285.121213998,125904.93978597366,4569286.974899356,435.20944154938894,1482.6639255220095,435.5383999734017,-6.749874801881845,-0.19299180733190507,-6.749879105453305,17430.344161773057,0.0,0.2055418267503148,1.9282774277535222,2255743.600971862,633.1786670497614
100700.0,4569328.608409041,126053.2052133058,4569330.49499022,434.53446193648494,1482.6446185084255,434.8634199283442,-6.749717523096791,-0.19314855235404216,-6.749721862615049,17430.344161773057,0.0,0.2055418267503148,1.9282774277535222,2255743.600971862,633.1786670497614
100800.0,4569372.028106908,126201.46870915199,4569373.947583865,433.8594980314294,1482.6252957940299,434.1884555875347,-6.749560644517385,-0.19330582264603408,-6.749565020097568,17430.344161773057,0.0,0.2055418267503148,1.9282774277535222,2255743.600971862,633.1786670497614
100900.0,4569415.380309169,126349.73027193951,4569417.33268186,433.18454979431993,1482.6059573265711,433.5135069110594,-6.749404163783348,-0.193463612701987,-6.749408575539362,17430.344161773057,0.0,0.2055418267503148,1.9282774277535222,2255743.600971862,633.1786670497614
101000.0,4569458.665017388,126497.98990009047,4569460.650285768,432.50961718548893,1482.5866030543457,432.8385738592393,-6.749248078562543,-0.19362191707805046,-6.749252526607095,17430.344161773057,0.0,0.2055418267503148,1.9282774277535222,2255743.600971862,633.1786670497614
101100.0,4569501.882233126,126646.24759202184,4569503.900397151,431.83470016550046,1482.567232926191,432.16365639262733,-6.749092386550613,-0.19378073039167173,-6.749096870995214,17430.344161773057,0.0,0.2055418267503148,1.9282774277535222,2255743.600971862,633.1786670497614
101200.0,4569545.031957939,126794.50334614549,4569547.083017564,431.15979869514774,1482.5478468914803,431.48875447200555,-6.748937085470653,-0.19394004732087483,-6.748941606425646,17430.344161773057,0.0,0.2055418267503148,1.9282774277535222,2255743.600971862,633.1786670497614
101300.0,4569588.114193382,126942.75716086825,4569590.198148562,430.4849127354503,1482.5284449001151,430.8138680583825,-6.748782173072824,-0.19409986260351975,-6.74878673064738,17430.344161773057,0.0,0.2055418267503148,1.9282774277535222,2255743.600971862,633.1786670497614
101400.0,4569631.128941002,127091.00903459197,4569633.245791691,429.8100422476512,1482.509026902521,430.1389971129905,-6.7486276471340325,-0.19426017103660062,-6.7486322414361775,17430.344161773057,0.0,0.2055418267503148,1.9282774277535222,2255743.600971862,633.1786670497614
101500.0,4569674.076202346,127239.25896571358,4569676.225948499,429.13518719321473,1482.489592849641,429.464141597283,-6.748473505457602,-0.19442096747553875,-6.748478136594223,17430.344161773057,0.0,0.2055418267503148,1.9282774277535222,2255743.600971862,633.1786670497614
101600.0,4569716.955978954,127387.50695262512,4569719.138620524,428.4603475338233,1482.470142692929,428.7893014729318,-6.74831974587292,-0.19458224683348282,-6.74832441394978,17430.344161773057,0.0,0.2055418267503148,1.9282774277535222,2255743.600971862,633.1786670497614
101700.0,4569759.7682723645,127535.75299371377,4569761.983809304,427.7855232313753,1482.450676384345,428.1144767018247,-6.748166366235123,-0.1947440040806231,-6.74817107135687,17430.344161773057,0.0,0.2055418267503148,1.9282774277535222,2255743.600971862,633.1786670497614
101800.0,4569802.513084111,127683.997087362,4569804.761516375,427.1107142479821,1482.431193876349,427.43966724606275,-6.748013364424751,-0.19490623424351006,-6.748018106694938,17430.344161773057,0.0,0.2055418267503148,1.9282774277535222,2255743.600971862,633.1786670497614
101900.0,4569845.190415723,127832.2392319475,4569847.471743263,426.4359205459659,1482.4116951218962,426.76487306795786,-6.747860738347462,-0.19506893240439038,-6.74786551786855,17430.344161773057,0.0,0.2055418267503148,1.9282774277535222,2255743.600971862,633.1786670497614
102000.0,4569887.800268728,127980.47942584328,4569890.114491496,425.7611420878572,1482.3921800744304,426.09009413003025,-6.747708485933676,-0.1952320937005368,-6.747713302807053,17430.344161773057,0.0,0.2055418267503148,1.9282774277535222,2255743.600971862,633.1786670497614
102100.0,4569930.342644648,128128.71766741775,4569932.689762596,425.08637883639193,1482.3726486878786,425.41533039500587,-6.747556605138297,-0.19539571332360045,-6.74756145946429,17430.344161773057,0.0,0.2055418267503148,1.9282774277535222,2255743.600971862,633.1786670497614
102200.0,4569972.817545001,128276.9539550347,4569975.197558081,424.4116307545096,1482.3531009166466,424.74058182581416,-6.747405093940387,-0.1955597865189626,-6.7474099858182655,17430.344161773057,0.0,0.2055418267503148,1.9282774277535222,2255743.600971862,633.1786670497614
102300.0,4570015.224971304,128425.18828705342,4570017.637879466,423.7368978053505,1482.3335367156126,424.0658483855856,-6.747253950342858,-0.19572430858509757,-6.747258879870858,17430.344161773057,0.0,0.2055418267503148,1.9282774277535222,2255743.600971862,633.1786670497614
102400.0,4570057.564925066,128573.42066182867,4570060.010728261,423.0621799522535,1482.3139560401223,423.3911300376492,-6.74710317237219,-0.19588927487294408,-6.747108139647517,17430.344161773057,0.0,0.2055418267503148,1.9282774277535222,2255743.600971862,633.1786670497614
102500.0,4570099.837407797,128721.65107771082,4570102.316105975,422.38747715875354,1482.2943588459839,422.7164267455303,-6.746952758078123,-0.19605468078528382,-6.746957763196966,17430.344161773057,0.0,0.2055418267503148,1.9282774277535222,2255743.600971862,633.1786670497614
102600.0,4570142.042420999,128869.8795330458,4570144.554014111,421.71278938857955,1482.2747450894626,422.04173847294834,-6.746802705533366,-0.19622052177612764,-6.746807748590907,17430.344161773057,0.0,0.2055418267503148,1.9282774277535222,2255743.600971862,633.1786670497614
102700.0,4570184.179966174,129018.10602617518,4570186.724454169,421.038116605652,1482.255114727276,421.3670651838142,-6.746653012833306,-0.19638679335010753,-6.746658093923739,17430.344161773057,0.0,0.2055418267503148,1.9282774277535222,2255743.600971862,633.1786670497614
102800.0,4570226.250044819,129166.33055543629,4570228.827427646,420.3634587740808,1482.2354677165881,420.6924068422284,-6.746503678095732,-0.19655349106188028,-6.746508797312263,17430.344161773057,0.0,0.2055418267503148,1.9282774277535222,2255743.600971862,633.1786670497614
102900.0,4570268.252658427,129314.55311916214,4570270.862936035,419.6888158581628,1482.2158040150057,420.01776341247864,-6.746354699460556,-0.1967206105155382,-6.7463598568954195,17430.344161773057,0.0,0.2055418267503148,1.9282774277535222,2255743.600971862,633.1786670497614
103000.0,4570310.187808487,129462.77371568153,4570312.830980824,419.0141878223799,1482.196123580572,419.34313485903755,-6.746206075089526,-0.19688814736402224,-6.746211270833993,17430.344161773057,0.0,0.2055418267503148,1.9282774277535222,2255743.600971862,633.1786670497614
103100.0,4570352.055496486,129610.9923433191,4570354.731563501,418.33957463139666,1482.176426371763,418.66852114656064,-6.746057803165948,-0.19705609730854554,-6.746063037310346,17430.344161773057,0.0,0.2055418267503148,1.9282774277535222,2255743.600971862,633.1786670497614
103200.0,4570393.855723906,129759.20900039536,4570396.564685547,417.6649762500583,1482.1567123474822,417.9939222398841,-6.745909881894439,-0.19722445609802752,-6.74591515452815,17430.344161773057,0.0,0.2055418267503148,1.9282774277535222,2255743.600971862,633.1786670497614
103300.0,4570435.588492228,129907.42368522672,4570438.330348441,416.99039264338853,1482.1369814670554,417.3193381040228,-6.745762309500646,-0.19739321952853012,-6.745767620712123,17430.344161773057,0.0,0.2055418267503148,1.9282774277535222,2255743.600971862,633.1786670497614
103400.0,4570477.253802926,130055.63639612556,4570480.028553659,416.3158237765874,1482.117233690227,416.644768704168,-6.745615084230977,-0.19756238344270116,-6.745620434107755,17430.344161773057,0.0,0.2055418267503148,1.9282774277535222,2255743.600971862,633.1786670497614
103500.0,4570518.8516574735,130203.84713140022,4570521.659302672,415.64126961502933,1482.0974689771544,415.97021400568536,-6.745468204352364,-0.1977319437292306,-6.745473592981066,17430.344161773057,0.0,0.2055418267503148,1.9282774277535222,2255743.600971862,633.1786670497614
103600.0,4570560.382057338,130352.05588935514,4570563.222596949,414.966730124261,1482.0776872884044,415.295673974113,-6.745321668151971,-0.19790189632230362,-6.745327095618326,17430.344161773057,0.0,0.2055418267503148,1.9282774277535222,2255743.600971862,633.1786670497614
103700.0,4570601.845003986,130500.26266829076,4570604.718437955,414.29220526999944,1482.0578885849472,414.6211485751594,-6.745175473936994,-0.1980722372010726,-6.745180940325837,17430.344161773057,0.0,0.2055418267503148,1.9282774277535222,2255743.600971862,633.1786670497614
103800.0,4570643.240498879,130648.46746650369,4570646.146827151,413.6176950181299,1482.0380728281539,413.94663777470134,-6.74502962003435,-0.19824296238912126,-6.745035125429639,17430.344161773057,0.0,0.2055418267503148,1.9282774277535222,2255743.600971862,633.1786670497614
103900.0,4570684.568543475,130796.67028228668,4570687.507765995,412.943199334704,1482.0182399797902,413.2721415387821,-6.744884104790492,-0.19841406795395214,-6.744889649275312,17430.344161773057,0.0,0.2055418267503148,1.9282774277535222,2255743.600971862,633.1786670497614
104000.0,4570725.82913923,130944.87111392868,4570728.801255943,412.2687181859377,1481.9983900020136,412.5976598336094,-6.744738926571116,-0.1985855500064651,-6.7447445102277,17430.344161773057,0.0,0.2055418267503148,1.9282774277535222,2255743.600971862,633.1786670497614
104100.0,4570767.022287595,131093.06995971486,4570770.027298446,411.5942515382095,1481.9785228573676,411.92319262555355,-6.744594083760951,-0.19875740470045072,-6.744599706670675,17430.344161773057,0.0,0.2055418267503148,1.9282774277535222,2255743.600971862,633.1786670497614
104200.0,4570808.147990019,131241.2668179267,4570811.18589495,410.91979935805847,1481.958638508779,411.2487398811455,-6.744449574763524,-0.19892962823209162,-6.744455237006922,17430.344161773057,0.0,0.2055418267503148,1.9282774277535222,2255743.600971862,633.1786670497614
104300.0,4570849.206247947,131389.46168684194,4570852.277046903,410.24536161218236,1481.938736919552,410.57430156707505,-6.744305398000897,-0.19910221683945903,-6.744311099657675,17430.344161773057,0.0,0.2055418267503148,1.9282774277535222,2255743.600971862,633.1786670497614
104400.0,4570890.197062821,131537.65456473472,4570893.300755744,409.57093826743585,1481.9188180533658,409.8998776501889,-6.744161551913477,-0.19927516680203156,-6.744167293062514,17430.344161773057,0.0,0.2055418267503148,1.9282774277535222,2255743.600971862,633.1786670497614
104500.0,4570931.12043608,131685.84544987552,4570934.257022912,408.8965292908286,1481.8988818742691,409.2254680974889,-6.744018034959754,-0.19944847444020392,-6.744023815679119,17430.344161773057,0.0,0.2055418267503148,1.9282774277535222,2255743.600971862,633.1786670497614
104600.0,4570971.976369157,131834.03434053127,4570975.145849841,408.2221346495236,1481.8789283466767,408.5510728761302,-6.743874845616108,-0.19962213611481677,-6.743880665983064,17430.344161773057,0.0,0.2055418267503148,1.9282774277535222,2255743.600971862,633.1786670497614
104700.0,4571012.764863486,131982.2212349654,4571015.967237963,407.5477543108353,1481.858957435365,407.8766919534196,-6.743731982376555,-0.19979614822667613,-6.743737842467569,17430.344161773057,0.0,0.2055418267503148,1.9282774277535222,2255743.600971862,633.1786670497614
104800.0,4571053.485920495,132130.40613143775,4571056.721188707,406.8733882422278,1481.8389691054688,407.2023252968136,-6.743589443752559,-0.19997050721609544,-6.7435953436433085,17430.344161773057,0.0,0.2055418267503148,1.9282774277535222,2255743.600971862,633.1786670497614
104900.0,4571094.139541609,132278.58902820473,4571097.407703497,406.19903641131333,1481.8189633224765,406.52797287391695,-6.743447228272796,-0.200145209562431,-6.743453168038186,17430.344161773057,0.0,0.2055418267503148,1.9282774277535222,2255743.600971862,633.1786670497614
105000.0,4571134.725728251,132426.76992351934,4571138.026783756,405.52469878585026,1481.7989400522272,405.85363465248054,-6.743305334482952,-0.20032025178362745,-6.743311314197111,17430.344161773057,0.0,0.2055418267503148,1.9282774277535222,2255743.600971862,633.1786670497614
105100.0,4571175.244481839,132574.94881563116,4571178.5784309,404.8503753337417,1481.7788992609055,405.1793106004,-6.743163760945503,-0.20049563043576926,-6.743169780681797,17430.344161773057,0.0,0.2055418267503148,1.9282774277535222,2255743.600971862,633.1786670497614
105200.0,4571215.695803789,132723.12570278638,4571219.062646347,404.17606602303346,1481.7588409150392,404.50500068571404,-6.743022506239518,-0.20067134211263923,-6.743028566070567,17430.344161773057,0.0,0.2055418267503148,1.9282774277535222,2255743.600971862,633.1786670497614
105300.0,4571256.079695514,132871.30058322792,4571259.479431508,403.5017708219129,1481.7387649814946,403.8307048766026,-6.74288156896045,-0.200847383445277,-6.742887668958126,17430.344161773057,0.0,0.2055418267503148,1.9282774277535222,2255743.600971862,633.1786670497614
105400.0,4571296.396158423,133019.47345519534,4571299.828787792,402.82748969870676,1481.7186714274728,403.15642314138546,-6.742740947719937,-0.20102375110155024,-6.742747087955371,17430.344161773057,0.0,0.2055418267503148,1.9282774277535222,2255743.600971862,633.1786670497614
105500.0,4571336.645193922,133167.644316925,4571340.110716604,402.15322262188005,1481.6985602205068,402.48215544852036,-6.742600641145593,-0.2012004417857232,-6.742606821689191,17430.344161773057,0.0,0.2055418267503148,1.9282774277535222,2255743.600971862,633.1786670497614
105600.0,4571376.826803415,133315.81316664995,4571380.325219348,401.47896956003405,1481.6784313284568,401.8079017666017,-6.742460647880828,-0.20137745223803888,-6.742466868802275,17430.344161773057,0.0,0.2055418267503148,1.9282774277535222,2255743.600971862,633.1786670497614
105700.0,4571416.9409883,133463.98000260012,4571420.4722974235,400.804730481905,1481.6582847195077,401.1336620643587,-6.74232096658464,-0.20155477923429913,-6.742327227952906,17430.344161773057,0.0,0.2055418267503148,1.9282774277535222,2255743.600971862,633.1786670497614
105800.0,4571456.987749976,133612.14482300222,4571460.551952226,400.1305053563624,1481.6381203621647,400.4594363106541,-6.742181595931419,-0.20173241958545354,-6.742187897814771,17430.344161773057,0.0,0.2055418267503148,1.9282774277535222,2255743.600971862,633.1786670497614
105900.0,4571496.967089836,133760.30762607988,4571500.564185149,399.4562941524076,1481.6179382252506,399.78522447448245,-6.742042534610783,-0.20191037013719465,-6.742048877076788,17430.344161773057,0.0,0.2055418267503148,1.9282774277535222,2255743.600971862,633.1786670497614
106000.0,4571536.879009269,133908.46841005358,4571540.508997584,398.7820968391723,1481.5977382779013,399.1110265249686,-6.741903781327359,-0.20208862776955266,-6.741910164442895,17430.344161773057,0.0,0.2055418267503148,1.9282774277535222,2255743.600971862,633.1786670497614
106100.0,4571576.723509665,134056.62717314076,4571580.386390916,398.1079133859169,1481.5775204895635,398.4368424313664,-6.74176533480063,-0.2022671893965038,-6.741771758631893,17430.344161773057,0.0,0.2055418267503148,1.9282774277535222,2255743.600971862,633.1786670497614
106200.0,4571616.500592407,134204.7839135558,4571620.196366531,397.43374376202917,1481.5572848299907,397.762672163057,-6.741627193764718,-0.20244605196557144,-6.7416336583772285,17430.344161773057,0.0,0.2055418267503148,1.9282774277535222,2255743.600971862,633.1786670497614
106300.0,4571656.210258877,134352.93862951006,4571659.938925808,396.7595879370227,1481.5370312692398,397.0885156895475,-6.741489356968246,-0.20262521245744697,-6.741495862426856,17430.344161773057,0.0,0.2055418267503148,1.9282774277535222,2255743.600971862,633.1786670497614
106400.0,4571695.852510453,134501.09131921193,4571699.614070127,396.0854458805355,1481.516759777668,396.4143729804694,-6.7413518231741225,-0.2028046678855998,-6.741358369543023,17430.344161773057,0.0,0.2055418267503148,1.9282774277535222,2255743.600971862,633.1786670497614
106500.0,4571735.427348511,134649.2419808669,4571739.221800862,395.4113175623286,1481.49647032593,395.74024400557744,-6.741214591159384,-0.20298441529590522,-6.741221178502115,17430.344161773057,0.0,0.2055418267503148,1.9282774277535222,2255743.600971862,633.1786670497614
106600.0,4571774.934774423,134797.3906126775,4571778.7621193845,394.73720295228463,1481.4761628849735,395.0661287347479,-6.741077659715037,-0.20316445176626957,-6.7410842880944895,17430.344161773057,0.0,0.2055418267503148,1.9282774277535222,2255743.600971862,633.1786670497614
106700.0,4571814.374789557,134945.5372128433,4571818.235027065,394.06310202040646,1481.4558374260378,394.3920271379773,-6.740941027645844,-0.20334477440625867,-6.740947697124273,17430.344161773057,0.0,0.2055418267503148,1.9282774277535222,2255743.600971862,633.1786670497614
106800.0,4571853.747395282,135093.68177956116,4571857.640525267,393.38901473681574,1481.4354939206487,393.7179391853812,-6.740804693770206,-0.20352538035673953,-6.740811404409234,17430.344161773057,0.0,0.2055418267503148,1.9282774277535222,2255743.600971862,633.1786670497614
106900.0,4571893.052592958,135241.82431102495,4571896.978615356,392.7149410717516,1481.415132340617,393.0438648471926,-6.740668656919971,-0.2037062667895163,-6.740675408780589,17430.344161773057,0.0,0.2055418267503148,1.9282774277535222,2255743.600971862,633.1786670497614
107000.0,4571932.290383949,135389.96480542584,4571936.24929869,392.04088099556935,1481.3947526580346,392.3698040937607,-6.740532915940254,-0.20388743090697484,-6.740539709082841,17430.344161773057,0.0,0.2055418267503148,1.9282774277535222,2255743.600971862,633.1786670497614
107100.0,4571971.46076961,135538.1032609522,4571975.452576626,391.36683447873924,1481.3743548452717,391.6957568955497,-6.740397469689318,-0.20406886994173648,-6.740404304173636,17430.344161773057,0.0,0.2055418267503148,1.9282774277535222,2255743.600971862,633.1786670497614
107200.0,4572010.563751295,135686.23967578963,4572014.588450519,390.6928014918449,1481.3539388749737,391.02172322313737,-6.740262317038369,-0.20425058115630548,-6.740269192923579,17430.344161773057,0.0,0.2055418267503148,1.9282774277535222,2255743.600971862,633.1786670497614
107300.0,4572049.599330357,135834.37404812104,4572053.65692172,390.0187820055821,1481.333504720058,390.3477030472136,-6.740127456871432,-0.20443256184273043,-6.740134374216094,17430.344161773057,0.0,0.2055418267503148,1.9282774277535222,2255743.600971862,633.1786670497614
107400.0,4572088.567508145,135982.5063761266,4572092.657991577,389.3447759907579,1481.313052353712,389.67369633857953,-6.739992888085168,-0.20461480932226314,-6.739999846947246,17430.344161773057,0.0,0.2055418267503148,1.9282774277535222,2255743.600971862,633.1786670497614
107500.0,4572127.468286004,136130.63665798385,4572131.591661436,388.6707834182888,1481.2925817493888,388.99970306814595,-6.739858609588748,-0.20479732094502823,-6.739865610025625,17430.344161773057,0.0,0.2055418267503148,1.9282774277535222,2255743.600971862,633.1786670497614
107600.0,4572166.301665276,136278.76489186767,4572170.457932638,387.9968042591998,1481.2720928808055,388.32572320693214,-6.7397246203036785,-0.20498009408968976,-6.739731662372157,17430.344161773057,0.0,0.2055418267503148,1.9282774277535222,2255743.600971862,633.1786670497614
107700.0,4572205.0676473025,136426.89107595035,4572209.256806524,387.3228384846232,1481.2515857219398,387.6517567260648,-6.739590919163665,-0.20516312616312615,-6.739598002919969,17430.344161773057,0.0,0.2055418267503148,1.9282774277535222,2255743.600971862,633.1786670497614
107800.0,4572243.766233419,136575.01520840154,4572247.988284429,386.6488860657974,1481.2310602470275,386.9778035967766,-6.739457505114461,-0.20534641460010938,-6.739464630614256,17430.344161773057,0.0,0.2055418267503148,1.9282774277535222,2255743.600971862,633.1786670497614
107900.0,4572282.3974249605,136723.13728738838,4572286.652367687,385.9749469740654,1481.210516430559,386.30386379040516,-6.739324377113715,-0.20552995686298295,-6.739331544412096,17430.344161773057,0.0,0.2055418267503148,1.9282774277535222,2255743.600971862,633.1786670497614
108000.0,4572320.961223258,136871.25731107543,4572325.24905763,385.30102118087405,1481.1899542472777,385.62993727839176,-6.739191534130836,-0.20571375044135223,-6.7391987432823495,17430.344161773057,0.0,0.2055418267503148,1.9282774277535222,2255743.600971862,633.1786670497614
108100.0,4572359.457629639,137019.3752776248,4572363.778355585,384.6271086577726,1481.1693736721763,384.95602403228025,-6.739058975146844,-0.2058977928517705,-6.739066226205485,17430.344161773057,0.0,0.2055418267503148,1.9282774277535222,2255743.600971862,633.1786670497614
108200.0,4572397.88664543,137167.491185196,4572402.240262878,383.9532093764117,1481.1487746804949,384.2821240237158,-6.738926699154232,-0.20608208163743186,-6.738933992173449,17430.344161773057,0.0,0.2055418267503148,1.9282774277535222,2255743.600971862,633.1786670497614
108300.0,4572436.248271954,137315.6050319462,4572440.634780831,383.27932330854196,1481.1281572477174,383.60823722444394,-6.738794705156839,-0.20626661436787236,-6.7388020401895465,17430.344161773057,0.0,0.2055418267503148,1.9282774277535222,2255743.600971862,633.1786670497614
108400.0,4572474.542510531,137463.71681603006,4572478.961910763,382.6054504260133,1481.1075213495699,382.93436360630915,-6.7386629921696795,-0.2064513886386635,-6.738670369268259,17430.344161773057,0.0,0.2055418267503148,1.9282774277535222,2255743.600971862,633.1786670497614
108500.0,4572512.769362478,137611.82653559983,4572517.22165399,381.9315907007735,1481.0868669620177,382.260503141254,-6.738531559218862,-0.20663640207112458,-6.738538978435167,17430.344161773057,0.0,0.2055418267503148,1.9282774277535222,2255743.600971862,633.1786670497614
108600.0,4572550.928829108,137759.93418880538,4572555.414011829,381.2577441048671,1481.0661940612622,381.58665580131793,-6.7384004053413875,-0.206821652312022,-6.738407866726753,17430.344161773057,0.0,0.2055418267503148,1.9282774277535222,2255743.600971862,633.1786670497614
108700.0,4572589.0209117355,137908.03977379418,4572593.538985588,380.5839106104345,1481.0455026237394,380.9128215586362,-6.738269529585082,-0.20700713703328677,-6.738277033190331,17430.344161773057,0.0,0.2055418267503148,1.9282774277535222,2255743.600971862,633.1786670497614
108800.0,4572627.0456116665,138056.14328871144,4572631.596576576,379.91009018971073,1481.0247926261163,380.2390003854388,-6.738138931008428,-0.20719285393172632,-6.738146476883868,17430.344161773057,0.0,0.2055418267503148,1.9282774277535222,2255743.600971862,633.1786670497614
108900.0,4572665.002930208,138204.24473169996,4572669.5867861,379.2362828150245,1481.0040640452896,379.56519225404946,-6.738008608680454,-0.20737880072874454,-6.738016196875893,17430.344161773057,0.0,0.2055418267503148,1.9282774277535222,2255743.600971862,633.1786670497614
109000.0,4572702.892868663,138352.34410090029,4572707.509615461,378.562488458797,1480.9833168583823,378.8913971368844,-6.737878561680593,-0.2075649751700599,-6.7378861922453375,17430.344161773057,0.0,0.2055418267503148,1.9282774277535222,2255743.600971862,633.1786670497614
109100.0,4572740.715428333,138500.44139445067,4572745.36506596,377.8887070935411,1480.9625510427418,378.2176150064515,-6.737748789098563,-0.2077513750254327,-6.737756462081426,17430.344161773057,0.0,0.2055418267503148,1.9282774277535222,2255743.600971862,633.1786670497614
109200.0,4572778.470610514,138648.53661048712,4572783.153138895,377.21493869186,1480.941766575937,377.54384583534926,-6.73761929003425,-0.20793799808839356,-6.737627005483559,17430.344161773057,0.0,0.2055418267503148,1.9282774277535222,2255743.600971862,633.1786670497614
109300.0,4572816.158416502,138796.62974714342,4572820.873835558,376.54118322644666,1480.9209634357567,376.87008959626564,-6.7374900635975905,-0.20812484217597524,-6.737497821561189,17430.344161773057,0.0,0.2055418267503148,1.9282774277535222,2255743.600971862,633.1786670497614
109400.0,4572853.778847589,138944.7208025511,4572858.527157243,375.86744067008226,1480.9001416002063,376.1963462619772,-6.737361108908422,-0.20831190512844328,-6.737368909433673,17430.344161773057,0.0,0.2055418267503148,1.9282774277535222,2255743.600971862,633.1786670497614
109500.0,4572891.331905065,139092.80977483955,4572896.113105239,375.19371099563574,1480.8793010475067,375.52261580534815,-6.737232425096393,-0.20849918480903815,-6.737240268230193,17430.344161773057,0.0,0.2055418267503148,1.9282774277535222,2255743.600971862,633.1786670497614
109600.0,4572928.817590217,139240.896662136,4572933.631680832,374.5199941760625,1480.8584417560908,374.84889819932914,-6.737104011300842,-0.20868667910371505,-6.737111897089611,17430.344161773057,0.0,0.2055418267503148,1.9282774277535222,2255743.600971862,633.1786670497614
109700.0,4572966.2359043285,139388.98146256545,4572971.082885306,373.8462901844034,1480.837563704602,374.1751934169566,-6.736975866670664,-0.20887438592088686,-6.736983795160368,17430.344161773057,0.0,0.2055418267503148,1.9282774277535222,2255743.600971862,633.1786670497614
109800.0,4573003.586848681,139537.06417425087,4573008.466719942,373.1725989937842,1480.8166668718916,373.50150143135147,-6.736847990364224,-0.20906230319117355,-6.736855961600368,17430.344161773057,0.0,0.2055418267503148,1.9282774277535222,2255743.600971862,633.1786670497614
109900.0,4573040.870424553,139685.1447953131,4573045.7831860185,372.4989205774142,1480.795751237017,372.82782221571864,-6.736720381549208,-0.20925042886714823,-6.736728395576843,17430.344161773057,0.0,0.2055418267503148,1.9282774277535222,2255743.600971862,633.1786670497614
110000.0,4573078.086633221,139833.22332387086,4573083.03228481,371.82525490858546,1480.7748167792388,372.1541557433457,-6.736593039402546,-0.20943876092309496,-6.736601096266276,17430.344161773057,0.0,0.2055418267503148,1.9282774277535222,2255743.600971862,633.1786670497614
110100.0,4573115.235475959,139981.29975804084,4573120.2140175905,371.1516019606719,1480.7538634780196,371.4805019876021,-6.73646596311028,-0.20962729735476132,-6.736474062854263,17430.344161773057,0.0,0.2055418267503148,1.9282774277535222,2255743.600971862,633.1786670497614
110200.0,4573152.316954037,140129.37409593767,4573157.328385631,370.47796170712843,1480.7328913130214,370.8068609219384,-6.736339151867461,-0.2098160361791192,-6.736347294535421,17430.344161773057,0.0,0.2055418267503148,1.9282774277535222,2255743.600971862,633.1786670497614
110300.0,4573189.331068723,140277.44633567397,4573194.375390197,369.80433412148994,1480.7119002641027,370.1332325198851,-6.736212604878049,-0.21000497543412655,-6.73622079051327,17430.344161773057,0.0,0.2055418267503148,1.9282774277535222,2255743.600971862,633.1786670497614
110400.0,4573226.277821283,140425.51647536035,4573231.355032556,369.1307191773706,1480.690890311318,369.4596167550521,-6.736086321354793,-0.2101941131784913,-6.736094550000138,17430.344161773057,0.0,0.2055418267503148,1.9282774277535222,2255743.600971862,633.1786670497614
110500.0,4573263.157212979,140573.58451310542,4573268.267313968,368.45711684846276,1480.6698614349148,368.7860136011274,-6.735960300519136,-0.2103834474914387,-6.735968572217035,17430.344161773057,0.0,0.2055418267503148,1.9282774277535222,2255743.600971862,633.1786670497614
110600.0,4573299.969245072,140721.65044701588,4573305.112235695,367.7835271085362,1480.648813615331,368.1124230318767,-6.735834541601108,-0.21057297647248227,-6.735842856393575,17430.344161773057,0.0,0.2055418267503148,1.9282774277535222,2255743.600971862,633.1786670497614
110700.0,4573336.71391882,140869.7142751964,4573341.889798993,367.1099499314373,1480.6277468331941,367.43884502114213,-6.735709043839229,-0.21076269824119692,-6.735717401767859,17430.344161773057,0.0,0.2055418267503148,1.9282774277535222,2255743.600971862,633.1786670497614
110800.0,4573373.391235476,141017.77599574978,4573378.600005117,366.43638529108824,1480.6066610693185,366.76527954284165,-6.735583806480403,-0.21095261093699524,-6.735592207586382,17430.344161773057,0.0,0.2055418267503148,1.9282774277535222,2255743.600971862,633.1786670497614
110900.0,4573410.001196295,141165.8356067769,4573415.242855319,365.76283316148596,1480.585556304704,366.0917265709682,-6.735458828779811,-0.21114271271890245,-6.735467273103916,17430.344161773057,0.0,0.2055418267503148,1.9282774277535222,2255743.600971862,633.1786670497614
111000.0,4573446.543802525,141313.89310637675,4573451.818350848,365.08929351670156,1480.5644325205326,365.4181860795888,-6.735334110000833,-0.21133300176534223,-6.735342597583441,17430.344161773057,0.0,0.2055418267503148,1.9282774277535222,2255743.600971862,633.1786670497614
111100.0,4573483.019055414,141461.94849264642,4573488.32649295,364.41576633087936,1480.5432896981688,364.74465804284375,-6.735209649414933,-0.21152347627391616,-6.735218180296019,17430.344161773057,0.0,0.2055418267503148,1.9282774277535222,2255743.600971862,633.1786670497614
111200.0,4573519.426956206,141610.00176368118,4573524.767282871,363.74225157823616,1480.5221278191552,364.07114243494584,-6.735085446301564,-0.21171413446119247,-6.735094020520707,17430.344161773057,0.0,0.2055418267503148,1.9282774277535222,2255743.600971862,633.1786670497614
111300.0,4573555.767506143,141758.05291757445,4573561.140721851,363.0687492330604,1480.5009468652127,363.3976392301796,-6.734961499948086,-0.2119049745624934,-6.73497011754448,17430.344161773057,0.0,0.2055418267503148,1.9282774277535222,2255743.600971862,633.1786670497614
111400.0,4573592.040706465,141906.1019524178,4573597.446811129,362.39525926971135,1480.4797468182371,362.7241484029005,-6.734837809649669,-0.2120959948316881,-6.7348464706621165,17430.344161773057,0.0,0.2055418267503148,1.9282774277535222,2255743.600971862,633.1786670497614
111500.0,4573628.246558409,142054.14886630108,4573633.685551943,361.7217816626185,1480.4585276602984,362.050669927534,-6.734714374709173,-0.21228719354098174,-6.7347230791760975,17430.344161773057,0.0,0.2055418267503148,1.9282774277535222,2255743.600971862,633.1786670497614
111600.0,4573664.385063209,142202.19365731225,4573669.856945526,361.0483163862806,1480.437289373638,361.37720377857505,-6.7345911944371135,-0.21247856898071918,-6.73459994239656,17430.344161773057,0.0,0.2055418267503148,1.9282774277535222,2255743.600971862,633.1786670497614
111700.0,4573700.456222096,142350.2363235376,4573705.960993109,360.3748634152649,1480.4160319406676,360.7037499305872,-6.734468268151509,-0.21267011945917516,-6.734477059641146,17430.344161773057,0.0,0.2055418267503148,1.9282774277535222,2255743.600971862,633.1786670497614
111800.0,4573736.460036301,142498.2768630616,4573741.997695922,359.70142272420657,1480.3947553439673,360.03030835820186,-6.734345595177836,-0.21286184330236155,-6.734354430234966,17430.344161773057,0.0,0.2055418267503148,1.9282774277535222,2255743.600971862,633.1786670497614
111900.0,4573772.39650705,142646.31527396702,4573777.967055189,359.0279942878078,1480.3734595662836,359.3568790361175,-6.734223174848931,-0.21305373885382772,-6.734232053510483,17430.344161773057,0.0,0.2055418267503148,1.9282774277535222,2255743.600971862,633.1786670497614
112000.0,4573808.265635567,142794.35155433492,4573813.8690721365,358.35457808083726,1480.3521445905276,358.68346193909906,-6.734101006504878,-0.21324580447446514,-6.734109928807425,17430.344161773057,0.0,0.2055418267503148,1.9282774277535222,2255743.600971862,633.1786670497614
112100.0,4573844.067423074,142942.38570224462,4573849.703747984,357.6811740781291,1480.3308103997738,358.01005704197706,-6.733979089492968,-0.2134380385423183,-6.733988055472719,17430.344161773057,0.0,0.2055418267503148,1.9282774277535222,2255743.600971862,633.1786670497614
112200.0,4573879.801870788,143090.4177157738,4573885.471083951,357.0077822545825,1480.3094569772577,357.33666431964707,-6.73385742316757,-0.21363043945239155,-6.733866432860385,17430.344161773057,0.0,0.2055418267503148,1.9282774277535222,2255743.600971862,633.1786670497614
112300.0,4573915.46897993,143238.44759299845,4573921.171081253,356.33440258516066,1480.2880843063747,356.6632837470689,-6.733736006890084,-0.2138230056164644,-6.733745060331466,17430.344161773057,0.0,0.2055418267503148,1.9282774277535222,2255743.600971862,633.1786670497614
112400.0,4573951.0687517105,143386.4753319929,4573956.803741105,355.6610350448906,1480.2666923706781,355.98991529926576,-6.733614840028833,-0.21401573546290364,-6.733623937253941,17430.344161773057,0.0,0.2055418267503148,1.9282774277535222,2255743.600971862,633.1786670497614
112500.0,4573986.601187343,143534.50093082988,4573992.369064717,354.98767960886187,1480.2452811538778,355.3165589513239,-6.733493921958993,-0.214208627436481,-6.733503063002637,17430.344161773057,0.0,0.2055418267503148,1.9282774277535222,2255743.600971862,633.1786670497614
112600.0,4574022.066288035,143682.52438758043,4574027.867053297,354.3143362522263,1480.223850639838,354.64321467839164,-6.7333732520625125,-0.21440167999819273,-6.733382436959167,17430.344161773057,0.0,0.2055418267503148,1.9282774277535222,2255743.600971862,633.1786670497614
112700.0,4574057.464054995,143830.54570031405,4574063.297708054,353.64100495019727,1480.2024008125761,353.9698824556789,-6.733252829728023,-0.2145948916250786,-6.7332620585118255,17430.344161773057,0.0,0.2055418267503148,1.9282774277535222,2255743.600971862,633.1786670497614
112800.0,4574092.794489427,143978.56486709864,4574098.66103019,352.9676856780488,1480.180931656261,353.2965622584563,-6.733132654350781,-0.2147882608100479,-6.7331419270555335,17430.344161773057,0.0,0.2055418267503148,1.9282774277535222,2255743.600971862,633.1786670497614
112900.0,4574128.057592531,144126.5818860005,4574133.957020906,352.29437841111513,1480.1594431552119,352.6232540620547,-6.733012725332566,-0.21498178606170193,-6.733022041991741,17430.344161773057,0.0,0.2055418267503148,1.9282774277535222,2255743.600971862,633.1786670497614
113000.0,4574163.253365507,144274.59675508435,4574169.185681402,351.62108312479006,1480.1379352938957,351.94995784186455,-6.732893042081629,-0.21517546590416298,-6.73290240272837,17430.344161773057,0.0,0.2055418267503148,1.9282774277535222,2255743.600971862,633.1786670497614
113100.0,4574198.381809554,144422.60947241343,4574204.347012873,350.94779979452613,1480.1164080569267,351.2766735733352,-6.732773604012585,-0.21536929887690148,-6.732783008679717,17430.344161773057,0.0,0.2055418267503148,1.9282774277535222,2255743.600971862,633.1786670497614
113200.0,4574233.442925864,144570.6200360494,4574239.441016514,350.2745283958341,1480.0948614290642,350.6034012319741,-6.732654410546374,-0.21556328353457035,-6.732663859266401,17430.344161773057,0.0,0.2055418267503148,1.9282774277535222,2255743.600971862,633.1786670497614
113300.0,4574268.43671563,144718.6284440524,4574274.467693516,349.6012689042825,1480.0732953952113,349.9301407933465,-6.7325354611101655,-0.21575741844683563,-6.732544953915271,17430.344161773057,0.0,0.2055418267503148,1.9282774277535222,2255743.600971862,633.1786670497614
113400.0,4574303.363180041,144866.63469448106,4574309.427045069,348.92802129549665,1480.0517099404135,349.25689223307455,-6.732416755137283,-0.2159517021982119,-6.732426292059342,17430.344161773057,0.0,0.2055418267503148,1.9282774277535222,2255743.600971862,633.1786670497614
113500.0,4574338.222320285,145014.6387853926,4574344.319072358,348.2547855451583,1480.030105049857,348.5836555268368,-6.732298292067151,-0.21614613338790173,-6.732307873137729,17430.344161773057,0.0,0.2055418267503148,1.9282774277535222,2255743.600971862,633.1786670497614
113600.0,4574373.014137545,145162.64071484268,4574379.143776569,347.58156162900497,1480.0084807088674,347.9104306503677,-6.732180071345215,-0.21634071062963192,-6.732189696595565,17430.344161773057,0.0,0.2055418267503148,1.9282774277535222,2255743.600971862,633.1786670497614
113700.0,4574407.738633004,145310.64048088554,4574413.901158881,346.90834952282927,1479.9868369029084,347.2372175794567,-6.732062092422846,-0.2165354325514942,-6.732071761883922,17430.344161773057,0.0,0.2055418267503148,1.9282774277535222,2255743.600971862,633.1786670497614
113800.0,4574442.395807842,145458.63808157397,4574448.591220477,346.2351492024785,1479.9651736175797,346.564016289948,-6.7319443547573234,-0.21673029779579134,-6.731954068459779,17430.344161773057,0.0,0.2055418267503148,1.9282774277535222,2255743.600971862,633.1786670497614
113900.0,4574476.985663236,145606.63351495928,4574483.213962531,345.5619606438538,1479.9434908386165,345.8908267577397,-6.731826857811721,-0.21692530501887802,-6.731836615785911,17430.344161773057,0.0,0.2055418267503148,1.9282774277535222,2255743.600971862,633.1786670497614
114000.0,4574511.508200361,145754.62677909143,4574517.769386219,344.88878382290983,1479.9217885518876,345.2176489587835,-6.731709601054849,-0.21712045289100798,-6.7317194033308345,17430.344161773057,0.0,0.2055418267503148,1.9282774277535222,2255743.600971862,633.1786670497614
114100.0,4574545.963420391,145902.61787201892,4574552.257492713,344.21561871565405,1479.9000667433938,344.5444828690838,-6.731592583961215,-0.21731574009618462,-6.731602430568768,17430.344161773057,0.0,0.2055418267503148,1.9282774277535222,2255743.600971862,633.1786670497614
114200.0,4574580.351324494,146050.60679178892,4574586.678283182,343.54246529814617,1479.8783253992674,343.87132846469734,-6.731475806010925,-0.21751116533200854,-6.731485696979527,17430.344161773057,0.0,0.2055418267503148,1.9282774277535222,2255743.600971862,633.1786670497614
114300.0,4574614.671913839,146198.59353644712,4574621.031758795,342.8693235464976,1479.8565645057695,343.1981857217326,-6.731359266689632,-0.21770672730952906,-6.731369202048477,17430.344161773057,0.0,0.2055418267503148,1.9282774277535222,2255743.600971862,633.1786670497614
114400.0,4574648.925189591,146346.57810403797,4574655.317920715,342.1961934368709,1479.83478404929,342.52505461634934,-6.731242965488467,-0.21790242475309887,-6.731252945266472,17430.344161773057,0.0,0.2055418267503148,1.9282774277535222,2255743.600971862,633.1786670497614
114500.0,4574683.111152913,146494.56049260445,4574689.536770105,341.5230749454793,1479.8129840163454,341.8519351247578,-6.731126901903978,-0.21809825640022773,-6.7311369261297775,17430.344161773057,0.0,0.2055418267503148,1.9282774277535222,2255743.600971862,633.1786670497614
114600.0,4574717.229804967,146642.54070018826,4574723.688308126,340.84996804858616,1479.7911643935781,341.1788272232185,-6.73101107543808,-0.21829422100144202,-6.7310211441400325,17430.344161773057,0.0,0.2055418267503148,1.9282774277535222,2255743.600971862,633.1786670497614
114700.0,4574751.281146909,146790.51872482974,4574757.772535936,340.1768727225042,1479.7693251677547,340.50573088804134,-6.730895485597965,-0.21849031732013868,-6.730905598804155,17430.344161773057,0.0,0.2055418267503148,1.9282774277535222,2255743.600971862,633.1786670497614
114800.0,4574785.265179897,146938.49456456795,4574791.789454689,339.5037889435953,1479.7474663257644,339.83264609558546,-6.730780131896066,-0.21868654413244962,-6.730790289634307,17430.344161773057,0.0,0.2055418267503148,1.9282774277535222,2255743.600971862,633.1786670497614
114900.0,4574819.181905082,147086.4682174406,4574825.739065539,338.8307166882698,1479.7255878546189,339.1595728222584,-6.73066501384999,-0.21888290022710152,-6.730675216147827,17430.344161773057,0.0,0.2055418267503148,1.9282774277535222,2255743.600971862,633.1786670497614
115000.0,4574853.031323617,147234.43968148413,4574859.621369637,338.157655932986,1479.7036897414496,338.4865110445157,-6.730550130982441,-0.2190793844052773,-6.730560377867158,17430.344161773057,0.0,0.2055418267503148,1.9282774277535222,2255743.600971862,633.1786670497614
115100.0,4574886.813436652,147382.40895473372,4574893.43636813,337.4846066542498,1479.681771973508,337.8134607388605,-6.730435482821192,-0.21927599548048496,-6.730445774319806,17430.344161773057,0.0,0.2055418267503148,1.9282774277535222,2255743.600971862,633.1786670497614
115200.0,4574920.528245331,147530.37603522325,4574927.184062166,336.8115688286138,1479.6598345381628,337.1404218818429,-6.730321068899,-0.21947273227842087,-6.73033140503827,17430.344161773057,0.0,0.2055418267503148,1.9282774277535222,2255743.600971862,633.1786670497614
115300.0,4574954.175750799,147678.34092098536,4574960.864452887,336.1385424326774,1479.6378774229004,336.46739445005943,-6.730206888753563,-0.21966959363683872,-6.730217269559989,17430.344161773057,0.0,0.2055418267503148,1.9282774277535222,2255743.600971862,633.1786670497614
115400.0,4574987.755954198,147826.30361005143,4574994.4775414355,335.4655274430858,1479.6159006153218,335.7943784201527,-6.730092941927459,-0.21986657840541934,-6.730103367427288,17430.344161773057,0.0,0.2055418267503148,1.9282774277535222,2255743.600971862,633.1786670497614
115500.0,4575021.268856667,147974.2641004516,4575028.023328951,334.7925238365297,1479.5939041031436,335.1213737688109,-6.72997922796808,-0.22006368544564062,-6.7299896981873095,17430.344161773057,0.0,0.2055418267503148,1.9282774277535222,2255743.600971862,633.1786670497614
115600.0,4575054.714459344,148122.22239021483,4575061.501816568,334.1195315897449,1479.5718878741945,334.4483804727671,-6.729865746427609,-0.2202609136306521,-6.72987626139198,17430.344161773057,0.0,0.2055418267503148,1.9282774277535222,2255743.600971862,633.1786670497614
115700.0,4575088.092763362,148270.1784773688,4575094.913005423,333.4465506795117,1479.5498519164164,333.7753985087991,-6.729752496862916,-0.2204582618451463,-6.729763056597933,17430.344161773057,0.0,0.2055418267503148,1.9282774277535222,2255743.600971862,633.1786670497614
115800.0,4575121.403769856,148418.1323599401,4575128.256896647,332.7735810826544,1479.5277962178614,333.1024278537288,-6.729639478835544,-0.22065572898523578,-6.729650083366458,17430.344161773057,0.0,0.2055418267503148,1.9282774277535222,2255743.600971862,633.1786670497614
115900.0,4575154.647479955,148566.08403595397,4575161.533491369,332.1006227760411,1479.5057207666916,332.42946848442153,-6.729526691911639,-0.22085331395832908,-6.729537341263463,17430.344161773057,0.0,0.2055418267503148,1.9282774277535222,2255743.600971862,633.1786670497614
116000.0,4575187.823894787,148714.03350343462,4575194.742790719,331.42767573658296,1479.483625551178,331.7565203777861,-6.7294141356619095,-0.2210510156830112,-6.729424829859419,17430.344161773057,0.0,0.2055418267503148,1.9282774277535222,2255743.600971862,633.1786670497614
116100.0,4575220.933015477,148861.98076040501,4575227.884795819,330.75473994123377,1479.461510559699,331.08358351077385,-6.7293018096615445,-0.22124883308891866,-6.729312548729272,17430.344161773057,0.0,0.2055418267503148,1.9282774277535222,2255743.600971862,633.1786670497614
116200.0,4575253.974843149,149009.92580488697,4575260.959507795,330.0818153669897,1479.4393757807395,330.4106578603785,-6.729189713490197,-0.22144676511662528,-6.729200497452447,17430.344161773057,0.0,0.2055418267503148,1.9282774277535222,2255743.600971862,633.1786670497614
116300.0,4575286.9493789235,149157.86863490118,4575293.966927765,329.40890199088864,1479.41722120289,329.7377434036355,-6.729077846731918,-0.2216448107175228,-6.729088675612761,17430.344161773057,0.0,0.2055418267503148,1.9282774277535222,2255743.600971862,633.1786670497614
116400.0,4575319.85662392,149305.8092484672,4575326.907056848,328.73599979000994,1479.395046814845,329.06484011762177,-6.728966208975096,-0.22184296885370264,-6.728977082798373,17430.344161773057,0.0,0.2055418267503148,1.9282774277535222,2255743.600971862,633.1786670497614
116500.0,4575352.696579253,149453.74764360345,4575359.77989616,328.06310874147385,1479.3728526054024,328.3919479794552,-6.728854799812437,-0.2220412384978451,-6.728865718601762,17430.344161773057,0.0,0.2055418267503148,1.9282774277535222,2255743.600971862,633.1786670497614
116600.0,4575385.469246039,149601.6838183272,4575392.585446814,327.3902288224411,1479.3506385634623,327.71906696629424,-6.728743618840874,-0.22223961863310113,-6.728754582619633,17430.344161773057,0.0,0.2055418267503148,1.9282774277535222,2255743.600971862,633.1786670497614
116700.0,4575418.174625388,149749.61777065467,4575425.323709923,326.7173600101126,1479.3284046780261,327.0461970553374,-6.72863266566156,-0.22243810825298407,-6.728643674452918,17430.344161773057,0.0,0.2055418267503148,1.9282774277535222,2255743.600971862,633.1786670497614
116800.0,4575450.812718411,149897.54949860097,4575457.994686594,326.04450228172885,1479.3061509381953,326.373338223823,-6.728521939879781,-0.22263670636125538,-6.728532993706685,17430.344161773057,0.0,0.2055418267503148,1.9282774277535222,2255743.600971862,633.1786670497614
116900.0,4575483.3835262135,150045.47900018012,4575490.598377936,325.3716556145697,1479.2838773331705,325.70049044902845,-6.728411441104948,-0.2228354119718174,-6.728422539990124,17430.344161773057,0.0,0.2055418267503148,1.9282774277535222,2255743.600971862,633.1786670497614
117000.0,4575515.887049901,150193.40627340507,4575523.134785051,324.69881998595383,1479.2615838522502,325.02765370827024,-6.728301168950524,-0.22303422410860374,-6.728312312916483,17430.344161773057,0.0,0.2055418267503148,1.9282774277535222,2255743.600971862,633.1786670497614
117100.0,4575548.323290577,150341.3313162877,4575555.6039090445,324.02599537323835,1479.23927048483,324.3548279789032,-6.728191123033976,-0.22323314180547077,-6.728202312103015,17430.344161773057,0.0,0.2055418267503148,1.9282774277535222,2255743.600971862,633.1786670497614
117200.0,4575580.692249342,150489.2541268388,4575588.005751014,323.3531817538184,1479.2169372204023,323.6820132383203,-6.728081302976749,-0.223432164106094,-6.728092537170953,17430.344161773057,0.0,0.2055418267503148,1.9282774277535222,2255743.600971862,633.1786670497614
117300.0,4575612.993927293,150637.1747030682,4575620.340312057,322.6803791051268,1479.1945840485537,323.0092094639521,-6.7279717084042066,-0.22363129006386195,-6.7279829877454524,17430.344161773057,0.0,0.2055418267503148,1.9282774277535222,2255743.600971862,633.1786670497614
117400.0,4575645.228325528,150785.09304298458,4575652.607593271,322.00758740463374,1479.1722109589655,322.33641663326665,-6.7278623389455845,-0.22383051874177165,-6.72787366345554,17430.344161773057,0.0,0.2055418267503148,1.9282774277535222,2255743.600971862,633.1786670497614
117500.0,4575677.395445139,150933.0091445957,4575684.8075957475,321.3348066298461,1479.1498179414123,321.6636347237687,-6.727753194233963,-0.22402984921232838,-6.72776456393409,17430.344161773057,0.0,0.2055418267503148,1.9282774277535222,2255743.600971862,633.1786670497614
117600.0,4575709.495287218,151080.92300590826,4575716.940320578,320.66203675830747,1479.1274049857607,320.99086371299967,-6.727644273906202,-0.22422928055744237,-6.727655688817761,17430.344161773057,0.0,0.2055418267503148,1.9282774277535222,2255743.600971862,633.1786670497614
117700.0,4575741.527852854,151228.83462492793,4575749.005768852,319.9892777675974,1479.1049720819688,320.318103578537,-6.72753557760291,-0.22442881186832916,-6.727547037746962,17430.344161773057,0.0,0.2055418267503148,1.9282774277535222,2255743.600971862,633.1786670497614
117800.0,4575773.493143134,151376.74399965937,4575781.003941656,319.3165296353313,1479.0825192200848,319.64535429799395,-6.7274271049684105,-0.22462844224541192,-6.727438610365815,17430.344161773057,0.0,0.2055418267503148,1.9282774277535222,2255743.600971862,633.1786670497614
117900.0,4575805.391159142,151524.65112810634,4575812.934840073,318.64379233915986,1479.0600463902472,318.97261584901923,-6.727318855650668,-0.22482817079822062,-6.727330406322088,17430.344161773057,0.0,0.2055418267503148,1.9282774277535222,2255743.600971862,633.1786670497614
118000.0,4575837.2219019625,151672.55600827152,4575844.798465186,317.97106585676886,1479.0375535826822,318.29988820929657,-6.727210829301294,-0.2250279966452988,-6.727222425267198,17430.344161773057,0.0,0.2055418267503148,1.9282774277535222,2255743.600971862,633.1786670497614
118100.0,4575868.985372674,151820.45863815665,4575876.594818074,317.2983501658788,1479.0150407877043,317.62717135654435,-6.727103025575465,-0.22522791891410548,-6.727114666856127,17430.344161773057,0.0,0.2055418267503148,1.9282774277535222,2255743.600971862,633.1786670497614
118200.0,4575900.681572354,151968.3590157625,4575908.323899816,316.62564524424437,1478.9925079957143,316.95446526851526,-6.7269954441319,-0.22542793674092096,-6.727007130747404,17430.344161773057,0.0,0.2055418267503148,1.9282774277535222,2255743.600971862,633.1786670497614
118300.0,4575932.31050208,152116.2571390889,4575939.985711486,315.95295106965426,1478.9699551971994,316.28176992299603,-6.72688808463282,-0.225628049270754,-6.726899816603062,17430.344161773057,0.0,0.2055418267503148,1.9282774277535222,2255743.600971862,633.1786670497614
118400.0,4575963.872162925,152264.15300613473,4575971.580254158,315.2802676199308,1478.9473823827316,315.609085297807,-6.726780946743896,-0.2258282556572479,-6.726792724088583,17430.344161773057,0.0,0.2055418267503148,1.9282774277535222,2255743.600971862,633.1786670497614
118500.0,4575995.366555961,152412.04661489793,4576003.107528903,314.6075948729295,1478.9247895429673,314.9364113708017,-6.72667403013424,-0.22602855506259129,-6.726685852872893,17430.344161773057,0.0,0.2055418267503148,1.9282774277535222,2255743.600971862,633.1786670497614
118600.0,4576026.793682256,152559.9379633755,4576034.567536788,313.9349328065389,1478.9021766686462,314.2637481198667,-6.726567334476336,-0.22622894665742632,-6.726579202628293,17430.344161773057,0.0,0.2055418267503148,1.9282774277535222,2255743.600971862,633.1786670497614
118700.0,4576058.153542877,152707.82704956352,4576065.960278882,313.26228139868,1478.8795437505903,313.59109552292114,-6.726460859446005,-0.22642942962075863,-6.726472773030425,17430.344161773057,0.0,0.2055418267503148,1.9282774277535222,2255743.600971862,633.1786670497614
118800.0,4576089.4461388895,152855.71387145718,4576097.285756247,312.58964062730615,1478.8568907797035,312.9184535579164,-6.726354604722396,-0.22663000313987083,-6.726366563758254,17430.344161773057,0.0,0.2055418267503148,1.9282774277535222,2255743.600971862,633.1786670497614
118900.0,4576120.671471356,153003.59842705072,4576128.543969947,311.91701047040254,1478.8342177469706,312.2458222028359,-6.726248569987913,-0.22683066641023358,-6.726260574494005,17430.344161773057,0.0,0.2055418267503148,1.9282774277535222,2255743.600971862,633.1786670497614
119000.0,4576151.829541337,153151.48071433752,4576159.734921041,311.24439090598605,1478.8115246434563,311.5732014356945,-6.726142754928196,-0.22703141863542042,-6.72615480492315,17430.344161773057,0.0,0.2055418267503148,1.9282774277535222,2255743.600971862,633.1786670497614
119100.0,4576182.920349889,153299.36073131007,4576190.858610586,310.57178191210477,1478.7888114603047,310.9005912345385,-6.7260371592320825,-0.2272322590270203,-6.726049254734342,17430.344161773057,0.0,0.2055418267503148,1.9282774277535222,2255743.600971862,633.1786670497614
119200.0,4576213.943898071,153447.23847595995,4576221.915039639,309.89918346683777,1478.7660781887382,310.22799157744515,-6.72593178259157,-0.22743318680455554,-6.725943923619413,17430.344161773057,0.0,0.2055418267503148,1.9282774277535222,2255743.600971862,633.1786670497614
119300.0,4576244.900186934,153595.1139462779,4576252.904209252,309.22659554829477,1478.7433248200568,309.55540244252234,-6.725826624701797,-0.22763420119539807,-6.725838811273327,17430.344161773057,0.0,0.2055418267503148,1.9282774277535222,2255743.600971862,633.1786670497614
119400.0,4576275.78921753,153742.98714025377,4576283.826120477,308.5540181346158,1478.7205513456377,308.88282380790827,-6.725721685260969,-0.22783530143468442,-6.72573391739412,17430.344161773057,0.0,0.2055418267503148,1.9282774277535222,2255743.600971862,633.1786670497614
119500.0,4576306.61099091,153890.85805587654,4576314.680774363,307.88145120397087,1478.6977577569337,308.21025565177126,-6.725616963970363,-0.2280364867652367,-6.725629241682903,17430.344161773057,0.0,0.2055418267503148,1.9282774277535222,2255743.600971862,633.1786670497614
119600.0,4576337.36550812,154038.7266911344,4576345.468171956,307.20889473455986,1478.6749440454732,307.5376979523093,-6.725512460534278,-0.22823775643748118,-6.725524783843812,17430.344161773057,0.0,0.2055418267503148,1.9282774277535222,2255743.600971862,633.1786670497614
119700.0,4576368.052770205,154186.5930440146,4576376.188314301,306.53634870461195,1478.6521102028594,306.86515068774986,-6.725408174659998,-0.22843910970936765,-6.72542054358396,17430.344161773057,0.0,0.2055418267503148,1.9282774277535222,2255743.600971862,633.1786670497614
119800.0,4576398.672778208,154334.45711250365,4576406.841202441,305.86381309238544,1478.629256220769,306.19261383634955,-6.7253041060577665,-0.2286405458462919,-6.725316520613432,17430.344161773057,0.0,0.2055418267503148,1.9282774277535222,2255743.600971862,633.1786670497614
119900.0,4576429.22553317,154482.31889458717,4576437.4268374145,305.19128787616756,1478.6063820909521,305.5200873763938,-6.725200254440739,-0.22884206412101582,-6.725212714645221,17430.344161773057,0.0,0.2055418267503148,1.9282774277535222,2255743.600971862,633.1786670497614
120000.0,4576459.711036129,154630.17838824997,4576467.945220261,304.5187730342739,1478.583487805231,304.84757128619657,-6.725096619524978,-0.2290436638135925,-6.725109125395234,17430.344161773057,0.0,0.2055418267503148,1.9282774277535222,2255743.600971862,633.1786670497614
120100.0,4576490.129288122,154778.03559147607,4576498.396352016,303.84626854504853,1478.5605733554994,304.17506554410016,-6.724993201029388,-0.22924534421128778,-6.725005752582213,17430.344161773057,0.0,0.2055418267503148,1.9282774277535222,2255743.600971862,633.1786670497614
120200.0,4576520.480290183,154925.89050224866,4576528.780233714,303.17377438686333,1478.5376387337221,303.5025701284748,-6.72488999867571,-0.22944710460850673,-6.7249025959277455,17430.344161773057,0.0,0.2055418267503148,1.9282774277535222,2255743.600971862,633.1786670497614
120300.0,4576550.764043343,155073.74311855013,4576559.096866385,302.50129053811787,1478.5146839319343,302.8300850177185,-6.7247870121884725,-0.22964894430671687,-6.724799655156201,17430.344161773057,0.0,0.2055418267503148,1.9282774277535222,2255743.600971862,633.1786670497614
120400.0,4576580.980548633,155221.59343836212,4576589.34625106,301.82881697723917,1478.4917089422404,302.15761019025655,-6.724684241294967,-0.22985086261437684,-6.724696929994728,17430.344161773057,0.0,0.2055418267503148,1.9282774277535222,2255743.600971862,633.1786670497614
120500.0,4576611.129807081,155369.4414596654,4576619.528388766,301.1563536826814,1478.468713756814,301.48514562454153,-6.724581685725228,-0.2300528588468617,-6.724594420173201,17430.344161773057,0.0,0.2055418267503148,1.9282774277535222,2255743.600971862,633.1786670497614
120600.0,4576641.211819711,155517.28718044003,4576649.643280527,300.4839006329256,1478.4456983678963,300.8126912990528,-6.724479345211982,-0.23025493232639133,-6.724492125424197,17430.344161773057,0.0,0.2055418267503148,1.9282774277535222,2255743.600971862,633.1786670497614
120700.0,4576671.226587548,155665.13059866527,4576679.690927366,299.8114578064793,1478.4226627677963,300.1402471922964,-6.724377219490632,-0.23045708238195942,-6.724390045482975,17430.344161773057,0.0,0.2055418267503148,1.9282774277535222,2255743.600971862,633.1786670497614
120800.0,4576701.174111612,155812.97171231962,4576709.671330305,299.1390251818765,1478.3996069488896,299.4678132828047,-6.724275308299228,-0.23065930834926243,-6.7242881800874335,17430.344161773057,0.0,0.2055418267503148,1.9282774277535222,2255743.600971862,633.1786670497614
120900.0,4576731.054392924,155960.81051938082,4576739.584490362,298.46660273767714,1478.376530903618,298.7953895491361,-6.724173611378422,-0.23086160957062968,-6.724186528978081,17430.344161773057,0.0,0.2055418267503148,1.9282774277535222,2255743.600971862,633.1786670497614
121000.0,4576760.867432498,156108.64701782586,4576769.430408553,297.79419045246703,1478.3534346244887,298.1229759698748,-6.724072128471464,-0.2310639853949557,-6.724085091898025,17430.344161773057,0.0,0.2055418267503148,1.9282774277535222,2255743.600971862,633.1786670497614
121100.0,4576790.613231352,156256.481205631,4576799.209085894,297.12178830485755,1478.3303181040737,297.4505725236307,-6.7239708593241545,-0.23126643517763024,-6.723983868592919,17430.344161773057,0.0,0.2055418267503148,1.9282774277535222,2255743.600971862,633.1786670497614
121200.0,4576820.291790497,156404.3130807717,4576828.920523395,296.44939627348526,1478.307181335009,296.7781791890388,-6.72386980368482,-0.23146895828047195,-6.723882858810952,17430.344161773057,0.0,0.2055418267503148,1.9282774277535222,2255743.600971862,633.1786670497614
121300.0,4576849.903110943,156552.1426412228,4576858.564722068,295.7770143370119,1478.2840243099945,296.10579594475934,-6.723768961304288,-0.23167155407166154,-6.72378206230281,17430.344161773057,0.0,0.2055418267503148,1.9282774277535222,2255743.600971862,633.1786670497614
121400.0,4576879.4471937,156699.9698849583,4576888.141682919,295.104642474124,1478.2608470217926,295.4334227694773,-6.723668331935869,-0.2318742219256757,-6.723681478821664,17430.344161773057,0.0,0.2055418267503148,1.9282774277535222,2255743.600971862,633.1786670497614
121500.0,4576908.924039773,156847.7948099515,4576917.651406956,294.4322806635325,1478.237649463228,294.76105964190225,-6.723567915335305,-0.23207696122322186,-6.723581108123123,17430.344161773057,0.0,0.2055418267503148,1.9282774277535222,2255743.600971862,633.1786670497614
121600.0,4576938.333650166,156995.61741417504,4576947.093895182,293.75992888397275,1478.214431627187,294.088706540768,-6.723467711260759,-0.23227977135117298,-6.723480949965213,17430.344161773057,0.0,0.2055418267503148,1.9282774277535222,2255743.600971862,633.1786670497614
121700.0,4576967.676025882,157143.4376956008,4576976.469148598,293.08758711420415,1478.1911935066169,293.4163634448325,-6.723367719472791,-0.23248265170250537,-6.723381004108355,17430.344161773057,0.0,0.2055418267503148,1.9282774277535222,2255743.600971862,633.1786670497614
121800.0,4576996.951167922,157291.25565219996,4577005.777168203,292.4152553330099,1478.1679350945255,292.7440303328775,-6.7232679397343285,-0.23268560167623453,-6.723281270315347,17430.344161773057,0.0,0.2055418267503148,1.9282774277535222,2255743.600971862,633.1786670497614
121900.0,4577026.159077281,157439.07128194306,4577035.017954996,291.7429335191968,1478.1446563839806,292.07170718370844,-6.723168371810626,-0.2328886206773523,-6.723181748351315,17430.344161773057,0.0,0.2055418267503148,1.9282774277535222,2255743.600971862,633.1786670497614
122000.0,4577055.299754957,157586.88458279992,4577064.191509971,291.07062165159505,1478.1213573681089,291.39939397615404,-6.723069015469267,-0.23309170811676674,-6.723082437983707,17430.344161773057,0.0,0.2055418267503148,1.9282774277535222,2255743.600971862,633.1786670497614
122100.0,4577084.373201942,157734.69555273963,4577093.297834122,290.3983197090579,1478.0980380400956,290.7270906890662,-6.7229698704801235,-0.23329486341124017,-6.722983338982267,17430.344161773057,0.0,0.2055418267503148,1.9282774277535222,2255743.600971862,633.1786670497614
122200.0,4577113.379419229,157882.50418973065,4577122.336928438,289.7260276704615,1478.0746983931842,290.05479730131964,-6.722870936615308,-0.23349808598332697,-6.722884451118981,17430.344161773057,0.0,0.2055418267503148,1.9282774277535222,2255743.600971862,633.1786670497614
122300.0,4577142.318407806,158030.31049174076,4577151.308793911,289.0537455147049,1478.0513384206756,289.38251379181196,-6.722772213649204,-0.23370137526131854,-6.7227857741681065,17430.344161773057,0.0,0.2055418267503148,1.9282774277535222,2255743.600971862,633.1786670497614
122400.0,4577171.19016866,158178.11445673706,4577180.213431525,288.3814732207092,1478.0279581159275,288.71024013946305,-6.722673701358392,-0.23390473067918,-6.722687307906098,17430.344161773057,0.0,0.2055418267503148,1.9282774277535222,2255743.600971862,633.1786670497614
122500.0,4577199.994702778,158325.916082686,4577209.0508422665,287.7092107674181,1478.004557472354,288.03797632321516,-6.722575399521638,-0.23410815167649277,-6.722589052111596,17430.344161773057,0.0,0.2055418267503148,1.9282774277535222,2255743.600971862,633.1786670497614
122600.0,4577228.732011141,158473.71536755335,4577237.821027117,287.03695813379704,1477.9811364834247,287.36572232203247,-6.722477307919887,-0.2343116376983989,-6.722491006565427,17430.344161773057,0.0,0.2055418267503148,1.9282774277535222,2255743.600971862,633.1786670497614
122700.0,4577257.402094731,158621.51230930426,4577266.523987058,286.3647152988335,1477.957695142665,286.69347811490104,-6.722379426336216,-0.23451518819554107,-6.72239317105054,17430.344161773057,0.0,0.2055418267503148,1.9282774277535222,2255743.600971862,633.1786670497614
122800.0,4577286.004954527,158769.30690590327,4577295.159723066,285.69248224153637,1477.9342334436544,286.0212436808285,-6.722281754555831,-0.23471880262400877,-6.722295545352024,17430.344161773057,0.0,0.2055418267503148,1.9282774277535222,2255743.600971862,633.1786670497614
122900.0,4577314.540591505,158917.09915531418,4577323.728236118,285.020258940936,1477.910751380027,285.34901899884386,-6.722184292366025,-0.23492248044528052,-6.7221981292570545,17430.344161773057,0.0,0.2055418267503148,1.9282774277535222,2255743.600971862,633.1786670497614
123000.0,4577343.00900664,159064.88905550024,4577352.229527189,284.34804537608386,1477.88724894547,284.67680404799734,-6.722087039556177,-0.23512622112617018,-6.722100922554891,17430.344161773057,0.0,0.2055418267503148,1.9282774277535222,2255743.600971862,633.1786670497614
123100.0,4577371.410200904,159212.67660442405,4577380.663597251,283.6758415260524,1477.863726133724,284.0045988073601,-6.7219899959176965,-0.23533002413876977,-6.722003925036827,17430.344161773057,0.0,0.2055418267503148,1.9282774277535222,2255743.600971862,633.1786670497614
123200.0,4577399.744175268,159360.46180004755,4577409.0304472735,283.00364736993487,1477.8401829385818,283.33240325602407,-6.7218931612440445,-0.23553388896039906,-6.721907136496204,17430.344161773057,0.0,0.2055418267503148,1.9282774277535222,2255743.600971862,633.1786670497614
123300.0,4577428.0109307,159508.2446403321,4577437.330078225,282.331462886845,1477.8166193538889,282.6602173731018,-6.72179653533067,-0.2357378150735495,-6.7218105567283635,17430.344161773057,0.0,0.2055418267503148,1.9282774277535222,2255743.600971862,633.1786670497614
123400.0,4577456.210468167,159656.02512323845,4577465.56249107,281.6592880559168,1477.7930353735412,281.98804113772604,-6.721700117975017,-0.23594180196583156,-6.721714185530628,17430.344161773057,0.0,0.2055418267503148,1.9282774277535222,2255743.600971862,633.1786670497614
123500.0,4577484.342788633,159803.80324672675,4577493.727686773,280.9871228563047,1477.7694309914866,281.31587452904995,-6.721603908976486,-0.236145849129924,-6.721618022702293,17430.344161773057,0.0,0.2055418267503148,1.9282774277535222,2255743.600971862,633.1786670497614
123600.0,4577512.407893059,159951.5790087565,4577521.825666296,280.3149672671829,1477.7458062017229,280.6437175262465,-6.721507908136426,-0.23634995606352088,-6.721522068044595,17430.344161773057,0.0,0.2055418267503148,1.9282774277535222,2255743.600971862,633.1786670497614
123700.0,4577540.405782406,160099.35240728664,4577549.856430599,279.6428212677454,1477.722160998298,279.97157010850856,-6.721412115258108,-0.23655412226928083,-6.721426321360689,17430.344161773057,0.0,0.2055418267503148,1.9282774277535222,2255743.600971862,633.1786670497614
123800.0,4577568.336457632,160247.12344027552,4577577.819980637,278.97068483720574,1477.6984953753097,279.29943225504843,-6.721316530146697,-0.23675834725477632,-6.721330782455637,17430.344161773057,0.0,0.2055418267503148,1.9282774277535222,2255743.600971862,633.1786670497614
123900.0,4577596.199919691,160394.89210568086,4577605.716317368,278.29855795479693,1477.674809326904,278.62730394509794,-6.721221152609235,-0.23696263053244332,-6.721235451136371,17430.344161773057,0.0,0.2055418267503148,1.9282774277535222,2255743.600971862,633.1786670497614
124000.0,4577623.99616954,160542.65840145986,4577633.545441744,277.6264405997711,1477.6511028472762,277.95518515790803,-6.721125982454637,-0.23716697161953323,-6.7211403272117,17430.344161773057,0.0,0.2055418267503148,1.9282774277535222,2255743.600971862,633.1786670497614
124100.0,4577651.725208129,160690.4223255691,4577661.307354717,276.95433275139953,1477.6273759306691,277.2830758727488,-6.721031019493639,-0.23737137003806189,-6.721045410492254,17430.344161773057,0.0,0.2055418267503148,1.9282774277535222,2255743.600971862,633.1786670497614
124200.0,4577679.387036406,160838.18387596458,4577689.002057235,276.2822343889722,1477.6036285713733,276.610976068909,-6.720936263538818,-0.23757582531476346,-6.720950700790503,17430.344161773057,0.0,0.2055418267503148,1.9282774277535222,2255743.600971862,633.1786670497614
124300.0,4577706.981655322,160985.94305060175,4577716.629550246,275.61014549179777,1477.5798607637264,275.93888572569625,-6.720841714404531,-0.2377803369810401,-6.7208561979207015,17430.344161773057,0.0,0.2055418267503148,1.9282774277535222,2255743.600971862,633.1786670497614
124400.0,4577734.50906582,161133.69984743552,4577744.189834694,274.9380660392034,1477.5560725021128,275.2668048224366,-6.720747371906918,-0.23798490457291596,-6.72076190169889,17430.344161773057,0.0,0.2055418267503148,1.9282774277535222,2255743.600971862,633.1786670497614
124500.0,4577761.9692688435,161281.4542644202,4577771.682911524,274.2659960105346,1477.532263780963,274.5947333384743,-6.7206532358639,-0.23818952763099188,-6.720667811942886,17430.344161773057,0.0,0.2055418267503148,1.9282774277535222,2255743.600971862,633.1786670497614
124600.0,4577789.362265335,161429.20629950956,4577799.108781675,273.59393538515485,1477.508434594753,273.92267125317187,-6.720559306095113,-0.2383942057003949,-6.720573928472223,17430.344161773057,0.0,0.2055418267503148,1.9282774277535222,2255743.600971862,633.1786670497614
124700.0,4577816.688056233,161576.95595065682,4577826.467446087,272.9218841424457,1477.4845849380042,273.2506185459097,-6.720465582421938,-0.238598938330737,-6.720480251108183,17430.344161773057,0.0,0.2055418267503148,1.9282774277535222,2255743.600971862,633.1786670497614
124800.0,4577843.946642475,161724.70321581463,4577853.758905696,272.2498422618065,1477.460714805283,272.5785751960859,-6.72037206466745,-0.23880372507606684,-6.720386779673743,17430.344161773057,0.0,0.2055418267503148,1.9282774277535222,2255743.600971862,633.1786670497614
124900.0,4577871.138024997,161872.44809293517,4577880.983161437,271.57780972265414,1477.4368241912,271.9065411831165,-6.720278752656407,-0.23900856549482527,-6.720293513993565,17430.344161773057,0.0,0.2055418267503148,1.9282774277535222,2255743.600971862,633.1786670497614
125000.0,4577898.262204731,162020.19057997,4577908.140214243,270.9057865044229,1477.4129130904096,271.23451648643453,-6.7201856462152625,-0.23921345914980352,-6.720200453894002,17430.344161773057,0.0,0.2055418267503148,1.9282774277535222,2255743.600971862,633.1786670497614
125100.0,4577925.319182608,162167.93067487018,4577935.230065044,270.2337725865645,1477.3889814976098,270.5625010854907,-6.720092745172078,-0.23941840560809433,-6.720107599203022,17430.344161773057,0.0,0.2055418267503148,1.9282774277535222,2255743.600971862,633.1786670497614
125200.0,4577952.308959558,162315.66837558628,4577962.252714769,269.5617679485476,1477.3650294075421,269.89049495975263,-6.720000049356588,-0.2396234044410545,-6.720014949750264,17430.344161773057,0.0,0.2055418267503148,1.9282774277535222,2255743.600971862,633.1786670497614
125300.0,4577979.231536507,162463.40368006827,4577989.208164345,268.8897725698579,1477.34105681499,269.21849808870496,-6.719907558600117,-0.23982845522425686,-6.71992250536696,17430.344161773057,0.0,0.2055418267503148,1.9282774277535222,2255743.600971862,633.1786670497614
125400.0,4578006.08691438,162611.13658626567,4578016.096414695,268.21778642999783,1477.3170637147796,268.54651045184914,-6.719815272735599,-0.24003355753745087,-6.7198302658859514,17430.344161773057,0.0,0.2055418267503148,1.9282774277535222,2255743.600971862,633.1786670497614
125500.0,4578032.8750941,162758.86709212745,4578042.917466742,267.5458095084865,1477.2930501017788,267.87453202870324,-6.719723191597554,-0.24023871096452004,-6.719738231141662,17430.344161773057,0.0,0.2055418267503148,1.9282774277535222,2255743.600971862,633.1786670497614
125600.0,4578059.596076588,162906.59519560207,4578069.671321407,266.87384178485956,1477.2690159708968,267.20256279880175,-6.719631315022057,-0.2404439150934394,-6.71964640097008,17430.344161773057,0.0,0.2055418267503148,1.9282774277535222,2255743.600971862,633.1786670497614
125700.0,4578086.249862763,163054.32089463752,4578096.357979608,266.2018832386688,1477.2449613170838,266.53060274169553,-6.7195396428467316,-0.2406491695162349,-6.719554775208735,17430.344161773057,0.0,0.2055418267503148,1.9282774277535222,2255743.600971862,633.1786670497614
125800.0,4578112.836453541,163202.04418718122,4578122.977442261,265.5299338494823,1477.2208861353306,265.85865183695165,-6.7194481749107435,-0.24085447382894384,-6.7194633536967086,17430.344161773057,0.0,0.2055418267503148,1.9282774277535222,2255743.600971862,633.1786670497614
125900.0,4578139.355849838,163349.76507118015,4578149.52971028,264.857993596884,1477.1967904206683,265.1867100641532,-6.719356911054759,-0.24105982763157263,-6.719372136274573,17430.344161773057,0.0,0.2055418267503148,1.9282774277535222,2255743.600971862,633.1786670497614
126000.0,4578165.808052565,163497.48354458075,4578176.014784577,264.1860624604739,1477.1726741681678,264.514777402899,-6.719265851120959,-0.24126523052805918,-6.719281122784424,17430.344161773057,0.0,0.2055418267503148,1.9282774277535222,2255743.600971862,633.1786670497614
126100.0,4578192.193062633,163645.19960532902,4578202.432666063,263.5141404198676,1477.1485373729392,263.8428538328038,-6.719174994952993,-0.24147068212623118,-6.7191903130698245,17430.344161773057,0.0,0.2055418267503148,1.9282774277535222,2255743.600971862,633.1786670497614
126200.0,4578218.510880952,163792.91325137042,4578228.783355646,262.8422274546963,1477.124380030132,263.17093933349776,-6.719084342395991,-0.24167618203776972,-6.7190997069758165,17430.344161773057,0.0,0.2055418267503148,1.9282774277535222,2255743.600971862,633.1786670497614
126300.0,4578244.761508427,163940.62448064997,4578255.066854231,262.1703235446065,1477.100202134934,262.49903388462644,-6.718993893296522,-0.2418817298781682,-6.719009304348888,17430.344161773057,0.0,0.2055418267503148,1.9282774277535222,2255743.600971862,633.1786670497614
126400.0,4578270.944945962,164088.33329111218,4578281.283162723,261.49842866926014,1477.0760036825716,261.8271374658508,-6.718903647502605,-0.24208732526669666,-6.71891910503697,17430.344161773057,0.0,0.2055418267503148,1.9282774277535222,2255743.600971862,633.1786670497614
126500.0,4578297.061194461,164236.0396807011,4578307.432282024,260.8265428083342,1477.0517846683085,261.1552500568469,-6.718813604863676,-0.24229296782636262,-6.718829108889417,17430.344161773057,0.0,0.2055418267503148,1.9282774277535222,2255743.600971862,633.1786670497614
126600.0,4578323.110254823,164383.7436473603,4578333.514213034,260.1546659415206,1477.0275450874465,260.48337163730577,-6.718723765230565,-0.24249865718387323,-6.718739315756976,17430.344161773057,0.0,0.2055418267503148,1.9282774277535222,2255743.600971862,633.1786670497614
126700.0,4578349.092127948,164531.44518903288,4578359.528956651,259.48279804852615,1477.0032849353242,259.8115021869333,-6.718634128455512,-0.2427043929696003,-6.718649725491806,17430.344161773057,0.0,0.2055418267503148,1.9282774277535222,2255743.600971862,633.1786670497614
126800.0,4578375.006814731,164679.1443036615,4578385.4765137695,258.8109391090724,1476.9790042073173,259.13964168545004,-6.718544694392123,-0.2429101748175425,-6.71856033794743,17430.344161773057,0.0,0.2055418267503148,1.9282774277535222,2255743.600971862,633.1786670497614
126900.0,4578400.854316068,164826.84098918835,4578411.356885285,258.1390891028955,1476.9547028988375,258.4677901125913,-6.718455462895376,-0.2431160023652897,-6.718471152978747,17430.344161773057,0.0,0.2055418267503148,1.9282774277535222,2255743.600971862,633.1786670497614
127000.0,4578426.634632849,164974.53524355512,4578437.170072089,257.46724800974596,1476.930381005333,257.7959474481066,-6.718366433821581,-0.24332187525398627,-6.718382170441988,17430.344161773057,0.0,0.2055418267503148,1.9282774277535222,2255743.600971862,633.1786670497614
127100.0,4578452.347765966,165122.2270647031,4578462.916075071,256.79541580938854,1476.9060385222872,257.1241136717599,-6.718277607028397,-0.24352779312829764,-6.7182933901947335,17430.344161773057,0.0,0.2055418267503148,1.9282774277535222,2255743.600971862,633.1786670497614
127200.0,4578477.993716307,165269.9164505731,4578488.594895119,256.1235924816023,1476.8816754452193,256.45228876332936,-6.7181889823747944,-0.24373375563637345,-6.718204812095874,17430.344161773057,0.0,0.2055418267503148,1.9282774277535222,2255743.600971862,633.1786670497614
127300.0,4578503.572484758,165417.60339910552,4578514.206533118,255.45177800618026,1476.8572917696836,255.7804727026071,-6.718100559721058,-0.2439397624298143,-6.718116436005619,17430.344161773057,0.0,0.2055418267503148,1.9282774277535222,2255743.600971862,633.1786670497614
127400.0,4578529.084072202,165565.28790824028,4578539.750989953,254.77997236292939,1476.8328874912686,255.10866546939923,-6.718012338928753,-0.24414581316363662,-6.718028261785458,17430.344161773057,0.0,0.2055418267503148,1.9282774277535222,2255743.600971862,633.1786670497614
127500.0,4578554.528479524,165712.96997591687,4578565.2282665055,254.10817553167038,1476.8084626055975,254.43686704352558,-6.71792431986073,-0.24435190749623922,-6.717940289298166,17430.344161773057,0.0,0.2055418267503148,1.9282774277535222,2255743.600971862,633.1786670497614
127600.0,4578579.905707602,165860.64960007436,4578590.638363655,253.43638749223763,1476.7840171083274,253.7650774048197,-6.717836502381106,-0.24455804508936999,-6.717852518407781,17430.344161773057,0.0,0.2055418267503148,1.9282774277535222,2255743.600971862,633.1786670497614
127700.0,4578605.215757315,166008.32677865136,4578615.981282279,252.76460822447905,1476.7595509951489,253.0932965331286,-6.717748886355251,-0.24476422560809305,-6.717764948979606,17430.344161773057,0.0,0.2055418267503148,1.9282774277535222,2255743.600971862,633.1786670497614
127800.0,4578630.458629539,166156.00150958606,4578641.2570232535,252.09283770825593,1476.735064261786,252.42152440831282,-6.717661471649763,-0.24497044872075405,-6.717677580880159,17430.344161773057,0.0,0.2055418267503148,1.9282774277535222,2255743.600971862,633.1786670497614
127900.0,4578655.634325149,166303.67379081625,4578666.465587452,251.42107592344283,1476.710556903996,251.74976101024603,-6.717574258132487,-0.24517671409895103,-6.717590413977216,17430.344161773057,0.0,0.2055418267503148,1.9282774277535222,2255743.600971862,633.1786670497614
128000.0,4578680.742845015,166451.34362027925,4578691.606975746,250.74932284992752,1476.6860289175681,251.0780063188152,-6.717487245672461,-0.2453830214174992,-6.717503448139744,17430.344161773057,0.0,0.2055418267503148,1.9282774277535222,2255743.600971862,633.1786670497614
128100.0,4578705.784190008,166599.01099591202,4578716.681189005,250.07757846761075,1476.661480298325,250.40626031392023,-6.717400434139932,-0.24558937035440068,-6.717416683237913,17430.344161773057,0.0,0.2055418267503148,1.9282774277535222,2255743.600971862,633.1786670497614
128200.0,4578730.758360998,166746.67591565102,4578741.688228098,249.40584275640623,1476.6369110421206,249.73452297547405,-6.717313823406333,-0.24579576059081307,-6.717330119143091,17430.344161773057,0.0,0.2055418267503148,1.9282774277535222,2255743.600971862,633.1786670497614
128300.0,4578755.665358848,166894.3383774324,4578766.628093889,248.73411569624042,1476.6123211448407,249.0627942834023,-6.717227413344276,-0.24600219181101862,-6.7172437557278215,17430.344161773057,0.0,0.2055418267503148,1.9282774277535222,2255743.600971862,633.1786670497614
128400.0,4578780.505184424,167041.99837919182,4578791.500787242,248.06239726705252,1476.5877106024027,248.39107421764336,-6.717141203827529,-0.24620866370239186,-6.7171575928657985,17430.344161773057,0.0,0.2055418267503148,1.9282774277535222,2255743.600971862,633.1786670497614
128500.0,4578805.277838589,167189.65591886456,4578816.306309019,247.39068744879424,1476.5630794107549,247.7193627581482,-6.717055194731031,-0.24641517595537213,-6.717071630431891,17430.344161773057,0.0,0.2055418267503148,1.9282774277535222,2255743.600971862,633.1786670497614
128600.0,4578829.9833222,167337.3109943855,4578841.04466008,246.71898622142976,1476.5384275658764,247.0476598848802,-6.716969385930829,-0.24662172826343015,-6.716985868302088,17430.344161773057,0.0,0.2055418267503148,1.9282774277535222,2255743.600971862,633.1786670497614
128700.0,4578854.621636119,167484.96360368916,4578865.715841282,246.04729356493561,1476.5137550637771,246.3759655778151,-6.716883777304125,-0.24682832032304075,-6.716900306353513,17430.344161773057,0.0,0.2055418267503148,1.9282774277535222,2255743.600971862,633.1786670497614
128800.0,4578879.192781199,167632.61374470955,4578890.319853481,245.37560945930053,1476.4890619004968,245.70427981694087,-6.716798368729224,-0.24703495183365218,-6.716814944464411,17430.344161773057,0.0,0.2055418267503148,1.9282774277535222,2255743.600971862,633.1786670497614
128900.0,4578903.696758295,167780.2614153804,4578914.85669753,244.70393388452538,1476.4643480721054,245.0326025822576,-6.716713160085537,-0.24724162249765727,-6.7167297825141254,17430.344161773057,0.0,0.2055418267503148,1.9282774277535222,2255743.600971862,633.1786670497614
129000.0,4578928.13356826,167927.906613635,4578939.32637428,244.03226682062302,1476.4396135747022,244.3609338537774,-6.716628151253572,-0.24744833202036506,-6.716644820383098,17430.344161773057,0.0,0.2055418267503148,1.9282774277535222,2255743.600971862,633.1786670497614
129100.0,4578952.5032119425,168075.54933740624,4578963.728884583,243.36060824761822,1476.4148584044158,243.68927361152427,-6.7165433421149086,-0.24765508010997067,-6.716560057952846,17430.344161773057,0.0,0.2055418267503148,1.9282774277535222,2255743.600971862,633.1786670497614
129200.0,4578976.805690192,168223.18958462664,4578988.064229285,242.6889581455475,1476.3900825574042,243.01762183553404,-6.7164587325522085,-0.24786186647752959,-6.716475495105967,17430.344161773057,0.0,0.2055418267503148,1.9282774277535222,2255743.600971862,633.1786670497614
129300.0,4579001.041003853,168370.82735322835,4579012.332409232,242.01731649445912,1476.365286029854,242.3459785058542,-6.7163743224491865,-0.24806869083692745,-6.716391131726113,17430.344161773057,0.0,0.2055418267503148,1.9282774277535222,2255743.600971862,633.1786670497614
129400.0,4579025.209153771,168518.46264114312,4579036.533425267,241.34568327441286,1476.3404688179799,241.6743436025438,-6.7162901116906095,-0.2482755529048535,-6.716306967697984,17430.344161773057,0.0,0.2055418267503148,1.9282774277535222,2255743.600971862,633.1786670497614
129500.0,4579049.310140789,168666.09544630235,4579060.667278232,240.67405846548,1476.3156309180254,241.00271710567336,-6.716206100162272,-0.2484824524007727,-6.716223002907317,17430.344161773057,0.0,0.2055418267503148,1.9282774277535222,2255743.600971862,633.1786670497614
129600.0,4579073.343965745,168813.725766637,4579084.733968968,240.00244204774316,1476.2907723262615,240.33109899532485,-6.716122287751012,-0.24868938904689972,-6.716139237240885,17430.344161773057,0.0,0.2055418267503148,1.9282774277535222,2255743.600971862,633.1786670497614
129700.0,4579097.310629478,168961.35360007777,4579108.733498311,239.3308340012963,1476.2658930389869,239.65948925159145,-6.716038674344666,-0.24889636256817071,-6.716055670586469,17430.344161773057,0.0,0.2055418267503148,1.9282774277535222,2255743.600971862,633.1786670497614
129800.0,4579121.210132823,169108.97894455484,4579132.665867097,238.65923430624446,1476.2409930525278,238.98788785457754,-6.715955259832097,-0.24910337269221833,-6.715972302832867,17430.344161773057,0.0,0.2055418267503148,1.9282774277535222,2255743.600971862,633.1786670497614
129900.0,4579145.042476617,169256.60179799816,4579156.531076159,237.98764294270376,1476.2160723632373,238.31629478439854,-6.715872044103142,-0.24931041914934346,-6.715889133869857,17430.344161773057,0.0,0.2055418267503148,1.9282774277535222,2255743.600971862,633.1786670497614
130000.0,4579168.807661689,169404.22215833727,4579180.32912633,237.31605989080134,1476.1911309674956,237.64471002118086,-6.71578902704864,-0.24951750167249187,-6.715806163588218,17430.344161773057,0.0,0.2055418267503148,1.9282774277535222,2255743.600971862,633.1786670497614
130100.0,4579192.505688871,169551.84002350134,4579204.06001844,236.64448513067515,1476.1661688617094,236.97313354506178,-6.715706208560392,-0.24972461999722595,-6.715723391879698,17430.344161773057,0.0,0.2055418267503148,1.9282774277535222,2255743.600971862,633.1786670497614
130200.0,4579216.136558991,169699.45539141918,4579227.723753315,235.97291864247396,1476.1411860423116,236.30156533618938,-6.715623588531175,-0.24993177386170148,-6.715640818637011,17430.344161773057,0.0,0.2055418267503148,1.9282774277535222,2255743.600971862,633.1786670497614
130300.0,4579239.700272875,169847.06826001924,4579251.320331782,235.30136040635716,1476.1161825057611,235.6300053747224,-6.715541166854712,-0.2501389630066408,-6.715558443753824,17430.344161773057,0.0,0.2055418267503148,1.9282774277535222,2255743.600971862,633.1786670497614
130400.0,4579263.1968313465,169994.67862722964,4579274.849754664,234.62981040249477,1476.0911582485428,234.95845364083016,-6.715458943425692,-0.25034618717531004,-6.715476267124767,17430.344161773057,0.0,0.2055418267503148,1.9282774277535222,2255743.600971862,633.1786670497614
130500.0,4579286.626235229,170142.28649097815,4579298.312022784,233.95826861106727,1476.066113267167,234.28691011469246,-6.715376918139709,-0.25055344611349106,-6.715394288645381,17430.344161773057,0.0,0.2055418267503148,1.9282774277535222,2255743.600971862,633.1786670497614
130600.0,4579309.988485342,170289.89184919215,4579321.70713696,233.28673501226552,1476.0410475581696,233.61537477649955,-6.71529509089331,-0.25076073956946104,-6.715312508212156,17430.344161773057,0.0,0.2055418267503148,1.9282774277535222,2255743.600971862,633.1786670497614
130700.0,4579333.283582504,170437.49469979873,4579345.035098011,232.61520958629072,1476.015961118111,232.94384760645193,-6.715213461583941,-0.2509680672939654,-6.7152309257224845,17430.344161773057,0.0,0.2055418267503148,1.9282774277535222,2255743.600971862,633.1786670497614
130800.0,4579356.511527531,170585.0950407246,4579368.295906752,231.94369231335423,1475.9908539435767,232.27232858476032,-6.715132030109967,-0.2511754290401955,-6.715149541074673,17430.344161773057,0.0,0.2055418267503148,1.9282774277535222,2255743.600971862,633.1786670497614
130900.0,4579379.672321238,170732.6928698962,4579391.489563999,231.27218317367758,1475.965726031177,231.6008176916456,-6.715050796370647,-0.2513828245637648,-6.715068354167931,17430.344161773057,0.0,0.2055418267503148,1.9282774277535222,2255743.600971862,633.1786670497614
131000.0,4579402.765964436,170880.28818523948,4579414.616070561,230.60068214749228,1475.940577377546,230.9293149073387,-6.714969760266132,-0.251590253622685,-6.714987364902352,17430.344161773057,0.0,0.2055418267503148,1.9282774277535222,2255743.600971862,633.1786670497614
131100.0,4579425.792457937,171027.8809846802,4579437.67542725,229.92918921503983,1475.9154079793425,230.2578202120804,-6.714888921697449,-0.25179771597734346,-6.714906573178913,17430.344161773057,0.0,0.2055418267503148,1.9282774277535222,2255743.600971862,633.1786670497614
131200.0,4579448.751802549,171175.47126614375,4579460.667634873,229.25770435657154,1475.8902178332487,229.58633358612144,-6.714808280566501,-0.25200521139047977,-6.714825978899463,17430.344161773057,0.0,0.2055418267503148,1.9282774277535222,2255743.600971862,633.1786670497614
131300.0,4579471.643999077,171323.05902755517,4579483.592694236,228.5862275523485,1475.8650069359703,228.9148550097223,-6.714727836776052,-0.2522127396271641,-6.7147455819667154,17430.344161773057,0.0,0.2055418267503148,1.9282774277535222,2255743.600971862,633.1786670497614
131400.0,4579494.469048327,171470.64426683914,4579506.450606143,227.9147587826415,1475.8397752842368,228.2433844631531,-6.714647590229713,-0.25242030045477337,-6.71466538228423,17430.344161773057,0.0,0.2055418267503148,1.9282774277535222,2255743.600971862,633.1786670497614
131500.0,4579517.226951101,171618.22698192007,4579529.241371396,227.24329802773093,1475.8145228748006,227.57192192669362,-6.714567540831959,-0.2526278936429708,-6.714585379756427,17430.344161773057,0.0,0.2055418267503148,1.9282774277535222,2255743.600971862,633.1786670497614
131600.0,4579539.9177081995,171765.80717072205,4579551.964990795,226.57184526790664,1475.789249704437,226.90046738063313,-6.71448768848808,-0.25283551896368217,-6.714505574288547,17430.344161773057,0.0,0.2055418267503148,1.9282774277535222,2255743.600971862,633.1786670497614
131700.0,4579562.541320421,171913.3848311688,4579574.621465137,225.90040048346796,1475.7639557699442,226.22902080527035,-6.714408033104204,-0.25304317619107564,-6.714425965786674,17430.344161773057,0.0,0.2055418267503148,1.9282774277535222,2255743.600971862,633.1786670497614
131800.0,4579585.097788561,172060.95996118378,4579597.21079522,225.22896365472357,1475.7386410681427,225.55758218091336,-6.714328574587281,-0.2532508651015393,-6.714346554157701,17430.344161773057,0.0,0.2055418267503148,1.9282774277535222,2255743.600971862,633.1786670497614
131900.0,4579607.587113416,172208.5325586901,4579619.732981837,224.55753476199135,1475.7133055958752,224.88615148787946,-6.714249312845064,-0.2534585854736603,-6.714267339309337,17430.344161773057,0.0,0.2055418267503148,1.9282774277535222,2255743.600971862,633.1786670497614
132000.0,4579630.009295777,172356.1026216105,4579642.188025781,223.88611378559844,1475.6879493500066,224.21472870649518,-6.714170247786124,-0.253666337088204,-6.7141883211501,17430.344161773057,0.0,0.2055418267503148,1.9282774277535222,2255743.600971862,633.1786670497614
132100.0,4579652.364336437,172503.67014786752,4579664.5759278415,223.21470070588103,1475.6625723274235,223.54331381709616,-6.714091379319808,-0.2538741197280923,-6.714109499589294,17430.344161773057,0.0,0.2055418267503148,1.9282774277535222,2255743.600971862,633.1786670497614
132200.0,4579674.652236181,172651.23513538332,4579686.896688807,222.54329550318437,1475.637174525034,222.87190680002703,-6.714012707356271,-0.25408193317838484,-6.714030874537023,17430.344161773057,0.0,0.2055418267503148,1.9282774277535222,2255743.600971862,633.1786670497614
132300.0,4579696.872995799,172798.79758207977,4579709.150309463,221.87189815786263,1475.6117559397678,222.20050763564143,-6.713934231806432,-0.2542897772262563,-6.7139524459041615,17430.344161773057,0.0,0.2055418267503148,1.9282774277535222,2255743.600971862,633.1786670497614
132400.0,4579719.026616074,172946.35748587843,4579731.336790595,221.2005086502789,1475.5863165685757,221.52911630430182,-6.713855952581985,-0.25449765166097765,-6.713874213602357,17430.344161773057,0.0,0.2055418267503148,1.9282774277535222,2255743.600971862,633.1786670497614
132500.0,4579741.11309779,173093.91484470054,4579753.456132985,220.52912696080497,1475.5608564084296,220.8577327863795,-6.713777869595393,-0.25470555627389596,-6.7137961775440225,17430.344161773057,0.0,0.2055418267503148,1.9282774277535222,2255743.600971862,633.1786670497614
132600.0,4579763.1324417265,173241.46965646706,4579775.508337412,219.85775306982146,1475.5353754563218,220.18635706225447,-6.713699982759877,-0.25491349085841514,-6.7137183376423355,17430.344161773057,0.0,0.2055418267503148,1.9282774277535222,2255743.600971862,633.1786670497614
132700.0,4579785.084648663,173389.02191909865,4579797.493404656,219.1863869577175,1475.5098737092655,219.51498911231536,-6.713622291989397,-0.25512145520997476,-6.713640693811212,17430.344161773057,0.0,0.2055418267503148,1.9282774277535222,2255743.600971862,633.1786670497614
132800.0,4579806.969719376,173536.57163051565,4579819.4113354925,218.51502860489092,1475.4843511642944,218.8436289169594,-6.713544797198655,-0.25532944912603206,-6.713563245965307,17430.344161773057,0.0,0.2055418267503148,1.9282774277535222,2255743.600971862,633.1786670497614
132900.0,4579828.787654642,173684.11878863815,4579841.262130697,217.84367799174794,1475.4588078184615,218.1722764565923,-6.713467498303098,-0.25553747240604274,-6.713485994020024,17430.344161773057,0.0,0.2055418267503148,1.9282774277535222,2255743.600971862,633.1786670497614
133000.0,4579850.538455232,173831.6633913859,4579863.045791041,217.17233509870326,1475.433243668841,217.50093171162817,-6.71339039521889,-0.25574552485144186,-6.713408937891486,17430.344161773057,0.0,0.2055418267503148,1.9282774277535222,2255743.600971862,633.1786670497614
133100.0,4579872.222121919,173979.20543667837,4579884.762317296,216.50099990617989,1475.4076587125257,216.82959466248954,-6.713313487862911,-0.25595360626562413,-6.713332077496528,17430.344161773057,0.0,0.2055418267503148,1.9282774277535222,2255743.600971862,633.1786670497614
133200.0,4579893.83865547,174126.74492243477,4579906.41171023,215.82967239460913,1475.3820529466288,216.15826528960716,-6.713236776152772,-0.2561617164539273,-6.7132554127527095,17430.344161773057,0.0,0.2055418267503148,1.9282774277535222,2255743.600971862,633.1786670497614
133300.0,4579915.388056654,174274.28184657395,4579927.993970609,215.15835254443053,1475.3564263682824,215.48694357342,-6.713160260006762,-0.25636985522361133,-6.71317894357829,17430.344161773057,0.0,0.2055418267503148,1.9282774277535222,2255743.600971862,633.1786670497614
133400.0,4579936.870326234,174421.81620701458,4579949.509099199,214.4870403360917,1475.330778974638,214.8156294943752,-6.713083939343891,-0.2565780223838428,-6.713102669892232,17430.344161773057,0.0,0.2055418267503148,1.9282774277535222,2255743.600971862,633.1786670497614
133500.0,4579958.285464975,174569.34800167495,4579970.957096762,213.81573575004833,1475.3051107628658,214.14432303292796,-6.7130078140838485,-0.25678621774567456,-6.71302659161418,17430.344161773057,0.0,0.2055418267503148,1.9282774277535222,2255743.600971862,633.1786670497614
133600.0,4579979.6334736375,174716.8772284731,4579992.337964059,213.14443876676415,1475.279421730155,213.47302416954142,-6.7129318841470145,-0.2569944411220297,-6.712950708664477,17430.344161773057,0.0,0.2055418267503148,1.9282774277535222,2255743.600971862,633.1786670497614
133700.0,4580000.914352981,174864.40388532684,4580013.651701849,212.4731493667108,1475.2537118737137,212.80173288468674,-6.7128561494544305,-0.25720269232768206,-6.712875020964123,17430.344161773057,0.0,0.2055418267503148,1.9282774277535222,2255743.600971862,633.1786670497614
133800.0,4580022.128103763,175011.92797015363,4580034.898310889,211.80186753036776,1475.2279811907679,212.1304491588429,-6.712780609927838,-0.25741097117924144,-6.712799528434817,17430.344161773057,0.0,0.2055418267503148,1.9282774277535222,2255743.600971862,633.1786670497614
133900.0,4580043.274726738,175159.44948087068,4580056.077791932,211.1305932382223,1475.2022296785624,211.45917297249667,-6.7127052654896175,-0.2576192774951338,-6.7127242309989,17430.344161773057,0.0,0.2055418267503148,1.9282774277535222,2255743.600971862,633.1786670497614
134000.0,4580064.354222661,175306.96841539495,4580077.190145734,210.45932647076947,1475.1764573343594,210.78790430614256,-6.712630116062812,-0.2578276110955849,-6.712649128579376,17430.344161773057,0.0,0.2055418267503148,1.9282774277535222,2255743.600971862,633.1786670497614
134100.0,4580085.366592282,175454.48477164307,4580098.235373043,209.7880672085119,1475.1506641554397,210.11664314028278,-6.712555161571126,-0.25803597180260396,-6.712574221099909,17430.344161773057,0.0,0.2055418267503148,1.9282774277535222,2255743.600971862,633.1786670497614
134200.0,4580106.311836353,175601.99854753146,4580119.213474611,209.1168154319599,1475.1248501391012,209.4453894554271,-6.712480401938902,-0.25824435943996704,-6.712499508484803,17430.344161773057,0.0,0.2055418267503148,1.9282774277535222,2255743.600971862,633.1786670497614
134300.0,4580127.189955618,175749.50974097624,4580140.124451183,208.4455711216313,1475.0990152826598,208.77414323209283,-6.712405837091115,-0.25845277383319887,-6.712424990658994,17430.344161773057,0.0,0.2055418267503148,1.9282774277535222,2255743.600971862,633.1786670497614
134400.0,4580148.000950825,175897.01834989325,4580160.968303505,207.77433425805134,1475.0731595834484,208.1029044508048,-6.712331466953383,-0.2586612148095584,-6.7123506675480655,17430.344161773057,0.0,0.2055418267503148,1.9282774277535222,2255743.600971862,633.1786670497614
134500.0,4580168.744822717,176044.5243721981,4580181.745032321,207.10310482175274,1475.0472830388173,207.4316730920952,-6.712257291451942,-0.25886968219802137,-6.7122765390782115,17430.344161773057,0.0,0.2055418267503148,1.9282774277535222,2255743.600971862,633.1786670497614
134600.0,4580189.421572036,176192.02780580608,4580202.45463837,206.43188279327552,1475.021385646134,206.76044913650358,-6.712183310513656,-0.2590781758292647,-6.712202605176258,17430.344161773057,0.0,0.2055418267503148,1.9282774277535222,2255743.600971862,633.1786670497614
134700.0,4580210.031199522,176339.5286486323,4580223.097122394,205.760668153167,1474.9954674027822,206.08923256457678,-6.7121095240659905,-0.25928669553564987,-6.7121288657696345,17430.344161773057,0.0,0.2055418267503148,1.9282774277535222,2255743.600971862,633.1786670497614
134800.0,4580230.573705913,176487.02689859152,4580243.672485128,205.0894608819817,1474.969528306163,205.41802335686887,-6.712035932037029,-0.25949524115120853,-6.712055320786391,17430.344161773057,0.0,0.2055418267503148,1.9282774277535222,2255743.600971862,633.1786670497614
134900.0,4580251.049091944,176634.52255359833,4580264.18072731,204.41826096028134,1474.9435683536938,204.7468214939411,-6.7119625343554565,-0.2597038125116258,-6.711981970155171,17430.344161773057,0.0,0.2055418267503148,1.9282774277535222,2255743.600971862,633.1786670497614
135000.0,4580271.457358349,176782.01561156698,4580284.621849671,203.74706836863473,1474.917587542808,204.0756269563618,-6.711889330950545,-0.2599124094542248,-6.711908813805217,17430.344161773057,0.0,0.2055418267503148,1.9282774277535222,2255743.600971862,633.1786670497614
135100.0,4580291.798505861,176929.50607041153,4580304.995852944,203.07588308761768,1474.8915858709556,203.40443972470635,-6.711816321752166,-0.26012103181795204,-6.711835851666357,17430.344161773057,0.0,0.2055418267503148,1.9282774277535222,2255743.600971862,633.1786670497614
135200.0,4580312.07253521,177076.99392804573,4580325.302737859,202.40470509781306,1474.8655633356025,202.73325977955713,-6.7117435066907705,-0.2603296794433619,-6.711763083669013,17430.344161773057,0.0,0.2055418267503148,1.9282774277535222,2255743.600971862,633.1786670497614
135300.0,4580332.279447123,177224.47918238313,4580345.542505142,201.7335343798106,1474.83951993423,202.06208710150347,-6.711670885697387,-0.26053835217260174,-6.711690509744176,17430.344161773057,0.0,0.2055418267503148,1.9282774277535222,2255743.600971862,633.1786670497614
135400.0,4580352.419242328,177371.961831337,4580365.7151555205,201.06237091420692,1474.8134556643363,201.3909216711415,-6.711598458703626,-0.26074704984939745,-6.711618129823422,17430.344161773057,0.0,0.2055418267503148,1.9282774277535222,2255743.600971862,633.1786670497614
135500.0,4580372.491921548,177519.44187282032,4580385.820689717,200.39121468160548,1474.7873705234338,200.71976346907425,-6.711526225641653,-0.26095577231903777,-6.711545943838884,17430.344161773057,0.0,0.2055418267503148,1.9282774277535222,2255743.600971862,633.1786670497614
135600.0,4580392.497485505,177666.91930474588,4580405.859108455,199.72006566261643,1474.761264509051,200.04861247591143,-6.711454186444202,-0.2611645194283607,-6.71147395172326,17430.344161773057,0.0,0.2055418267503148,1.9282774277535222,2255743.600971862,633.1786670497614
135700.0,4580412.435934921,177814.39412502624,4580425.830412452,199.0489238378567,1474.7351376187316,199.37746867226952,-6.711382341044567,-0.26137329102573914,-6.711402153409812,17430.344161773057,0.0,0.2055418267503148,1.9282774277535222,2255743.600971862,633.1786670497614
135800.0,4580432.307270512,177961.8663315737,4580445.734602428,198.37778918794982,1474.7089898500344,198.7063320387716,-6.7113106893765835,-0.2615820869610659,-6.71133054883234,17430.344161773057,0.0,0.2055418267503148,1.9282774277535222,2255743.600971862,633.1786670497614
135900.0,4580452.111492996,178109.33592230023,4580465.5716790985,197.70666169352586,1474.682821200533,198.03520255604735,-6.711239231374643,-0.2617909070857408,-6.7112591379252065,17430.344161773057,0.0,0.2055418267503148,1.9282774277535222,2255743.600971862,633.1786670497614
136000.0,4580471.848603088,178256.8028951177,4580485.341643177,197.03554133522152,1474.6566316678159,197.36408020473303,-6.711167966973668,-0.2619997512526552,-6.711187920623297,17430.344161773057,0.0,0.2055418267503148,1.9282774277535222,2255743.600971862,633.1786670497614
136100.0,4580491.5186015,178404.26724793762,4580505.044495377,196.36442809367992,1474.630421249486,196.69296496547133,-6.711096896109123,-0.2622086193161796,-6.711116896862048,17430.344161773057,0.0,0.2055418267503148,1.9282774277535222,2255743.600971862,633.1786670497614
136200.0,4580511.121488944,178551.72897867134,4580524.680236407,195.6933219495506,1474.604189943161,196.0218568189114,-6.711026018717,-0.2624175111321493,-6.711046066577416,17430.344161773057,0.0,0.2055418267503148,1.9282774277535222,2255743.600971862,633.1786670497614
136300.0,4580530.657266126,178699.18808522992,4580544.248866976,195.02222288348955,1474.5779377464726,195.35075574570874,-6.71095533473382,-0.26262642655785146,-6.710975429705895,17430.344161773057,0.0,0.2055418267503148,1.9282774277535222,2255743.600971862,633.1786670497614
136400.0,4580550.125933755,178846.6445655242,4580563.750387792,194.35113087615898,1474.551664657067,194.6796617265252,-6.7108848440966185,-0.26283536545201036,-6.710904986184486,17430.344161773057,0.0,0.2055418267503148,1.9282774277535222,2255743.600971862,633.1786670497614
136500.0,4580569.527492536,178994.09841746482,4580583.184799557,193.68004590822744,1474.5253706726046,194.0085747420289,-6.710814546742945,-0.26304432767477587,-6.710834735950709,17430.344161773057,0.0,0.2055418267503148,1.9282774277535222,2255743.600971862,633.1786670497614
136600.0,4580588.861943171,179141.54963896214,4580602.552102974,193.0089679603697,1474.4990557907593,193.33749477289422,-6.710744442610866,-0.26325331308770916,-6.710764678942596,17430.344161773057,0.0,0.2055418267503148,1.9282774277535222,2255743.600971862,633.1786670497614
136700.0,4580608.129286362,179288.99822792632,4580621.852298744,192.3378970132666,1474.4727200092186,192.6664217998016,-6.710674531638946,-0.2634623215537702,-6.710694815098683,17430.344161773057,0.0,0.2055418267503148,1.9282774277535222,2255743.600971862,633.1786670497614
136800.0,4580627.329522807,179436.44418226727,4580641.085387566,191.66683304760525,1474.4463633256844,191.99535580343772,-6.710604813766256,-0.2636713529373051,-6.7106251443580165,17430.344161773057,0.0,0.2055418267503148,1.9282774277535222,2255743.600971862,633.1786670497614
136900.0,4580646.462653204,179583.88749989466,4580660.251370137,190.99577604407872,1474.4199857378717,191.32429676449524,-6.710535288932359,-0.26388040710403265,-6.710555666660122,17430.344161773057,0.0,0.2055418267503148,1.9282774277535222,2255743.600971862,633.1786670497614
137000.0,4580665.528678248,179731.32817871796,4580679.35024715,190.32472598338614,1474.3935872435086,190.65324466367292,-6.710465957077304,-0.26408948392103226,-6.7104863819450244,17430.344161773057,0.0,0.2055418267503148,1.9282774277535222,2255743.600971862,633.1786670497614
137100.0,4580684.527598632,179878.7662166464,4580698.3820193,189.6536828462326,1474.3671678403368,189.98219948167545,-6.710396818141638,-0.26429858325673206,-6.710417290153239,17430.344161773057,0.0,0.2055418267503148,1.9282774277535222,2255743.600971862,633.1786670497614
137200.0,4580703.459415047,180026.201611589,4580717.346687277,188.98264661332914,1474.340727526111,189.31116119921347,-6.710327872066383,-0.2645077049808953,-6.71034839122576,17430.344161773057,0.0,0.2055418267503148,1.9282774277535222,2255743.600971862,633.1786670497614
137300.0,4580722.3241281845,180173.63436145452,4580736.244251769,188.3116172653926,1474.3142662985988,188.64012979700345,-6.710259118793034,-0.26471684896460873,-6.710279685104053,17430.344161773057,0.0,0.2055418267503148,1.9282774277535222,2255743.600971862,633.1786670497614
137400.0,4580741.12173873,180321.06446415154,4580755.074713465,187.64059478314573,1474.2877841555805,187.96910525576774,-6.710190558263561,-0.26492601508027086,-6.710211171730063,17430.344161773057,0.0,0.2055418267503148,1.9282774277535222,2255743.600971862,633.1786670497614
137500.0,4580759.8522473695,180468.49191758837,4580773.838073049,186.969579147317,1474.2612810948492,187.29808755623444,-6.710122190420406,-0.2651352032015798,-6.710142851046203,17430.344161773057,0.0,0.2055418267503148,1.9282774277535222,2255743.600971862,633.1786670497614
137600.0,4580778.515654787,180615.91671967317,4580792.534331203,186.29857033864067,1474.2347571142109,186.6270766791374,-6.710054015206472,-0.2653444132035208,-6.7100747229953415,17430.344161773057,0.0,0.2055418267503148,1.9282774277535222,2255743.600971862,633.1786670497614
137700.0,4580797.111961665,180763.33886831382,4580811.163488611,185.62756833785662,1474.2082122114834,185.95607260521615,-6.709986032565119,-0.2655536449623555,-6.710006787520821,17430.344161773057,0.0,0.2055418267503148,1.9282774277535222,2255743.600971862,633.1786670497614
137800.0,4580815.641168681,180910.758361418,4580829.72554595,184.95657312571043,1474.1816463844973,185.2850753152159,-6.709918242440163,-0.26576289835560957,-6.7099390445664255,17430.344161773057,0.0,0.2055418267503148,1.9282774277535222,2255743.600971862,633.1786670497614
137900.0,4580834.103276515,181058.1751968932,4580848.220503899,184.28558468295324,1474.1550596310951,184.6140847898874,-6.709850644775869,-0.26597217326206113,-6.709871494076393,17430.344161773057,0.0,0.2055418267503148,1.9282774277535222,2255743.600971862,633.1786670497614
138000.0,4580852.498285843,181205.58937264662,4580866.648363133,183.61460299034175,1474.1284519491317,183.94310100998698,-6.70978323951695,-0.2661814695617306,-6.709804135995413,17430.344161773057,0.0,0.2055418267503148,1.9282774277535222,2255743.600971862,633.1786670497614
138100.0,4580870.826197338,181353.00088658533,4580885.009124326,182.94362802863816,1474.1018233364737,183.2721239562765,-6.709716026608563,-0.26639078713586767,-6.709736970268612,17430.344161773057,0.0,0.2055418267503148,1.9282774277535222,2255743.600971862,633.1786670497614
138200.0,4580889.087011673,181500.40973661616,4580903.302788148,182.27265977861015,1474.0751737909993,182.60115360952327,-6.709649005996292,-0.26660012586694126,-6.709669996841552,17430.344161773057,0.0,0.2055418267503148,1.9282774277535222,2255743.600971862,633.1786670497614
138300.0,4580907.280729516,181647.8159206457,4580921.52935527,181.60169822103083,1474.0485033105988,181.9301899505,-6.709582177626174,-0.26680948563862883,-6.709603215660244,17430.344161773057,0.0,0.2055418267503148,1.9282774277535222,2255743.600971862,633.1786670497614
138400.0,4580925.407351539,181795.21943658037,4580939.68882636,180.93074333667863,1474.021811893174,181.25923295998481,-6.709515541444658,-0.26701886633580385,-6.709536626671107,17430.344161773057,0.0,0.2055418267503148,1.9282774277535222,2255743.600971862,633.1786670497614
138500.0,4580943.466878406,181942.62028232636,4580957.781202083,180.25979510633738,1473.9950995366378,180.58828261876116,-6.709449097398626,-0.2672282678445267,-6.709470229821002,17430.344161773057,0.0,0.2055418267503148,1.9282774277535222,2255743.600971862,633.1786670497614
138600.0,4580961.459310781,182090.01845578966,4580975.806483105,179.58885351079616,1473.968366238915,179.91733890761773,-6.709382845435376,-0.2674376900520328,-6.709404025057203,17430.344161773057,0.0,0.2055418267503148,1.9282774277535222,2255743.600971862,633.1786670497614
138700.0,4580979.384649328,182237.41395487604,4580993.764670085,178.9179185308493,1473.9416119979412,179.24640180734858,-6.70931678550263,-0.26764713284672265,-6.709338012327405,17430.344161773057,0.0,0.2055418267503148,1.9282774277535222,2255743.600971862,633.1786670497614
138800.0,4580997.242894707,182384.8067774911,4581011.655763686,178.24699014729634,1473.9148368116632,178.57547129875286,-6.709250917548529,-0.2678565961181512,-6.70927219157972,17430.344161773057,0.0,0.2055418267503148,1.9282774277535222,2255743.600971862,633.1786670497614
138900.0,4581015.034047577,182532.19692154013,4581029.479764564,177.57606834094202,1473.8880406780388,177.90454736263496,-6.709185241521608,-0.2680660797570174,-6.709206562762669,17430.344161773057,0.0,0.2055418267503148,1.9282774277535222,2255743.600971862,633.1786670497614
139000.0,4581032.7581085935,182679.58438492837,4581047.2366733765,176.90515309259615,1473.8612235950366,177.23362997980436,-6.709119757370812,-0.268275583655153,-6.709141125825168,17430.344161773057,0.0,0.2055418267503148,1.9282774277535222,2255743.600971862,633.1786670497614
139100.0,4581050.415078413,182826.96916556076,4581064.926490778,176.23424438307367,1473.834385560636,176.56271913107565,-6.709054465045501,-0.2684851077055144,-6.7090758807165525,17430.344161773057,0.0,0.2055418267503148,1.9282774277535222,2255743.600971862,633.1786670497614
139200.0,4581068.004957687,182974.35126134206,4581082.549217421,175.56334219319456,1473.8075265728273,175.89181479726844,-6.708989364495421,-0.268694651802171,-6.709010827386547,17430.344161773057,0.0,0.2055418267503148,1.9282774277535222,2255743.600971862,633.1786670497614
139300.0,4581085.527747068,183121.73067017682,4581100.104853954,174.89244650378376,1473.780646629611,175.2209169592074,-6.708924455670717,-0.268904215840295,-6.708945965785271,17430.344161773057,0.0,0.2055418267503148,1.9282774277535222,2255743.600971862,633.1786670497614
139400.0,4581102.983447203,183269.1073899694,4581117.593401028,174.22155729567123,1473.7537457289982,174.55002559772208,-6.708859738521926,-0.26911379971615296,-6.70888129586324,17430.344161773057,0.0,0.2055418267503148,1.9282774277535222,2255743.600971862,633.1786670497614
139500.0,4581120.372058742,183416.48141862397,4581135.014859289,173.55067454969182,1473.72682386901,173.87914069364706,-6.708795212999965,-0.26932340332709426,-6.708816817571349,17430.344161773057,0.0,0.2055418267503148,1.9282774277535222,2255743.600971862,633.1786670497614
139600.0,4581137.693582328,183563.8527540445,4581152.369229381,172.87979824668528,1473.6998810476784,173.20826222782176,-6.708730879056148,-0.2695330265715434,-6.708752530860886,17430.344161773057,0.0,0.2055418267503148,1.9282774277535222,2255743.600971862,633.1786670497614
139700.0,4581154.948018605,183711.22139413474,4581169.656511948,172.20892836749624,1473.6729172630448,172.53739018109044,-6.708666736642153,-0.26974266934898783,-6.708688435683513,17430.344161773057,0.0,0.2055418267503148,1.9282774277535222,2255743.600971862,633.1786670497614
139800.0,4581172.135368215,183858.5873367983,4581186.876707631,171.53806489297412,1473.645932513161,171.86652453430221,-6.708602785710052,-0.26995233155997134,-6.708624531991275,17430.344161773057,0.0,0.2055418267503148,1.9282774277535222,2255743.600971862,633.1786670497614
139900.0,4581189.255631797,184005.95057993848,4581204.029817068,170.8672078039731,1473.6189267960883,171.19566526831093,-6.708539026212278,-0.27016201310608234,-6.708560819736586,17430.344161773057,0.0,0.2055418267503148,1.9282774277535222,2255743.600971862,633.1786670497614
140000.0,4581206.308809988,184153.31112145854,4581221.115840897,170.1963570813521,1473.5919001098985,170.52481236397523,-6.708475458101637,-0.2703717138899457,-6.708497298872228,17430.344161773057,0.0,0.2055418267503148,1.9282774277535222,2255743.600971862,633.1786670497614
140100.0,4581223.294903425,184300.66895926144,4581238.134779752,169.52551270597476,1473.5648524526723,169.8539658021584,-6.7084120813313035,-0.2705814338152132,-6.708433969351357,17430.344161773057,0.0,0.2055418267503148,1.9282774277535222,2255743.600971862,633.1786670497614
140200.0,4581240.21391274,184448.02409124997,4581255.086634268,168.85467465870937,1473.5377838225006,169.1831255637284,-6.70834889585481,-0.2707911727865542,-6.708370831127483,17430.344161773057,0.0,0.2055418267503148,1.9282774277535222,2255743.600971862,633.1786670497614
140300.0,4581257.065838567,184595.37651532676,4581271.971405075,168.18384292042887,1473.5106942174834,168.51229162955786,-6.708285901626057,-0.27100093070964737,-6.708307884154484,17430.344161773057,0.0,0.2055418267503148,1.9282774277535222,2255743.600971862,633.1786670497614
140400.0,4581273.850681534,184742.72622939423,4581288.789092803,167.51301747201077,1473.4835836357302,167.841463980524,-6.708223098599294,-0.27121070749117077,-6.708245128386594,17430.344161773057,0.0,0.2055418267503148,1.9282774277535222,2255743.600971862,633.1786670497614
140500.0,4581290.56844227,184890.07323135462,4581305.53969808,166.84219829433712,1473.4564520753597,167.17064259750856,-6.70816048672913,-0.2714205030387937,-6.7081825637783945,17430.344161773057,0.0,0.2055418267503148,1.9282774277535222,2255743.600971862,633.1786670497614
140600.0,4581307.219121401,185037.41751910996,4581322.223221531,166.17138536829455,1473.4292995345,166.49982746139784,-6.708098065970507,-0.27163031726116676,-6.708120190284813,17430.344161773057,0.0,0.2055418267503148,1.9282774277535222,2255743.600971862,633.1786670497614
140700.0,4581323.802719551,185184.75909056212,4581338.83966378,165.50057867477412,1473.402126011288,165.82901855308262,-6.708035836278745,-0.27184015006791584,-6.708058007861149,17430.344161773057,0.0,0.2055418267503148,1.9282774277535222,2255743.600971862,633.1786670497614
140800.0,4581340.319237343,185332.09794361275,4581355.389025449,164.82977819467138,1473.37493150387,165.1582158534581,-6.707973797609476,-0.2720500013696297,-6.707996016463012,17430.344161773057,0.0,0.2055418267503148,1.9282774277535222,2255743.600971862,633.1786670497614
140900.0,4581356.768675396,185479.43407616336,4581371.871307157,164.15898390888628,1473.3477160104005,164.48741934342397,-6.707911949918693,-0.27225987107785504,-6.707934216046377,17430.344161773057,0.0,0.2055418267503148,1.9282774277535222,2255743.600971862,633.1786670497614
141000.0,4581373.15103433,185626.76748611525,4581388.286509523,163.48819579832315,1473.3204795290437,163.81662900388423,-6.707850293162708,-0.27246975910508514,-6.7078726065675385,17430.344161773057,0.0,0.2055418267503148,1.9282774277535222,2255743.600971862,633.1786670497614
141100.0,4581389.466314761,185774.09817136952,4581404.634633163,162.81741384389068,1473.293222057972,163.1458448157473,-6.70778882729819,-0.27267966536475413,-6.707811187983143,17430.344161773057,0.0,0.2055418267503148,1.9282774277535222,2255743.600971862,633.1786670497614
141200.0,4581405.714517304,185921.42612982713,4581420.915678691,162.14663802650188,1473.265943595366,162.47506675992588,-6.707727552282124,-0.27288958977122685,-6.707749960250157,17430.344161773057,0.0,0.2055418267503148,1.9282774277535222,2255743.600971862,633.1786670497614
141300.0,4581421.89564257,186068.7513593888,4581437.129646719,161.47586832707404,1473.2386441394156,161.80429481733697,-6.70766646807182,-0.27309953223979083,-6.707688923325876,17430.344161773057,0.0,0.2055418267503148,1.9282774277535222,2255743.600971862,633.1786670497614
141400.0,4581438.009691172,186216.07385795517,4581453.276537858,160.80510472652873,1473.2113236883188,161.13352896890183,-6.707605574624924,-0.2733094926866494,-6.707628077167922,17430.344161773057,0.0,0.2055418267503148,1.9282774277535222,2255743.600971862,633.1786670497614
141500.0,4581454.056663718,186363.3936234266,4581469.356352716,160.13434720579167,1473.1839822402817,160.46276919554592,-6.707544871899402,-0.2735194710289124,-6.707567421734247,17430.344161773057,0.0,0.2055418267503148,1.9282774277535222,2255743.600971862,633.1786670497614
141600.0,4581470.036560815,186510.71065370328,4581485.369091899,159.46359574579284,1473.1566197935192,159.7920154781989,-6.707484359853533,-0.27372946718458896,-6.707506956983109,17430.344161773057,0.0,0.2055418267503148,1.9282774277535222,2255743.600971862,633.1786670497614
141700.0,4581485.949383068,186658.02494668527,4581501.3147560125,158.79285032746634,1473.1292363462537,159.1212677977946,-6.707424038445918,-0.27393948107257915,-6.707446682873092,17430.344161773057,0.0,0.2055418267503148,1.9282774277535222,2255743.600971862,633.1786670497614
141800.0,4581501.795131081,186805.33650027245,4581517.193345659,158.1221109317504,1473.1018318967162,158.45052613527093,-6.707363907635469,-0.2741495126126664,-6.707386599363091,17430.344161773057,0.0,0.2055418267503148,1.9282774277535222,2255743.600971862,633.1786670497614
141900.0,4581517.573805454,186952.64531236448,4581533.00486144,157.45137753958736,1473.0744064431456,157.77979047156998,-6.707303967381408,-0.27435956172551,-6.707326706412311,17430.344161773057,0.0,0.2055418267503148,1.9282774277535222,2255743.600971862,633.1786670497614
142000.0,4581533.285406788,187099.95138086088,4581548.749303953,156.78065013192358,1473.0469599837882,157.10906078763784,-6.707244217643274,-0.27456962833263737,-6.707267003980271,17430.344161773057,0.0,0.2055418267503148,1.9282774277535222,2255743.600971862,633.1786670497614
142100.0,4581548.92993568,187247.254703661,4581564.426673796,156.1099286897095,1473.0194925168985,156.43833706442464,-6.707184658380889,-0.2747797123564353,-6.707207492026778,17430.344161773057,0.0,0.2055418267503148,1.9282774277535222,2255743.600971862,633.1786670497614
142200.0,4581564.507392724,187394.55527866396,4581580.036971564,155.43921319389955,1472.9920040407387,155.76761928288454,-6.707125289554406,-0.2749898137201453,-6.707148170511967,17430.344161773057,0.0,0.2055418267503148,1.9282774277535222,2255743.600971862,633.1786670497614
142300.0,4581580.017778516,187541.85310376878,4581595.58019785,154.7685036254521,1472.9644945535788,155.09690742397564,-6.707066111124259,-0.2751999323478532,-6.707089039396257,17430.344161773057,0.0,0.2055418267503148,1.9282774277535222,2255743.600971862,633.1786670497614
142400.0,4581595.4610936465,187689.14817687427,4581611.056353246,154.09779996532947,1472.936964053696,154.42620146865997,-6.707007123051181,-0.27541006816448305,-6.707030098640361,17430.344161773057,0.0,0.2055418267503148,1.9282774277535222,2255743.600971862,633.1786670497614
142500.0,4581610.837338706,187836.44049587904,4581626.46543834,153.42710219449793,1472.9094125393754,153.75550139790354,-6.706948325296208,-0.27562022109579054,-6.706971348205304,17430.344161773057,0.0,0.2055418267503148,1.9282774277535222,2255743.600971862,633.1786670497614
142600.0,4581626.146514281,187983.7300586816,4581641.807453721,152.7564102939276,1472.8818400089087,153.08480719267618,-6.706889717820655,-0.27583039106835416,-6.706912788052382,17430.344161773057,0.0,0.2055418267503148,1.9282774277535222,2255743.600971862,633.1786670497614
142700.0,4581641.388620959,188131.01686318024,4581657.082399974,152.08572424459243,1472.854246460596,152.41411883395162,-6.706831300586136,-0.2760405780095696,-6.706854418143192,17430.344161773057,0.0,0.2055418267503148,1.9282774277535222,2255743.600971862,633.1786670497614
142800.0,4581656.563659323,188278.30090727308,4581672.290277682,151.41504402747026,1472.8266318927435,151.74343630270738,-6.7067730735545465,-0.2762507818476417,-6.706796238439614,17430.344161773057,0.0,0.2055418267503148,1.9282774277535222,2255743.600971862,633.1786670497614
142900.0,4581671.671629958,188425.58218885807,4581687.431087428,150.74436962354267,1472.7989963036655,151.0727595799248,-6.706715036688075,-0.2764610025115784,-6.70673824890382,17430.344161773057,0.0,0.2055418267503148,1.9282774277535222,2255743.600971862,633.1786670497614
143000.0,4581686.712533441,188572.86070583304,4581702.504829791,150.07370101379504,1472.7713396916827,150.40208864658896,-6.706657189949176,-0.27667123993118264,-6.706680449498253,17430.344161773057,0.0,0.2055418267503148,1.9282774277535222,2255743.600971862,633.1786670497614
143100.0,4581701.686370353,188720.13645609558,4581717.51150535,149.40303817921648,1472.743662055123,149.73142348368873,-6.706599533300595,-0.27688149403704637,-6.706622840185638,17430.344161773057,0.0,0.2055418267503148,1.9282774277535222,2255743.600971862,633.1786670497614
143200.0,4581716.593141269,188867.4094375432,4581732.45111468,148.7323811007998,1472.7159633923213,149.06076407221664,-6.706542066705353,-0.2770917647605436,-6.7065654209289844,17430.344161773057,0.0,0.2055418267503148,1.9282774277535222,2255743.600971862,633.1786670497614
143300.0,4581731.432846764,189014.67964807313,4581747.3236583555,148.06172975954152,1472.6882437016193,148.39011039316895,-6.7064847901267335,-0.27730205203382285,-6.706508191691559,17430.344161773057,0.0,0.2055418267503148,1.9282774277535222,2255743.600971862,633.1786670497614
143400.0,4581746.2054874115,189161.94708558253,4581762.129136949,147.39108413644178,1472.6605029813652,147.71946242754558,-6.7064277035283135,-0.27751235578980277,-6.706451152436926,17430.344161773057,0.0,0.2055418267503148,1.9282774277535222,2255743.600971862,633.1786670497614
143500.0,4581760.911063782,189309.21174796837,4581776.867551031,146.7204442125044,1472.632741229914,147.04882015635002,-6.706370806873912,-0.2777226759621619,-6.706394303128887,17430.344161773057,0.0,0.2055418267503148,1.9282774277535222,2255743.600971862,633.1786670497614
143600.0,4581775.549576444,189456.47363312743,4581791.538901169,146.04980996873672,1472.6049584456275,146.37818356058943,-6.706314100127644,-0.27793301248533653,-6.706337643731544,17430.344161773057,0.0,0.2055418267503148,1.9282774277535222,2255743.600971862,633.1786670497614
143700.0,4581790.121025965,189603.73273895634,4581806.143187931,145.37918138614978,1472.577154626874,145.70755262127454,-6.706257583253862,-0.2781433652945098,-6.706281174209235,17430.344161773057,0.0,0.2055418267503148,1.9282774277535222,2255743.600971862,633.1786670497614
143800.0,4581804.625412909,189750.9890633516,4581820.680411881,144.70855844575806,1472.549329772028,145.0369273194196,-6.706201256217197,-0.27835373432560884,-6.70622489452658,17430.344161773057,0.0,0.2055418267503148,1.9282774277535222,2255743.600971862,633.1786670497614
143900.0,4581819.062737841,189898.2426042095,4581835.150573581,144.0379411285796,1472.5214838794702,144.3663076360424,-6.706145118982536,-0.27856411951529664,-6.7061688046484464,17430.344161773057,0.0,0.2055418267503148,1.9282774277535222,2255743.600971862,633.1786670497614
144000.0,4581833.433001322,190045.49335942618,4581849.553673594,143.36732941563596,1472.4936169475882,143.69569355216424,-6.706089171515027,-0.2787745208009661,-6.70611290453997,17430.344161773057,0.0,0.2055418267503148,1.9282774277535222,2255743.600971862,633.1786670497614
144100.0,4581847.736203911,190192.74132689764,4581863.889712478,142.69672328795218,1472.4657289747754,143.0250850488099,-6.706033413780058,-0.27898493812073355,-6.7060571941665295,17430.344161773057,0.0,0.2055418267503148,1.9282774277535222,2255743.600971862,633.1786670497614
144200.0,4581861.972346165,190339.9865045197,4581878.15869079,142.02612272655668,1472.4378199594316,142.35448210700758,-6.705977845743291,-0.27919537141343376,-6.706001673493771,17430.344161773057,0.0,0.2055418267503148,1.9282774277535222,2255743.600971862,633.1786670497614
144300.0,4581876.141428641,190487.22889018804,4581892.360609084,141.35552771248138,1472.4098898999623,141.68388470778893,-6.7059224673706295,-0.27940582061861235,-6.705946342487582,17430.344161773057,0.0,0.2055418267503148,1.9282774277535222,2255743.600971862,633.1786670497614
144400.0,4581890.243451892,190634.46848179816,4581906.495467915,140.68493822676155,1472.3819387947794,141.013292832189,-6.705867278628221,-0.2796162856765206,-6.705891201114099,17430.344161773057,0.0,0.2055418267503148,1.9282774277535222,2255743.600971862,633.1786670497614
144500.0,4581904.278416471,190781.7052772454,4581920.5632678345,140.01435425043584,1472.3539666423005,140.34270646124617,-6.705812279482466,-0.27982676652810906,-6.7058362493397095,17430.344161773057,0.0,0.2055418267503148,1.9282774277535222,2255743.600971862,633.1786670497614
144600.0,4581918.246322926,190928.93927442498,4581934.564009391,139.34377576454628,1472.3259734409492,139.6721255760022,-6.705757469900008,-0.2800372631150224,-6.705781487131044,17430.344161773057,0.0,0.2055418267503148,1.9282774277535222,2255743.600971862,633.1786670497614
144700.0,4581932.147171807,191076.17047123192,4581948.497693132,138.67320275013816,1472.2979591891549,139.0015501575022,-6.705702849847731,-0.28024777537959267,-6.705726914454974,17430.344161773057,0.0,0.2055418267503148,1.9282774277535222,2255743.600971862,633.1786670497614
144800.0,4581945.980963659,191223.3988655611,4581962.364319604,138.00263518826014,1472.2699238853527,138.33098018679456,-6.705648419292767,-0.28045830326483384,-6.7056725312786165,17430.344161773057,0.0,0.2055418267503148,1.9282774277535222,2255743.600971862,633.1786670497614
144900.0,4581959.747699026,191370.6244553072,4581976.16388935,137.33207305996413,1472.2418675279832,137.66041564493094,-6.705594178202469,-0.2806688467144358,-6.705618337569317,17430.344161773057,0.0,0.2055418267503148,1.9282774277535222,2255743.600971862,633.1786670497614
145000.0,4581973.447378451,191517.84723836483,4581989.896402913,136.66151634630526,1472.2137901154929,136.9898565129662,-6.705540126544443,-0.2808794056727596,-6.705564333294666,17430.344161773057,0.0,0.2055418267503148,1.9282774277535222,2255743.600971862,633.1786670497614
145100.0,4581987.080002475,191665.0672126284,4582003.561860832,135.99096502834192,1472.1856916463335,136.31930277195858,-6.705486264286521,-0.28108998008483044,-6.705510518422484,17430.344161773057,0.0,0.2055418267503148,1.9282774277535222,2255743.600971862,633.1786670497614
145200.0,4582000.645571636,191812.28437599217,4582017.160263646,135.3204190871357,1472.1575721189624,135.64875440296936,-6.705432591396767,-0.28130056989633284,-6.705456892920821,17430.344161773057,0.0,0.2055418267503148,1.9282774277535222,2255743.600971862,633.1786670497614
145300.0,4582014.144086471,191959.4987263502,4582030.691611892,134.64987850375135,1472.1294315318426,134.9782113870631,-6.705379107843477,-0.2815111750536055,-6.705403456757966,17430.344161773057,0.0,0.2055418267503148,1.9282774277535222,2255743.600971862,633.1786670497614
145400.0,4582027.5755475145,192106.71026159648,4582044.155906102,133.97934325925684,1472.101269883442,134.30767370530754,-6.705325813595176,-0.28172179550363513,-6.705350209902427,17430.344161773057,0.0,0.2055418267503148,1.9282774277535222,2255743.600971862,633.1786670497614
145500.0,4582040.9399553,192253.9189796248,4582057.553146809,133.3088133347232,1472.073087172234,133.63714133877343,-6.7052727086206065,-0.2819324311940511,-6.705297152322941,17430.344161773057,0.0,0.2055418267503148,1.9282774277535222,2255743.600971862,633.1786670497614
145600.0,4582054.237310358,192401.1248783288,4582070.883334545,132.63828871122462,1472.044883396697,132.96661426853478,-6.70521979288875,-0.2821430820731204,-6.70524428398847,17430.344161773057,0.0,0.2055418267503148,1.9282774277535222,2255743.600971862,633.1786670497614
145700.0,4582067.467613218,192548.32795560194,4582084.146469839,131.96776936983838,1472.016658555315,132.29609247566862,-6.705167066368794,-0.2823537480897423,-6.705191604868197,17430.344161773057,0.0,0.2055418267503148,1.9282774277535222,2255743.600971862,633.1786670497614
145800.0,4582080.630864408,192695.52820933762,4582097.342553216,131.2972552916448,1471.9884126465763,131.62557594125502,-6.705114529030163,-0.28256442919344277,-6.705139114931534,17430.344161773057,0.0,0.2055418267503148,1.9282774277535222,2255743.600971862,633.1786670497614
145900.0,4582093.727064452,192842.725637429,4582110.471585202,130.6267464577273,1471.960145668975,130.9550646463772,-6.7050621808424795,-0.2827751253343693,-6.70508681414809,17430.344161773057,0.0,0.2055418267503148,1.9282774277535222,2255743.600971862,633.1786670497614
146000.0,4582106.756213874,192989.92023776908,4582123.533566319,129.9562428491723,1471.9318576210098,130.2845585721213,-6.705010021775602,-0.28298583646328657,-6.705034702487718,17430.344161773057,0.0,0.2055418267503148,1.9282774277535222,2255743.600971862,633.1786670497614
146100.0,4582119.718313195,193137.11200825078,4582136.52849709,129.28574444706916,1471.9035485011843,129.61405769957656,-6.704958051799597,-0.28319656253157,-6.704982779920467,17430.344161773057,0.0,0.2055418267503148,1.9282774277535222,2255743.600971862,633.1786670497614
146200.0,4582132.613362935,193284.30094676686,4582149.456378032,128.61525123251033,1471.875218308007,128.94356200983512,-6.7049062708847345,-0.2834073034912014,-6.704931046416603,17430.344161773057,0.0,0.2055418267503148,1.9282774277535222,2255743.600971862,633.1786670497614
146300.0,4582145.441363613,193431.4870512099,4582162.317209664,127.94476318659116,1471.8468670399914,128.2730714839921,-6.704854679001502,-0.28361805929476375,-6.704879501946597,17430.344161773057,0.0,0.2055418267503148,1.9282774277535222,2255743.600971862,633.1786670497614
146400.0,4582158.202315744,193578.67031947232,4582175.110992501,127.27428029040995,1471.8184946956549,127.60258610314564,-6.70480327612061,-0.2838288298954374,-6.7048281464811526,17430.344161773057,0.0,0.2055418267503148,1.9282774277535222,2255743.600971862,633.1786670497614
146500.0,4582170.896219842,193725.85074944643,4582187.837727056,126.60380252506792,1471.7901012735206,126.9321058483967,-6.704752062212954,-0.28403961524699284,-6.704776979991154,17430.344161773057,0.0,0.2055418267503148,1.9282774277535222,2255743.600971862,633.1786670497614
146600.0,4582183.52307642,193873.02833902437,4582200.497413841,125.9333298716692,1471.7616867721154,126.2616307008492,-6.704701037249645,-0.28425041530378786,-6.704726002447703,17430.344161773057,0.0,0.2055418267503148,1.9282774277535222,2255743.600971862,633.1786670497614
146700.0,4582196.082885986,194020.20308609816,4582213.090053366,125.2628623113208,1471.733251189971,125.5911606416099,-6.704650201201999,-0.2844612300207621,-6.704675213822107,17430.344161773057,0.0,0.2055418267503148,1.9282774277535222,2255743.600971862,633.1786670497614
146800.0,4582208.575649051,194167.37498855963,4582225.615646138,124.59239982513256,1471.704794525624,124.92069565178846,-6.704599554041534,-0.28467205935343154,-6.704624614085868,17430.344161773057,0.0,0.2055418267503148,1.9282774277535222,2255743.600971862,633.1786670497614
146900.0,4582221.00136612,194314.5440443005,4582238.074192664,123.9219423942172,1471.6763167776148,124.25023571249736,-6.704549095739968,-0.284882903257885,-6.704574203210701,17430.344161773057,0.0,0.2055418267503148,1.9282774277535222,2255743.600971862,633.1786670497614
147000.0,4582233.3600376975,194461.71025121232,4582250.465693448,123.25148999969021,1471.6478179444882,123.5797808048519,-6.704498826269212,-0.28509376169077844,-6.704523981168506,17430.344161773057,0.0,0.2055418267503148,1.9282774277535222,2255743.600971862,633.1786670497614
147100.0,4582245.651664287,194608.8736071865,4582262.790148992,122.58104262266993,1471.6192980247938,122.90933090997015,-6.7044487456013835,-0.28530463460933103,-6.7044739479313895,17430.344161773057,0.0,0.2055418267503148,1.9282774277535222,2255743.600971862,633.1786670497614
147200.0,4582257.876246389,194756.03411011436,4582275.047559797,121.91060024427743,1471.590757017085,122.23888600897303,-6.704398853708791,-0.2855155219713205,-6.704424103471655,17430.344161773057,0.0,0.2055418267503148,1.9282774277535222,2255743.600971862,633.1786670497614
147300.0,4582270.033784502,194903.19175788696,4582287.23792636,121.24016284563658,1471.5621949199196,121.56844608298415,-6.704349150563936,-0.2857264237350776,-6.704374447761786,17430.344161773057,0.0,0.2055418267503148,1.9282774277535222,2255743.600971862,633.1786670497614
147400.0,4582282.124279124,195050.34654839532,4582299.361249179,120.56973040787396,1471.5336117318593,120.89801111312991,-6.7042996361395115,-0.28593733985948305,-6.7043249807744765,17430.344161773057,0.0,0.2055418267503148,1.9282774277535222,2255743.600971862,633.1786670497614
147500.0,4582294.147730748,195197.49847953027,4582311.417528748,119.8993029121189,1471.5050074514702,120.22758108053941,-6.704250310408408,-0.28614827030396217,-6.704275702482603,17430.344161773057,0.0,0.2055418267503148,1.9282774277535222,2255743.600971862,633.1786670497614
147600.0,4582306.10413987,195344.6475491825,4582323.406765559,119.2288803395034,1471.4763820773223,119.55715596634444,-6.704201173343693,-0.28635921502848044,-6.704226612859222,17430.344161773057,0.0,0.2055418267503148,1.9282774277535222,2255743.600971862,633.1786670497614
147700.0,4582317.99350698,195491.79375524257,4582335.328960104,118.55846267116218,1471.4477356079897,118.8867357516795,-6.704152224918636,-0.28657017399354,-6.704177711877598,17430.344161773057,0.0,0.2055418267503148,1.9282774277535222,2255743.600971862,633.1786670497614
147800.0,4582329.815832567,195638.93709560088,4582347.184112872,117.88804988823257,1471.4190680420502,118.21632041768174,-6.704103465106671,-0.28678114716017356,-6.704128999511157,17430.344161773057,0.0,0.2055418267503148,1.9282774277535222,2255743.600971862,633.1786670497614
147900.0,4582341.57111712,195786.0775681477,4582358.97222435,117.21764197185462,1471.3903793780855,117.54590994549098,-6.704054893881444,-0.28699213448994276,-6.704080475733536,17430.344161773057,0.0,0.2055418267503148,1.9282774277535222,2255743.600971862,633.1786670497614
148000.0,4582353.259361124,195933.21517077318,4582370.6932950225,116.54723890317094,1471.3616696146814,116.87550431624962,-6.704006511216759,-0.28720313594493085,-6.704032140518527,17430.344161773057,0.0,0.2055418267503148,1.9282774277535222,2255743.600971862,633.1786670497614
148100.0,4582364.880565062,196080.34990136727,4582382.347325373,115.87684066332677,1471.332938750427,116.20510351110272,-6.703958317086623,-0.28741415148774146,-6.703983993840131,17430.344161773057,0.0,0.2055418267503148,1.9282774277535222,2255743.600971862,633.1786670497614
148200.0,4582376.434729417,196227.48175781986,4582393.9343158845,115.20644723346999,1471.3041867839156,115.53470751119791,-6.703910311465199,-0.2876251810814918,-6.703936035672507,17430.344161773057,0.0,0.2055418267503148,1.9282774277535222,2255743.600971862,633.1786670497614
148300.0,4582387.921854668,196374.61073802062,4582405.454267035,114.53605859475097,1471.2754137137438,114.86431629768539,-6.703862494326847,-0.2878362246898105,-6.703888265990002,17430.344161773057,0.0,0.2055418267503148,1.9282774277535222,2255743.600971862,633.1786670497614
148400.0,4582399.341941295,196521.7368398591,4582416.9071793035,113.8656747283227,1471.2466195385118,114.19392985171793,-6.703814865646096,-0.28804728227683213,-6.703840684767138,17430.344161773057,0.0,0.2055418267503148,1.9282774277535222,2255743.600971862,633.1786670497614
148500.0,4582410.6949897725,196668.86006122475,4582428.293053164,113.19529561534068,1471.2178042568237,113.52354815445082,-6.703767425397653,-0.28825835380719467,-6.703793291978616,17430.344161773057,0.0,0.2055418267503148,1.9282774277535222,2255743.600971862,633.1786670497614
148600.0,4582421.981000576,196815.98040000687,4582439.611889092,112.52492123696294,1471.1889678672867,112.8531711870419,-6.703720173556394,-0.28846943924603363,-6.703746087599302,17430.344161773057,0.0,0.2055418267503148,1.9282774277535222,2255743.600971862,633.1786670497614
148700.0,4582433.199974177,196963.09785409458,4582450.863687559,111.85455157435,1471.1601103685118,112.18279893065149,-6.703673110097374,-0.2886805385589798,-6.703699071604244,17430.344161773057,0.0,0.2055418267503148,1.9282774277535222,2255743.600971862,633.1786670497614
148800.0,4582444.3519110475,197110.2124213769,4582462.048449035,111.18418660866487,1471.1312317591135,111.5124313664424,-6.703626234995817,-0.2888916517121545,-6.70365224396866,17430.344161773057,0.0,0.2055418267503148,1.9282774277535222,2255743.600971862,633.1786670497614
148900.0,4582455.436811655,197257.3240997427,4582473.166173988,110.51382632107307,1471.1023320377092,110.84206847557992,-6.703579548227109,-0.289102778672165,-6.70360560466793,17430.344161773057,0.0,0.2055418267503148,1.9282774277535222,2255743.600971862,633.1786670497614
149000.0,4582466.454676467,197404.43288708068,4582484.216862885,109.84347069274251,1471.07341120292,110.1717102392318,-6.7035330497668175,-0.2893139194061025,-6.7035591536776105,17430.344161773057,0.0,0.2055418267503148,1.9282774277535222,2255743.600971862,633.1786670497614
149100.0,4582477.405505949,197551.53878127947,4582495.20051619,109.17311970484357,1471.04446925337,109.5013566385682,-6.7034867395906685,-0.28952507388153675,-6.7035128909734185,17430.344161773057,0.0,0.2055418267503148,1.9282774277535222,2255743.600971862,633.1786670497614
149200.0,4582488.289300563,197698.64178022748,4582506.117134367,108.50277333854905,1471.0155061876867,108.83100765476172,-6.703440617674551,-0.2897362420665125,-6.703466816531245,17430.344161773057,0.0,0.2055418267503148,1.9282774277535222,2255743.600971862,633.1786670497614
149300.0,4582499.10606077,197845.74188181307,4582516.966717875,107.83243157503414,1470.9865220045008,108.16066326898735,-6.703394683994524,-0.28994742392954664,-6.703420930327134,17430.344161773057,0.0,0.2055418267503148,1.9282774277535222,2255743.600971862,633.1786670497614
149400.0,4582509.85578703,197992.83908392442,4582527.749267173,107.1620943954764,1470.957516702446,107.49032346242248,-6.703348938526813,-0.2901586194396239,-6.703375232337308,17430.344161773057,0.0,0.2055418267503148,1.9282774277535222,2255743.600971862,633.1786670497614
149500.0,4582520.538479801,198139.93338444957,4582538.464782719,106.49176178105581,1470.928490280159,106.81998821624687,-6.703303381247792,-0.2903698285661922,-6.70332972253813,17430.344161773057,0.0,0.2055418267503148,1.9282774277535222,2255743.600971862,633.1786670497614
149600.0,4582531.154139538,198287.0247812764,4582549.113264967,105.82143371295467,1470.8994427362798,106.14965751164262,-6.703258012134001,-0.2905810512791609,-6.703284400906139,17430.344161773057,0.0,0.2055418267503148,1.9282774277535222,2255743.600971862,633.1786670497614
149700.0,4582541.702766695,198434.11327229274,4582559.694714371,105.15111017235762,1470.8703740694511,105.47933132979418,-6.703212831162144,-0.29079228754889597,-6.703239267418031,17430.344161773057,0.0,0.2055418267503148,1.9282774277535222,2255743.600971862,633.1786670497614
149800.0,4582552.184361723,198581.19885538617,4582570.209131382,104.48079114045161,1470.841284278319,104.80900965188832,-6.7031678383090805,-0.29100353734621703,-6.703194322050657,17430.344161773057,0.0,0.2055418267503148,1.9282774277535222,2255743.600971862,633.1786670497614
149900.0,4582562.598925073,198728.28152844423,4582580.65651645,103.81047659842594,1470.8121733615321,104.13869245911413,-6.70312303355182,-0.2912148006423929,-6.703149564781021,17430.344161773057,0.0,0.2055418267503148,1.9282774277535222,2255743.600971862,633.1786670497614
150000.0,4582572.946457191,198875.36128935427,4582591.036870023,103.14016652747215,1470.7830413177417,103.46837973266295,-6.70307841686753,-0.29142607740913923,-6.703104995586289,17430.344161773057,0.0,0.2055418267503148,1.9282774277535222,2255743.600971862,633.1786670497614
150100.0,4582583.226958526,199022.4381360035,4582601.350192546,102.46986090878409,1470.753888145602,102.79807145372845,-6.703033988233539,-0.2916373676186144,-6.703060614443775,17430.344161773057,0.0,0.2055418267503148,1.9282774277535222,2255743.600971862,633.1786670497614
150200.0,4582593.440429521,199169.51206627907,4582611.596484462,101.79955972355785,1470.7247138437706,102.12776760350654,-6.702989747627317,-0.2918486712434163,-6.703016421330949,17430.344161773057,0.0,0.2055418267503148,1.9282774277535222,2255743.600971862,633.1786670497614
150300.0,4582603.586870618,199316.5830780679,4582621.775746213,101.12926295299178,1470.695518410907,101.45746816319536,-6.702945695026495,-0.2920599882565788,-6.702972416225432,17430.344161773057,0.0,0.2055418267503148,1.9282774277535222,2255743.600971862,633.1786670497614
150400.0,4582613.666282258,199463.65116925683,4582631.887978241,100.45897057828645,1470.6663018456738,100.7871731139953,-6.702901830408844,-0.2922713186315683,-6.702928599104992,17430.344161773057,0.0,0.2055418267503148,1.9282774277535222,2255743.600971862,633.1786670497614
150500.0,4582623.67866488,199610.71633773256,4582641.933180982,99.78868258064465,1470.637064146736,100.11688243710893,-6.702858153752292,-0.29248266234228076,-6.702884969947551,17430.344161773057,0.0,0.2055418267503148,1.9282774277535222,2255743.600971862,633.1786670497614
150600.0,4582633.62401892,199757.77858138166,4582651.911354873,99.11839894127135,1470.6078053127617,99.44659611374108,-6.7028146650349045,-0.292694019363038,-6.702841528731169,17430.344161773057,0.0,0.2055418267503148,1.9282774277535222,2255743.600971862,633.1786670497614
150700.0,4582643.502344812,199904.83789809057,4582661.822500349,98.44811964137375,1470.5785253424208,98.77631412509872,-6.702771364234914,-0.2929053896685853,-6.702798275434074,17430.344161773057,0.0,0.2055418267503148,1.9282774277535222,2255743.600971862,633.1786670497614
150800.0,4582653.313642992,200051.89428574557,4582671.666617842,97.77784466216119,1470.549224234386,98.10603645239101,-6.702728251330674,-0.29311677323408614,-6.702755210034609,17430.344161773057,0.0,0.2055418267503148,1.9282774277535222,2255743.600971862,633.1786670497614
150900.0,4582663.057913888,200198.94774223282,4582681.443707783,97.10757398484515,1470.5199019873328,97.43576307682926,-6.7026853263006965,-0.2933281700351219,-6.702712332511288,17430.344161773057,0.0,0.2055418267503148,1.9282774277535222,2255743.600971862,633.1786670497614
151000.0,4582672.735157931,200345.99826543836,4582691.1537706,96.43730759063928,1470.4905585999386,96.76549397962692,-6.702642589123632,-0.2935395800476858,-6.702669642842752,17430.344161773057,0.0,0.2055418267503148,1.9282774277535222,2255743.600971862,633.1786670497614
151100.0,4582682.345375548,200493.0458532481,4582700.796806721,95.76704546075936,1470.4611940708835,96.0952291419996,-6.702600039778276,-0.2937510032481824,-6.702627141007791,17430.344161773057,0.0,0.2055418267503148,1.9282774277535222,2255743.600971862,633.1786670497614
151200.0,4582691.888567165,200640.09050354778,4582710.37281657,95.09678757642327,1470.43180839885,95.42496854516496,-6.7025576782435605,-0.29396243961342206,-6.702584826985334,17430.344161773057,0.0,0.2055418267503148,1.9282774277535222,2255743.600971862,633.1786670497614
151300.0,4582701.364733204,200787.13221422306,4582719.8818005705,94.42653391885099,1470.4024015825228,94.75471217034281,-6.702515504498556,-0.2941738891206194,-6.702542700754442,17430.344161773057,0.0,0.2055418267503148,1.9282774277535222,2255743.600971862,633.1786670497614
151400.0,4582710.773874089,200934.17098315945,4582729.323759144,93.7562844692646,1470.3729736205887,94.08445999875505,-6.70247351852248,-0.2943853517473904,-6.702500762294334,17430.344161773057,0.0,0.2055418267503148,1.9282774277535222,2255743.600971862,633.1786670497614
151500.0,4582720.115990238,201081.2068082423,4582738.69869271,93.08603920888822,1470.3435245117369,93.41421201162562,-6.702431720294678,-0.2945968274717479,-6.702459011584346,17430.344161773057,0.0,0.2055418267503148,1.9282774277535222,2255743.600971862,633.1786670497614
151600.0,4582729.39108207,201228.23968735687,4582748.006601686,92.41579811894808,1470.3140542546585,92.74396819018054,-6.702390109794637,-0.2948083162721004,-6.7024174486039625,17430.344161773057,0.0,0.2055418267503148,1.9282774277535222,2255743.600971862,633.1786670497614
151700.0,4582738.59915,201375.26961838827,4582757.247486486,91.74556118067238,1470.2845628480472,92.07372851564786,-6.702348687001974,-0.2950198181272475,-6.702376073332797,17430.344161773057,0.0,0.2055418267503148,1.9282774277535222,2255743.600971862,633.1786670497614
151800.0,4582747.740194444,201522.29659922147,4582766.421347526,91.07532837529143,1470.2550502905985,91.40349296925768,-6.702307451896445,-0.29523133301637816,-6.702334885750598,17430.344161773057,0.0,0.2055418267503148,1.9282774277535222,2255743.600971862,633.1786670497614
151900.0,4582756.814215813,201669.32062774134,4582775.528185217,90.40509968403752,1470.2255165810102,90.73326153224211,-6.702266404457938,-0.2954428609190674,-6.70229388583725,17430.344161773057,0.0,0.2055418267503148,1.9282774277535222,2255743.600971862,633.1786670497614
152000.0,4582765.821214518,201816.34170183257,4582784.567999968,89.73487508814495,1470.1959617179816,90.06303418583526,-6.702225544666477,-0.2956544018152733,-6.702253073572772,17430.344161773057,0.0,0.2055418267503148,1.9282774277535222,2255743.600971862,633.1786670497614
152100.0,4582774.761190967,201963.35981937978,4582793.54079219,89.06465456884999,1470.1663857002147,89.39281091127326,-6.702184872502204,-0.29586595568533397,-6.702212448937306,17430.344161773057,0.0,0.2055418267503148,1.9282774277535222,2255743.600971862,633.1786670497614
152200.0,4582783.634145567,202110.3749782674,4582802.446562286,88.39443810739093,1470.1367885264128,88.72259168979417,-6.7021443879454,-0.296077522509965,-6.702172011911121,17430.344161773057,0.0,0.2055418267503148,1.9282774277535222,2255743.600971862,633.1786670497614
152300.0,4582792.440078723,202257.38717637982,4582811.285310661,87.72422568500798,1470.1071701952815,88.05237650263805,-6.7021040909764835,-0.29628910227025784,-6.7021317624746395,17430.344161773057,0.0,0.2055418267503148,1.9282774277535222,2255743.600971862,633.1786670497614
152400.0,4582801.178990838,202404.3964116012,4582820.0570377195,87.05401728294335,1470.077530705528,87.3821653310469,-6.702063981575981,-0.29650069494767395,-6.7020917006083796,17430.344161773057,0.0,0.2055418267503148,1.9282774277535222,2255743.600971862,633.1786670497614
152500.0,4582809.850882313,202551.4026818156,4582828.76174386,86.38381288244115,1470.047870055862,86.71195815626469,-6.702024059724564,-0.29671230052404557,-6.702051826293008,17430.344161773057,0.0,0.2055418267503148,1.9282774277535222,2255743.600971862,633.1786670497614
152600.0,4582818.455753547,202698.405984907,4582837.399429483,85.71361246474744,1470.018188244994,86.04175495953726,-6.701984325403018,-0.29692391898157067,-6.702012139509311,17430.344161773057,0.0,0.2055418267503148,1.9282774277535222,2255743.600971862,633.1786670497614
152700.0,4582826.993604938,202845.4063187592,4582845.970094984,85.04341601111018,1469.9884852716368,85.3715557221124,-6.701944778592256,-0.29713555030281086,-6.701972640238193,17430.344161773057,0.0,0.2055418267503148,1.9282774277535222,2255743.600971862,633.1786670497614
152800.0,4582835.46443688,202992.40368125588,4582854.473740759,84.37322350277925,1469.958761134505,84.70136042523983,-6.701905419273322,-0.2973471944706899,-6.701933328460697,17430.344161773057,0.0,0.2055418267503148,1.9282774277535222,2255743.600971862,633.1786670497614
152900.0,4582843.868249769,203139.3980702806,4582862.9103672,83.70303492100642,1469.929015832315,84.0311690501711,-6.701866247427371,-0.29755885146848854,-6.7018942041579725,17430.344161773057,0.0,0.2055418267503148,1.9282774277535222,2255743.600971862,633.1786670497614
153000.0,4582852.205043995,203286.38948371678,4582871.279974699,83.0328502470453,1469.8992493637843,83.3609815781597,-6.701827263035687,-0.297770521279845,-6.701855267311303,17430.344161773057,0.0,0.2055418267503148,1.9282774277535222,2255743.600971862,633.1786670497614
153100.0,4582860.474819948,203433.37791944775,4582879.582563645,82.36266946215142,1469.8694617276324,82.69079799046092,-6.701788466079683,-0.2979822038887501,-6.701816517902093,17430.344161773057,0.0,0.2055418267503148,1.9282774277535222,2255743.600971862,633.1786670497614
153200.0,4582868.677578016,203580.36337535668,4582887.818134426,81.69249254758212,1469.8396529225804,82.02061826833197,-6.701749856540871,-0.2981938992795453,-6.701777955911857,17430.344161773057,0.0,0.2055418267503148,1.9282774277535222,2255743.600971862,633.1786670497614
153300.0,4582876.813318586,203727.3458493266,4582895.986687427,81.02231948459661,1469.809822947351,81.35044239303187,-6.701711434400905,-0.2984056074369208,-6.70173958132224,17430.344161773057,0.0,0.2055418267503148,1.9282774277535222,2255743.600971862,633.1786670497614
153400.0,4582884.882042041,203874.32533924043,4582904.088223033,80.35215025445592,1469.7799718006681,80.68027034582146,-6.7016731996415375,-0.29861732834591204,-6.7017013941149965,17430.344161773057,0.0,0.2055418267503148,1.9282774277535222,2255743.600971862,633.1786670497614
153500.0,4582892.883748764,204021.30184298096,4582912.122741624,79.68198483842289,1469.7500994812574,80.0101021079634,-6.701635152244649,-0.298829061991898,-6.701663394271998,17430.344161773057,0.0,0.2055418267503148,1.9282774277535222,2255743.600971862,633.1786670497614
153600.0,4582900.818439135,204168.27535843087,4582920.090243581,79.01182321776217,1469.7202059878457,79.33993766072219,-6.701597292192243,-0.29904080836059926,-6.701625581775252,17430.344161773057,0.0,0.2055418267503148,1.9282774277535222,2255743.600971862,633.1786670497614
153700.0,4582908.686113534,204315.24588347267,4582927.990729282,78.34166537374021,1469.6902913191616,78.66977698536408,-6.70155961946642,-0.2992525674380733,-6.70158795660685,17430.344161773057,0.0,0.2055418267503148,1.9282774277535222,2255743.600971862,633.1786670497614
153800.0,4582916.486772335,204462.2134159888,4582935.824199103,77.67151128762525,1469.660355473935,77.99962006315714,-6.701522134049414,-0.29946433921071514,-6.701550518749026,17430.344161773057,0.0,0.2055418267503148,1.9282774277535222,2255743.600971862,633.1786670497614
153900.0,4582924.220415915,204609.17795386154,4582943.590653419,77.00136094068729,1469.6303984508968,77.32946687537118,-6.701484835923555,-0.299676123665252,-6.701513268184105,17430.344161773057,0.0,0.2055418267503148,1.9282774277535222,2255743.600971862,633.1786670497614
154000.0,4582931.887044647,204756.13949497303,4582951.290092601,76.33121431419809,1469.6004202487795,76.65931740327781,-6.7014477250713,-0.2998879207887436,-6.701476204894543,17430.344161773057,0.0,0.2055418267503148,1.9282774277535222,2255743.600971862,633.1786670497614
154100.0,4582939.486658901,204903.0980372053,4582958.922517022,75.66107138943116,1469.5704208663171,75.98917162815034,-6.701410801475214,-0.30009973056857825,-6.701439328862904,17430.344161773057,0.0,0.2055418267503148,1.9282774277535222,2255743.600971862,633.1786670497614
154200.0,4582947.019259047,205050.05357844025,4582966.487927049,74.99093214766175,1469.5404003022445,75.31902953126388,-6.701374065117967,-0.3003115529924705,-6.701402640071853,17430.344161773057,0.0,0.2055418267503148,1.9282774277535222,2255743.600971862,633.1786670497614
154300.0,4582954.484845452,205197.00611655964,4582973.98632305,74.32079657016685,1469.5103585552977,74.6488910938952,-6.7013375159823445,-0.3005233880484595,-6.701366138504172,17430.344161773057,0.0,0.2055418267503148,1.9282774277535222,2255743.600971862,633.1786670497614
154400.0,4582961.883418482,205343.95564944515,4582981.41770539,73.65066463822514,1469.480295624214,73.97875629732283,-6.701301154051242,-0.3007352357249065,-6.701329824142754,17430.344161773057,0.0,0.2055418267503148,1.9282774277535222,2255743.600971862,633.1786670497614
154500.0,4582969.2149785,205490.9021749783,4582988.782074431,72.98053633311702,1469.4502115077323,73.30862512282701,-6.701264979307663,-0.3009470960104932,-6.701293696970604,17430.344161773057,0.0,0.2055418267503148,1.9282774277535222,2255743.600971862,633.1786670497614
154600.0,4582976.479525869,205637.84569104048,4582996.0794305345,72.31041163612458,1469.420106204592,72.63849755168964,-6.70122899173472,-0.301158968894218,-6.7012577569708265,17430.344161773057,0.0,0.2055418267503148,1.9282774277535222,2255743.600971862,633.1786670497614
154700.0,4582983.677060947,205784.78619551295,4583003.309774061,71.64029052853161,1469.3899797135339,71.96837356519433,-6.70119319131562,-0.30137085436539507,-6.701222004126631,17430.344161773057,0.0,0.2055418267503148,1.9282774277535222,2255743.600971862,633.1786670497614
154800.0,4582990.807584093,205931.72368627688,4583010.473105366,70.97017299162354,1469.3598320332997,71.29825314462634,-6.701157578033698,-0.30158275241365223,-6.701186438421347,17430.344161773057,0.0,0.2055418267503148,1.9282774277535222,2255743.600971862,633.1786670497614
154900.0,4582997.871095663,206078.65816121327,4583017.569424808,70.3000590066875,1469.3296631626322,70.62813627127264,-6.701122151872375,-0.3017946630289281,-6.701151059838397,17430.344161773057,0.0,0.2055418267503148,1.9282774277535222,2255743.600971862,633.1786670497614
155000.0,4583004.867596012,206225.58961820303,4583024.598732739,69.62994855501226,1469.2994731002752,69.9580229264218,-6.7010869128151835,-0.30200658620147025,-6.701115868361307,17430.344161773057,0.0,0.2055418267503148,1.9282774277535222,2255743.600971862,633.1786670497614
155100.0,4583011.797085491,206372.51805512691,4583031.561029511,68.95984161788822,1469.2692618449737,69.28791309136406,-6.701051860845764,-0.3022185219218333,-6.70108086397372,17430.344161773057,0.0,0.2055418267503148,1.9282774277535222,2255743.600971862,633.1786670497614
155200.0,4583018.659564451,206519.44346986557,4583038.456315474,68.2897381766074,1469.239029395473,68.61780674739128,-6.701016995947853,-0.3024304701808769,-6.701046046659366,17430.344161773057,0.0,0.2055418267503148,1.9282774277535222,2255743.600971862,633.1786670497614
155300.0,4583025.455033242,206666.3658602995,4583045.284590976,67.61963821246347,1469.2087757505199,67.94770387579695,-6.700982318105292,-0.30264243096976273,-6.701011416402086,17430.344161773057,0.0,0.2055418267503148,1.9282774277535222,2255743.600971862,633.1786670497614
155400.0,4583032.183492209,206813.2852243091,4583052.045856364,66.9495417067517,1469.1785009088617,67.27760445787617,-6.700947827302027,-0.30285440427995425,-6.700976973185827,17430.344161773057,0.0,0.2055418267503148,1.9282774277535222,2255743.600971862,633.1786670497614
155500.0,4583038.844941698,206960.20155977466,4583058.740111982,66.27944864076896,1469.1482048692467,66.60750847492562,-6.700913523522089,-0.3030663901032123,-6.700942716994615,17430.344161773057,0.0,0.2055418267503148,1.9282774277535222,2255743.600971862,633.1786670497614
155600.0,4583045.439382051,207107.11486457632,4583065.367358173,65.60935899581371,1469.117887630424,65.93741590824361,-6.7008794067496344,-0.3032783884315959,-6.700908647812605,17430.344161773057,0.0,0.2055418267503148,1.9282774277535222,2255743.600971862,633.1786670497614
155700.0,4583051.96681361,207254.02513659408,4583071.927595277,64.93927275318597,1469.0875491911438,65.26732673912998,-6.700845476968893,-0.3034903992574573,-6.700874765624029,17430.344161773057,0.0,0.2055418267503148,1.9282774277535222,2255743.600971862,633.1786670497614
155800.0,4583058.427236714,207400.93237370782,4583078.420823634,64.26918989418739,1469.0571895501564,64.59724094888621,-6.700811734164214,-0.3037024225734426,-6.700841070413228,17430.344161773057,0.0,0.2055418267503148,1.9282774277535222,2255743.600971862,633.1786670497614
155900.0,4583064.820651701,207547.83657379734,4583084.847043579,63.59911040012112,1469.0268087062132,63.92715851881527,-6.700778178320026,-0.3039144583724882,-6.700807562164638,17430.344161773057,0.0,0.2055418267503148,1.9282774277535222,2255743.600971862,633.1786670497614
156000.0,4583071.147058905,207694.73773474226,4583091.206255449,62.929034252291885,1468.996406658066,63.25707943022172,-6.700744809420868,-0.3041265066478196,-6.7007742408627875,17430.344161773057,0.0,0.2055418267503148,1.9282774277535222,2255743.600971862,633.1786670497614
156100.0,4583077.406458662,207841.63585442211,4583097.498459576,62.258961432005954,1468.9659834044678,62.58700366441167,-6.700711627451368,-0.30433856739294896,-6.700741106492308,17430.344161773057,0.0,0.2055418267503148,1.9282774277535222,2255743.600971862,633.1786670497614
156200.0,4583083.598851302,207988.53093071628,4583103.723656291,61.58889192057113,1468.9355389441719,61.91693120269273,-6.700678632396253,-0.3045506406016741,-6.700708159037923,17430.344161773057,0.0,0.2055418267503148,1.9282774277535222,2255743.600971862,633.1786670497614
156300.0,4583089.724237155,208135.42296150402,4583109.881845925,60.91882569929673,1468.9050732759322,61.24686202637405,-6.700645824240335,-0.3047627262680752,-6.700675398484444,17430.344161773057,0.0,0.2055418267503148,1.9282774277535222,2255743.600971862,633.1786670497614
156400.0,4583095.78261655,208282.31194466449,4583115.973028805,60.248762749493594,1468.8745863985032,60.57679611676631,-6.7006132029685315,-0.3049748243865148,-6.70064282481679,17430.344161773057,0.0,0.2055418267503148,1.9282774277535222,2255743.600971862,633.1786670497614
156500.0,4583101.773989813,208429.1978780767,4583121.9972052565,59.578703052474054,1468.84407831064,59.906733455181666,-6.700580768565847,-0.3051869349516344,-6.700610438019963,17430.344161773057,0.0,0.2055418267503148,1.9282774277535222,2255743.600971862,633.1786670497614
156600.0,4583107.698357268,208576.08075961954,4583127.954375603,58.90864658955195,1468.8135490110983,59.236674022933784,-6.700548521017382,-0.3053990579583539,-6.700578238079059,17430.344161773057,0.0,0.2055418267503148,1.9282774277535222,2255743.600971862,633.1786670497614
156700.0,4583113.555719238,208722.9605871718,4583133.844540168,58.2385933420426,1468.782998498634,58.56661780133781,-6.7005164603083225,-0.3056111934018685,-6.700546224979268,17430.344161773057,0.0,0.2055418267503148,1.9282774277535222,2255743.600971862,633.1786670497614
156800.0,4583119.346076043,208869.83735861213,4583139.66769927,57.5685432912628,1468.7524267720037,57.89656477171038,-6.700484586423952,-0.30582334127764776,-6.700514398705868,17430.344161773057,0.0,0.2055418267503148,1.9282774277535222,2255743.600971862,633.1786670497614
156900.0,4583125.069428002,209016.71107181904,4583145.423853228,56.89849641853081,1468.7218338299642,57.22651491536958,-6.70045289934964,-0.30603550158143433,-6.700482759244233,17430.344161773057,0.0,0.2055418267503148,1.9282774277535222,2255743.600971862,633.1786670497614
157000.0,4583130.725775433,209163.58172467092,4583151.113002358,56.228452705166355,1468.6912196712733,56.55646821363496,-6.700421399070851,-0.3062476743092409,-6.7004513065798195,17430.344161773057,0.0,0.2055418267503148,1.9282774277535222,2255743.600971862,633.1786670497614
157100.0,4583136.315118648,209310.44931504605,4583156.735146975,55.5584121324906,1468.6605842946885,55.88642464782752,-6.700390085573125,-0.3064598594573495,-6.700420040698175,17430.344161773057,0.0,0.2055418267503148,1.9282774277535222,2255743.600971862,633.1786670497614
157200.0,4583141.837457963,209457.31384082255,4583162.290287391,54.88837468182617,1468.629927698968,55.216384199269704,-6.70035895884211,-0.30667205702230965,-6.70038896158494,17430.344161773057,0.0,0.2055418267503148,1.9282774277535222,2255743.600971862,633.1786670497614
157300.0,4583147.292793688,209604.1752998785,4583167.778423918,54.2183403344971,1468.5992498828703,54.54634684928539,-6.70032801886353,-0.30688426700093663,-6.700358069225841,17430.344161773057,0.0,0.2055418267503148,1.9282774277535222,2255743.600971862,633.1786670497614
157400.0,4583152.681126133,209751.03369009175,4583173.199556864,53.548309071828854,1468.568550845154,53.876312579199876,-6.700297265623192,-0.30709648939030926,-6.700327363606683,17430.344161773057,0.0,0.2055418267503148,1.9282774277535222,2255743.600971862,633.1786670497614
157500.0,4583158.002455604,209897.88900934008,4583178.553686536,52.87828087514832,1468.5378305845786,53.206281370339866,-6.700266699106992,-0.30730872418776883,-6.700296844713365,17430.344161773057,0.0,0.2055418267503148,1.9282774277535222,2255743.600971862,633.1786670497614
157600.0,4583163.256782409,210044.74125550117,4583183.840813239,52.208255725783786,1468.507089099903,52.53625320403348,-6.7002363193009185,-0.30752097139091794,-6.700266512531873,17430.344161773057,0.0,0.2055418267503148,1.9282774277535222,2255743.600971862,633.1786670497614
157700.0,4583168.44410685,210191.59042645255,4583189.060937277,51.53823360506493,1468.476326389887,51.86622806161023,-6.700206126191041,-0.3077332309976179,-6.700236367048272,17430.344161773057,0.0,0.2055418267503148,1.9282774277535222,2255743.600971862,633.1786670497614
157800.0,4583173.56442923,210338.43652007158,4583194.2140589515,50.868214494322835,1468.44554245329,51.19620592440102,-6.70017611976351,-0.3079455030059876,-6.700206408248719,17430.344161773057,0.0,0.2055418267503148,1.9282774277535222,2255743.600971862,633.1786670497614
157900.0,4583178.617749848,210485.2795342356,4583199.300178561,50.19819837488995,1468.4147372888724,50.52618677373814,-6.700146300004565,-0.30815778741440236,-6.700176636119449,17430.344161773057,0.0,0.2055418267503148,1.9282774277535222,2255743.600971862,633.1786670497614
158000.0,4583183.604069004,210632.11946682172,4583204.319296405,49.52818522810009,1468.383910895394,49.856170590955244,-6.700116666900518,-0.3083700842214912,-6.700147050646773,17430.344161773057,0.0,0.2055418267503148,1.9282774277535222,2255743.600971862,633.1786670497614
158100.0,4583188.5233869925,210778.956315707,4583209.271412778,48.85817503528847,1468.353063271615,49.18615735738735,-6.700087220437777,-0.3085823934261368,-6.700117651817102,17430.344161773057,0.0,0.2055418267503148,1.9282774277535222,2255743.600971862,633.1786670497614
158200.0,4583193.375704109,210925.79007876833,4583214.156527974,48.18816777779161,1468.3221944162956,48.51614705437084,-6.7000579606028285,-0.3087947150274732,-6.700088439616921,17430.344161773057,0.0,0.2055418267503148,1.9282774277535222,2255743.600971862,633.1786670497614
158300.0,4583198.161020645,211072.6207538825,4583218.974642285,47.518163436947425,1468.2913043281962,47.846139663243434,-6.70002888738223,-0.30900704902488363,-6.700059414032786,17430.344161773057,0.0,0.2055418267503148,1.9282774277535222,2255743.600971862,633.1786670497614
158400.0,4583202.879336893,211219.4483389262,4583223.725756003,46.848161994095136,1468.2603930060775,47.17613516534419,-6.700000000762628,-0.3092193954180002,-6.700030575051348,17430.344161773057,0.0,0.2055418267503148,1.9282774277535222,2255743.600971862,633.1786670497614
158500.0,4583207.53065314,211366.2728317759,4583228.409869414,46.17816343057531,1468.2294604486995,46.506133542013515,-6.699971300730754,-0.3094317542067026,-6.700001922659332,17430.344161773057,0.0,0.2055418267503148,1.9282774277535222,2255743.600971862,633.1786670497614
158600.0,4583212.114969674,211513.09423030805,4583233.026982806,45.508167727729834,1468.198506654823,45.83613477459312,-6.699942787273399,-0.30964412539111463,-6.699973456843535,17430.344161773057,0.0,0.2055418267503148,1.9282774277535222,2255743.600971862,633.1786670497614
158700.0,4583216.63228678,211659.91253239894,4583237.577096463,44.838174866901916,1468.167531623208,45.16613884442604,-6.699914460377459,-0.3098565089716054,-6.699945177590851,17430.344161773057,0.0,0.2055418267503148,1.9282774277535222,2255743.600971862,633.1786670497614
158800.0,4583221.082604741,211806.72773592474,4583242.0602106685,44.168184829436065,1468.1365353526153,44.49614573285661,-6.699886320029894,-0.3100689049487862,-6.699917084888238,17430.344161773057,0.0,0.2055418267503148,1.9282774277535222,2255743.600971862,633.1786670497614
158900.0,4583225.465923838,211953.53983876147,4583246.476325703,43.49819759667809,1468.105517841805,43.82615542123048,-6.699858366217736,-0.3102813133235095,-6.699889178722732,17430.344161773057,0.0,0.2055418267503148,1.9282774277535222,2255743.600971862,633.1786670497614
159000.0,4583229.782244353,212100.34883878505,4583250.825441846,42.8282131499751,1468.0744790895374,43.15616789089459,-6.6998305989281,-0.3104937340968672,-6.699861459081446,17430.344161773057,0.0,0.2055418267503148,1.9282774277535222,2255743.600971862,633.1786670497614
159100.0,4583234.03156656,212247.15473387128,4583255.107559374,42.15823147067548,1468.0434190945723,42.486183123197144,-6.699803018148183,-0.3107061672701906,-6.699833925951577,17430.344161773057,0.0,0.2055418267503148,1.9282774277535222,2255743.600971862,633.1786670497614
159200.0,4583238.213890738,212393.95752189585,4583259.322678562,41.4882525401289,1468.0123378556698,41.81620109948765,-6.69977562386525,-0.31091861284504785,-6.699806579320393,17430.344161773057,0.0,0.2055418267503148,1.9282774277535222,2255743.600971862,633.1786670497614
159300.0,4583242.329217159,212540.75720073425,4583263.4707996845,40.818276339686285,1467.9812353715897,41.146221801116866,-6.699748416066646,-0.3111310708232424,-6.699779419175235,17430.344161773057,0.0,0.2055418267503148,1.9282774277535222,2255743.600971862,633.1786670497614
159400.0,4583246.377546096,212687.55376826195,4583267.551923012,40.14830285069984,1467.9501116410916,40.47624520943682,-6.699721394739781,-0.31134354120681224,-6.699752445503519,17430.344161773057,0.0,0.2055418267503148,1.9282774277535222,2255743.600971862,633.1786670497614
159500.0,4583250.358877819,212834.3472223542,4583271.566048816,39.47833205452302,1467.9189666629347,39.80627130580079,-6.699694559872151,-0.3115560239980289,-6.699725658292738,17430.344161773057,0.0,0.2055418267503148,1.9282774277535222,2255743.600971862,633.1786670497614
159600.0,4583254.273212596,212981.1375608862,4583275.513177362,38.80836393251052,1467.8878004358783,39.13630007156332,-6.699667911451325,-0.31176851919939574,-6.699699057530461,17430.344161773057,0.0,0.2055418267503148,1.9282774277535222,2255743.600971862,633.1786670497614
159700.0,4583258.120550694,213127.92478173302,4583279.393308918,38.13839846601827,1467.8566129586811,38.466331488080165,-6.699641449464937,-0.31198102681364653,-6.699672643204324,17430.344161773057,0.0,0.2055418267503148,1.9282774277535222,2255743.600971862,633.1786670497614
159800.0,4583261.900892377,213274.70888276957,4583283.2064437475,37.468435636403456,1467.8254042301016,37.79636553670833,-6.699615173900686,-0.3121935468437436,-6.699646415302031,17430.344161773057,0.0,0.2055418267503148,1.9282774277535222,2255743.600971862,633.1786670497614
159900.0,4583265.614237908,213421.48986187062,4583286.9525821125,36.79847542502447,1467.7941742488983,37.12640219880604,-6.699589084746377,-0.3124060792928791,-6.699620373811379,17430.344161773057,0.0,0.2055418267503148,1.9282774277535222,2255743.600971862,633.1786670497614
160000.0,4583269.260587549,213568.26771691086,4583290.631724274,36.128517813240926,1467.762923013829,36.45644145573274,-6.699563181989838,-0.31261862416446984,-6.699594518720205,17430.344161773057,0.0,0.2055418267503148,1.9282774277535222,2255743.600971862,633.1786670497614
160100.0,4583272.8399415575,213715.04244576488,4583294.243870489,35.45856278241365,1467.7316505236513,35.786483288849084,-6.69953746561901,-0.31283118146216005,-6.699568850016444,17430.344161773057,0.0,0.2055418267503148,1.9282774277535222,2255743.600971862,633.1786670497614
160200.0,4583276.352300191,213861.81404630706,4583297.789021016,34.78861031390467,1467.7003567771224,35.116527679516935,-6.699511935621877,-0.3130437511898172,-6.699543367688086,17430.344161773057,0.0,0.2055418267503148,1.9282774277535222,2255743.600971862,633.1786670497614
160300.0,4583279.797663705,214008.58251641173,4583301.267176109,34.11866038907721,1467.669041772999,34.44657460909935,-6.699486591986506,-0.31325633335153236,-6.699518071723196,17430.344161773057,0.0,0.2055418267503148,1.9282774277535222,2255743.600971862,633.1786670497614
160400.0,4583283.176032353,214155.34785395305,4583304.6783360215,33.4487129892957,1467.6377055100374,33.77662405896058,-6.6994614347010275,-0.3134689279516185,-6.6994929621099075,17430.344161773057,0.0,0.2055418267503148,1.9282774277535222,2255743.600971862,633.1786670497614
160500.0,4583286.487406387,214302.11005680508,4583308.022501004,32.778768095925734,1467.6063479869938,33.106676010466046,-6.69943646375364,-0.3136815349946096,-6.699468038836422,17430.344161773057,0.0,0.2055418267503148,1.9282774277535222,2255743.600971862,633.1786670497614
160600.0,4583289.7317860555,214448.86912284174,4583311.299671306,32.10882569033409,1467.5749692026236,32.43673044498236,-6.699411679132622,-0.31389415448525937,-6.699443301891014,17430.344161773057,0.0,0.2055418267503148,1.9282774277535222,2255743.600971862,633.1786670497614
160700.0,4583292.909171607,214595.62504993685,4583314.509847175,31.438885753888723,1467.5435691556818,31.766787343877297,-6.699387080826299,-0.31410678642853945,-6.699418751262014,17430.344161773057,0.0,0.2055418267503148,1.9282774277535222,2255743.600971862,633.1786670497614
160800.0,4583296.019563288,214742.3778359641,4583317.653028857,30.76894826795873,1467.5121478449228,31.096846688519797,-6.6993626688230785,-0.31431943082963953,-6.699394386937828,17430.344161773057,0.0,0.2055418267503148,1.9282774277535222,2255743.600971862,633.1786670497614
160900.0,4583299.062961343,214889.127478797,4583320.729216594,30.099013213914386,1467.4807052691006,30.426908460279954,-6.699338443111431,-0.3145320876939655,-6.69937020890693,17430.344161773057,0.0,0.2055418267503148,1.9282774277535222,2255743.600971862,633.1786670497614
161000.0,4583302.039366012,215035.87397630903,4583323.738410629,29.429080573127106,1467.4492414269685,29.756972640529014,-6.699314403679888,-0.31474475702713844,-6.699346217157855,17430.344161773057,0.0,0.2055418267503148,1.9282774277535222,2255743.600971862,633.1786670497614
161100.0,4583304.948777538,215182.61732637347,4583326.6806112025,28.75915032696945,1467.4177563172793,29.087039210639368,-6.699290550517056,-0.31495743883499344,-6.699322411679206,17430.344161773057,0.0,0.2055418267503148,1.9282774277535222,2255743.600971862,633.1786670497614
161200.0,4583307.791196157,215329.35752686352,4583329.555818551,28.089222456815115,1467.3862499387853,28.417108151984536,-6.699266883611595,-0.3151701331235787,-6.699298792459645,17430.344161773057,0.0,0.2055418267503148,1.9282774277535222,2255743.600971862,633.1786670497614
161300.0,4583310.566622107,215476.0945756522,4583332.364032911,27.419296944038926,1467.3547222902382,27.747179445939175,-6.699243402952245,-0.3153828398991548,-6.699275359487914,17430.344161773057,0.0,0.2055418267503148,1.9282774277535222,2255743.600971862,633.1786670497614
161400.0,4583313.275055624,215622.8284706125,4583335.105254518,26.749373770016835,1467.323173370389,27.077253073879064,-6.699220108527791,-0.3155955591681926,-6.699252112752802,17430.344161773057,0.0,0.2055418267503148,1.9282774277535222,2255743.600971862,633.1786670497614
161500.0,4583315.916496939,215769.5592096172,4583337.779483603,26.07945291612591,1467.291603177988,26.407329017181098,-6.699197000327089,-0.3158082909373733,-6.699229052243167,17430.344161773057,0.0,0.2055418267503148,1.9282774277535222,2255743.600971862,633.1786670497614
161600.0,4583318.490946284,215916.286790539,4583340.3867203975,25.409534363744328,1467.2600117117847,25.737407257223282,-6.69917407833907,-0.31602103521358726,-6.699206177947937,17430.344161773057,0.0,0.2055418267503148,1.9282774277535222,2255743.600971862,633.1786670497614
161700.0,4583320.998403887,216063.0112112504,4583342.9269651305,24.739618094251373,1467.2283989705281,25.06748777538473,-6.699151342552705,-0.31623379200393203,-6.69918348985609,17430.344161773057,0.0,0.2055418267503148,1.9282774277535222,2255743.600971862,633.1786670497614
161800.0,4583323.438869977,216209.7324696239,4583345.400218029,24.06970408902743,1467.1967649529665,24.39757055304565,-6.699128792957045,-0.31644656131571275,-6.699160987956673,17430.344161773057,0.0,0.2055418267503148,1.9282774277535222,2255743.600971862,633.1786670497614
161900.0,4583325.812344779,216356.45056353178,4583347.806479316,23.39979232945397,1467.1651096578473,23.727655571587345,-6.699106429541199,-0.31665934315644056,-6.6991386722388,17430.344161773057,0.0,0.2055418267503148,1.9282774277535222,2255743.600971862,633.1786670497614
162000.0,4583328.118828517,216503.1654908462,4583350.145749217,22.729882796913557,1467.1334330839172,23.0577428123922,-6.699084252294327,-0.31687213753383087,-6.699116542691633,17430.344161773057,0.0,0.2055418267503148,1.9282774277535222,2255743.600971862,633.1786670497614
162100.0,4583330.3583214125,216649.87724943925,4583352.418027952,22.05997547278983,1467.1017352299223,22.387832256843684,-6.699062261205664,-0.31708494445580404,-6.699094599304408,17430.344161773057,0.0,0.2055418267503148,1.9282774277535222,2255743.600971862,633.1786670497614
162200.0,4583332.530823685,216796.58583718282,4583354.623315741,21.390070338467506,1467.0700160946076,21.717923886326343,-6.69904045626449,-0.31729776393048253,-6.699072842066407,17430.344161773057,0.0,0.2055418267503148,1.9282774277535222,2255743.600971862,633.1786670497614
162300.0,4583334.636335553,216943.29125194874,4583356.761612802,20.72016737533237,1467.0382756767174,21.048017682225783,-6.699018837460164,-0.31751059596619224,-6.69905127096699,17430.344161773057,0.0,0.2055418267503148,1.9282774277535222,2255743.600971862,633.1786670497614
162400.0,4583336.674857232,217089.9934916087,4583358.832919349,20.050266564771267,1467.0065139749952,20.37811362592868,-6.6989974047820775,-0.31772344057145896,-6.699029885995554,17430.344161773057,0.0,0.2055418267503148,1.9282774277535222,2255743.600971862,633.1786670497614
162500.0,4583338.646388937,217236.69255403423,4583360.837235598,19.3803678881721,1466.9747309881836,19.70821169882276,-6.698976158219706,-0.3179362977550098,-6.699008687141572,17430.344161773057,0.0,0.2055418267503148,1.9282774277535222,2255743.600971862,633.1786670497614
162600.0,4583340.55093088,217383.3884370968,4583362.774561759,18.71047132692382,1466.9429267150244,19.0383118822968,-6.6989550977625685,-0.31814916752577094,-6.6989876743945675,17430.344161773057,0.0,0.2055418267503148,1.9282774277535222,2255743.600971862,633.1786670497614
162700.0,4583342.388483272,217530.08113866765,4583364.644898044,18.040576862416426,1466.9111011542584,18.368414157740627,-6.6989342234002445,-0.318362049892867,-6.698966847744122,17430.344161773057,0.0,0.2055418267503148,1.9282774277535222,2255743.600971862,633.1786670497614
162800.0,4583344.159046321,217676.770656618,4583366.44824466,17.370684476040957,1466.8792543046256,17.698518506545103,-6.698913535122375,-0.31857494486562093,-6.698946207179879,17430.344161773057,0.0,0.2055418267503148,1.9282774277535222,2255743.600971862,633.1786670497614
162900.0,4583345.862620235,217823.45698881889,4583368.184601814,16.70079414918948,1466.847386164865,17.02862491010212,-6.69889303291865,-0.31878785245355173,-6.69892575269153,17430.344161773057,0.0,0.2055418267503148,1.9282774277535222,2255743.600971862,633.1786670497614
163000.0,4583347.49920522,217970.14013314125,4583369.85396971,16.030905863255096,1466.815496733714,16.358733349804606,-6.698872716778829,-0.31900077266637533,-6.698905484268833,17430.344161773057,0.0,0.2055418267503148,1.9282774277535222,2255743.600971862,633.1786670497614
163100.0,4583349.068801476,218116.82008745588,4583371.456348551,15.361019599631925,1466.7835860099103,15.688843807046505,-6.698852586692704,-0.3192137055140019,-6.698885401901589,17430.344161773057,0.0,0.2055418267503148,1.9282774277535222,2255743.600971862,633.1786670497614
163200.0,4583350.571409206,218263.49684963343,4583372.991738538,14.691135339715103,1466.7516539921896,15.018956263222776,-6.69883264265015,-0.31942665100653694,-6.698865505579674,17430.344161773057,0.0,0.2055418267503148,1.9282774277535222,2255743.600971862,633.1786670497614
163300.0,4583352.0070286095,218410.17041754446,4583374.46013987,14.02125306490078,1466.7197006792871,14.349070699729394,-6.698812884641081,-0.3196396091542789,-6.698845795293,17430.344161773057,0.0,0.2055418267503148,1.9282774277535222,2255743.600971862,633.1786670497614
163400.0,4583353.375659884,218556.8407890594,4583375.861552743,13.351372756586105,1466.6877260699366,13.679187097963336,-6.698793312655468,-0.31985257996771943,-6.698826271031543,17430.344161773057,0.0,0.2055418267503148,1.9282774277535222,2255743.600971862,633.1786670497614
163500.0,4583354.677303226,218703.50796204855,4583377.195977354,12.681494396169237,1466.6557301628711,13.009305439322578,-6.698773926683331,-0.32006556345754117,-6.6988069327853275,17430.344161773057,0.0,0.2055418267503148,1.9282774277535222,2255743.600971862,633.1786670497614
163600.0,4583355.911958828,218850.17193438203,4583378.463413896,12.011617965049322,1466.6237129568224,12.339425705206093,-6.698754726714755,-0.32027855963461976,-6.698787780544438,17430.344161773057,0.0,0.2055418267503148,1.9282774277535222,2255743.600971862,633.1786670497614
163700.0,4583357.079626882,218996.83270392992,4583379.663862559,11.341743444626497,1466.591674450521,11.669547877013843,-6.69873571273987,-0.3204915685100197,-6.698768814299008,17430.344161773057,0.0,0.2055418267503148,1.9282774277535222,2255743.600971862,633.1786670497614
163800.0,4583358.18030758,219143.4902685621,4583380.797323534,10.671870816301885,1466.5596146426967,10.99967193614677,-6.698716884748861,-0.3207045900949961,-6.698750034039224,17430.344161773057,0.0,0.2055418267503148,1.9282774277535222,2255743.600971862,633.1786670497614
163900.0,4583359.214001109,219290.14462614837,4583381.863797009,10.002000061477588,1466.527533532078,10.329797864006801,-6.698698242731964,-0.32091762440099253,-6.698731439755327,17430.344161773057,0.0,0.2055418267503148,1.9282774277535222,2255743.600971862,633.1786670497614
164000.0,4583360.180707655,219436.79577455838,4583382.8632831685,9.33213116155668,1466.4954311173922,9.659925641996832,-6.698679786679468,-0.3211306714396414,-6.698713031437605,17430.344161773057,0.0,0.2055418267503148,1.9282774277535222,2255743.600971862,633.1786670497614
164100.0,4583361.080427403,219583.44371166168,4583383.795782198,8.662264097943202,1466.4633073973653,8.99005525152073,-6.698661516581712,-0.32134373122276244,-6.6986948090764065,17430.344161773057,0.0,0.2055418267503148,1.9282774277535222,2255743.600971862,633.1786670497614
164200.0,4583361.9131605355,219730.08843532763,4583384.66129428,7.9923988520421645,1466.4311623707224,8.32018667398332,-6.698643432429093,-0.3215568037623621,-6.6986767726621235,17430.344161773057,0.0,0.2055418267503148,1.9282774277535222,2255743.600971862,633.1786670497614
164300.0,4583362.678907233,219876.72994342554,4583385.459819593,7.322535405259531,1466.398996036187,7.650319890790392,-6.698625534212049,-0.3217698890706332,-6.698658922185199,17430.344161773057,0.0,0.2055418267503148,1.9282774277535222,2255743.600971862,633.1786670497614
164400.0,4583363.377667676,220023.36823382456,4583386.191358317,6.6526737390022195,1466.3668083924822,6.980454883348685,-6.698607821921068,-0.3219829871599537,-6.69864125763613,17430.344161773057,0.0,0.2055418267503148,1.9282774277535222,2255743.600971862,633.1786670497614
164500.0,4583364.00944204,220170.0033043937,4583386.855910628,5.9828138346780975,1466.3345994383287,6.310591633065886,-6.698590295546695,-0.3221960980428866,-6.698623779005456,17430.344161773057,0.0,0.2055418267503148,1.9282774277535222,2255743.600971862,633.1786670497614
164600.0,4583364.5742305005,220316.63515300184,4583387.453476702,5.312955673695974,1466.3023691724468,5.640730121350628,-6.698572955079523,-0.32240922173217945,-6.6986064862837775,17430.344161773057,0.0,0.2055418267503148,1.9282774277535222,2255743.600971862,633.1786670497614
164700.0,4583365.072033232,220463.26377751777,4583387.98405671,4.643099237465599,1466.270117593555,4.970870329612477,-6.6985558005101895,-0.3226223582407628,-6.698589379461731,17430.344161773057,0.0,0.2055418267503148,1.9282774277535222,2255743.600971862,633.1786670497614
164800.0,4583365.502850405,220609.8891758101,4583388.447650825,3.9732445073976526,1466.2378447003707,4.301012239261938,-6.698538831829381,-0.32283550758175,-6.698572458530012,17430.344161773057,0.0,0.2055418267503148,1.9282774277535222,2255743.600971862,633.1786670497614
164900.0,4583365.8666821895,220756.51134574733,4583388.844259215,3.3033914649037475,1466.2055504916102,3.6311558317104407,-6.698522049027831,-0.32304866976843694,-6.698555723479353,17430.344161773057,0.0,0.2055418267503148,1.9282774277535222,2255743.600971862,633.1786670497614
165000.0,4583366.163528753,220903.13028519787,4583389.173882047,2.633540091396418,1466.1732349659883,2.9613010883703392,-6.698505452096333,-0.32326184481430165,-6.698539174300549,17430.344161773057,0.0,0.2055418267503148,1.9282774277535222,2255743.600971862,633.1786670497614
165100.0,4583366.3933902625,221049.74599202993,4583389.436519487,1.9636903682891185,1466.1408981222182,2.291447990654908,-6.69848904102571,-0.32347503273300215,-6.69852281098443,17430.344161773057,0.0,0.2055418267503148,1.9282774277535222,2255743.600971862,633.1786670497614
165200.0,4583366.5562668815,221196.35846411166,4583389.632171699,1.293842276996218,1466.1085399590122,1.6215965199783349,-6.698472815806836,-0.32368823353837717,-6.69850663352187,17430.344161773057,0.0,0.2055418267503148,1.9282774277535222,2255743.600971862,633.1786670497614
165300.0,4583366.652158772,221342.96769931103,4583389.760838845,0.623995798932995,1466.0761604750805,0.9517466577557171,-6.698456776430644,-0.32390144724444625,-6.69849064190381,17430.344161773057,0.0,0.2055418267503148,1.9282774277535222,2255743.600971862,633.1786670497614
165400.0,4583366.681066094,221489.57369549593,4583389.822521084,-0.045849084484365754,1466.0437596691327,0.28189838540305756,-6.698440922888096,-0.3241146738654071,-6.69847483612121,17430.344161773057,0.0,0.2055418267503148,1.9282774277535222,2255743.600971862,633.1786670497614
165500.0,4583366.642989007,221636.17645053408,4583389.817218575,-0.7156923918387799,1466.0113375398764,-0.38794831566274113,-6.698425255170215,-0.3243279134156368,-6.698459216165097,17430.344161773057,0.0,0.2055418267503148,1.9282774277535222,2255743.600971862,633.1786670497614
165600.0,4583366.537927668,221782.7759622931,4583389.744931472,-1.3855341417122662,1465.978894086018,-1.05779346402388,-6.698409773268057,-0.3245411659096906,-6.698443782026533,17430.344161773057,0.0,0.2055418267503148,1.9282774277535222,2255743.600971862,633.1786670497614
165700.0,4583366.36588223,221929.37222864042,4583389.605659933,-2.055374352685952,1465.9464293062624,-1.7276370782616688,-6.698394477172721,-0.32475443136230064,-6.6984285336966165,17430.344161773057,0.0,0.2055418267503148,1.9282774277535222,2255743.600971862,633.1786670497614
165800.0,4583366.126852848,222075.96524744344,4583389.399404108,-2.725213043340077,1465.913943199313,-2.3974791769565305,-6.698379366875371,-0.3249677097883777,-6.6984134711665195,17430.344161773057,0.0,0.2055418267503148,1.9282774277535222,2255743.600971862,633.1786670497614
165900.0,4583365.820839671,222222.55501656936,4583389.126164148,-3.3950502322539986,1465.8814357638719,-3.0673197786880055,-6.698364442367187,-0.3251810012030074,-6.698398594427421,17430.344161773057,0.0,0.2055418267503148,1.9282774277535222,2255743.600971862,633.1786670497614
166000.0,4583365.44784285,222369.14153388524,4583388.785940201,-4.064885938006195,1465.848906998639,-3.737158902034756,-6.698349703639413,-0.325394305621453,-6.698383903470572,17430.344161773057,0.0,0.2055418267503148,1.9282774277535222,2255743.600971862,633.1786670497614
166100.0,4583365.0078625325,222515.72479725804,4583388.378732416,-4.73472017917427,1465.8163569023136,-4.406996565574571,-6.698335150683323,-0.32560762305915203,-6.698369398287248,17430.344161773057,0.0,0.2055418267503148,1.9282774277535222,2255743.600971862,633.1786670497614
166200.0,4583364.500898863,222662.30480455462,4583387.904540936,-5.40455297433496,1465.7837854735928,-5.076832787884368,-6.698320783490243,-0.32582095353171825,-6.69835507886878,17430.344161773057,0.0,0.2055418267503148,1.9282774277535222,2255743.600971862,633.1786670497614
166300.0,4583363.926951986,222808.88155364164,4583387.363365906,-6.074384342064132,1465.7511927111723,-5.746667587540201,-6.698306602051542,-0.32603429705493964,-6.698340945206539,17430.344161773057,0.0,0.2055418267503148,1.9282774277535222,2255743.600971862,633.1786670497614
166400.0,4583363.286022042,222955.45504238567,4583386.755207466,-6.744214300936794,1465.7185786137463,-6.416500983117263,-6.698292606358622,-0.32624765364477815,-6.698326997291931,17430.344161773057,0.0,0.2055418267503148,1.9282774277535222,2255743.600971862,633.1786670497614
166500.0,4583362.578109172,223102.02526865317,4583386.080065756,-7.414042869527097,1465.6859431800074,-7.08633299318989,-6.6982787964029304,-0.32646102331736954,-6.698313235116408,17430.344161773057,0.0,0.2055418267503148,1.9282774277535222,2255743.600971862,633.1786670497614
166600.0,4583361.803213514,223248.59223031043,4583385.337940914,-8.083870066408338,1465.6532864086462,-7.756163636331564,-6.698265172175962,-0.32667440608902326,-6.698299658671468,17430.344161773057,0.0,0.2055418267503148,1.9282774277535222,2255743.600971862,633.1786670497614
166700.0,4583360.961335205,223395.1559252236,4583384.5288330745,-8.753695910152963,1465.6206082983522,-8.425992931114921,-6.698251733669238,-0.3268878019762207,-6.698286267948636,17430.344161773057,0.0,0.2055418267503148,1.9282774277535222,2255743.600971862,633.1786670497614
166800.0,4583360.052474377,223541.71635125874,4583383.652742372,-9.42352041933258,1465.5879088478132,-9.095820896111748,-6.698238480874341,-0.32710121099561706,-6.698273062939498,17430.344161773057,0.0,0.2055418267503148,1.9282774277535222,2255743.600971862,633.1786670497614
166900.0,4583359.076631164,223688.27350628178,4583382.709668939,-10.093343612517947,1465.5551880557148,-9.765647549892996,-6.698225413782871,-0.3273146331640379,-6.698260043635658,17430.344161773057,0.0,0.2055418267503148,1.9282774277535222,2255743.600971862,633.1786670497614
167000.0,4583358.033805697,223834.82738815848,4583381.699612905,-10.76316550827899,1465.5224459207413,-10.435472911028778,-6.6982125323864885,-0.3275280684984819,-6.6982472100287795,17430.344161773057,0.0,0.2055418267503148,1.9282774277535222,2255743.600971862,633.1786670497614
167100.0,4583356.923998105,223981.37799475447,4583380.622574399,-11.432986125184803,1465.4896824415755,-11.105296998088374,-6.698199836676871,-0.32774151701611737,-6.698234562110545,17430.344161773057,0.0,0.2055418267503148,1.9282774277535222,2255743.600971862,633.1786670497614
167200.0,4583355.747208514,224127.92532393528,4583379.4785535475,-12.102805481803648,1465.456897616898,-11.775119829640234,-6.6981873266457574,-0.32795497873428514,-6.698222099872698,17430.344161773057,0.0,0.2055418267503148,1.9282774277535222,2255743.600971862,633.1786670497614
167300.0,4583354.50343705,224274.4693735663,4583378.267550475,-12.772623596702962,1465.424091445388,-12.444941424251985,-6.698175002284904,-0.32816845367049474,-6.698209823306997,17430.344161773057,0.0,0.2055418267503148,1.9282774277535222,2255743.600971862,633.1786670497614
167400.0,4583353.1926838355,224421.01014151276,4583376.989565304,-13.442440488449364,1465.3912639257228,-13.114761800490431,-6.698162863586125,-0.3283819418424273,-6.698197732405261,17430.344161773057,0.0,0.2055418267503148,1.9282774277535222,2255743.600971862,633.1786670497614
167500.0,4583351.814948993,224567.5476256398,4583375.644598154,-14.112256175608652,1465.3584150565778,-13.784580976921562,-6.698150910541257,-0.32859544326793244,-6.698185827159328,17430.344161773057,0.0,0.2055418267503148,1.9282774277535222,2255743.600971862,633.1786670497614
167600.0,4583350.370232641,224714.0818238124,4583374.2326491475,-14.782070676745809,1465.3255448366267,-14.454398972110553,-6.698139143142178,-0.32880895796503007,-6.698174107561086,17430.344161773057,0.0,0.2055418267503148,1.9282774277535222,2255743.600971862,633.1786670497614
167700.0,4583348.858534897,224860.6127338954,4583372.753718399,-15.451884010425012,1465.2926532645417,-15.124215804621768,-6.698127561380809,-0.32902248595190875,-6.698162573602457,17430.344161773057,0.0,0.2055418267503148,1.9282774277535222,2255743.600971862,633.1786670497614
167800.0,4583347.279855877,225007.14035375352,4583371.207806025,-16.121696195209626,1465.2597403389927,-15.794031493018764,-6.6981161652491,-0.32923602724692547,-6.698151225275392,17430.344161773057,0.0,0.2055418267503148,1.9282774277535222,2255743.600971862,633.1786670497614
167900.0,4583345.634195696,225153.66468125136,4583369.594912138,-16.79150724966222,1465.2268060586482,-16.4638460558643,-6.698104954739043,-0.32944958186860623,-6.698140062571893,17430.344161773057,0.0,0.2055418267503148,1.9282774277535222,2255743.600971862,633.1786670497614
168000.0,4583343.921554464,225300.18571425337,4583367.915036851,-17.46131719234456,1465.1938504221744,-17.133659511720328,-6.698093929842658,-0.32966314983564443,-6.69812908548398,17430.344161773057,0.0,0.2055418267503148,1.9282774277535222,2255743.600971862,633.1786670497614
168100.0,4583342.141932293,225446.70345062387,4583366.168180272,-18.131126041817613,1465.1608734282356,-17.803471879148017,-6.698083090552008,-0.3298767311669018,-6.698118294003723,17430.344161773057,0.0,0.2055418267503148,1.9282774277535222,2255743.600971862,633.1786670497614
168200.0,4583340.295329291,225593.21788822705,4583364.35434251,-18.800933816641557,1465.1278750754948,-18.47328317670773,-6.6980724368591895,-0.33009032588140724,-6.69810768812322,17430.344161773057,0.0,0.2055418267503148,1.9282774277535222,2255743.600971862,633.1786670497614
168300.0,4583338.381745565,225739.72902492696,4583362.473523672,-19.470740535375782,1465.0948553626126,-19.143093422959055,-6.698061968756324,-0.33030393399835656,-6.698097267834599,17430.344161773057,0.0,0.2055418267503148,1.9282774277535222,2255743.600971862,633.1786670497614
168400.0,4583336.401181218,225886.2368585875,4583360.525723861,-20.14054621657889,1465.061814288248,-19.812902636460784,-6.698051686235582,-0.33051755553711337,-6.698087033130035,17430.344161773057,0.0,0.2055418267503148,1.9282774277535222,2255743.600971862,633.1786670497614
168500.0,4583334.353636355,226032.7413870725,4583358.510943179,-20.810350878808705,1465.0287518510572,-20.482710835770934,-6.698041589289161,-0.3307311905172075,-6.69807698400173,17430.344161773057,0.0,0.2055418267503148,1.9282774277535222,2255743.600971862,633.1786670497614
168600.0,4583332.239111076,226179.24260824558,4583356.429181727,-21.480154540622273,1464.9956680496957,-21.152518039446743,-6.698031677909293,-0.33094483895833515,-6.698067120441918,17430.344161773057,0.0,0.2055418267503148,1.9282774277535222,2255743.600971862,633.1786670497614
168700.0,4583330.05760548,226325.74051997025,4583354.280439603,-22.149957220575857,1464.9625628828162,-21.822324266044674,-6.69802195208824,-0.33115850088035864,-6.698057442442866,17430.344161773057,0.0,0.2055418267503148,1.9282774277535222,2255743.600971862,633.1786670497614
168800.0,4583327.809119664,226472.2351201099,4583352.064716905,-22.819758937224957,1464.9294363490696,-22.49212953412042,-6.698012411818301,-0.33137217630330656,-6.698047949996877,17430.344161773057,0.0,0.2055418267503148,1.9282774277535222,2255743.600971862,633.1786670497614
168900.0,4583325.493653724,226618.72640652777,4583349.782013727,-23.4895597091243,1464.8962884471048,-23.161933862228896,-6.698003057091798,-0.33158586524737266,-6.698038643096281,17430.344161773057,0.0,0.2055418267503148,1.9282774277535222,2255743.600971862,633.1786670497614
169000.0,4583323.111207753,226765.214377087,4583347.432330163,-24.159359554827844,1464.8631191755687,-23.831737268924265,-6.697993887901099,-0.331799567732917,-6.698029521733448,17430.344161773057,0.0,0.2055418267503148,1.9282774277535222,2255743.600971862,633.1786670497614
169100.0,4583320.661781844,226911.6990296505,4583345.015666303,-24.82915849288879,1464.829928533106,-24.501539772759923,-6.697984904238598,-0.3320132837804647,-6.698020585900777,17430.344161773057,0.0,0.2055418267503148,1.9282774277535222,2255743.600971862,633.1786670497614
169200.0,4583318.145376084,227058.18036208118,4583342.532022238,-25.49895654185958,1464.7967165183597,-25.171341392288507,-6.697976106096712,-0.33222701341070554,-6.698011835590691,17430.344161773057,0.0,0.2055418267503148,1.9282774277535222,2255743.600971862,633.1786670497614
169300.0,4583315.561990564,227204.6583722417,4583339.9813980535,-26.1687537202919,1464.7634831299704,-25.841142146061898,-6.697967493467902,-0.33244075664449513,-6.698003270795657,17430.344161773057,0.0,0.2055418267503148,1.9282774277535222,2255743.600971862,633.1786670497614
169400.0,4583312.9116253685,227351.13305799468,4583337.363793837,-26.838550046736678,1464.7302283665767,-26.510942052631226,-6.697959066344658,-0.33265451350285313,-6.697994891508164,17430.344161773057,0.0,0.2055418267503148,1.9282774277535222,2255743.600971862,633.1786670497614
169500.0,4583310.1942805825,227497.6044172025,4583334.679209671,-27.5083455397441,1464.696952226815,-27.180741130546867,-6.697950824719476,-0.33286828400696344,-6.697986697720718,17430.344161773057,0.0,0.2055418267503148,1.9282774277535222,2255743.600971862,633.1786670497614
169600.0,4583307.409956288,227644.07244772746,4583331.927645638,-28.178140217863593,1464.6636547093196,-27.850539398358457,-6.697942768584926,-0.3330820681781761,-6.697978689425891,17430.344161773057,0.0,0.2055418267503148,1.9282774277535222,2255743.600971862,633.1786670497614
169700.0,4583304.558652565,227790.53714743172,4583329.109101818,-28.847934099643854,1464.630335812723,-28.520336874614884,-6.697934897933564,-0.33329586603800354,-6.697970866616248,17430.344161773057,0.0,0.2055418267503148,1.9282774277535222,2255743.600971862,633.1786670497614
169800.0,4583301.6403694935,227936.9985141773,4583326.223578289,-29.51772720363283,1464.596995535655,-29.190133577864298,-6.697927212757999,-0.3335096776081235,-6.6979632292843965,17430.344161773057,0.0,0.2055418267503148,1.9282774277535222,2255743.600971862,633.1786670497614
169900.0,4583298.65510715,228083.4565458261,4583323.271075128,-30.187519548377733,1464.5636338767436,-29.85992952665411,-6.697919713050869,-0.33372350291037756,-6.697955777422981,17430.344161773057,0.0,0.2055418267503148,1.9282774277535222,2255743.600971862,633.1786670497614
170000.0,4583295.602865608,228229.91124023986,4583320.251592408,-30.857311152425037,1464.5302508346144,-30.529724739530998,-6.697912398804822,-0.3339373419667709,-6.697948511024659,17430.344161773057,0.0,0.2055418267503148,1.9282774277535222,2255743.600971862,633.1786670497614
170100.0,4583292.483644943,228376.3625952802,4583317.165130204,-31.52710203432049,1464.496846407891,-31.199519235040903,-6.69790527001256,-0.33415119479947325,-6.697941430082135,17430.344161773057,0.0,0.2055418267503148,1.9282774277535222,2255743.600971862,633.1786670497614
170200.0,4583289.297445225,228522.81060880856,4583314.011688584,-32.1968922126091,1464.4634205951947,-31.869313031729043,-6.69789832666679,-0.3343650614308171,-6.69793453458812,17430.344161773057,0.0,0.2055418267503148,1.9282774277535222,2255743.600971862,633.1786670497614
170300.0,4583286.044266523,228669.25527868632,4583310.7912676195,-32.866681705835155,1464.4299733951443,-32.5391061481399,-6.697891568760257,-0.3345789418832994,-6.697927824535365,17430.344161773057,0.0,0.2055418267503148,1.9282774277535222,2255743.600971862,633.1786670497614
170400.0,4583282.7241089055,228815.69660277464,4583307.503867377,-33.53647053254222,1464.3965048063567,-33.20889860281725,-6.697884996285728,-0.3347928361795798,-6.697921299916641,17430.344161773057,0.0,0.2055418267503148,1.9282774277535222,2255743.600971862,633.1786670497614
170500.0,4583279.336972438,228962.13457893458,4583304.14948792,-34.20625871127313,1464.3630148274462,-33.878690414304124,-6.697878609236004,-0.3350067443424826,-6.697914960724755,17430.344161773057,0.0,0.2055418267503148,1.9282774277535222,2255743.600971862,633.1786670497614
170600.0,4583275.882857184,229108.56920502707,4583300.728129314,-34.87604626057001,1464.329503457025,-34.54848160114285,-6.697872407603905,-0.3352206663949947,-6.697908806952533,17430.344161773057,0.0,0.2055418267503148,1.9282774277535222,2255743.600971862,633.1786670497614
170700.0,4583272.361763206,229255.0004789129,4583297.2397916205,-35.54583319897426,1464.2959706937033,-35.218272181875044,-6.6978663913822745,-0.3354346023602662,-6.697902838592822,17430.344161773057,0.0,0.2055418267503148,1.9282774277535222,2255743.600971862,633.1786670497614
170800.0,4583268.773690565,229401.42839845267,4583293.684474898,-36.21561954502657,1464.2624165360885,-35.8880621750416,-6.697860560563992,-0.3356485522616113,-6.6978970556385065,17430.344161773057,0.0,0.2055418267503148,1.9282774277535222,2255743.600971862,633.1786670497614
170900.0,4583265.118639316,229547.85296150693,4583290.062179204,-36.88540531726693,1464.2288409827856,-36.55785159918269,-6.697854915141951,-0.3358625161225068,-6.697891458082489,17430.344161773057,0.0,0.2055418267503148,1.9282774277535222,2255743.600971862,633.1786670497614
171000.0,4583261.39660952,229694.274165936,4583286.372904596,-37.5551905342346,1464.1952440323978,-37.227640472837805,-6.697849455109073,-0.336076493966593,-6.697886045917693,17430.344161773057,0.0,0.2055418267503148,1.9282774277535222,2255743.600971862,633.1786670497614
171100.0,4583257.607601228,229840.6920096001,4583282.616651127,-38.224975214468145,1464.1616256835255,-37.897428814545705,-6.697844180458309,-0.3362904858176738,-6.697880819137073,17430.344161773057,0.0,0.2055418267503148,1.9282774277535222,2255743.600971862,633.1786670497614
171200.0,4583253.751614494,229987.10649035935,4583278.79341885,-38.89475937650543,1464.1279859347667,-38.56721664284446,-6.697839091182624,-0.33650449169971564,-6.697875777733604,17430.344161773057,0.0,0.2055418267503148,1.9282774277535222,2255743.600971862,633.1786670497614
171300.0,4583249.828649369,230133.51760607367,4583274.903207815,-39.564543038883606,1464.0943247847172,-39.23700397627143,-6.697834187275013,-0.33671851163684885,-6.697870921700288,17430.344161773057,0.0,0.2055418267503148,1.9282774277535222,2255743.600971862,633.1786670497614
171400.0,4583245.838705902,230279.92535460286,4583270.946018071,-40.23432622013914,1464.0606422319702,-39.90679083336329,-6.6978294687284965,-0.3369325456533669,-6.697866251030143,17430.344161773057,0.0,0.2055418267503148,1.9282774277535222,2255743.600971862,633.1786670497614
171500.0,4583241.7817841405,230426.3297338066,4583266.921849664,-40.90410893880778,1464.0269382751164,-40.576577232656,-6.69782493553611,-0.337146593773726,-6.697861765716215,17430.344161773057,0.0,0.2055418267503148,1.9282774277535222,2255743.600971862,633.1786670497614
171600.0,4583237.657884129,230572.7307415444,4583262.830702639,-41.5738912134246,1463.9932129127444,-41.24636319268484,-6.697820587690914,-0.33736065602254645,-6.697857465751571,17430.344161773057,0.0,0.2055418267503148,1.9282774277535222,2255743.600971862,633.1786670497614
171700.0,4583233.467005912,230719.1283756756,4583258.672577039,-42.243673062523975,1463.95946614344,-41.91614873198439,-6.697816425185995,-0.3375747324246114,-6.6978533511293,17430.344161773057,0.0,0.2055418267503148,1.9282774277535222,2255743.600971862,633.1786670497614
171800.0,4583229.20914953,230865.52263405945,4583254.447472906,-42.91345450463958,1463.9256979657869,-42.58593386908855,-6.697812448014459,-0.33778882300486773,-6.697849421842516,17430.344161773057,0.0,0.2055418267503148,1.9282774277535222,2255743.600971862,633.1786670497614
171900.0,4583224.884315024,231011.91351455508,4583250.155390278,-43.583235558304416,1463.8919083783658,-43.255718622530516,-6.697808656169428,-0.33800292778842517,-6.697845677884347,17430.344161773057,0.0,0.2055418267503148,1.9282774277535222,2255743.600971862,633.1786670497614
172000.0,4583220.492502431,231158.30101502142,4583245.796329194,-44.25301624205079,1463.858097379755,-43.92550301084281,-6.69780504964405,-0.3382170468005578,-6.697842119247944,17430.344161773057,0.0,0.2055418267503148,1.9282774277535222,2255743.600971862,633.1786670497614
172100.0,4583216.033711787,231304.68513331728,4583241.370289688,-44.92279657441032,1463.8242649685305,-44.59528705255727,-6.697801628431496,-0.33843118006670286,-6.697838745926487,17430.344161773057,0.0,0.2055418267503148,1.9282774277535222,2255743.600971862,633.1786670497614
172200.0,4583211.507943127,231451.06586730134,4583236.877271795,-45.59257657391395,1463.7904111432656,-45.26507076620504,-6.697798392524949,-0.3386453276124612,-6.6978355579131605,17430.344161773057,0.0,0.2055418267503148,1.9282774277535222,2255743.600971862,633.1786670497614
172300.0,4583206.915196483,231597.4432148321,4583232.317275546,-46.26235625909195,1463.7565359025311,-45.93485417031661,-6.697795341917618,-0.33885948946359773,-6.697832555201185,17430.344161773057,0.0,0.2055418267503148,1.9282774277535222,2255743.600971862,633.1786670497614
172400.0,4583202.255471885,231743.81717376795,4583227.69030097,-46.932135648473896,1463.7226392448952,-46.604637283421766,-6.697792476602735,-0.33907366564604147,-6.69782973778379,17430.344161773057,0.0,0.2055418267503148,1.9282774277535222,2255743.600971862,633.1786670497614
172500.0,4583197.528769363,231890.18774196712,4583222.996348098,-47.60191476058869,1463.6887211689234,-47.27442012404963,-6.6977897965735345,-0.3392878561858844,-6.697827105654225,17430.344161773057,0.0,0.2055418267503148,1.9282774277535222,2255743.600971862,633.1786670497614
172600.0,4583192.735088942,232036.55491728772,4583218.235416954,-48.27169361396457,1463.6547816731786,-47.944202710728646,-6.697787301823285,-0.33950206110938375,-6.697824658805761,17430.344161773057,0.0,0.2055418267503148,1.9282774277535222,2255743.600971862,633.1786670497614
172700.0,4583187.874430648,232182.9186975877,4583213.407507564,-48.94147222712909,1463.6208207562213,-48.6139850619866,-6.697784992345272,-0.3397162804429607,-6.697822397231686,17430.344161773057,0.0,0.2055418267503148,1.9282774277535222,2255743.600971862,633.1786670497614
172800.0,4583182.946794504,232329.27908072487,4583208.512619949,-49.61125061860914,1463.586838416609,-49.283767196350574,-6.697782868132791,-0.33993051421320053,-6.697820320925304,17430.344161773057,0.0,0.2055418267503148,1.9282774277535222,2255743.600971862,633.1786670497614
172900.0,4583177.952180532,232475.6360645569,4583203.550754131,-50.28102880693094,1463.5528346528965,-49.95354913234702,-6.69778092917916,-0.34014476244685354,-6.697818429879941,17430.344161773057,0.0,0.2055418267503148,1.9282774277535222,2255743.600971862,633.1786670497614
173000.0,4583172.890588749,232621.98964694128,4583198.521910128,-50.950806810620044,1463.5188094636364,-50.623330888501705,-6.697779175477716,-0.3403590251708345,-6.697816724088939,17430.344161773057,0.0,0.2055418267503148,1.9282774277535222,2255743.600971862,633.1786670497614
173100.0,4583167.762019175,232768.3398257354,4583193.426087959,-51.62058464820134,1463.4847628473783,-51.29311248333973,-6.6977776070218,-0.3405733024122227,-6.697815203545644,17430.344161773057,0.0,0.2055418267503148,1.9282774277535222,2255743.600971862,633.1786670497614
173200.0,4583162.566471824,232914.68659879648,4583188.263287636,-52.29036233819904,1463.4506948026692,-51.96289393538554,-6.697776223804793,-0.3407875941982637,-6.697813868243443,17430.344161773057,0.0,0.2055418267503148,1.9282774277535222,2255743.600971862,633.1786670497614
173300.0,4583157.303946711,233061.02996398162,4583183.033509175,-52.960139899136706,1463.416605328053,-52.6326752631629,-6.697775025820066,-0.3410019005563668,-6.697812718175717,17430.344161773057,0.0,0.2055418267503148,1.9282774277535222,2255743.600971862,633.1786670497614
173400.0,4583151.974443848,233207.36991914772,4583177.736752587,-53.629917349537244,1463.3824944220712,-53.302456485194945,-6.697774013061028,-0.34121622151410785,-6.697811753335873,17430.344161773057,0.0,0.2055418267503148,1.9282774277535222,2255743.600971862,633.1786670497614
173500.0,4583146.577963245,233353.7064621516,4583172.373017881,-54.29969470792288,1463.3483620832626,-53.97223762000412,-6.697773185521083,-0.34143055709922787,-6.697810973717328,17430.344161773057,0.0,0.2055418267503148,1.9282774277535222,2255743.600971862,633.1786670497614
173600.0,4583141.114504909,233500.0395908499,4583166.942305066,-54.96947199281521,1463.314208310163,-54.64201868611224,-6.697772543193665,-0.34164490733963415,-6.697810379313523,17430.344161773057,0.0,0.2055418267503148,1.9282774277535222,2255743.600971862,633.1786670497614
173700.0,4583135.584068848,233646.3693030991,4583161.444614146,-55.639249222735145,1463.2800331013052,-55.31179970204043,-6.697772086072212,-0.34185927226339957,-6.6978099701178975,17430.344161773057,0.0,0.2055418267503148,1.9282774277535222,2255743.600971862,633.1786670497614
173800.0,4583129.986655066,233792.6955967556,4583155.879945126,-56.30902641620296,1463.24583645522,-55.9815806863092,-6.697771814150184,-0.3420736518987639,-6.697809746123922,17430.344161773057,0.0,0.2055418267503148,1.9282774277535222,2255743.600971862,633.1786670497614
173900.0,4583124.322263565,233939.01846967553,4583150.248298009,-56.97880359173828,1463.2116183704343,-56.651361657438386,-6.697771727421048,-0.3422880462741329,-6.697809707325066,17430.344161773057,0.0,0.2055418267503148,1.9282774277535222,2255743.600971862,633.1786670497614
174000.0,4583118.590894347,234085.337919715,4583144.5496727945,-57.648580767860054,1463.177378845473,-57.32114263394717,-6.697771825878287,-0.3425024554180799,-6.697809853714822,17430.344161773057,0.0,0.2055418267503148,1.9282774277535222,2255743.600971862,633.1786670497614
174100.0,4583112.79254741,234231.65394472991,4583138.784069481,-58.3183579630866,1463.1431178788575,-57.99092363435409,-6.697772109515402,-0.34271687935934525,-6.697810185286698,17430.344161773057,0.0,0.2055418267503148,1.9282774277535222,2255743.600971862,633.1786670497614
174200.0,4583106.927222753,234377.966542576,4583132.951488066,-58.98813519593558,1463.108835469107,-58.66070467717703,-6.69777257832589,-0.3429313181268354,-6.697810702034193,17430.344161773057,0.0,0.2055418267503148,1.9282774277535222,2255743.600971862,633.1786670497614
174300.0,4583100.994920369,234524.2757111089,4583127.051928544,-59.657912484924005,1463.074531614737,-59.33048578093323,-6.697773232303285,-0.34314577174962685,-6.697811403950853,17430.344161773057,0.0,0.2055418267503148,1.9282774277535222,2255743.600971862,633.1786670497614
174400.0,4583094.995640254,234670.58144818406,4583121.085390908,-60.32768984856825,1463.0402063142608,-60.000266964139286,-6.697774071441107,-0.3433602402569616,-6.6978122910302,17430.344161773057,0.0,0.2055418267503148,1.9282774277535222,2255743.600971862,633.1786670497614
174500.0,4583088.929382397,234816.88375165683,4583115.051875148,-60.99746730538403,1463.0058595661885,-60.67004824531114,-6.697775095732909,-0.34357472367825215,-6.697813363265795,17430.344161773057,0.0,0.2055418267503148,1.9282774277535222,2255743.600971862,633.1786670497614
174600.0,4583082.796146789,234963.18261938234,4583108.951381255,-61.66724487388642,1462.971491369027,-61.339829642964105,-6.6977763051722325,-0.3437892220430777,-6.69781462065119,17430.344161773057,0.0,0.2055418267503148,1.9282774277535222,2255743.600971862,633.1786670497614
174700.0,4583076.595933418,235109.4780492156,4583102.783909216,-62.337022572589845,1462.9371017212807,-62.009611175612825,-6.697777699752648,-0.3440037353811873,-6.6978160631799595,17430.344161773057,0.0,0.2055418267503148,1.9282774277535222,2255743.600971862,633.1786670497614
174800.0,4583070.328742269,235255.77003901152,4583096.549459015,-63.006800420008105,1462.9026906214506,-62.679392861771326,-6.697779279467737,-0.34421826372249975,-6.697817690845689,17430.344161773057,0.0,0.2055418267503148,1.9282774277535222,2255743.600971862,633.1786670497614
174900.0,4583063.994573328,235402.05858662477,4583090.248030637,-63.67657843465434,1462.868258068035,-63.349174719952984,-6.697781044311067,-0.344432807097102,-6.697819503641956,17430.344161773057,0.0,0.2055418267503148,1.9282774277535222,2255743.600971862,633.1786670497614
175000.0,4583057.593426576,235548.34368990996,4583083.879624065,-64.34635663504105,1462.833804059529,-64.01895676867052,-6.69778299427624,-0.3446473655352522,-6.697821501562369,17430.344161773057,0.0,0.2055418267503148,1.9282774277535222,2255743.600971862,633.1786670497614
175100.0,4583051.125301994,235694.62534672147,4583077.444239277,-65.0161350396801,1462.7993285944249,-64.68873902643604,-6.697785129356858,-0.3448619390673783,-6.6978236846005315,17430.344161773057,0.0,0.2055418267503148,1.9282774277535222,2255743.600971862,633.1786670497614
175200.0,4583044.590199561,235840.9035549136,4583070.941876252,-65.68591366708272,1462.7648316712114,-65.358521511761,-6.697787449546532,-0.3450765277240793,-6.69782605275007,17430.344161773057,0.0,0.2055418267503148,1.9282774277535222,2255743.600971862,633.1786670497614
175300.0,4583037.988119253,235987.1783123404,4583064.372534967,-66.35569253575949,1462.7303132883749,-66.02830424315621,-6.69778995483887,-0.3452911315361242,-6.697828606004597,17430.344161773057,0.0,0.2055418267503148,1.9282774277535222,2255743.600971862,633.1786670497614
175400.0,4583031.319061046,236133.44961685588,4583057.736215395,-67.02547166422036,1462.6957734443981,-66.69808723913187,-6.6977926452275085,-0.3455057505344548,-6.69783134435775,17430.344161773057,0.0,0.2055418267503148,1.9282774277535222,2255743.600971862,633.1786670497614
175500.0,4583024.583024912,236279.71746631386,4583051.03291751,-67.69525107097465,1462.661212137761,-67.3678705181975,-6.697795520706072,-0.34572038475018385,-6.697834267803168,17430.344161773057,0.0,0.2055418267503148,1.9282774277535222,2255743.600971862,633.1786670497614
175600.0,4583017.780010822,236425.98185856797,4583044.262641282,-68.36503077453102,1462.6266293669398,-68.03765409886203,-6.6977985812682,-0.34593503421459676,-6.697837376334493,17430.344161773057,0.0,0.2055418267503148,1.9282774277535222,2255743.600971862,633.1786670497614
175700.0,4583010.910018747,236572.24279147174,4583037.425386679,-69.03481079339753,1462.5920251304085,-68.70743799963373,-6.697801826907549,-0.34614969895915193,-6.697840669945389,17430.344161773057,0.0,0.2055418267503148,1.9282774277535222,2255743.600971862,633.1786670497614
175800.0,4583003.9730486525,236718.5002628785,4583030.521153671,-69.70459114608155,1462.5573994266374,-69.37722223902021,-6.697805257617754,-0.3463643790154797,-6.6978441486295015,17430.344161773057,0.0,0.2055418267503148,1.9282774277535222,2255743.600971862,633.1786670497614
175900.0,4582996.969100506,236864.75427064142,4583023.54994222,-70.37437185108989,1462.5227522540938,-70.04700683552852,-6.697808873392481,-0.34657907441538516,-6.697847812380501,17430.344161773057,0.0,0.2055418267503148,1.9282774277535222,2255743.600971862,633.1786670497614
176000.0,4582989.89817427,237011.00481261362,4583016.511752291,-71.04415292692866,1462.4880836112418,-70.716791807665,-6.6978126742253945,-0.34679378519084725,-6.697851661192057,17430.344161773057,0.0,0.2055418267503148,1.9282774277535222,2255743.600971862,633.1786670497614
176100.0,4582982.760269907,237157.25188664795,4583009.406583845,-71.71393439210337,1462.453393496542,-71.38657717393541,-6.6978166601101545,-0.3470085113740188,-6.697855695057841,17430.344161773057,0.0,0.2055418267503148,1.9282774277535222,2255743.600971862,633.1786670497614
176200.0,4582975.555387378,237303.49549059715,4583002.234436842,-72.38371626511888,1462.4186819084523,-72.05636295284484,-6.697820831040435,-0.34722325299722784,-6.697859913971532,17430.344161773057,0.0,0.2055418267503148,1.9282774277535222,2255743.600971862,633.1786670497614
176300.0,4582968.283526639,237449.7356223138,4582994.99531124,-73.05349856447943,1462.3839488454269,-72.72614916289777,-6.697825187009903,-0.34743801009297753,-6.697864317926806,17430.344161773057,0.0,0.2055418267503148,1.9282774277535222,2255743.600971862,633.1786670497614
176400.0,4582960.94468765,237595.97227965036,4582987.689206994,-73.72328130868861,1462.3491943059169,-73.39593582259805,-6.697829728012244,-0.3476527826939479,-6.697868906917354,17430.344161773057,0.0,0.2055418267503148,1.9282774277535222,2255743.600971862,633.1786670497614
176500.0,4582953.538870363,237742.20546045908,4582980.316124059,-74.39306451624942,1462.3144182883702,-74.06572295044887,-6.697834454041139,-0.3478675708329946,-6.697873680936865,17430.344161773057,0.0,0.2055418267503148,1.9282774277535222,2255743.600971862,633.1786670497614
176600.0,4582946.066074731,237888.43516259207,4582972.876062388,-75.06284820566418,1462.2796207912313,-74.73551056495283,-6.697839365090264,-0.3480823745431501,-6.697878639979022,17430.344161773057,0.0,0.2055418267503148,1.9282774277535222,2255743.600971862,633.1786670497614
176700.0,4582938.526300705,238034.6613839013,4582965.36902193,-75.7326323954346,1462.2448018129414,-75.40529868461188,-6.697844461153313,-0.34829719385762503,-6.697883784037527,17430.344161773057,0.0,0.2055418267503148,1.9282774277535222,2255743.600971862,633.1786670497614
176800.0,4582930.919548235,238180.88412223855,4582957.795002634,-76.40241710406177,1462.2099613519385,-76.07508732792733,-6.697849742223964,-0.34851202880980714,-6.697889113106063,17430.344161773057,0.0,0.2055418267503148,1.9282774277535222,2255743.600971862,633.1786670497614
176900.0,4582923.245817266,238327.1033754555,4582950.154004446,-77.07220235004611,1462.1750994066572,-76.74487651339989,-6.6978552082959135,-0.34872687943326375,-6.697894627178341,17430.344161773057,0.0,0.2055418267503148,1.9282774277535222,2255743.600971862,633.1786670497614
177000.0,4582915.505107746,238473.31914140368,4582942.446027312,-77.74198815188745,1462.1402159755285,-77.41466625952958,-6.697860859362846,-0.3489417457617401,-6.697900326248044,17430.344161773057,0.0,0.2055418267503148,1.9282774277535222,2255743.600971862,633.1786670497614
177100.0,4582907.697419617,238619.53141793437,4582934.6710711755,-78.41177452808498,1462.1053110569803,-78.08445658481587,-6.697866695418443,-0.34915662782916157,-6.69790621030887,17430.344161773057,0.0,0.2055418267503148,1.9282774277535222,2255743.600971862,633.1786670497614
177200.0,4582899.822752821,238765.74020289877,4582926.829135976,-79.08156149713723,1462.070384649437,-78.75424750775753,-6.697872716456409,-0.3493715256696346,-6.697912279354524,17430.344161773057,0.0,0.2055418267503148,1.9282774277535222,2255743.600971862,633.1786670497614
177300.0,4582891.881107298,238911.9454941479,4582918.920221653,-79.75134907754213,1462.0354367513196,-79.42403904685273,-6.697878922470426,-0.34958643931744515,-6.697918533378697,17430.344161773057,0.0,0.2055418267503148,1.9282774277535222,2255743.600971862,633.1786670497614
177400.0,4582883.872482984,239058.14728953262,4582910.944328145,-80.42113728779697,1462.0004673610456,-80.093831220599,-6.697885313454174,-0.3498013688070611,-6.697924972375082,17430.344161773057,0.0,0.2055418267503148,1.9282774277535222,2255743.600971862,633.1786670497614
177500.0,4582875.796879818,239204.34558690363,4582902.9014553875,-81.0909261463984,1461.9654764770291,-80.76362404749327,-6.697891889401343,-0.35001631417313234,-6.697931596337374,17430.344161773057,0.0,0.2055418267503148,1.9282774277535222,2255743.600971862,633.1786670497614
177600.0,4582867.654297733,239350.5403841115,4582894.791603314,-81.76071567184246,1461.9304640976807,-81.43341754603179,-6.6978986503056195,-0.3502312754504913,-6.697938405259261,17430.344161773057,0.0,0.2055418267503148,1.9282774277535222,2255743.600971862,633.1786670497614
177700.0,4582859.44473666,239496.7316790066,4582886.614771856,-82.43050588262454,1461.8954302214074,-82.10321173471023,-6.697905596160684,-0.3504462526741542,-6.69794539913444,17430.344161773057,0.0,0.2055418267503148,1.9282774277535222,2255743.600971862,633.1786670497614
177800.0,4582851.168196532,239642.91946943916,4582878.370960943,-83.10029679723941,1461.860374846613,-82.77300663202358,-6.697912726960215,-0.3506612458793207,-6.6979525779565945,17430.344161773057,0.0,0.2055418267503148,1.9282774277535222,2255743.600971862,633.1786670497614
177900.0,4582842.824677276,239789.10375325926,4582870.060170505,-83.77008843418119,1461.8252979716976,-83.44280225646624,-6.697920042697887,-0.3508762551013746,-6.697959941719404,17430.344161773057,0.0,0.2055418267503148,1.9282774277535222,2255743.600971862,633.1786670497614
178000.0,4582834.41417882,239935.28452831678,4582861.682400467,-84.43988081194338,1461.7901995950576,-84.11259862653195,-6.6979275433673715,-0.3510912803758857,-6.697967490416551,17430.344161773057,0.0,0.2055418267503148,1.9282774277535222,2255743.600971862,633.1786670497614
178100.0,4582825.936701089,240081.4617924615,4582853.237650754,-85.10967394901886,1461.7550797150861,-84.78239576071383,-6.697935228962338,-0.35130632173860926,-6.697975224041713,17430.344161773057,0.0,0.2055418267503148,1.9282774277535222,2255743.600971862,633.1786670497614
178200.0,4582817.392244005,240227.63554354297,4582844.725921289,-85.77946786389982,1461.7199383301725,-85.45219367750435,-6.697943099476445,-0.3515213792254873,-6.6979831425885585,17430.344161773057,0.0,0.2055418267503148,1.9282774277535222,2255743.600971862,633.1786670497614
178300.0,4582808.7808074895,240373.80577941064,4582836.147211992,-86.4492625750779,1461.6847754387024,-86.12199239539538,-6.697951154903352,-0.35173645287264854,-6.69799124605075,17430.344161773057,0.0,0.2055418267503148,1.9282774277535222,2255743.600971862,633.1786670497614
178400.0,4582800.102391463,240519.97249791378,4582827.501522782,-87.11905810104403,1461.6495910390581,-86.79179193287814,-6.697959395236715,-0.351951542716411,-6.697999534421954,17430.344161773057,0.0,0.2055418267503148,1.9282774277535222,2255743.600971862,633.1786670497614
178500.0,4582791.3569958415,240666.13569690147,4582818.788853577,-87.78885446028858,1461.614385129618,-87.4615923084432,-6.697967820470171,-0.3521666487932795,-6.698008007695818,17430.344161773057,0.0,0.2055418267503148,1.9282774277535222,2255743.600971862,633.1786670497614
178600.0,4582782.544620542,240812.29537422265,4582810.009204292,-88.4586516713012,1461.579157708757,-88.13139354058052,-6.697976430597368,-0.3523817711399501,-6.698016665865994,17430.344161773057,0.0,0.2055418267503148,1.9282774277535222,2255743.600971862,633.1786670497614
178700.0,4582773.665265478,240958.4515277261,4582801.16257484,-89.12844975257096,1461.5439087748464,-88.8011956477794,-6.697985225611928,-0.3525969097933076,-6.698025508926117,17430.344161773057,0.0,0.2055418267503148,1.9282774277535222,2255743.600971862,633.1786670497614
178800.0,4582764.718930562,241104.60415526046,4582792.248965132,-89.79824872258628,1461.5086383262535,-89.47099864852852,-6.697994205507487,-0.35281206479042876,-6.698034536869826,17430.344161773057,0.0,0.2055418267503148,1.9282774277535222,2255743.600971862,633.1786670497614
178900.0,4582755.705615704,241250.75325467414,4582783.268375079,-90.46804859983494,1461.4733463613422,-90.14080256131594,-6.698003370277652,-0.35302723616858106,-6.698043749690741,17430.344161773057,0.0,0.2055418267503148,1.9282774277535222,2255743.600971862,633.1786670497614
179000.0,4582746.625320812,241396.89882381546,4582774.220804589,-91.1378494028041,1461.4380328784725,-90.81060740462904,-6.69801271991604,-0.3532424239652254,-6.698053147382486,17430.344161773057,0.0,0.2055418267503148,1.9282774277535222,2255743.600971862,633.1786670497614
179100.0,4582737.478045792,241543.04086053252,4582765.106253567,-91.80765114998022,1461.4026978760007,-91.48041319695459,-6.69802225441624,-0.353457628218015,-6.698062729938656,17430.344161773057,0.0,0.2055418267503148,1.9282774277535222,2255743.600971862,633.1786670497614
179200.0,4582728.26379055,241689.17936267328,4582755.924721918,-92.47745385984919,1461.3673413522793,-92.1502199567787,-6.698031973771847,-0.3536728489647979,-6.698072497352859,17430.344161773057,0.0,0.2055418267503148,1.9282774277535222,2255743.600971862,633.1786670497614
179300.0,4582718.982554987,241835.31432808554,4582746.676209544,-93.14725755089623,1461.3319633056567,-92.82002770258687,-6.69804187797644,-0.35388808624361634,-6.698082449618681,17430.344161773057,0.0,0.2055418267503148,1.9282774277535222,2255743.600971862,633.1786670497614
179400.0,4582709.634339006,241981.44575461693,4582737.360716345,-93.8170622416059,1461.2965637344782,-93.48983645286394,-6.698051967023586,-0.3541033400927085,-6.698092586729697,17430.344161773057,0.0,0.2055418267503148,1.9282774277535222,2255743.600971862,633.1786670497614
179500.0,4582700.219142505,242127.5736401149,4582727.978242219,-94.48686795046214,1461.2611426370847,-94.1596462260941,-6.698062240906848,-0.35431861055050917,-6.698102908679478,17430.344161773057,0.0,0.2055418267503148,1.9282774277535222,2255743.600971862,633.1786670497614
179600.0,4582690.736965382,242273.69798242673,4582718.528787065,-95.15667469594825,1461.2257000118134,-94.8294570407609,-6.698072699619765,-0.35453389765564985,-6.698113415461569,17430.344161773057,0.0,0.2055418267503148,1.9282774277535222,2255743.600971862,633.1786670497614
179700.0,4582681.187807531,242419.8187793996,4582709.012350776,-95.82648249654687,1461.1902358569976,-95.49926891534727,-6.698083343155877,-0.35474920144696126,-6.698124107069523,17430.344161773057,0.0,0.2055418267503148,1.9282774277535222,2255743.600971862,633.1786670497614
179800.0,4582671.5716688465,242565.93602888042,4582699.428933246,-96.49629137074,1461.1547501709665,-96.16908186833545,-6.698094171508703,-0.3549645219634723,-6.698134983496867,17430.344161773057,0.0,0.2055418267503148,1.9282774277535222,2255743.600971862,633.1786670497614
179900.0,4582661.888549221,242712.04972871603,4582689.778534366,-97.16610133700897,1461.119242952046,-96.83889591820707,-6.6981051846717525,-0.3551798592444123,-6.69814604473712,17430.344161773057,0.0,0.2055418267503148,1.9282774277535222,2255743.600971862,633.1786670497614
180000.0,4582652.138448543,242858.15987675302,4582680.061154025,-97.83591241383448,1461.0837141985576,-97.50871108344309,-6.698116382638524,-0.3553952133292111,-6.698157290783786,17430.344161773057,0.0,0.2055418267503148,1.9282774277535222,2255743.600971862,633.1786670497614
180100.0,4582642.3213667,243004.26647083787,4582670.276792111,-98.50572461969658,1461.0481639088189,-98.17852738252382,-6.698127765402492,-0.35561058425750036,-6.698168721630352,17430.344161773057,0.0,0.2055418267503148,1.9282774277535222,2255743.600971862,633.1786670497614
180200.0,4582632.43730358,243150.36950881686,4582660.42544851,-99.17553797307467,1461.0125920811433,-98.84834483392893,-6.698139332957131,-0.3558259720691146,-6.698180337270299,17430.344161773057,0.0,0.2055418267503148,1.9282774277535222,2255743.600971862,633.1786670497614
180300.0,4582622.4862590665,243296.4689885361,4582650.507123105,-99.84535249244747,1460.9769987138409,-99.51816345613744,-6.698151085295881,-0.35604137680409137,-6.698192137697079,17430.344161773057,0.0,0.2055418267503148,1.9282774277535222,2255743.600971862,633.1786670497614
180400.0,4582612.468233042,243442.56490784156,4582640.521815779,-100.51516819629309,1460.9413838052171,-100.1879832676277,-6.698163022412188,-0.3562567985026736,-6.698204122904145,17430.344161773057,0.0,0.2055418267503148,1.9282774277535222,2255743.600971862,633.1786670497614
180500.0,4582602.383225388,243588.65726457903,4582630.469526411,-101.18498510308895,1460.9057473535736,-100.8578042868774,-6.698175144299465,-0.35647223720530874,-6.698216292884917,17430.344161773057,0.0,0.2055418267503148,1.9282774277535222,2255743.600971862,633.1786670497614
180600.0,4582592.231235981,243734.74605659413,4582620.35025488,-101.8548032313118,1460.870089357208,-101.52762653236358,-6.698187450951117,-0.3566876929526518,-6.698228647632815,17430.344161773057,0.0,0.2055418267503148,1.9282774277535222,2255743.600971862,633.1786670497614
180700.0,4582582.0122647,243880.83128173227,4582610.1640010625,-102.52462259943776,1460.8344098144134,-102.19745002256265,-6.6981999423605325,-0.3569031657855642,-6.698241187141227,17430.344161773057,0.0,0.2055418267503148,1.9282774277535222,2255743.600971862,633.1786670497614
180800.0,4582571.726311419,244026.91293783873,4582599.910764833,-103.19444322594228,1460.7987087234799,-102.86727477595029,-6.698212618521078,-0.3571186557451163,-6.698253911403538,17430.344161773057,0.0,0.2055418267503148,1.9282774277535222,2255743.600971862,633.1786670497614
180900.0,4582561.373376012,244172.99102275862,4582589.590546064,-103.86426512930012,1460.7629860826921,-103.5371008110016,-6.6982254794260925,-0.3573341628725874,-6.698266820413093,17430.344161773057,0.0,0.2055418267503148,1.9282774277535222,2255743.600971862,633.1786670497614
181000.0,4582550.95345835,244319.06553433687,4582579.203344627,-104.53408832798542,1460.7272418903317,-104.20692814619093,-6.69823852506892,-0.35754968720946817,-6.698279914163245,17430.344161773057,0.0,0.2055418267503148,1.9282774277535222,2255743.600971862,633.1786670497614
181100.0,4582540.466558303,244465.13647041825,4582568.749160391,-105.2039128404716,1460.6914761446753,-104.87675679999204,-6.698251755442862,-0.35776522879745987,-6.6982931926473075,17430.344161773057,0.0,0.2055418267503148,1.9282774277535222,2255743.600971862,633.1786670497614
181200.0,4582529.912675737,244611.20382884733,4582558.227993223,-105.87373868523146,1460.655688843996,-105.54658679087797,-6.698265170541212,-0.3579807876784767,-6.69830665585858,17430.344161773057,0.0,0.2055418267503148,1.9282774277535222,2255743.600971862,633.1786670497614
181300.0,4582519.29181052,244757.2676074685,4582547.639842988,-106.54356588073709,1460.619879986562,-106.2164181373211,-6.69827877035724,-0.3581963638946463,-6.698320303790342,17430.344161773057,0.0,0.2055418267503148,1.9282774277535222,2255743.600971862,633.1786670497614
181400.0,4582508.6039625155,244903.32780412602,4582536.98470955,-107.21339444545994,1460.5840495706377,-106.88625085779316,-6.698292554884194,-0.35841195748831084,-6.698334136435852,17430.344161773057,0.0,0.2055418267503148,1.9282774277535222,2255743.600971862,633.1786670497614
181500.0,4582497.849131585,245049.38441666396,4582526.26259277,-107.88322439787075,1460.5481975944836,-107.55608497076517,-6.698306524115301,-0.35862756850202876,-6.698348153788347,17430.344161773057,0.0,0.2055418267503148,1.9282774277535222,2255743.600971862,633.1786670497614
181600.0,4582487.027317589,245195.4374429262,4582515.473492509,-108.55305575643959,1460.5123240563553,-108.2259204947075,-6.698320678043761,-0.3588431969785744,-6.698362355841036,17430.344161773057,0.0,0.2055418267503148,1.9282774277535222,2255743.600971862,633.1786670497614
181700.0,4582476.138520386,245341.48688075645,4582504.617408624,-109.22288853963586,1460.4764289545044,-108.89575744808982,-6.698335016662766,-0.3590588429609416,-6.698376742587122,17430.344161773057,0.0,0.2055418267503148,1.9282774277535222,2255743.600971862,633.1786670497614
181800.0,4582465.182739832,245487.53272799824,4582493.694340971,-109.89272276592827,1460.440512287178,-109.56559584938114,-6.698349539965465,-0.3592745064923414,-6.69839131401976,17430.344161773057,0.0,0.2055418267503148,1.9282774277535222,2255743.600971862,633.1786670497614
181900.0,4582454.159975784,245633.57498249496,4582482.704289406,-110.56255845378485,1460.4045740526194,-110.23543571704977,-6.698364247944995,-0.3594901876162063,-6.698406070132102,17430.344161773057,0.0,0.2055418267503148,1.9282774277535222,2255743.600971862,633.1786670497614
182000.0,4582443.070228092,245779.6136420898,4582471.647253779,-111.23239562167294,1460.368614249067,-110.90527706956333,-6.698379140594464,-0.3597058863761897,-6.6984210109172615,17430.344161773057,0.0,0.2055418267503148,1.9282774277535222,2255743.600971862,633.1786670497614
182100.0,4582431.91349661,245925.64870462575,4582460.523233942,-111.90223428805918,1460.3326328747548,-111.57511992538875,-6.698394217906954,-0.35992160281616775,-6.698436136368331,17430.344161773057,0.0,0.2055418267503148,1.9282774277535222,2255743.600971862,633.1786670497614
182200.0,4582420.689781184,246071.68016794565,4582449.332229743,-112.57207447140954,1460.2966299279128,-112.24496430299229,-6.698409479875525,-0.36013733698024025,-6.6984514464783835,17430.344161773057,0.0,0.2055418267503148,1.9282774277535222,2255743.600971862,633.1786670497614
182300.0,4582409.399081664,246217.70802989218,4582438.074241029,-113.24191619018926,1460.2606054067664,-112.91481022083948,-6.6984249264932165,-0.36035308891273227,-6.698466941240464,17430.344161773057,0.0,0.2055418267503148,1.9282774277535222,2255743.600971862,633.1786670497614
182400.0,4582398.041397895,246363.7322883078,4582426.749267646,-113.91175946286292,1460.2245593095365,-113.5846576973952,-6.698440557753015,-0.36056885865819355,-6.69848262064757,17430.344161773057,0.0,0.2055418267503148,1.9282774277535222,2255743.600971862,633.1786670497614
182500.0,4582386.61672972,246509.75294103482,4582415.357309437,-114.58160430789437,1460.1884916344395,-114.2545067511236,-6.698456373647904,-0.3607846462614029,-6.6984984846927,17430.344161773057,0.0,0.2055418267503148,1.9282774277535222,2255743.600971862,633.1786670497614
182600.0,4582375.12507698,246655.76998591537,4582403.898366244,-115.25145074374677,1460.1524023796874,-114.92435740048812,-6.698472374170837,-0.36100045176736717,-6.6985145333688125,17430.344161773057,0.0,0.2055418267503148,1.9282774277535222,2255743.600971862,633.1786670497614
182700.0,4582363.566439517,246801.78342079138,4582392.372437904,-115.92129878888257,1460.1162915434877,-115.5942096639515,-6.698488559314731,-0.36121627522132294,-6.698530766668834,17430.344161773057,0.0,0.2055418267503148,1.9282774277535222,2255743.600971862,633.1786670497614
182800.0,4582351.940817168,246947.79324350462,4582380.7795242565,-116.59114846176351,1460.0801591240433,-116.26406355997578,-6.698504929072473,-0.3614321166687377,-6.698547184585666,17430.344161773057,0.0,0.2055418267503148,1.9282774277535222,2255743.600971862,633.1786670497614
182900.0,4582340.24820977,247093.7994518967,4582369.119625137,-117.26099978085063,1460.0440051195526,-116.93391910702229,-6.698521483436915,-0.36164797615531113,-6.698563787112168,17430.344161773057,0.0,0.2055418267503148,1.9282774277535222,2255743.600971862,633.1786670497614
183000.0,4582328.488617157,247239.80204380897,4582357.39274038,-117.93085276460421,1460.0078295282094,-117.60377632355163,-6.698538222400895,-0.3618638537269777,-6.698580574241191,17430.344161773057,0.0,0.2055418267503148,1.9282774277535222,2255743.600971862,633.1786670497614
183100.0,4582316.662039161,247385.8010170827,4582345.598869816,-118.60070743148388,1459.9716323482028,-118.27363522802369,-6.698555145957208,-0.3620797494299059,-6.698597545965536,17430.344161773057,0.0,0.2055418267503148,1.9282774277535222,2255743.600971862,633.1786670497614
183200.0,4582304.768475614,247531.79636955893,4582333.738013278,-119.27056379994849,1459.9354135777173,-118.94349583889766,-6.698572254098614,-0.36229566331050056,-6.698614702277975,17430.344161773057,0.0,0.2055418267503148,1.9282774277535222,2255743.600971862,633.1786670497614
183300.0,4582292.807926344,247677.7880990785,4582321.810170592,-119.9404218884562,1459.8991732149332,-119.61335817463198,-6.698589546817849,-0.36251159541540484,-6.698632043171257,17430.344161773057,0.0,0.2055418267503148,1.9282774277535222,2255743.600971862,633.1786670497614
183400.0,4582280.780391178,247823.7762034821,4582309.815341585,-120.61028171546441,1459.8629112580252,-120.28322225368437,-6.698607024107607,-0.36272754579150024,-6.698649568638084,17430.344161773057,0.0,0.2055418267503148,1.9282774277535222,2255743.600971862,633.1786670497614
183500.0,4582268.685869942,247969.76068061023,4582297.753526082,-121.28014329942982,1459.8266277051641,-120.95308809451181,-6.69862468596055,-0.36294351448590884,-6.698667278671128,17430.344161773057,0.0,0.2055418267503148,1.9282774277535222,2255743.600971862,633.1786670497614
183600.0,4582256.52436246,248115.7415283032,4582285.624723907,-121.95000665880838,1459.7903225545158,-121.62295571557055,-6.698642532369313,-0.36315950154599486,-6.698685173263035,17430.344161773057,0.0,0.2055418267503148,1.9282774277535222,2255743.600971862,633.1786670497614
183700.0,4582244.295868551,248261.71874440112,4582273.42893488,-122.6198718120553,1459.7539958042412,-122.29282513531614,-6.69866056332648,-0.3633755070193651,-6.698703252406402,17430.344161773057,0.0,0.2055418267503148,1.9282774277535222,2255743.600971862,633.1786670497614
183800.0,4582232.000388037,248407.69232674397,4582261.16615882,-123.28973877762503,1459.7176474524965,-122.96269637220331,-6.698678778824618,-0.3635915309538719,-6.698721516093805,17430.344161773057,0.0,0.2055418267503148,1.9282774277535222,2255743.600971862,633.1786670497614
183900.0,4582219.637920735,248553.6622731715,4582248.836395544,-123.95960757397133,1459.6812774974335,-123.63256944468611,-6.698697178856239,-0.36380757339761255,-6.698739964317768,17430.344161773057,0.0,0.2055418267503148,1.9282774277535222,2255743.600971862,633.1786670497614
184000.0,4582207.208466461,248699.62858152328,4582236.4396448685,-124.62947821954714,1459.6448859371985,-124.30244437121783,-6.698715763413833,-0.364023634398933,-6.698758597070788,17430.344161773057,0.0,0.2055418267503148,1.9282774277535222,2255743.600971862,633.1786670497614
184100.0,4582194.712025029,248845.5912496387,4582223.975906607,-125.2993507328047,1459.6084727699335,-124.97232117025099,-6.698734532489832,-0.3642397140064267,-6.698777414345315,17430.344161773057,0.0,0.2055418267503148,1.9282774277535222,2255743.600971862,633.1786670497614
184200.0,4582182.148596251,248991.55027535697,4582211.445180571,-125.96922513219546,1459.5720379937754,-125.64219986023737,-6.698753486076651,-0.364455812268939,-6.698796416133766,17430.344161773057,0.0,0.2055418267503148,1.9282774277535222,2255743.600971862,633.1786670497614
184300.0,4582169.518179939,249137.5056565171,4582198.84746657,-126.63910143617014,1459.5355816068563,-126.31208045962796,-6.698772624166653,-0.3646719292355664,-6.698815602428521,17430.344161773057,0.0,0.2055418267503148,1.9282774277535222,2255743.600971862,633.1786670497614
184400.0,4582156.8207759,249283.45739095792,4582186.182764414,-127.30897966317865,1459.4991036073034,-126.98196298687303,-6.698791946752161,-0.36488806495565923,-6.698834973221916,17430.344161773057,0.0,0.2055418267503148,1.9282774277535222,2255743.600971862,633.1786670497614
184500.0,4582144.056383941,249429.40547651806,4582173.451073907,-127.97885983167016,1459.4626039932386,-127.65184746042205,-6.69881145382546,-0.3651042194788227,-6.698854528506241,17430.344161773057,0.0,0.2055418267503148,1.9282774277535222,2255743.600971862,633.1786670497614
184600.0,4582131.225003868,249575.349911036,4582160.652394855,-128.64874196009308,1459.4260827627793,-128.32173389872372,-6.6988311453787865,-0.365320392854918,-6.698874268273747,17430.344161773057,0.0,0.2055418267503148,1.9282774277535222,2255743.600971862,633.1786670497614
184700.0,4582118.326635484,249721.29069235,4582147.7867270615,-129.318626066895,1459.3895399140376,-128.99162232022599,-6.698851021404343,-0.3655365851340655,-6.698894192516649,17430.344161773057,0.0,0.2055418267503148,1.9282774277535222,2255743.600971862,633.1786670497614
184800.0,4582105.361278589,249867.22781829815,4582134.854070325,-129.98851217052277,1459.3529754451208,-129.66151274337597,-6.698871081894287,-0.3657527963666448,-6.698914301227113,17430.344161773057,0.0,0.2055418267503148,1.9282774277535222,2255743.600971862,633.1786670497614
184900.0,4582092.328932983,250013.1612867183,4582121.854424446,-130.65840028942242,1459.316389354131,-130.33140518662006,-6.698891326840727,-0.3659690266032967,-6.69893459439726,17430.344161773057,0.0,0.2055418267503148,1.9282774277535222,2255743.600971862,633.1786670497614
185000.0,4582079.2295984635,250159.09109544818,4582108.78778922,-131.3282904420392,1459.279781639165,-131.00129966840382,-6.698911756235732,-0.36618527589492517,-6.698955072019169,17430.344161773057,0.0,0.2055418267503148,1.9282774277535222,2255743.600971862,633.1786670497614
185100.0,4582066.063274826,250305.01724232527,4582095.654164444,-131.99818264681758,1459.2431522983152,-131.67119620717202,-6.698932370071322,-0.3664015442926987,-6.698975734084878,17430.344161773057,0.0,0.2055418267503148,1.9282774277535222,2255743.600971862,633.1786670497614
185200.0,4582052.829961865,250450.9397251869,4582082.453549909,-132.6680769222012,1459.206501329668,-132.34109482136864,-6.698953168339472,-0.36661783184805163,-6.698996580586364,17430.344161773057,0.0,0.2055418267503148,1.9282774277535222,2255743.600971862,633.1786670497614
185300.0,4582039.529659372,250596.8585418702,4582069.185945409,-133.33797328663294,1459.1698287313054,-133.01099552943688,-6.698974151032105,-0.3668341386126866,-6.6990176115155675,17430.344161773057,0.0,0.2055418267503148,1.9282774277535222,2255743.600971862,633.1786670497614
185400.0,4582026.162367137,250742.7736902121,4582055.851350733,-134.00787175855484,1459.1331345013036,-133.68089834981907,-6.698995318141109,-0.3670504646385761,-6.699038826864389,17430.344161773057,0.0,0.2055418267503148,1.9282774277535222,2255743.600971862,633.1786670497614
185500.0,4582012.728084949,250888.68516804936,4582042.449765668,-134.6777723564081,1459.096418637734,-134.3508033009568,-6.699016669658307,-0.367266809977963,-6.699060226624658,17430.344161773057,0.0,0.2055418267503148,1.9282774277535222,2255743.600971862,633.1786670497614
185600.0,4581999.226812594,251034.59297321847,4582028.981190001,-135.34767509863315,1459.0596811386624,-135.02071040129078,-6.699038205575485,-0.3674831746833642,-6.699081810788177,17430.344161773057,0.0,0.2055418267503148,1.9282774277535222,2255743.600971862,633.1786670497614
185700.0,4581985.658549856,251180.49710355583,4582015.445623515,-136.01758000366956,1459.02292200215,-135.69061966926094,-6.699059925884373,-0.3676995588075707,-6.699103579346686,17430.344161773057,0.0,0.2055418267503148,1.9282774277535222,2255743.600971862,633.1786670497614
185800.0,4581972.02329652,251326.39755689757,4582001.843065994,-136.68748708995614,1458.986141226252,-136.36053112330634,-6.69908183057665,-0.3679159624036504,-6.699125532291876,17430.344161773057,0.0,0.2055418267503148,1.9282774277535222,2255743.600971862,633.1786670497614
185900.0,4581958.321052365,251472.2943310797,4581988.173517217,-137.35739637593073,1458.9493388090184,-137.03044478186527,-6.6991039196439415,-0.36813238552494904,-6.6991476696153835,17430.344161773057,0.0,0.2055418267503148,1.9282774277535222,2255743.600971862,633.1786670497614
186000.0,4581944.55181717,251618.18742393795,4581974.436976964,-138.02730788003046,1458.9125147484942,-137.7003606633751,-6.699126193077827,-0.3683488282250931,-6.6991699913088025,17430.344161773057,0.0,0.2055418267503148,1.9282774277535222,2255743.600971862,633.1786670497614
186100.0,4581930.7155907145,251764.0768333079,4581960.63344501,-138.69722162069155,1458.875669042719,-138.37027878627242,-6.699148650869828,-0.36856529055799064,-6.699192497363664,17430.344161773057,0.0,0.2055418267503148,1.9282774277535222,2255743.600971862,633.1786670497614
186200.0,4581916.812372771,251909.9625570249,4581946.76292113,-139.3671376163494,1458.8388016897266,-139.04019916899293,-6.699171293011412,-0.3687817725778338,-6.69921518777145,17430.344161773057,0.0,0.2055418267503148,1.9282774277535222,2255743.600971862,633.1786670497614
186300.0,4581902.842163115,252055.8445929242,4581932.825405099,-140.03705588543852,1458.8019126875454,-139.7101218299715,-6.699194119493987,-0.3689982743390994,-6.699238062523579,17430.344161773057,0.0,0.2055418267503148,1.9282774277535222,2255743.600971862,633.1786670497614
186400.0,4581888.804961517,252201.7229388407,4581918.820896688,-140.7069764463926,1458.7650020341987,-140.38004678764216,-6.699217130308908,-0.3692147958965527,-6.69926112161142,17430.344161773057,0.0,0.2055418267503148,1.9282774277535222,2255743.600971862,633.1786670497614
186500.0,4581874.700767749,252347.59759260927,4581904.749395665,-141.37689931764442,1458.7280697277042,-141.04997406043802,-6.699240325447479,-0.3694313373052484,-6.699284365026287,17430.344161773057,0.0,0.2055418267503148,1.9282774277535222,2255743.600971862,633.1786670497614
186600.0,4581860.529581577,252493.4685520644,4581890.610901798,-142.0468245176259,1458.691115766074,-141.71990366679137,-6.699263704900943,-0.36964789862053204,-6.699307792759436,17430.344161773057,0.0,0.2055418267503148,1.9282774277535222,2255743.600971862,633.1786670497614
186700.0,4581846.291402767,252639.33581504057,4581876.405414853,-142.71675206476814,1458.6541401473148,-142.38983562513357,-6.699287268660478,-0.3698644798980429,-6.699331404802059,17430.344161773057,0.0,0.2055418267503148,1.9282774277535222,2255743.600971862,633.1786670497614
186800.0,4581831.986231085,252785.19937937192,4581862.1329345945,-143.38668197750127,1458.6171428694272,-143.05976995389514,-6.699311016717211,-0.3700810811937147,-6.699355201145296,17430.344161773057,0.0,0.2055418267503148,1.9282774277535222,2255743.600971862,633.1786670497614
186900.0,4581817.6140662925,252931.05924289243,4581847.793460784,-144.05661427425454,1458.580123930407,-143.72970667150568,-6.699334949062203,-0.3702977025637792,-6.699379181780219,17430.344161773057,0.0,0.2055418267503148,1.9282774277535222,2255743.600971862,633.1786670497614
187000.0,4581803.17490815,253076.9154034359,4581833.38699318,-144.72654897345635,1458.5430833282435,-144.39964579639394,-6.699359065686459,-0.37051434406476685,-6.699403346697844,17430.344161773057,0.0,0.2055418267503148,1.9282774277535222,2255743.600971862,633.1786670497614
187100.0,4581788.668756417,253222.76785883593,4581818.913531543,-145.39648609353418,1458.506021060921,-145.0695873469877,-6.699383366580912,-0.37073100575350926,-6.69942769588912,17430.344161773057,0.0,0.2055418267503148,1.9282774277535222,2255743.600971862,633.1786670497614
187200.0,4581774.0956108505,253368.61660692588,4581804.373075629,-146.06642565291457,1458.468937126418,-145.7395313417139,-6.6994078517364395,-0.37094768768714137,-6.699452229344935,17430.344161773057,0.0,0.2055418267503148,1.9282774277535222,2255743.600971862,633.1786670497614
187300.0,4581759.455471205,253514.46164553892,4581789.765625192,-146.73636767002318,1458.431831522707,-146.40947779899852,-6.699432521143857,-0.3711643899231037,-6.69947694705612,17430.344161773057,0.0,0.2055418267503148,1.9282774277535222,2255743.600971862,633.1786670497614
187400.0,4581744.748337233,253660.30297250804,4581775.091179986,-147.40631216328475,1458.3947042477548,-147.07942673726666,-6.699457374793917,-0.371381112519144,-6.699501849013437,17430.344161773057,0.0,0.2055418267503148,1.9282774277535222,2255743.600971862,633.1786670497614
187500.0,4581729.974208688,253806.14058566603,4581760.349739761,-148.07625915112308,1458.3575552995226,-147.74937817494245,-6.699482412677288,-0.37159785553331903,-6.699526935207573,17430.344161773057,0.0,0.2055418267503148,1.9282774277535222,2255743.600971862,633.1786670497614
187600.0,4581715.133085319,253951.97448284543,4581745.541304267,-148.746208651961,1458.3203846759657,-148.4193321304491,-6.699507634784597,-0.3718146190239979,-6.699552205629162,17430.344161773057,0.0,0.2055418267503148,1.9282774277535222,2255743.600971862,633.1786670497614
187700.0,4581700.224966873,254097.80466187862,4581730.665873251,-149.41616068422047,1458.2831923750334,-149.0892886222089,-6.699533041106384,-0.3720314030498629,-6.699577660268762,17430.344161773057,0.0,0.2055418267503148,1.9282774277535222,2255743.600971862,633.1786670497614
187800.0,4581685.249853097,254243.63112059777,4581715.723446458,-150.08611526632245,1458.2459783946692,-149.75924766864316,-6.699558631633132,-0.3722482076699124,-6.699603299116865,17430.344161773057,0.0,0.2055418267503148,1.9282774277535222,2255743.600971862,633.1786670497614
187900.0,4581670.207743734,254389.45385683482,4581700.714023631,-150.75607241668695,1458.2087427328108,-150.42920928817225,-6.699584406355246,-0.37246503294346295,-6.699629122163893,17430.344161773057,0.0,0.2055418267503148,1.9282774277535222,2255743.600971862,633.1786670497614
188000.0,4581655.098638527,254535.27286842154,4581685.637604513,-151.42603215373302,1458.17148538739,-151.09917349921557,-6.699610365263066,-0.37268187893015114,-6.6996551294001945,17430.344161773057,0.0,0.2055418267503148,1.9282774277535222,2255743.600971862,633.1786670497614
188100.0,4581639.922537216,254681.08815318946,4581670.494188844,-152.09599449587876,1458.1342063563325,-151.76914032019158,-6.699636508346862,-0.372898745689937,-6.69968132081606,17430.344161773057,0.0,0.2055418267503148,1.9282774277535222,2255743.600971862,633.1786670497614
188200.0,4581624.67943954,254826.8997089699,4581655.2837763615,-152.76595946154126,1458.0969056375577,-152.43910976951776,-6.699662835596828,-0.3731156332831042,-6.699707696401691,17430.344161773057,0.0,0.2055418267503148,1.9282774277535222,2255743.600971862,633.1786670497614
188300.0,4581609.369345236,254972.707533594,4581640.006366801,-153.43592706913665,1458.0595832289794,-153.1090818656106,-6.699689347003081,-0.3733325417702637,-6.69973425614722,17430.344161773057,0.0,0.2055418267503148,1.9282774277535222,2255743.600971862,633.1786670497614
188400.0,4581593.992254037,255118.51162489265,4581624.661959899,-154.10589733708008,1458.0222391285051,-153.77905662688553,-6.69971604255567,-0.3735494712123567,-6.6997610000427095,17430.344161773057,0.0,0.2055418267503148,1.9282774277535222,2255743.600971862,633.1786670497614
188500.0,4581578.548165679,255264.31198069657,4581609.250555386,-154.77587028378565,1457.9848733340364,-154.44903407175713,-6.699742922244562,-0.3737664216706547,-6.699787928078141,17430.344161773057,0.0,0.2055418267503148,1.9282774277535222,2255743.600971862,633.1786670497614
188600.0,4581563.037079891,255410.10859883626,4581593.772152994,-155.4458459276665,1457.9474858434685,-155.11901421863882,-6.699769986059654,-0.3739833932067647,-6.699815040243427,17430.344161773057,0.0,0.2055418267503148,1.9282774277535222,2255743.600971862,633.1786670497614
188700.0,4581547.458996403,255555.901477142,4581578.226752452,-156.11582428713479,1457.9100766546903,-155.78899708594312,-6.699797233990761,-0.37420038588262894,-6.699842336528394,17430.344161773057,0.0,0.2055418267503148,1.9282774277535222,2255743.600971862,633.1786670497614
188800.0,4581531.813914943,255701.69061344388,4581562.614353485,-156.78580538060154,1457.872645765585,-156.4589826920815,-6.6998246660276255,-0.3744173997605295,-6.6998698169227975,17430.344161773057,0.0,0.2055418267503148,1.9282774277535222,2255743.600971862,633.1786670497614
188900.0,4581516.101835235,255847.47600557172,4581546.934955821,-157.45578922647684,1457.8351931740294,-157.12897105546432,-6.699852282159895,-0.3746344349030886,-6.699897481416305,17430.344161773057,0.0,0.2055418267503148,1.9282774277535222,2255743.600971862,633.1786670497614
189000.0,4581500.322757005,255993.2576513552,4581531.188559182,-158.1257758431697,1457.7977188778937,-157.79896219450103,-6.699880082377161,-0.37485149137327334,-6.699925329998513,17430.344161773057,0.0,0.2055418267503148,1.9282774277535222,2255743.600971862,633.1786670497614
189100.0,4581484.476679973,256139.03554862374,4581515.375163289,-158.79576524908808,1457.7602228750418,-158.46895612759997,-6.699908066668914,-0.3750685692343962,-6.69995336265893,17430.344161773057,0.0,0.2055418267503148,1.9282774277535222,2255743.600971862,633.1786670497614
189200.0,4581468.563603861,256284.80969520658,4581499.494767862,-159.46575746263892,1457.7227051633315,-159.13895287316842,-6.699936235024557,-0.3752856685501177,-6.699981579386978,17430.344161773057,0.0,0.2055418267503148,1.9282774277535222,2255743.600971862,633.1786670497614
189300.0,4581452.583528386,256430.5800889327,4581483.54737262,-160.1357525022281,1457.6851657406144,-159.8089524496126,-6.69996458743343,-0.375502789384451,-6.700009980172005,17430.344161773057,0.0,0.2055418267503148,1.9282774277535222,2255743.600971862,633.1786670497614
189400.0,4581436.536453266,256576.34672763094,4581467.532977277,-160.80575038626034,1457.647604604735,-160.4789548753377,-6.699993123884771,-0.37571993180176183,-6.700038565003267,17430.344161773057,0.0,0.2055418267503148,1.9282774277535222,2255743.600971862,633.1786670497614
189500.0,4581420.422378214,256722.1096091298,4581451.451581549,-161.47575113313943,1457.6100217535322,-161.14896016874778,-6.700021844367742,-0.37593709586677265,-6.70006733386994,17430.344161773057,0.0,0.2055418267503148,1.9282774277535222,2255743.600971862,633.1786670497614
189600.0,4581404.241302944,256867.8687312577,4581435.303185147,-162.1457547612679,1457.5724171848378,-161.81896834824585,-6.700050748871407,-0.3761542816445645,-6.700096286761102,17430.344161773057,0.0,0.2055418267503148,1.9282774277535222,2255743.600971862,633.1786670497614
189700.0,4581387.993227165,257013.6240918428,4581419.087787783,-162.81576128904734,1457.5347908964773,-162.48897943223378,-6.700079837384754,-0.3763714892005805,-6.700125423665757,17430.344161773057,0.0,0.2055418267503148,1.9282774277535222,2255743.600971862,633.1786670497614
189800.0,4581371.678150589,257159.37568871296,4581402.805389164,-163.48577073487814,1457.4971428862696,-163.1589934391124,-6.700109109896671,-0.376588718600627,-6.700154744572804,17430.344161773057,0.0,0.2055418267503148,1.9282774277535222,2255743.600971862,633.1786670497614
189900.0,4581355.296072921,257305.12351969592,4581386.455988998,-164.1557831171596,1457.459473152027,-163.8290103872814,-6.700138566395964,-0.376805969910878,-6.700184249471067,17430.344161773057,0.0,0.2055418267503148,1.9282774277535222,2255743.600971862,633.1786670497614
190000.0,4581338.846993867,257450.86758261916,4581370.039586988,-164.82579845428987,1457.421781691555,-164.49903029513928,-6.700168206871331,-0.3770232431978759,-6.700213938349261,17430.344161773057,0.0,0.2055418267503148,1.9282774277535222,2255743.600971862,633.1786670497614
190100.0,4581322.330913131,257596.60787530994,4581353.556182839,-165.49581676466602,1457.3840685026526,-165.1690531810835,-6.7001980313114045,-0.3772405385285367,-6.700243811196028,17430.344161773057,0.0,0.2055418267503148,1.9282774277535222,2255743.600971862,633.1786670497614
190200.0,4581305.747830414,257742.34439559534,4581337.005776252,-166.16583806668393,1457.3463335831123,-165.83907906351038,-6.700228039704698,-0.3774578559701505,-6.7002738679999005,17430.344161773057,0.0,0.2055418267503148,1.9282774277535222,2255743.600971862,633.1786670497614
190300.0,4581289.097745417,257888.07714130214,4581320.3883669255,-166.83586237873834,1457.3085769307193,-166.50910796081502,-6.700258232039637,-0.377675195590385,-6.700304108749319,17430.344161773057,0.0,0.2055418267503148,1.9282774277535222,2255743.600971862,633.1786670497614
190400.0,4581272.380657837,258033.80611025696,4581303.703954558,-167.50588971922284,1457.2707985432526,-167.17913989139137,-6.700288608304554,-0.3778925574572888,-6.7003345334326285,17430.344161773057,0.0,0.2055418267503148,1.9282774277535222,2255743.600971862,633.1786670497614
190500.0,4581255.596567371,258179.5313002862,4581286.952538845,-168.17592010652984,1457.232998418484,-167.84917487363228,-6.700319168487677,-0.37810994163929373,-6.700365142038078,17430.344161773057,0.0,0.2055418267503148,1.9282774277535222,2255743.600971862,633.1786670497614
190600.0,4581238.745473714,258325.252709216,4581270.134119481,-168.84595355905057,1457.1951765541785,-168.51921292592934,-6.700349912577147,-0.3783273482052181,-6.700395934553816,17430.344161773057,0.0,0.2055418267503148,1.9282774277535222,2255743.600971862,633.1786670497614
190700.0,4581221.827376557,258470.9703348723,4581253.248696157,-169.51599009517508,1457.1573329480943,-169.189254066673,-6.700380840560989,-0.37854477722426905,-6.700426910967889,17430.344161773057,0.0,0.2055418267503148,1.9282774277535222,2255743.600971862,633.1786670497614
190800.0,4581204.842275591,258616.68417508082,4581236.296268564,-170.1860297332922,1457.1194675979827,-169.85929831425247,-6.700411952427139,-0.3787622287660463,-6.700458071268249,17430.344161773057,0.0,0.2055418267503148,1.9282774277535222,2255743.600971862,633.1786670497614
190900.0,4581187.790170506,258762.39422766704,4581219.27683639,-170.85607249178952,1457.081580501588,-170.52934568705578,-6.700443248163428,-0.37897970290054406,-6.70048941544274,17430.344161773057,0.0,0.2055418267503148,1.9282774277535222,2255743.600971862,633.1786670497614
191000.0,4581170.671060988,258908.1004904562,4581202.190399322,-171.52611838905347,1457.0436716566471,-171.19939620346975,-6.700474727757569,-0.379197199698154,-6.700520943479091,17430.344161773057,0.0,0.2055418267503148,1.9282774277535222,2255743.600971862,633.1786670497614
191100.0,4581153.484946722,259053.80296127335,4581185.036957044,-172.19616744346922,1457.0057410608904,-171.86944988187992,-6.700506391197192,-0.37941471922967007,-6.700552655364949,17430.344161773057,0.0,0.2055418267503148,1.9282774277535222,2255743.600971862,633.1786670497614
191200.0,4581136.231827393,259199.5016379433,4581167.816509239,-172.8662196734207,1456.9677887120408,-172.53950674067065,-6.700538238469808,-0.37963226156628954,-6.700584551087839,17430.344161773057,0.0,0.2055418267503148,1.9282774277535222,2255743.600971862,633.1786670497614
191300.0,4581118.911702681,259345.19651829058,4581150.529055589,-173.53627509729054,1456.9298146078145,-173.20956679822498,-6.700570269562816,-0.37984982677961654,-6.700616630635179,17430.344161773057,0.0,0.2055418267503148,1.9282774277535222,2255743.600971862,633.1786670497614
191400.0,4581101.524572266,259490.8876001396,4581133.174595772,-174.20633373346018,1456.8918187459199,-173.87963007292475,-6.700602484463515,-0.3800674149416659,-6.700648893994282,17430.344161773057,0.0,0.2055418267503148,1.9282774277535222,2255743.600971862,633.1786670497614
191500.0,4581084.070435827,259636.57488131445,4581115.753129466,-174.87639560030973,1456.8538011240587,-174.54969658315048,-6.700634883159092,-0.3802850261248654,-6.70068134115235,17430.344161773057,0.0,0.2055418267503148,1.9282774277535222,2255743.600971862,633.1786670497614
191600.0,4581066.549293038,259782.258359639,4581098.264656347,-175.54646071621806,1456.8157617399252,-175.21976634728142,-6.7006674656366165,-0.3805026604020594,-6.700713972096473,17430.344161773057,0.0,0.2055418267503148,1.9282774277535222,2255743.600971862,633.1786670497614
191700.0,4581048.961143575,259927.93803293695,4581080.709176088,-176.2165290995627,1456.7777005912062,-175.88983938369554,-6.700700231883043,-0.3807203178465116,-6.70074678681362,17430.344161773057,0.0,0.2055418267503148,1.9282774277535222,2255743.600971862,633.1786670497614
191800.0,4581031.3059871085,260073.61389903168,4581063.08668836,-176.8866007687199,1456.7396176755813,-176.55991571076947,-6.700733181885223,-0.38093799853190907,-6.700779785290658,17430.344161773057,0.0,0.2055418267503148,1.9282774277535222,2255743.600971862,633.1786670497614
191900.0,4581013.58382331,260219.28595574643,4581045.397192835,-177.5566757420645,1456.7015129907227,-177.22999534687855,-6.700766315629881,-0.38115570253236475,-6.70081296751433,17430.344161773057,0.0,0.2055418267503148,1.9282774277535222,2255743.600971862,633.1786670497614
192000.0,4580995.794651849,260364.95420090412,4581027.64068918,-178.22675403797015,1456.6633865342951,-177.90007831039676,-6.700799633103626,-0.38137342992242074,-6.700846333471261,17430.344161773057,0.0,0.2055418267503148,1.9282774277535222,2255743.600971862,633.1786670497614
192100.0,4580977.938472391,260510.6186323275,4581009.817177062,-178.89683567480907,1456.625238303956,-178.57016461969678,-6.700833134292955,-0.3815911807770524,-6.700879883147963,17430.344161773057,0.0,0.2055418267503148,1.9282774277535222,2255743.600971862,633.1786670497614
192200.0,4580960.015284602,260656.27924783906,4580991.926656145,-179.56692067095213,1456.587068297355,-179.2402542931499,-6.700866819184236,-0.3818089551716706,-6.700913616530825,17430.344161773057,0.0,0.2055418267503148,1.9282774277535222,2255743.600971862,633.1786670497614
192300.0,4580942.0250881445,260801.93604526104,4580973.96912609,-180.23700904476885,1456.5488765121345,-179.91034734912603,-6.700900687763722,-0.38202675318212603,-6.70094753360611,17430.344161773057,0.0,0.2055418267503148,1.9282774277535222,2255743.600971862,633.1786670497614
192400.0,4580923.96788268,260947.58902241546,4580955.944586561,-180.90710081462737,1456.510662945929,-180.58044380599372,-6.700934740017537,-0.3822445748847121,-6.700981634359968,17430.344161773057,0.0,0.2055418267503148,1.9282774277535222,2255743.600971862,633.1786670497614
192500.0,4580905.843667868,261093.23817712412,4580937.853037215,-181.57719599889438,1456.4724275963654,-181.25054368212017,-6.700968975931687,-0.3824624203561685,-6.701015918778415,17430.344161773057,0.0,0.2055418267503148,1.9282774277535222,2255743.600971862,633.1786670497614
192600.0,4580887.652443365,261238.88350720855,4580919.69447771,-182.24729461593523,1456.4341704610629,-181.9206469958711,-6.701003395492042,-0.38268028967368445,-6.701050386847342,17430.344161773057,0.0,0.2055418267503148,1.9282774277535222,2255743.600971862,633.1786670497614
192700.0,4580869.394208829,261384.52501049006,4580901.468907701,-182.91739668411384,1456.3958915376331,-182.59075376561086,-6.70103799868435,-0.3828981829149026,-6.701085038552516,17430.344161773057,0.0,0.2055418267503148,1.9282774277535222,2255743.600971862,633.1786670497614
192800.0,4580851.068963912,261530.1626847897,4580883.176326841,-183.58750222179268,1456.3575908236799,-183.26086400970235,-6.701072785494238,-0.38311610015792297,-6.701119873879576,17430.344161773057,0.0,0.2055418267503148,1.9282774277535222,2255743.600971862,633.1786670497614
192900.0,4580832.676708268,261675.79652792835,4580864.816734782,-184.2576112473328,1456.3192683167988,-183.930977746507,-6.701107755907184,-0.3833340414813051,-6.701154892814023,17430.344161773057,0.0,0.2055418267503148,1.9282774277535222,2255743.600971862,633.1786670497614
193000.0,4580814.217441546,261821.42653772657,4580846.390131175,-184.92772377909372,1456.2809240145782,-184.6010949943849,-6.701142909908553,-0.3835520069640734,-6.7011900953412376,17430.344161773057,0.0,0.2055418267503148,1.9282774277535222,2255743.600971862,633.1786670497614
193100.0,4580795.691163395,261967.0527120047,4580827.896515666,-185.5978398354336,1456.2425579145981,-185.27121577169453,-6.701178247483563,-0.38376999668571915,-6.701225481446453,17430.344161773057,0.0,0.2055418267503148,1.9282774277535222,2255743.600971862,633.1786670497614
193200.0,4580777.0978734605,262112.6750485828,4580809.3358879015,-186.26795943470904,1456.2041700144305,-185.94134009679297,-6.7012137686173014,-0.3839880107262057,-6.70126105111478,17430.344161773057,0.0,0.2055418267503148,1.9282774277535222,2255743.600971862,633.1786670497614
193300.0,4580758.437571389,262258.2935452808,4580790.7082475275,-186.93808259527518,1456.1657603116396,-186.61146798803577,-6.701249473294722,-0.38420604916597123,-6.701296804331186,17430.344161773057,0.0,0.2055418267503148,1.9282774277535222,2255743.600971862,633.1786670497614
193400.0,4580739.710256822,262403.9081999183,4580772.013594185,-187.6082093354856,1456.1273288037814,-187.28159946377698,-6.701285361500629,-0.3844241120859322,-6.701332741080495,17430.344161773057,0.0,0.2055418267503148,1.9282774277535222,2255743.600971862,633.1786670497614
193500.0,4580720.915929402,262549.5190103146,4580753.251927515,-188.27833967369241,1456.0888754884038,-187.95173454236914,-6.701321433219698,-0.38464219956748896,-6.701368861347403,17430.344161773057,0.0,0.2055418267503148,1.9282774277535222,2255743.600971862,633.1786670497614
193600.0,4580702.054588768,262695.1259742889,4580734.423247156,-188.94847362824615,1456.0504003630465,-188.62187324216322,-6.7013576884364605,-0.38486031169252727,-6.701405165116456,17430.344161773057,0.0,0.2055418267503148,1.9282774277535222,2255743.600971862,633.1786670497614
193700.0,4580683.126234556,262840.7290896601,4580715.527552745,-189.61861121749578,1456.0119034252411,-189.29201558150865,-6.701394127135302,-0.3850784485434241,-6.70144165237206,17430.344161773057,0.0,0.2055418267503148,1.9282774277535222,2255743.600971862,633.1786670497614
193800.0,4580664.130866402,262986.3283542468,4580696.564843918,-190.28875245978875,1455.973384672511,-189.96216157875332,-6.7014307493004575,-0.3852966102030496,-6.701478323098472,17430.344161773057,0.0,0.2055418267503148,1.9282774277535222,2255743.600971862,633.1786670497614
193900.0,4580645.068483941,263131.92376586737,4580677.5351203075,-190.9588973734709,1455.9348441023708,-190.6323112522435,-6.701467554916033,-0.3855147967547733,-6.701515177279809,17430.344161773057,0.0,0.2055418267503148,1.9282774277535222,2255743.600971862,633.1786670497614
194000.0,4580625.939086804,263277.51532233995,4580658.438381544,-191.62904597688646,1455.8962817123274,-191.30246462032392,-6.701504543965972,-0.3857330082824665,-6.701552214900037,17430.344161773057,0.0,0.2055418267503148,1.9282774277535222,2255743.600971862,633.1786670497614
194100.0,4580606.742674622,263423.1030214824,4580639.274627259,-192.29919828837805,1455.857697499879,-191.9726217013376,-6.701541716434066,-0.3859512448705063,-6.701589435942969,17430.344161773057,0.0,0.2055418267503148,1.9282774277535222,2255743.600971862,633.1786670497614
194200.0,4580587.479247022,263568.6868611124,4580620.043857079,-192.96935432628666,1455.8190914625152,-192.64278251362606,-6.70157907230396,-0.3861695066037804,-6.701626840392265,17430.344161773057,0.0,0.2055418267503148,1.9282774277535222,2255743.600971862,633.1786670497614
194300.0,4580568.148803632,263714.2668390473,4580600.746070631,-193.6395141089517,1455.7804635977172,-193.31294707552905,-6.701616611559144,-0.3863877935676909,-6.701664428231439,17430.344161773057,0.0,0.2055418267503148,1.9282774277535222,2255743.600971862,633.1786670497614
194400.0,4580548.751344075,263859.8429531043,4580581.381267538,-194.30967765471078,1455.7418139029578,-193.98311540538478,-6.70165433418296,-0.38660610584815897,-6.701702199443849,17430.344161773057,0.0,0.2055418267503148,1.9282774277535222,2255743.600971862,633.1786670497614
194500.0,4580529.286867975,264005.4152011002,4580561.949447423,-194.9798449819,1455.703142375701,-194.6532875215297,-6.7016922401585814,-0.3868244435316277,-6.701740154012685,17430.344161773057,0.0,0.2055418267503148,1.9282774277535222,2255743.600971862,633.1786670497614
194600.0,4580509.755374952,264150.9835808516,4580542.450609907,-195.65001610885363,1455.664449013402,-195.32346344229862,-6.701730329469026,-0.3870428067050672,-6.7017782919209905,17430.344161773057,0.0,0.2055418267503148,1.9282774277535222,2255743.600971862,633.1786670497614
194700.0,4580490.156864626,264296.5480901749,4580522.884754607,-196.32019105390438,1455.6257338135074,-195.99364318602463,-6.701768602097151,-0.3872611954559792,-6.701816613151642,17430.344161773057,0.0,0.2055418267503148,1.9282774277535222,2255743.600971862,633.1786670497614
194800.0,4580470.491336614,264442.1087268863,4580503.251881142,-196.9903698353831,1455.5869967734552,-196.6638267710391,-6.70180705802566,-0.387479609872401,-6.701855117687358,17430.344161773057,0.0,0.2055418267503148,1.9282774277535222,2255743.600971862,633.1786670497614
194900.0,4580450.758790531,264587.6654888015,4580483.551989125,-197.66055247161896,1455.5482378906745,-197.3340142156717,-6.701845697237081,-0.38769805004290936,-6.7018938055106885,17430.344161773057,0.0,0.2055418267503148,1.9282774277535222,2255743.600971862,633.1786670497614
195000.0,4580430.959225991,264733.2183737362,4580463.78507817,-198.33073898093937,1455.5094571625852,-198.00420553825023,-6.701884519713777,-0.38791651605662564,-6.701932676604017,17430.344161773057,0.0,0.2055418267503148,1.9282774277535222,2255743.600971862,633.1786670497614
195100.0,4580411.092642605,264878.76737950573,4580443.951147888,-199.00092938166998,1455.4706545865988,-198.6744007571009,-6.70192352543795,-0.3881350080032199,-6.701971730949567,17430.344161773057,0.0,0.2055418267503148,1.9282774277535222,2255743.600971862,633.1786670497614
195200.0,4580391.159039984,265024.3125039252,4580424.050197888,-199.6711236921346,1455.4318301601172,-199.34459989054795,-6.701962714391621,-0.38835352597291484,-6.702010968529378,17430.344161773057,0.0,0.2055418267503148,1.9282774277535222,2255743.600971862,633.1786670497614
195300.0,4580371.158417736,265169.85374480934,4580404.082227779,-200.34132193065534,1455.3929838805338,-200.01480295691397,-6.702002086556652,-0.38857207005649175,-6.702050389325331,17430.344161773057,0.0,0.2055418267503148,1.9282774277535222,2255743.600971862,633.1786670497614
195400.0,4580351.0907754665,265315.39109997277,4580384.047237165,-201.0115241155524,1455.3541157452325,-200.68500997451963,-6.702041641914721,-0.38879064034529337,-6.702089993319127,17430.344161773057,0.0,0.2055418267503148,1.9282774277535222,2255743.600971862,633.1786670497614
195500.0,4580330.956112781,265460.92456722975,4580363.945225651,-201.68173026514413,1455.3152257515883,-201.35522096168378,-6.702081380447335,-0.38900923693122996,-6.702129780492293,17430.344161773057,0.0,0.2055418267503148,1.9282774277535222,2255743.600971862,633.1786670497614
195600.0,4580310.754429281,265606.4541443944,4580343.77619284,-202.35194039774706,1455.2763138969667,-202.02543593672345,-6.702121302135818,-0.38922785990678266,-6.702169750826175,17430.344161773057,0.0,0.2055418267503148,1.9282774277535222,2255743.600971862,633.1786670497614
195700.0,4580290.485724567,265751.97982928035,4580323.540138331,-203.02215453167585,1455.2373801787242,-202.69565491795376,-6.702161406961322,-0.3894465093650096,-6.702209904301945,17430.344161773057,0.0,0.2055418267503148,1.9282774277535222,2255743.600971862,633.1786670497614
195800.0,4580270.14999824,265897.5016197012,4580303.237061723,-203.69237268524324,1455.1984245942078,-203.36587792368795,-6.7022016949048115,-0.38966518539954925,-6.702250240900587,17430.344161773057,0.0,0.2055418267503148,1.9282774277535222,2255743.600971862,633.1786670497614
195900.0,4580249.747249896,266043.01951347024,4580282.866962612,-204.36259487676008,1455.1594471407552,-204.03610497223733,-6.702242165947073,-0.3898838881046265,-6.702290760602909,17430.344161773057,0.0,0.2055418267503148,1.9282774277535222,2255743.600971862,633.1786670497614
196000.0,4580229.27747913,266188.5335084003,4580262.429840593,-205.0328211245353,1455.1204478156947,-204.70633608191133,-6.702282820068695,-0.3901026175750558,-6.702331463389522,17430.344161773057,0.0,0.2055418267503148,1.9282774277535222,2255743.600971862,633.1786670497614
196100.0,4580208.740685536,266334.04360230424,4580241.925695259,-205.70305144687583,1455.0814266163447,-205.37657127101738,-6.702323657250089,-0.3903213739062482,-6.702372349240858,17430.344161773057,0.0,0.2055418267503148,1.9282774277535222,2255743.600971862,633.1786670497614
196200.0,4580188.136868704,266479.5497929944,4580221.354526202,-206.37328586208665,1455.0423835400147,-206.046810557861,-6.702364677471476,-0.39054015719421487,-6.70241341813716,17430.344161773057,0.0,0.2055418267503148,1.9282774277535222,2255743.600971862,633.1786670497614
196300.0,4580167.466028226,266625.0520782829,4580200.71633301,-207.0435243884708,1455.003318584004,-206.71705396074566,-6.702405880712879,-0.3907589675355723,-6.702454670058475,17430.344161773057,0.0,0.2055418267503148,1.9282774277535222,2255743.600971862,633.1786670497614
196400.0,4580146.728163688,266770.55045598175,4580180.011115272,-207.71376704432922,1454.9642317456025,-207.38730149797286,-6.702447266954128,-0.3909778050275469,-6.702496104984651,17430.344161773057,0.0,0.2055418267503148,1.9282774277535222,2255743.600971862,633.1786670497614
196500.0,4580125.923274678,266916.04492390255,4580159.238872572,-208.38401384796092,1454.9251230220902,-208.05755318784207,-6.702488836174864,-0.39119666976798195,-6.702537722895354,17430.344161773057,0.0,0.2055418267503148,1.9282774277535222,2255743.600971862,633.1786670497614
196600.0,4580105.051360779,267061.5354798566,4580138.399604495,-209.0542648176628,1454.8859924107373,-208.72780904865073,-6.702530588354518,-0.3914155618553399,-6.702579523770034,17430.344161773057,0.0,0.2055418267503148,1.9282774277535222,2255743.600971862,633.1786670497614
196700.0,4580084.112421575,267207.022121655,4580117.493310622,-209.72451997172976,1454.8468399088042,-209.39806909869418,-6.702572523472327,-0.39163448138871004,-6.702621507587952,17430.344161773057,0.0,0.2055418267503148,1.9282774277535222,2255743.600971862,633.1786670497614
196800.0,4580063.106456645,267352.50484710856,4580096.5199905345,-210.39477932845452,1454.8076655135415,-210.06833335626573,-6.702614641507322,-0.3918534284678123,-6.7026636743281625,17430.344161773057,0.0,0.2055418267503148,1.9282774277535222,2255743.600971862,633.1786670497614
196900.0,4580042.033465568,267497.9836540278,4580075.47964381,-211.06504290612776,1454.7684692221892,-210.73860183965652,-6.70265694243833,-0.3920724031930032,-6.702706023969515,17430.344161773057,0.0,0.2055418267503148,1.9282774277535222,2255743.600971862,633.1786670497614
197000.0,4580020.893447922,267643.458540223,4580054.372270024,-211.735310723038,1454.729251031978,-211.40887456715564,-6.70269942624397,-0.39229140566528076,-6.70274855649065,17430.344161773057,0.0,0.2055418267503148,1.9282774277535222,2255743.600971862,633.1786670497614
197100.0,4579999.686403281,267788.9295035041,4580033.197868754,-212.40558279747165,1454.6900109401279,-212.07915155704993,-6.7027420929026515,-0.39251043598629015,-6.702791271870001,17430.344161773057,0.0,0.2055418267503148,1.9282774277535222,2255743.600971862,633.1786670497614
197200.0,4579978.41233122,267934.39654168085,4580011.9564395705,-213.07585914771292,1454.650748943849,-212.74943282762416,-6.702784942392577,-0.3927294942583295,-6.702834170085788,17430.344161773057,0.0,0.2055418267503148,1.9282774277535222,2255743.600971862,633.1786670497614
197300.0,4579957.071231308,268079.85965256265,4579990.647982045,-213.7461397920438,1454.611465040341,-213.4197183971609,-6.702827974691717,-0.3929485805843539,-6.702877251116013,17430.344161773057,0.0,0.2055418267503148,1.9282774277535222,2255743.600971862,633.1786670497614
197400.0,4579935.663103118,268225.3188339586,4579969.272495747,-214.41642474874416,1454.5721592267935,-214.09000828394045,-6.702871189777845,-0.3931676950679829,-6.702920514938468,17430.344161773057,0.0,0.2055418267503148,1.9282774277535222,2255743.600971862,633.1786670497614
197500.0,4579914.187946214,268370.77408367756,4579947.829980243,-215.08671403609154,1454.5328315003853,-214.76030250624092,-6.7029145876285074,-0.3933868378135051,-6.702963961530723,17430.344161773057,0.0,0.2055418267503148,1.9282774277535222,2255743.600971862,633.1786670497614
197600.0,4579892.6457601655,268516.22539952816,4579926.3204351,-215.75700767236125,1454.4934818582851,-215.43060108233817,-6.70295816822102,-0.3936060089258833,-6.70300759087012,17430.344161773057,0.0,0.2055418267503148,1.9282774277535222,2255743.600971862,633.1786670497614
197700.0,4579871.036544534,268661.67277931864,4579904.743859882,-216.42730567582637,1454.454110297651,-216.10090403050577,-6.703001931532492,-0.3938252085107617,-6.7030514029337915,17430.344161773057,0.0,0.2055418267503148,1.9282774277535222,2255743.600971862,633.1786670497614
197800.0,4579849.360298884,268807.116220857,4579883.100254148,-217.09760806475762,1454.4147168156303,-216.771211369015,-6.703045877539796,-0.39404443667447037,-6.70309539769863,17430.344161773057,0.0,0.2055418267503148,1.9282774277535222,2255743.600971862,633.1786670497614
197900.0,4579827.617022775,268952.555721951,4579861.389617461,-217.76791485742342,1454.37530140936,-217.44152311613476,-6.703090006219568,-0.39426369352403107,-6.703139575141299,17430.344161773057,0.0,0.2055418267503148,1.9282774277535222,2255743.600971862,633.1786670497614
198000.0,4579805.806715766,269097.991280408,4579839.611949378,-218.43822607208983,1454.335864075966,-218.1118392901317,-6.703134317548228,-0.3944829791671642,-6.703183935238243,17430.344161773057,0.0,0.2055418267503148,1.9282774277535222,2255743.600971862,633.1786670497614
198100.0,4579783.929377413,269243.4228940352,4579817.767249455,-219.10854172702057,1454.2964048125632,-218.7821599092701,-6.703178811501951,-0.39470229371229376,-6.703228477965659,17430.344161773057,0.0,0.2055418267503148,1.9282774277535222,2255743.600971862,633.1786670497614
198200.0,4579761.985007272,269388.8505606394,4579795.855517247,-219.77886184047694,1454.2569236162565,-219.45248499181173,-6.703223488056679,-0.39492163726855384,-6.703273203299515,17430.344161773057,0.0,0.2055418267503148,1.9282774277535222,2255743.600971862,633.1786670497614
198300.0,4579739.973604896,269534.27427802724,4579773.876752307,-220.44918643071782,1454.217420484139,-220.12281455601607,-6.703268347188113,-0.3951410099457943,-6.703318111215538,17430.344161773057,0.0,0.2055418267503148,1.9282774277535222,2255743.600971862,633.1786670497614
198400.0,4579717.8951698365,269679.69404400495,4579751.830954186,-221.11951551599964,1454.177895413293,-220.7931486201401,-6.703313388871714,-0.39536041185458726,-6.703363201689212,17430.344161773057,0.0,0.2055418267503148,1.9282774277535222,2255743.600971862,633.1786670497614
198500.0,4579695.749701642,269825.1098563785,4579729.718122432,-221.7898491145764,1454.13834840079,-221.46348720243836,-6.703358613082698,-0.39557984310623323,-6.703408474695779,17430.344161773057,0.0,0.2055418267503148,1.9282774277535222,2255743.600971862,633.1786670497614
198600.0,4579673.537199862,269970.52171295363,4579707.538256594,-222.4601872446996,1454.0987794436899,-222.13383032116286,-6.703404019796026,-0.39579930381276635,-6.703453930210224,17430.344161773057,0.0,0.2055418267503148,1.9282774277535222,2255743.600971862,633.1786670497614
198700.0,4579651.257664042,270115.9296115357,4579685.291356216,-223.13052992461817,1454.0591885390418,-222.80417799456316,-6.703449608986428,-0.3960187940869631,-6.703499568207303,17430.344161773057,0.0,0.2055418267503148,1.9282774277535222,2255743.600971862,633.1786670497614
198800.0,4579628.911093725,270261.3335499298,4579662.977420842,-223.8008771725786,1454.0195756838832,-223.47453024088622,-6.703495380628363,-0.39623831404234594,-6.7035453886614995,17430.344161773057,0.0,0.2055418267503148,1.9282774277535222,2255743.600971862,633.1786670497614
198900.0,4579606.497488454,270406.7335259407,4579640.596450015,-224.4712290068247,1453.9799408752401,-224.14488707837648,-6.703541334696036,-0.39645786379319065,-6.703591391547049,17430.344161773057,0.0,0.2055418267503148,1.9282774277535222,2255743.600971862,633.1786670497614
199000.0,4579584.01684777,270552.1295373729,4579618.148443273,-225.1415854455978,1453.9402841101275,-224.8152485252758,-6.703587471163407,-0.3966774434545344,-6.70363757683793,17430.344161773057,0.0,0.2055418267503148,1.9282774277535222,2255743.600971862,633.1786670497614
199100.0,4579561.469171211,270697.5215820307,4579595.633400155,-225.8119465071365,1453.9006053855485,-225.48561459982338,-6.703633790004161,-0.3968970531421796,-6.703683944507858,17430.344161773057,0.0,0.2055418267503148,1.9282774277535222,2255743.600971862,633.1786670497614
199200.0,4579538.854458314,270842.9096577179,4579573.051320198,-226.48231220967685,1453.8609046984943,-226.15598532025578,-6.703680291191729,-0.39711669297270275,-6.703730494530289,17430.344161773057,0.0,0.2055418267503148,1.9282774277535222,2255743.600971862,633.1786670497614
199300.0,4579516.172708614,270988.2937622382,4579550.402202936,-227.15268257145217,1453.821182045945,-226.82636070480694,-6.703726974699266,-0.39733636306346,-6.703777226878407,17430.344161773057,0.0,0.2055418267503148,1.9282774277535222,2255743.600971862,633.1786670497614
199400.0,4579493.423921644,271133.6738933948,4579527.686047901,-227.82305761069313,1453.781437424869,-227.4967407717081,-6.7037738404996645,-0.39755606353259376,-6.703824141525128,17430.344161773057,0.0,0.2055418267503148,1.9282774277535222,2255743.600971862,633.1786670497614
199500.0,4579470.608096935,271279.05004899076,4579504.902854625,-228.49343734562763,1453.741670832222,-228.16712553918768,-6.70382088856554,-0.3977757944990402,-6.703871238443094,17430.344161773057,0.0,0.2055418267503148,1.9282774277535222,2255743.600971862,633.1786670497614
199600.0,4579447.725234017,271424.42222682876,4579482.052622636,-229.16382179448084,1453.7018822649486,-228.83751502547148,-6.703868118869241,-0.3979955560825363,-6.7039185176046825,17430.344161773057,0.0,0.2055418267503148,1.9282774277535222,2255743.600971862,633.1786670497614
199700.0,4579424.775332417,271569.7904247112,4579459.135351461,-229.83421097547514,1453.662071719981,-229.50790924878245,-6.703915531382827,-0.39821534840362555,-6.703965978981979,17430.344161773057,0.0,0.2055418267503148,1.9282774277535222,2255743.600971862,633.1786670497614
199800.0,4579401.7583916625,271715.1546404401,4579436.151040628,-230.50460490683014,1453.6222391942392,-230.17830822734078,-6.703963126078075,-0.3984351715836652,-6.70401362254679,17430.344161773057,0.0,0.2055418267503148,1.9282774277535222,2255743.600971862,633.1786670497614
199900.0,4579378.674411276,271860.51487181726,4579413.099689657,-231.17500360676254,1453.5823846846315,-230.84871197936377,-6.704010902926492,-0.39865502574483547,-6.704061448270645,17430.344161773057,0.0,0.2055418267503148,1.9282774277535222,2255743.600971862,633.1786670497614
200000.0,4579355.523390781,272005.8711166441,4579389.981298071,-231.84540709348624,1453.5425081880535,-231.5191205230659,-6.704058861899278,-0.3988749110101436,-6.704109456124776,17430.344161773057,0.0,0.2055418267503148,1.9282774277535222,2255743.600971862,633.1786670497614
200100.0,4579332.305329697,272151.22337272187,4579366.795865391,-232.51581538521225,1453.5026097013886,-232.18953387665877,-6.70410700296736,-0.3990948275034334,-6.7041576460801355,17430.344161773057,0.0,0.2055418267503148,1.9282774277535222,2255743.600971862,633.1786670497614
200200.0,4579309.020227543,272296.5716378513,4579343.543391135,-233.1862285001486,1453.4626892215076,-232.859952058351,-6.704155326101361,-0.3993147753493915,-6.704206018107374,17430.344161773057,0.0,0.2055418267503148,1.9282774277535222,2255743.600971862,633.1786670497614
200300.0,4579285.668083835,272441.915909833,4579320.223874818,-233.85664645650039,1453.4227467452693,-233.53037508634833,-6.704203831271605,-0.3995347546735545,-6.704254572176848,17430.344161773057,0.0,0.2055418267503148,1.9282774277535222,2255743.600971862,633.1786670497614
200400.0,4579262.24889809,272587.2561864671,4579296.837315955,-234.5270692724698,1453.3827822695193,-234.20080297885346,-6.704252518448123,-0.3997547656023172,-6.704303308258613,17430.344161773057,0.0,0.2055418267503148,1.9282774277535222,2255743.600971862,633.1786670497614
200500.0,4579238.7626698185,272732.5924655535,4579273.383714059,-235.1974969662559,1453.342795791091,-234.87123575406613,-6.704301387600641,-0.39997480826294,-6.704352226322425,17430.344161773057,0.0,0.2055418267503148,1.9282774277535222,2255743.600971862,633.1786670497614
200600.0,4579215.209398533,272877.92474489176,4579249.863068641,-235.86792955605478,1453.3027873068047,-235.541673430183,-6.704350438698572,-0.4001948827835556,-6.7044013263377265,17430.344161773057,0.0,0.2055418267503148,1.9282774277535222,2255743.600971862,633.1786670497614
200700.0,4579191.589083743,273023.2530222812,4579226.27537921,-236.53836706005944,1453.262756813468,-236.2121160253977,-6.704399671711024,-0.4004149892931773,-6.704450608273653,17430.344161773057,0.0,0.2055418267503148,1.9282774277535222,2255743.600971862,633.1786670497614
200800.0,4579167.901724957,273168.57729552075,4579202.620645272,-237.20880949645976,1453.2227043078756,-236.88256355790074,-6.704449086606797,-0.4006351279217075,-6.704500072099032,17430.344161773057,0.0,0.2055418267503148,1.9282774277535222,2255743.600971862,633.1786670497614
200900.0,4579144.14732168,273313.89756240894,4579178.898866333,-237.87925688344254,1453.1826297868088,-237.55301604587945,-6.704498683354362,-0.40085529879994364,-6.704549717782368,17430.344161773057,0.0,0.2055418267503148,1.9282774277535222,2255743.600971862,633.1786670497614
201000.0,4579120.325873415,273459.21382074413,4579155.110041897,-238.54970923919132,1453.1425332470362,-238.22347350751807,-6.704548461921875,-0.40107550205958775,-6.704599545291846,17430.344161773057,0.0,0.2055418267503148,1.9282774277535222,2255743.600971862,633.1786670497614
201100.0,4579096.437379666,273604.5260683243,4579131.2541714655,-239.2201665818865,1453.102414685313,-238.8939359609976,-6.704598422277176,-0.4012957378332543,-6.704649554595334,17430.344161773057,0.0,0.2055418267503148,1.9282774277535222,2255743.600971862,633.1786670497614
201200.0,4579072.481839932,273749.83430294704,4579107.331254538,-239.89062892970526,1453.0622740983813,-239.56440342449585,-6.7046485643877665,-0.4015160062544769,-6.704699745660364,17430.344161773057,0.0,0.2055418267503148,1.9282774277535222,2255743.600971862,633.1786670497614
201300.0,4579048.459253712,273895.1385224097,4579083.341290613,-240.56109630082148,1453.0221114829694,-240.23487591618732,-6.70469888822082,-0.40173630745771755,-6.704750118454141,17430.344161773057,0.0,0.2055418267503148,1.9282774277535222,2255743.600971862,633.1786670497614
201400.0,4579024.369620503,274040.43872450927,4579059.284279186,-241.23156871340575,1452.9819268357926,-240.90535345424323,-6.704749393743182,-0.4019566415783748,-6.704800672943539,17430.344161773057,0.0,0.2055418267503148,1.9282774277535222,2255743.600971862,633.1786670497614
201500.0,4579000.2129398,274185.73490704235,4579035.160219753,-241.90204618562532,1452.941720153552,-241.57583605683143,-6.704800080921351,-0.4021770087527915,-6.704851409095089,17430.344161773057,0.0,0.2055418267503148,1.9282774277535222,2255743.600971862,633.1786670497614
201600.0,4578975.989211096,274331.02706780535,4579010.969111806,-242.57252873564408,1452.9014914329357,-242.24632374211652,-6.70485094972149,-0.4023974091182638,-6.704902326874984,17430.344161773057,0.0,0.2055418267503148,1.9282774277535222,2255743.600971862,633.1786670497614
201700.0,4578951.6984338835,274476.3152045942,4578986.710954835,-243.24301638162254,1452.8612406706175,-242.91681652825957,-6.704902000109421,-0.4026178428130498,-6.704953426249075,17430.344161773057,0.0,0.2055418267503148,1.9282774277535222,2255743.600971862,633.1786670497614
201800.0,4578927.34060765,274621.59931520466,4578962.38574833,-243.91350914171775,1452.8209678632575,-243.58731443341833,-6.704953232050602,-0.4028383099763765,-6.705004707182856,17430.344161773057,0.0,0.2055418267503148,1.9282774277535222,2255743.600971862,633.1786670497614
201900.0,4578902.915731884,274766.87939743197,4578937.993491777,-244.58400703408327,1452.780673007502,-244.25781747574698,-6.705004645510155,-0.40305881074845046,-6.705056169641478,17430.344161773057,0.0,0.2055418267503148,1.9282774277535222,2255743.600971862,633.1786670497614
202000.0,4578878.423806071,274912.15544907114,4578913.534184663,-245.2545100768692,1452.7403560999828,-244.92832567339627,-6.705056240452839,-0.4032793452704652,-6.705107813589731,17430.344161773057,0.0,0.2055418267503148,1.9282774277535222,2255743.600971862,633.1786670497614
202100.0,4578853.864829696,275057.4274679168,4578889.00782647,-245.92501828822208,1452.7000171373181,-245.5988390445134,-6.705108016843052,-0.40349991368461063,-6.705159638992044,17430.344161773057,0.0,0.2055418267503148,1.9282774277535222,2255743.600971862,633.1786670497614
202200.0,4578829.23880224,275202.6954517633,4578864.414416681,-246.59553168628486,1452.6596561161114,-246.26935760724194,-6.705159974644829,-0.4037205161340811,-6.705211645812489,17430.344161773057,0.0,0.2055418267503148,1.9282774277535222,2255743.600971862,633.1786670497614
202300.0,4578804.545723185,275347.9593984046,4578839.753954776,-247.26605028919687,1452.619273032952,-246.93988137972195,-6.705212113821834,-0.4039411527630855,-6.705263834014757,17430.344161773057,0.0,0.2055418267503148,1.9282774277535222,2255743.600971862,633.1786670497614
202400.0,4578779.785592008,275493.2193056343,4578815.026440231,-247.93657411509383,1452.5788678844146,-247.61041038008975,-6.705264434337365,-0.4041618237168555,-6.705316203562182,17430.344161773057,0.0,0.2055418267503148,1.9282774277535222,2255743.600971862,633.1786670497614
202500.0,4578754.958408187,275638.4751712458,4578790.231872524,-248.60710318210772,1452.5384406670596,-248.280944626478,-6.7053169361543405,-0.4043825291416556,-6.705368754417715,17430.344161773057,0.0,0.2055418267503148,1.9282774277535222,2255743.600971862,633.1786670497614
202600.0,4578730.064171197,275783.726993032,4578765.37025113,-249.27763750836684,1452.4979913774323,-248.95148413701565,-6.7053696192352925,-0.4046032691847903,-6.70542148654392,17430.344161773057,0.0,0.2055418267503148,1.9282774277535222,2255743.600971862,633.1786670497614
202700.0,4578705.10288051,275928.9747687854,4578740.441575521,-249.94817711199568,1452.4575200120637,-249.62202892982788,-6.70542248354239,-0.404824043994617,-6.705474399903,17430.344161773057,0.0,0.2055418267503148,1.9282774277535222,2255743.600971862,633.1786670497614
202800.0,4578680.074535598,276074.2184962984,4578715.445845167,-250.61872201111493,1452.4170265674695,-250.29257902303607,-6.70547552903739,-0.4050448537205515,-6.705527494456745,17430.344161773057,0.0,0.2055418267503148,1.9282774277535222,2255743.600971862,633.1786670497614
202900.0,4578654.979135931,276219.45817336283,4578690.383059539,-251.28927222384146,1452.3765110401507,-250.96313443475776,-6.7055287556816685,-0.4052656985130799,-6.705580770166567,17430.344161773057,0.0,0.2055418267503148,1.9282774277535222,2255743.600971862,633.1786670497614
203000.0,4578629.816680975,276364.69379777025,4578665.253218102,-251.95982776828828,1452.335973426593,-251.63369518310662,-6.7055821634362065,-0.40548657852376824,-6.705634226993478,17430.344161773057,0.0,0.2055418267503148,1.9282774277535222,2255743.600971862,633.1786670497614
203100.0,4578604.587170199,276509.92536731187,4578640.056320324,-252.6303886625644,1452.2954137232668,-252.3042612861924,-6.705635752261577,-0.4057074939052706,-6.705687864898087,17430.344161773057,0.0,0.2055418267503148,1.9282774277535222,2255743.600971862,633.1786670497614
203200.0,4578579.290603064,276655.15287977847,4578614.7923656665,-253.30095492477494,1452.2548319266277,-252.97483276212085,-6.705689522117955,-0.4059284448113407,-6.705741683840606,17430.344161773057,0.0,0.2055418267503148,1.9282774277535222,2255743.600971862,633.1786670497614
203300.0,4578553.926979034,276800.3763329606,4578589.461353592,-253.971526573021,1452.2142280331152,-253.64540962899378,-6.705743472965107,-0.4061494313968413,-6.705795683780832,17430.344161773057,0.0,0.2055418267503148,1.9282774277535222,2255743.600971862,633.1786670497614
203400.0,4578528.496297569,276945.5957246484,4578564.06328356,-254.64210362539964,1452.1736020391538,-254.3159919049089,-6.705797604762378,-0.4063704538177531,-6.705849864678149,17430.344161773057,0.0,0.2055418267503148,1.9282774277535222,2255743.600971862,633.1786670497614
203500.0,4578502.998558128,277090.81105263164,4578538.598155029,-255.3126861000038,1452.132953941152,-254.98657960795992,-6.705851917468702,-0.40659151223118634,-6.705904226491523,17430.344161773057,0.0,0.2055418267503148,1.9282774277535222,2255743.600971862,633.1786670497614
203600.0,4578477.433760168,277236.0223146997,4578513.065967456,-255.9832740149223,1452.0922837355026,-255.65717275623635,-6.705906411042591,-0.4068126067953903,-6.705958769179501,17430.344161773057,0.0,0.2055418267503148,1.9282774277535222,2255743.600971862,633.1786670497614
203700.0,4578451.8019031435,277381.2295086417,4578487.466720296,-256.65386738823986,1452.0515914185826,-256.3277713678236,-6.7059610854421186,-0.4070337376697631,-6.706013492700197,17430.344161773057,0.0,0.2055418267503148,1.9282774277535222,2255743.600971862,633.1786670497614
203800.0,4578426.102986508,277526.4326322463,4578461.800413,-257.32446623803685,1452.010876986753,-256.9983754608027,-6.7060159406249396,-0.4072549050148638,-6.706068397011301,17430.344161773057,0.0,0.2055418267503148,1.9282774277535222,2255743.600971862,633.1786670497614
203900.0,4578400.337009713,277671.63168330176,4578436.067045021,-257.99507058238953,1451.9701404363584,-257.66898505325076,-6.70607097654827,-0.40747610899242115,-6.706123482070061,17430.344161773057,0.0,0.2055418267503148,1.9282774277535222,2255743.600971862,633.1786670497614
204000.0,4578374.503972208,277816.8266595961,4578410.266615806,-258.66568043936974,1451.9293817637279,-258.3396001632402,-6.7061261931688785,-0.40769734976534494,-6.706178747833288,17430.344161773057,0.0,0.2055418267503148,1.9282774277535222,2255743.600971862,633.1786670497614
204100.0,4578348.603873441,277962.01755891694,4578384.399124804,-259.3362958270451,1451.8886009651733,-259.01022080883945,-6.706181590443093,-0.40791862749773666,-6.70623419425734,17430.344161773057,0.0,0.2055418267503148,1.9282774277535222,2255743.600971862,633.1786670497614
204200.0,4578322.6367128575,278107.20437905146,4578358.464571459,-260.00691676347867,1451.8477980369908,-259.68084700811227,-6.706237168326793,-0.4081399423549015,-6.706289821298142,17430.344161773057,0.0,0.2055418267503148,1.9282774277535222,2255743.600971862,633.1786670497614
204300.0,4578296.602489903,278252.38711778657,4578332.462955216,-260.6775432667293,1451.8069729754593,-260.35147877911817,-6.706292926775398,-0.4083612945033562,-6.706345628911144,17430.344161773057,0.0,0.2055418267503148,1.9282774277535222,2255743.600971862,633.1786670497614
204400.0,4578270.5012040185,278397.5657729087,4578306.394275516,-261.3481753548511,1451.7661257768414,-261.0221161399121,-6.706348865743876,-0.40858268411084414,-6.7064016170513545,17430.344161773057,0.0,0.2055418267503148,1.9282774277535222,2255743.600971862,633.1786670497614
204500.0,4578244.332854645,278542.74034220394,4578280.2585318005,-262.01881304589386,1451.7252564373828,-261.6927591085445,-6.706404985186707,-0.4088041113463423,-6.706457785673292,17430.344161773057,0.0,0.2055418267503148,1.9282774277535222,2255743.600971862,633.1786670497614
204600.0,4578218.0974412225,278687.91082345805,4578254.055723507,-262.6894563579027,1451.684364953312,-262.3634077030613,-6.70646128505793,-0.4090255763800767,-6.706514134731032,17430.344161773057,0.0,0.2055418267503148,1.9282774277535222,2255743.600971862,633.1786670497614
204700.0,4578191.794963187,278833.07721445634,4578227.785850072,-263.36010530891815,1451.643451320841,-263.0340619415037,-6.706517765311094,-0.40924707938353116,-6.706570664178166,17430.344161773057,0.0,0.2055418267503148,1.9282774277535222,2255743.600971862,633.1786670497614
204800.0,4578165.425419972,278978.2395129838,4578201.44891093,-264.0307599169761,1451.602515536164,-263.70472184190834,-6.706574425899267,-0.4094686205294592,-6.706627373967799,17430.344161773057,0.0,0.2055418267503148,1.9282774277535222,2255743.600971862,633.1786670497614
204900.0,4578138.988811014,279123.3977168251,4578175.044905514,-264.7014202001076,1451.561557595458,-264.3753874223071,-6.706631266775044,-0.4096901999918966,-6.706684264052561,17430.344161773057,0.0,0.2055418267503148,1.9282774277535222,2255743.600971862,633.1786670497614
205000.0,4578112.485135742,279268.5518237643,4578148.573833256,-265.37208617633905,1451.5205774948827,-265.0460587007271,-6.706688287890508,-0.4099118179461716,-6.706741334384581,17430.344161773057,0.0,0.2055418267503148,1.9282774277535222,2255743.600971862,633.1786670497614
205100.0,4578085.914393588,279413.70183158526,4578122.035693584,-266.04275786369203,1451.47957523058,-265.71673569519066,-6.706745489197267,-0.4101334745689185,-6.706798584915504,17430.344161773057,0.0,0.2055418267503148,1.9282774277535222,2255743.600971862,633.1786670497614
205200.0,4578059.276583979,279558.84773807146,4578095.430485926,-266.71343528018326,1451.438550798674,-266.3874184237152,-6.706802870646415,-0.4103551700380882,-6.706856015596461,17430.344161773057,0.0,0.2055418267503148,1.9282774277535222,2255743.600971862,633.1786670497614
205300.0,4578032.571706341,279703.9895410059,4578068.758209707,-267.38411844382443,1451.3975041952715,-267.05810690431326,-6.706860432188548,-0.41057690453296153,-6.706913626378094,17430.344161773057,0.0,0.2055418267503148,1.9282774277535222,2255743.600971862,633.1786670497614
205400.0,4578005.799760098,279849.12723817135,4578042.018864352,-268.0548073726224,1451.3564354164607,-267.7288011549925,-6.706918173773746,-0.41079867823416083,-6.7069714172105215,17430.344161773057,0.0,0.2055418267503148,1.9282774277535222,2255743.600971862,633.1786670497614
205500.0,4577978.960744673,279994.2608273499,4578015.212449283,-268.7255020845789,1451.3153444583118,-268.3995011937554,-6.7069760953515685,-0.4110204913236614,-6.707029388043341,17430.344161773057,0.0,0.2055418267503148,1.9282774277535222,2255743.600971862,633.1786670497614
205600.0,4577952.054659488,280139.39030632353,4577988.33896392,-269.3962025976908,1451.274231316877,-269.07020703859945,-6.707034196871059,-0.4112423439848063,-6.7070875388256415,17430.344161773057,0.0,0.2055418267503148,1.9282774277535222,2255743.600971862,633.1786670497614
205700.0,4577925.08150396,280284.5156728737,4577961.398407682,-270.0669089299495,1451.2330959881897,-269.7409187075171,-6.707092478280732,-0.4114642364023171,-6.7071458695059745,17430.344161773057,0.0,0.2055418267503148,1.9282774277535222,2255743.600971862,633.1786670497614
205800.0,4577898.041277507,280429.6369247815,4577934.390779984,-270.7376210993415,1451.191938468265,-270.4116362184955,-6.707150939528565,-0.41168616876230735,-6.707204380032363,17430.344161773057,0.0,0.2055418267503148,1.9282774277535222,2255743.600971862,633.1786670497614
205900.0,4577870.933979545,280574.75405982754,4577907.316080242,-271.408339123848,1451.1507587530996,-271.08235958951667,-6.707209580561989,-0.41190814125229425,-6.707263070352283,17430.344161773057,0.0,0.2055418267503148,1.9282774277535222,2255743.600971862,633.1786670497614
206000.0,4577843.759609487,280719.86707579216,4577880.17430787,-272.07906302144494,1451.1095568386706,-271.7530888385573,-6.707268401327912,-0.41213015406121417,-6.707321940412678,17430.344161773057,0.0,0.2055418267503148,1.9282774277535222,2255743.600971862,633.1786670497614
206100.0,4577816.518166744,280864.9759704552,4577852.965462278,-272.74979281010286,1451.068332720937,-272.42382398358876,-6.707327401772666,-0.4123522073794329,-6.707380990159925,17430.344161773057,0.0,0.2055418267503148,1.9282774277535222,2255743.600971862,633.1786670497614
206200.0,4577789.209650728,281010.0807415961,4577825.689542876,-273.42052850778697,1451.027086395838,-273.094565042577,-6.707386581842034,-0.4125743013987606,-6.707440219539853,17430.344161773057,0.0,0.2055418267503148,1.9282774277535222,2255743.600971862,633.1786670497614
206300.0,4577761.834060845,281155.18138699397,4577798.346549071,-274.09127013245694,1450.985817859294,-273.76531203348264,-6.707445941481241,-0.41279643631246554,-6.7074996284977315,17430.344161773057,0.0,0.2055418267503148,1.9282774277535222,2255743.600971862,633.1786670497614
206400.0,4577734.391396503,281300.27790442744,4577770.936480271,-274.76201770206706,1450.9445271072059,-274.43606497426066,-6.707505480634936,-0.4130186123152857,-6.707559216978248,17430.344161773057,0.0,0.2055418267503148,1.9282774277535222,2255743.600971862,633.1786670497614
206500.0,4577706.881657106,281445.37029167474,4577743.459335878,-275.4327712345659,1450.9032141354548,-275.1068238828605,-6.7075651992472025,-0.41324082960344555,-6.707618984925533,17430.344161773057,0.0,0.2055418267503148,1.9282774277535222,2255743.600971862,633.1786670497614
206600.0,4577679.304842057,281590.45854651375,4577715.915115294,-276.10353074789657,1450.8618789399025,-275.7775887772261,-6.707625097261532,-0.4134630883746661,-6.707678932283122,17430.344161773057,0.0,0.2055418267503148,1.9282774277535222,2255743.600971862,633.1786670497614
206700.0,4577651.660950757,281735.5426667218,4577688.303817921,-276.7742962599964,1450.8205215163905,-276.44835967529553,-6.70768517462083,-0.4136853888281817,-6.707739058993968,17430.344161773057,0.0,0.2055418267503148,1.9282774277535222,2255743.600971862,633.1786670497614
206800.0,4577623.949982604,281880.62265007594,4577660.625443158,-277.44506778879696,1450.7791418607408,-277.11913659500135,-6.707745431267414,-0.4139077311647532,-6.70779936500043,17430.344161773057,0.0,0.2055418267503148,1.9282774277535222,2255743.600971862,633.1786670497614
206900.0,4577596.171936997,282025.69849435275,4577632.879990401,-278.11584535222414,1450.7377399687548,-277.78991955427017,-6.707805867142996,-0.41413011558668195,-6.707859850244268,17430.344161773057,0.0,0.2055418267503148,1.9282774277535222,2255743.600971862,633.1786670497614
207000.0,4577568.326813332,282170.77019732835,4577605.067459045,-278.7866289681979,1450.696315836214,-278.4607085710228,-6.707866482188685,-0.41435254229782464,-6.707920514666636,17430.344161773057,0.0,0.2055418267503148,1.9282774277535222,2255743.600971862,633.1786670497614
207100.0,4577540.4146110015,282315.8377567785,4577577.187848484,-279.4574186546322,1450.654869458879,-279.1315036631741,-6.707927276344972,-0.41457501150360726,-6.707981358208072,17430.344161773057,0.0,0.2055418267503148,1.9282774277535222,2255743.600971862,633.1786670497614
207200.0,4577512.435329398,282460.9011704785,4577549.241158109,-280.1282144294352,1450.61340083249,-279.802304848633,-6.7079882495517325,-0.41479752341104054,-6.7080423808084975,17430.344161773057,0.0,0.2055418267503148,1.9282774277535222,2255743.600971862,633.1786670497614
207300.0,4577484.388967912,282605.9604362032,4577521.22738731,-280.7990163105089,1450.5719099527664,-280.4731121453024,-6.7080494017482115,-0.415020078228734,-6.708103582407205,17430.344161773057,0.0,0.2055418267503148,1.9282774277535222,2255743.600971862,633.1786670497614
207400.0,4577456.275525931,282751.01555172715,4577493.146535476,-281.4698243157491,1450.530396815407,-281.143925571079,-6.708110732873029,-0.41524267616691213,-6.708164962942861,17430.344161773057,0.0,0.2055418267503148,1.9282774277535222,2255743.600971862,633.1786670497614
207500.0,4577428.095002844,282896.0665148243,4577464.998601992,-282.14063846304566,1450.4888614160886,-281.8147451438535,-6.708172242864152,-0.41546531743742726,-6.7082265223534785,17430.344161773057,0.0,0.2055418267503148,1.9282774277535222,2255743.600971862,633.1786670497614
207600.0,4577399.847398033,283041.1133232682,4577436.783586242,-282.81145877028206,1450.4473037504679,-282.4855708815101,-6.7082339316589135,-0.415688002253778,-6.708288260576444,17430.344161773057,0.0,0.2055418267503148,1.9282774277535222,2255743.600971862,633.1786670497614
207700.0,4577371.532710884,283186.155974832,4577408.50148761,-283.48228525533546,1450.4057238141793,-283.1564028019271,-6.7082957991939836,-0.41591073083112134,-6.708350177548471,17430.344161773057,0.0,0.2055418267503148,1.9282774277535222,2255743.600971862,633.1786670497614
207800.0,4577343.150940776,283331.1944672885,4577380.152305475,-284.15311793607674,1450.364121602836,-283.827240922976,-6.70835784540538,-0.4161335033862915,-6.708412273205628,17430.344161773057,0.0,0.2055418267503148,1.9282774277535222,2255743.600971862,633.1786670497614
207900.0,4577314.702087089,283476.2287984099,4577351.7360392185,-284.82395683037026,1450.322497112029,-284.4980852625222,-6.7084200702284456,-0.41635632013781293,-6.708474547483306,17430.344161773057,0.0,0.2055418267503148,1.9282774277535222,2255743.600971862,633.1786670497614
208000.0,4577286.186149202,283621.2589659681,4577323.252688215,-285.49480195607396,1450.2808503373278,-285.1689358384245,-6.708482473597854,-0.41657918130591853,-6.7085370003162295,17430.344161773057,0.0,0.2055418267503148,1.9282774277535222,2255743.600971862,633.1786670497614
208100.0,4577257.6031264905,283766.2849677344,4577294.702251842,-286.16565333103915,1450.2391812742799,-285.8397926685351,-6.708545055447586,-0.416802087112563,-6.708599631638428,17430.344161773057,0.0,0.2055418267503148,1.9282774277535222,2255743.600971862,633.1786670497614
208200.0,4577228.953018327,283911.30680147983,4577266.084729472,-286.8365109731106,1450.19748991841,-286.5106557706996,-6.708607815710946,-0.41702503778144245,-6.708662441383259,17430.344161773057,0.0,0.2055418267503148,1.9282774277535222,2255743.600971862,633.1786670497614
208300.0,4577200.235824086,284056.32446497487,4577237.400120478,-287.50737490012625,1450.1557762652205,-287.18152516275694,-6.708670754320535,-0.41724803353800843,-6.708725429483372,17430.344161773057,0.0,0.2055418267503148,1.9282774277535222,2255743.600971862,633.1786670497614
208400.0,4577171.4515431365,284201.3379559895,4577208.64842423,-288.17824512991734,1450.1140403101917,-287.8524008625392,-6.708733871208252,-0.4174710746094851,-6.708788595870718,17430.344161773057,0.0,0.2055418267503148,1.9282774277535222,2255743.600971862,633.1786670497614
208500.0,4577142.600174849,284346.34727229335,4577179.829640095,-288.84912168030826,1450.0722820487806,-288.5232828878717,-6.70879716630528,-0.4176941612248862,-6.70885194047653,17430.344161773057,0.0,0.2055418267503148,1.9282774277535222,2255743.600971862,633.1786670497614
208600.0,4577113.68171859,284491.35241165553,4577150.9437674405,-289.5200045691164,1450.030501476421,-289.1941712565728,-6.708860639542085,-0.4179172936150317,-6.708915463231327,17430.344161773057,0.0,0.2055418267503148,1.9282774277535222,2255743.600971862,633.1786670497614
208700.0,4577084.696173724,284636.35337184474,4577121.9908056315,-290.1908938141523,1449.988698588524,-289.86506598645394,-6.7089242908484055,-0.4181404720125659,-6.708979164064901,17430.344161773057,0.0,0.2055418267503148,1.9282774277535222,2255743.600971862,633.1786670497614
208800.0,4577055.643539615,284781.35015062924,4577092.970754031,-290.8617894332193,1449.946873380477,-290.5359670953194,-6.708988120153247,-0.41836369665197354,-6.709043042906309,17430.344161773057,0.0,0.2055418267503148,1.9282774277535222,2255743.600971862,633.1786670497614
208900.0,4577026.523815624,284926.3427457767,4577063.883611999,-291.5326914441138,1449.9050258476443,-291.2068746009664,-6.70905212738487,-0.4185869677695976,-6.709107099683866,17430.344161773057,0.0,0.2055418267503148,1.9282774277535222,2255743.600971862,633.1786670497614
209000.0,4576997.337001112,285071.33115505445,4577034.729378897,-292.2035998646248,1449.863155985366,-291.8777885211849,-6.709116312470781,-0.41881028560365713,-6.709171334325132,17430.344161773057,0.0,0.2055418267503148,1.9282774277535222,2255743.600971862,633.1786670497614
209100.0,4576968.083095437,285216.3153762293,4577005.50805408,-292.874514712534,1449.8212637889583,-292.54870887375773,-6.709180675337735,-0.41903365039426504,-6.7092357467569155,17430.344161773057,0.0,0.2055418267503148,1.9282774277535222,2255743.600971862,633.1786670497614
209200.0,4576938.762097955,285361.2954070676,4576976.219636907,-293.5454360056159,1449.7793492537137,-293.2196356764602,-6.7092452159117055,-0.4192570623834455,-6.709300336905244,17430.344161773057,0.0,0.2055418267503148,1.9282774277535222,2255743.600971862,633.1786670497614
209300.0,4576909.37400802,285506.2712453352,4576946.86412673,-294.2163637616374,1449.7374123749,-293.8905689470602,-6.709309934117911,-0.41948052181515416,-6.709365104695391,17430.344161773057,0.0,0.2055418267503148,1.9282774277535222,2255743.600971862,633.1786670497614
209400.0,4576879.918824987,285651.2428887976,4576917.441522901,-294.887297998358,1449.6954531477609,-294.56150870331817,-6.709374829880775,-0.41970402893529424,-6.709430050051836,17430.344161773057,0.0,0.2055418267503148,1.9282774277535222,2255743.600971862,633.1786670497614
209500.0,4576850.396548204,285796.2103352197,4576887.951824772,-295.55823873352955,1449.653471567515,-295.23245496298694,-6.70943990312392,-0.4199275839917355,-6.709495172898257,17430.344161773057,0.0,0.2055418267503148,1.9282774277535222,2255743.600971862,633.1786670497614
209600.0,4576820.807177023,285941.17358236585,4576858.3950316915,-296.2291859848962,1449.6114676293562,-295.9034077438116,-6.709505153770185,-0.4201511872343348,-6.70956047315755,17430.344161773057,0.0,0.2055418267503148,1.9282774277535222,2255743.600971862,633.1786670497614
209700.0,4576791.1507107895,286086.1326280001,4576828.771143006,-296.9001397701944,1449.5694413284534,-296.5743670635296,-6.709570581741586,-0.4203748389149527,-6.709625950751788,17430.344161773057,0.0,0.2055418267503148,1.9282774277535222,2255743.600971862,633.1786670497614
209800.0,4576761.427148851,286231.08746988594,4576799.08015806,-297.57110010715274,1449.5273926599502,-297.24533293987054,-6.709636186959331,-0.42059853928747454,-6.709691605602234,17430.344161773057,0.0,0.2055418267503148,1.9282774277535222,2255743.600971862,633.1786670497614
209900.0,4576731.636490549,286376.03810578637,4576769.322076199,-298.24206701349186,1449.4853216189645,-297.916305390556,-6.709701969343796,-0.4208222886078291,-6.709757437629326,17430.344161773057,0.0,0.2055418267503148,1.9282774277535222,2255743.600971862,633.1786670497614
210000.0,4576701.778735228,286520.98453346384,4576739.496896762,-298.9130405069244,1449.4432282005885,-298.5872844332996,-6.709767928814518,-0.421046087134007,-6.7098234467526545,17430.344161773057,0.0,0.2055418267503148,1.9282774277535222,2255743.600971862,633.1786670497614
210100.0,4576671.853882227,286665.9267506804,4576709.604619091,-299.58402060515493,1449.4011123998887,-299.258270085807,-6.709834065290193,-0.4212699351260824,-6.7098896328909765,17430.344161773057,0.0,0.2055418267503148,1.9282774277535222,2255743.600971862,633.1786670497614
210200.0,4576641.861930885,286810.86475519754,4576679.645242524,-300.2550073258799,1449.3589742119057,-299.92926236577557,-6.70990037868867,-0.42149383284623293,-6.709955995962201,17430.344161773057,0.0,0.2055418267503148,1.9282774277535222,2255743.600971862,633.1786670497614
210300.0,4576611.8028805405,286955.79854477633,4576649.618766397,-300.92600068678735,1449.316813631653,-300.6002612908944,-6.709966868926915,-0.4217177805587569,-6.710022535883348,17430.344161773057,0.0,0.2055418267503148,1.9282774277535222,2255743.600971862,633.1786670497614
210400.0,4576581.676730527,287100.72811717726,4576619.525190044,-301.59700070555715,1449.2746306541185,-301.2712668788444,-6.710033535921044,-0.4219417785300986,-6.710089252570601,17430.344161773057,0.0,0.2055418267503148,1.9282774277535222,2255743.600971862,633.1786670497614
210500.0,4576551.483480177,287245.6534701604,4576589.364512798,-302.2680073998606,1449.2324252742628,-301.94227914729794,-6.7101003795862795,-0.4221658270288649,-6.71015614593924,17430.344161773057,0.0,0.2055418267503148,1.9282774277535222,2255743.600971862,633.1786670497614
210600.0,4576521.223128824,287390.5746014852,4576559.136733991,-302.93902078736056,1449.1901974870195,-302.6132981139188,-6.7101673998369495,-0.422389926325847,-6.7102232159036515,17430.344161773057,0.0,0.2055418267503148,1.9282774277535222,2255743.600971862,633.1786670497614
210700.0,4576490.895675796,287535.4915089107,4576528.841852952,-303.61004088571127,1449.1479472872952,-303.2843237963623,-6.71023459658649,-0.42261407669404283,-6.710290462377337,17430.344161773057,0.0,0.2055418267503148,1.9282774277535222,2255743.600971862,633.1786670497614
210800.0,4576460.501120422,287680.40419019543,4576498.479869007,-304.28106771255824,1449.1056746699692,-303.955356212275,-6.710301969747425,-0.42283827840867744,-6.710357885272879,17430.344161773057,0.0,0.2055418267503148,1.9282774277535222,2255743.600971862,633.1786670497614
210900.0,4576430.039462028,287825.3126430973,4576468.050781484,-304.9521012855382,1449.0633796298928,-304.62639537929465,-6.710369519231349,-0.4230625317472237,-6.710425484501939,17430.344161773057,0.0,0.2055418267503148,1.9282774277535222,2255743.600971862,633.1786670497614
211000.0,4576399.510699939,287970.21686537383,4576437.554589706,-305.623141622279,1449.0210621618896,-305.2974413150502,-6.710437244948933,-0.4232868369894252,-6.710493259975246,17430.344161773057,0.0,0.2055418267503148,1.9282774277535222,2255743.600971862,633.1786670497614
211100.0,4576368.914833478,288115.1168547819,4576406.9912929945,-306.2941887403994,1448.9787222607554,-305.9684940371615,-6.710505146809911,-0.42351119441731844,-6.710561211602602,17430.344161773057,0.0,0.2055418267503148,1.9282774277535222,2255743.600971862,633.1786670497614
211200.0,4576338.251861964,288260.012609078,4576376.360890672,-306.96524265750935,1448.9363599212572,-306.6395535632395,-6.710573224723058,-0.42373560431525314,-6.710629339292843,17430.344161773057,0.0,0.2055418267503148,1.9282774277535222,2255743.600971862,633.1786670497614
211300.0,4576307.521784719,288404.90412601805,4576345.663382055,-307.63630339120937,1448.8939751381338,-307.31061991088575,-6.710641478596188,-0.4239600669699167,-6.710697642953851,17430.344161773057,0.0,0.2055418267503148,1.9282774277535222,2255743.600971862,633.1786670497614
211400.0,4576276.724601058,288549.79140335735,4576314.898766462,-308.3073709590908,1448.851567906095,-307.9816930976928,-6.710709908336156,-0.4241845826703563,-6.710766122492539,17430.344161773057,0.0,0.2055418267503148,1.9282774277535222,2255743.600971862,633.1786670497614
211500.0,4576245.860310298,288694.6744388508,4576284.067043207,-308.97844537873567,1448.8091382198218,-308.6527731412437,-6.710778513848819,-0.4244091517080008,-6.710834777814837,17430.344161773057,0.0,0.2055418267503148,1.9282774277535222,2255743.600971862,633.1786670497614
211600.0,4576214.928911753,288839.55323025264,4576253.168211604,-309.6495266677165,1448.7666860739657,-309.32386005911206,-6.710847295039054,-0.42463377437668537,-6.710903608825686,17430.344161773057,0.0,0.2055418267503148,1.9282774277535222,2255743.600971862,633.1786670497614
211700.0,4576183.930404735,288984.42777531676,4576222.202270965,-310.3206148435962,1448.724211463149,-309.99495386886196,-6.710916251810725,-0.4248584509726729,-6.710972615429018,17430.344161773057,0.0,0.2055418267503148,1.9282774277535222,2255743.600971862,633.1786670497614
211800.0,4576152.864788554,289129.2980717963,4576191.1692206,-310.9917099239281,1448.6817143819637,-310.66605458804776,-6.710985384066689,-0.42508318179468013,-6.711041797527754,17430.344161773057,0.0,0.2055418267503148,1.9282774277535222,2255743.600971862,633.1786670497614
211900.0,4576121.732062519,289274.16411744396,4576160.069059817,-311.66281192625576,1448.6391948249725,-311.3371622342141,-6.71105469170877,-0.42530796714389885,-6.711111155023791,17430.344161773057,0.0,0.2055418267503148,1.9282774277535222,2255743.600971862,633.1786670497614
212000.0,4576090.532225937,289419.0259100119,4576128.901787922,-312.3339208681128,1448.5966527867072,-312.00827682489574,-6.71112417463777,-0.4255328073240231,-6.7111806878179925,17430.344161773057,0.0,0.2055418267503148,1.9282774277535222,2255743.600971862,633.1786670497614
212100.0,4576059.265278113,289563.88344725175,4576097.6674042195,-313.0050367670229,1448.5540882616697,-312.6793983776176,-6.711193832753422,-0.4257577026412696,-6.711250395810165,17430.344161773057,0.0,0.2055418267503148,1.9282774277535222,2255743.600971862,633.1786670497614
212200.0,4576027.931218351,289708.73672691453,4576066.365908014,-313.67615964049963,1448.5115012443307,-313.3505269098943,-6.71126366595442,-0.4259826534044066,-6.711320278899072,17430.344161773057,0.0,0.2055418267503148,1.9282774277535222,2255743.600971862,633.1786670497614
212300.0,4575996.530045953,289853.5857467507,4576034.997298605,-314.34728950604654,1448.4688917291303,-314.0216624392305,-6.711333674138382,-0.4262076599247757,-6.711390336982399,17430.344161773057,0.0,0.2055418267503148,1.9282774277535222,2255743.600971862,633.1786670497614
212400.0,4575965.061760217,289998.43050451024,4576003.561575293,-315.01842638115664,1448.4262597104769,-314.6928049831205,-6.711403857201835,-0.42643272251631803,-6.711460569956748,17430.344161773057,0.0,0.2055418267503148,1.9282774277535222,2255743.600971862,633.1786670497614
212500.0,4575933.526360442,290143.2709979425,4575972.058737374,-315.6895702833127,1448.3836051827475,-315.36395455904807,-6.711474215040226,-0.42665784149560043,-6.711530977717634,17430.344161773057,0.0,0.2055418267503148,1.9282774277535222,2255743.600971862,633.1786670497614
212600.0,4575901.923845925,290288.10722479626,4575940.488784146,-316.360721229987,1448.3409281402876,-316.0351111844867,-6.711544747547882,-0.42688301718183935,-6.711601560159459,17430.344161773057,0.0,0.2055418267503148,1.9282774277535222,2255743.600971862,633.1786670497614
212700.0,4575870.254215961,290432.93918281986,4575908.851714902,-317.03187923864107,1448.2982285774103,-316.7062748768991,-6.711615454618023,-0.4271082498969283,-6.7116723171755135,17430.344161773057,0.0,0.2055418267503148,1.9282774277535222,2255743.600971862,633.1786670497614
212800.0,4575838.517469842,290577.7668697609,4575877.147528934,-317.7030443267258,1448.2555064883966,-317.37744565373737,-6.711686336142736,-0.427333539965464,-6.711743248657958,17430.344161773057,0.0,0.2055418267503148,1.9282774277535222,2255743.600971862,633.1786670497614
212900.0,4575806.71360686,290722.59028336644,4575845.376225534,-318.37421651168114,1448.2127618674947,-318.04862353244266,-6.711757392012966,-0.4275588877147721,-6.711814354497809,17430.344161773057,0.0,0.2055418267503148,1.9282774277535222,2255743.600971862,633.1786670497614
213000.0,4575774.8426263025,290867.4094213831,4575813.53780399,-319.0453958109362,1448.16999470892,-318.7198085304452,-6.711828622118505,-0.4277842934749349,-6.711885634584937,17430.344161773057,0.0,0.2055418267503148,1.9282774277535222,2255743.600971862,633.1786670497614
213100.0,4575742.904527459,291012.2242815568,4575781.63226359,-319.71658224190895,1448.1272050068549,-319.3910006651642,-6.711900026347974,-0.428009757578817,-6.711957088808036,17430.344161773057,0.0,0.2055418267503148,1.9282774277535222,2255743.600971862,633.1786670497614
213200.0,4575710.899309616,291157.03486163286,4575749.659603618,-320.3877758220062,1448.084392755448,-320.0621999540076,-6.711971604588815,-0.42823528036209446,-6.712028717054624,17430.344161773057,0.0,0.2055418267503148,1.9282774277535222,2255743.600971862,633.1786670497614
213300.0,4575678.826972056,291301.84115935606,4575717.61982336,-321.05897656862334,1448.0415579488151,-320.7334064143721,-6.712043356727277,-0.428460862163281,-6.7121005192110275,17430.344161773057,0.0,0.2055418267503148,1.9282774277535222,2255743.600971862,633.1786670497614
213400.0,4575646.687514063,291446.64317247056,4575685.512922096,-321.7301844991444,1447.998700581037,-321.40462006364294,-6.712115282648412,-0.42868650332375746,-6.712172495162372,17430.344161773057,0.0,0.2055418267503148,1.9282774277535222,2255743.600971862,633.1786670497614
213500.0,4575614.480934917,291591.44089872,4575653.338899107,-322.4013996309419,1447.9558206461604,-322.07584091919387,-6.712187382236041,-0.42891220418779796,-6.712244644792559,17430.344161773057,0.0,0.2055418267503148,1.9282774277535222,2255743.600971862,633.1786670497614
213600.0,4575582.2072338965,291736.2343358474,4575621.097753671,-323.0726219813766,1447.9129181381977,-322.74706899838685,-6.712259655372759,-0.42913796510260094,-6.712316967984261,17430.344161773057,0.0,0.2055418267503148,1.9282774277535222,2255743.600971862,633.1786670497614
213700.0,4575549.86641028,291881.02348159504,4575588.789485065,-323.74385156779744,1447.8699930511266,-323.41830431857215,-6.712332101939914,-0.4293637864183152,-6.712389464618906,17430.344161773057,0.0,0.2055418267503148,1.9282774277535222,2255743.600971862,633.1786670497614
213800.0,4575517.458463341,292025.8083337048,4575556.414092565,-324.41508840754153,1447.8270453788891,-324.0895468970881,-6.712404721817592,-0.4295896684880717,-6.71246213457666,17430.344161773057,0.0,0.2055418267503148,1.9282774277535222,2255743.600971862,633.1786670497614
213900.0,4575484.983392355,292170.58888991777,4575523.971575444,-325.0863325179339,1447.7840751153922,-324.7607967512609,-6.712477514884618,-0.42981561166801185,-6.712534977736427,17430.344161773057,0.0,0.2055418267503148,1.9282774277535222,2255743.600971862,633.1786670497614
214000.0,4575452.441196594,292315.3651479746,4575491.461932972,-325.75758391628733,1447.7410822545066,-325.4320538984047,-6.71255048101851,-0.4300416163173162,-6.712607993975806,17430.344161773057,0.0,0.2055418267503148,1.9282774277535222,2255743.600971862,633.1786670497614
214100.0,4575419.831875329,292460.13710561517,4575458.88516442,-326.42884261990235,1447.6980667900677,-326.1033183558213,-6.712623620095509,-0.43026768279823774,-6.712681183171116,17430.344161773057,0.0,0.2055418267503148,1.9282774277535222,2255743.600971862,633.1786670497614
214200.0,4575387.155427827,292604.9047605789,4575426.241269057,-327.10010864606704,1447.6550287158739,-326.77459014079994,-6.712696931990519,-0.43049381147612825,-6.712754545197352,17430.344161773057,0.0,0.2055418267503148,1.9282774277535222,2255743.600971862,633.1786670497614
214300.0,4575354.411853355,292749.66811060446,4575393.530246147,-327.77138201205685,1447.611968025687,-327.44586927061755,-6.712770416577132,-0.43072000271947297,-6.7128280799281805,17430.344161773057,0.0,0.2055418267503148,1.9282774277535222,2255743.600971862,633.1786670497614
214400.0,4575321.6011511795,292894.42715342995,4575360.752094957,-328.4426627351346,1447.5688847132321,-328.1171557625382,-6.712844073727576,-0.4309462568999173,-6.7129017872359205,17430.344161773057,0.0,0.2055418267503148,1.9282774277535222,2255743.600971862,633.1786670497614
214500.0,4575288.723320562,293039.1818867928,4575327.906814748,-329.1139508325502,1447.5257787721966,-328.788449633813,-6.712917903312746,-0.4311725743923042,-6.712975666991548,17430.344161773057,0.0,0.2055418267503148,1.9282774277535222,2255743.600971862,633.1786670497614
214600.0,4575255.778360766,293183.9323084299,4575294.9944047835,-329.7852463215406,1447.4826501962307,-329.45975090168037,-6.71299190520214,-0.4313989555746986,-6.713049719064644,17430.344161773057,0.0,0.2055418267503148,1.9282774277535222,2255743.600971862,633.1786670497614
214700.0,4575222.766271051,293328.6784160774,4575262.014864321,-330.4565492193297,1447.439498978946,-330.1310595833654,-6.713066079263883,-0.4316254008284268,-6.713123943323424,17430.344161773057,0.0,0.2055418267503148,1.9282774277535222,2255743.600971862,633.1786670497614
214800.0,4575189.687050675,293473.4202074708,4575228.968192619,-331.127859543128,1447.3963251139164,-330.8023756960801,-6.713140425364685,-0.431851910538103,-6.7131983396346815,17430.344161773057,0.0,0.2055418267503148,1.9282774277535222,2255743.600971862,633.1786670497614
214900.0,4575156.540698894,293618.157680345,4575195.854388934,-331.7991773101328,1447.353128594677,-331.47369925702293,-6.713214943369845,-0.43207848509166613,-6.713272907863806,17430.344161773057,0.0,0.2055418267503148,1.9282774277535222,2255743.600971862,633.1786670497614
215000.0,4575123.327214964,293762.89083243435,4575162.673452519,-332.47050253752764,1447.3099094147235,-332.1450302833789,-6.713289633143223,-0.4323051248804106,-6.713347647874741,17430.344161773057,0.0,0.2055418267503148,1.9282774277535222,2255743.600971862,633.1786670497614
215100.0,4575090.046598137,293907.6196614724,4575129.425382627,-333.1418352424825,1447.2666675675132,-332.81636879231934,-6.713364494547229,-0.4325318302990212,-6.713422559529993,17430.344161773057,0.0,0.2055418267503148,1.9282774277535222,2255743.600971862,633.1786670497614
215200.0,4575056.698847665,294052.34416519204,4575096.11017851,-333.81317544215347,1447.2234030464629,-333.48771480100174,-6.71343952744281,-0.4327586017456058,-6.713497642690589,17430.344161773057,0.0,0.2055418267503148,1.9282774277535222,2255743.600971862,633.1786670497614
215300.0,4575023.283962798,294197.06434132566,4575062.727839416,-334.48452315368274,1447.1801158449498,-334.15906832656964,-6.713514731689419,-0.43298543962173036,-6.713572897216081,17430.344161773057,0.0,0.2055418267503148,1.9282774277535222,2255743.600971862,633.1786670497614
215400.0,4574989.801942783,294341.78018760483,4575029.278364593,-335.15587839419834,1447.1368059563108,-334.8304293861524,-6.713590107145023,-0.43321234433245337,-6.713648322964524,17430.344161773057,0.0,0.2055418267503148,1.9282774277535222,2255743.600971862,633.1786670497614
215500.0,4574956.252786867,294486.4917017605,4574995.761753287,-335.8272411808139,1447.093473373842,-335.50179799686515,-6.713665653666068,-0.43343931628636095,-6.713723919792456,17430.344161773057,0.0,0.2055418267503148,1.9282774277535222,2255743.600971862,633.1786670497614
215600.0,4574922.636494295,294631.1988815229,4574962.178004742,-336.49861153062886,1447.0501180907984,-336.1731741758087,-6.713741371107467,-0.43366635589560165,-6.713799687554884,17430.344161773057,0.0,0.2055418267503148,1.9282774277535222,2255743.600971862,633.1786670497614
215700.0,4574888.9530643085,294775.90172462177,4574928.5271181995,-337.1699894607279,1447.0067401003937,-336.8445579400691,-6.713817259322589,-0.4338934635759229,-6.71387562610527,17430.344161773057,0.0,0.2055418267503148,1.9282774277535222,2255743.600971862,633.1786670497614
215800.0,4574855.20249615,294920.6002287859,4574894.809092901,-337.8413749881809,1446.9633393958002,-337.51594930671774,-6.713893318163231,-0.43412063974670645,-6.713951735295507,17430.344161773057,0.0,0.2055418267503148,1.9282774277535222,2255743.600971862,633.1786670497614
215900.0,4574821.384789057,295065.29439174355,4574861.023928084,-338.51276813004307,1446.9199159701473,-338.1873482928112,-6.71396954747961,-0.4343478848310056,-6.714028014975905,17430.344161773057,0.0,0.2055418267503148,1.9282774277535222,2255743.600971862,633.1786670497614
216000.0,4574787.499942269,295209.9842112223,4574827.171622988,-339.18416890335436,1446.8764698165226,-338.8587549153909,-6.714045947120337,-0.43457519925558086,-6.714104464995173,17430.344161773057,0.0,0.2055418267503148,1.9282774277535222,2255743.600971862,633.1786670497614
216100.0,4574753.547955021,295354.66968494904,4574793.252176846,-339.85557732513956,1446.8330009279705,-339.5301691914831,-6.714122516932414,-0.43480258345093853,-6.7141810852004085,17430.344161773057,0.0,0.2055418267503148,1.9282774277535222,2255743.600971862,633.1786670497614
216200.0,4574719.528826549,295499.35081064986,4574759.265588894,-340.5269934124081,1446.7895092974923,-340.20159113809865,-6.7141992567612006,-0.43503003785136846,-6.714257875437071,17430.344161773057,0.0,0.2055418267503148,1.9282774277535222,2255743.600971862,633.1786670497614
216300.0,4574685.442556083,295644.0275860502,4574725.211858362,-341.19841718215383,1446.7459949180454,-340.87302077223296,-6.714276166450405,-0.43525756289498096,-6.714334835548965,17430.344161773057,0.0,0.2055418267503148,1.9282774277535222,2255743.600971862,633.1786670497614
216400.0,4574651.289142855,295788.70000887493,4574691.090984482,-341.8698486513549,1446.7024577825437,-341.54445811086566,-6.714353245842055,-0.4354851590237455,-6.714411965378223,17430.344161773057,0.0,0.2055418267503148,1.9282774277535222,2255743.600971862,633.1786670497614
216500.0,4574617.068586095,295933.368076848,4574656.902966483,-342.54128783697365,1446.6588978838563,-342.21590317096053,-6.714430494776499,-0.4357128266835314,-6.714489264765289,17430.344161773057,0.0,0.2055418267503148,1.9282774277535222,2255743.600971862,633.1786670497614
216600.0,4574582.7808850305,296078.0317876927,4574622.64780359,-343.21273475595626,1446.6153152148077,-342.88735596946526,-6.714507913092362,-0.43594056632414413,-6.71456673354889,17430.344161773057,0.0,0.2055418267503148,1.9282774277535222,2255743.600971862,633.1786670497614
216700.0,4574548.426038886,296222.69113913167,4574588.32549503,-343.88418942523276,1446.571709768177,-343.5588165233114,-6.714585500626559,-0.43616837839936934,-6.714644371566046,17430.344161773057,0.0,0.2055418267503148,1.9282774277535222,2255743.600971862,633.1786670497614
216800.0,4574514.004046887,296367.3461288868,4574553.936040026,-344.55565186171674,1446.528081536698,-344.2302848494141,-6.714663257214238,-0.4363962633670083,-6.714722178652008,17430.344161773057,0.0,0.2055418267503148,1.9282774277535222,2255743.600971862,633.1786670497614
216900.0,4574479.514908255,296511.99675467925,4574519.4794378,-345.2271220823052,1446.4844305130584,-344.9017609646719,-6.714741182688794,-0.43662422168892234,-6.714800154640271,17430.344161773057,0.0,0.2055418267503148,1.9282774277535222,2255743.600971862,633.1786670497614
217000.0,4574444.958622211,296656.6430142294,4574484.955687572,-345.89860010387844,1446.4407566898997,-345.57324488596663,-6.714819276881825,-0.43685225383107185,-6.714878299362543,17430.344161773057,0.0,0.2055418267503148,1.9282774277535222,2255743.600971862,633.1786670497614
217100.0,4574410.335187973,296801.284905257,4574450.364788562,-346.57008594329983,1446.3970600598159,-346.24473663016323,-6.714897539623129,-0.43708036026355834,-6.714956612648727,17430.344161773057,0.0,0.2055418267503148,1.9282774277535222,2255743.600971862,633.1786670497614
217200.0,4574375.644604761,296945.9224254809,4574415.706739985,-347.2415796174156,1446.3533406153547,-346.91623621410946,-6.714975970740673,-0.43730854146066683,-6.715035094326896,17430.344161773057,0.0,0.2055418267503148,1.9282774277535222,2255743.600971862,633.1786670497614
217300.0,4574340.886871789,297090.5555726193,4574380.981541057,-347.9130811430547,1446.3095983490157,-347.58774365463586,-6.715054570060586,-0.43753679790090877,-6.715113744223288,17430.344161773057,0.0,0.2055418267503148,1.9282774277535222,2255743.600971862,633.1786670497614
217400.0,4574306.06198827,297235.1843443897,4574346.189190991,-348.5845905370286,1446.2658332532503,-348.2592589685555,-6.715133337407121,-0.43776513006706325,-6.715192562162263,17430.344161773057,0.0,0.2055418267503148,1.9282774277535222,2255743.600971862,633.1786670497614
217500.0,4574271.169953418,297379.8087385087,4574311.329689,-349.2561078161311,1446.2220453204618,-348.9307821726638,-6.71521227260264,-0.4379935384462211,-6.715271547966294,17430.344161773057,0.0,0.2055418267503148,1.9282774277535222,2255743.600971862,633.1786670497614
217600.0,4574236.210766443,297524.4287526923,4574276.403034293,-349.9276329971381,1446.1782345430042,-349.6023132837383,-6.715291375467605,-0.4382220235298301,-6.715350701455957,17430.344161773057,0.0,0.2055418267503148,1.9282774277535222,2255743.600971862,633.1786670497614
217700.0,4574201.1844265545,297669.0443846556,4574241.4092260795,-350.59916609680755,1446.1344009131824,-350.27385231853845,-6.715370645820546,-0.4384505858137379,-6.71543002244989,17430.344161773057,0.0,0.2055418267503148,1.9282774277535222,2255743.600971862,633.1786670497614
217800.0,4574166.09093296,297813.65563211293,4574206.348263565,-351.270707131879,1446.0905444232515,-350.9453992938056,-6.715450083478037,-0.4386792257982368,-6.715509510764781,17430.344161773057,0.0,0.2055418267503148,1.9282774277535222,2255743.600971862,633.1786670497614
217900.0,4574130.930284863,297958.26249277795,4574171.220145956,-351.94225611907376,1446.046665065416,-351.61695422626264,-6.715529688254688,-0.4389079439881111,-6.715589166215352,17430.344161773057,0.0,0.2055418267503148,1.9282774277535222,2255743.600971862,633.1786670497614
218000.0,4574095.70248147,298102.86496436346,4574136.024872454,-352.61381307509436,1446.00276283183,-352.28851713261366,-6.7156094599630975,-0.4391367408926788,-6.715668988614318,17430.344161773057,0.0,0.2055418267503148,1.9282774277535222,2255743.600971862,633.1786670497614
218100.0,4574060.407521982,298247.4630445815,4574100.762442263,-353.28537801662446,1445.9588377145965,-352.9600880295441,-6.715689398413861,-0.4393656170258423,-6.715748977772395,17430.344161773057,0.0,0.2055418267503148,1.9282774277535222,2255743.600971862,633.1786670497614
218200.0,4574025.045405599,298392.0567311433,4574065.432854582,-353.9569509603288,1445.9148897057667,-353.6316669337204,-6.715769503415527,-0.439594572906133,-6.715829133498242,17430.344161773057,0.0,0.2055418267503148,1.9282774277535222,2255743.600971862,633.1786670497614
218300.0,4573989.616131522,298536.64602175937,4574030.036108608,-354.6285319228528,1445.8709187973395,-354.3032538617896,-6.715849774774591,-0.4398236090567593,-6.715909455598473,17430.344161773057,0.0,0.2055418267503148,1.9282774277535222,2255743.600971862,633.1786670497614
218400.0,4573954.119698946,298681.23091413925,4573994.572203541,-355.30012092082245,1445.826924981262,-354.97484883037936,-6.715930212295441,-0.4400527260056529,-6.7159899438776,17430.344161773057,0.0,0.2055418267503148,1.9282774277535222,2255743.600971862,633.1786670497614
218500.0,4573918.556107069,298825.8114059918,4573959.0411385745,-355.97171797084405,1445.7829082494275,-355.64645185609777,-6.716010815780383,-0.44028192428552027,-6.716070598138044,17430.344161773057,0.0,0.2055418267503148,1.9282774277535222,2255743.600971862,633.1786670497614
218600.0,4573882.925355083,298970.387495025,4573923.442912901,-356.643323089504,1445.738868593676,-356.318062955533,-6.716091585029571,-0.4405112044338887,-6.716151418180083,17430.344161773057,0.0,0.2055418267503148,1.9282774277535222,2255743.600971862,633.1786670497614
218700.0,4573847.227442182,299114.9591789461,4573887.777525714,-357.3149362933687,1445.6948060057937,-356.9896821452531,-6.71617251984101,-0.4407405669931571,-6.716232403801844,17430.344161773057,0.0,0.2055418267503148,1.9282774277535222,2255743.600971862,633.1786670497614
218800.0,4573811.462367554,299259.52645546146,4573852.044976202,-357.9865575989842,1445.650720477512,-357.6613094418059,-6.716253620010525,-0.4409700125106461,-6.716313554799275,17430.344161773057,0.0,0.2055418267503148,1.9282774277535222,2255743.600971862,633.1786670497614
218900.0,4573775.630130391,299404.08932227665,4573816.245263554,-358.6581870228759,1445.6066120005078,-358.3329448617186,-6.7163348853317295,-0.44119954153864765,-6.716394870966118,17430.344161773057,0.0,0.2055418267503148,1.9282774277535222,2255743.600971862,633.1786670497614
219000.0,4573739.730729878,299548.6477770963,4573780.378386958,-359.3298245815486,1445.562480566402,-359.00458842149783,-6.716416315596025,-0.441429154634478,-6.716476352093893,17430.344161773057,0.0,0.2055418267503148,1.9282774277535222,2255743.600971862,633.1786670497614
219100.0,4573703.764165202,299693.2018176244,4573744.444345598,-360.00147029148616,1445.5183261667598,-359.67624013762907,-6.7164979105925315,-0.4416588523605262,-6.716557997971854,17430.344161773057,0.0,0.2055418267503148,1.9282774277535222,2255743.600971862,633.1786670497614
219200.0,4573667.730435547,299837.7514415639,4573708.443138658,-360.6731241691511,1445.4741487930899,-360.3479000265768,-6.716579670108112,-0.4418886352843101,-6.7166398083869865,17430.344161773057,0.0,0.2055418267503148,1.9282774277535222,2255743.600971862,633.1786670497614
219300.0,4573631.629540096,299982.29664661695,4573672.37476532,-361.3447862309846,1445.429948436844,-361.0195681047839,-6.716661593927316,-0.44211850397852664,-6.7167217831239725,17430.344161773057,0.0,0.2055418267503148,1.9282774277535222,2255743.600971862,633.1786670497614
219400.0,4573595.461478028,300126.8374304849,4573636.239224764,-362.0164564934061,1445.385725089416,-361.69124438867175,-6.716743681832362,-0.44234845902110626,-6.716803921965159,17430.344161773057,0.0,0.2055418267503148,1.9282774277535222,2255743.600971862,633.1786670497614
219500.0,4573559.226248523,300271.37379086815,4573600.036516168,-362.68813497281326,1445.341478742142,-362.36292889463977,-6.716825933603111,-0.4425785009952667,-6.716886224690542,17430.344161773057,0.0,0.2055418267503148,1.9282774277535222,2255743.600971862,633.1786670497614
219600.0,4573522.923850759,300415.9057254663,4573563.76663871,-363.3598216855815,1445.2972093862995,-363.0346216390653,-6.716908349017042,-0.4428086304895672,-6.7169686910777315,17430.344161773057,0.0,0.2055418267503148,1.9282774277535222,2255743.600971862,633.1786670497614
219700.0,4573486.554283911,300560.43323197815,4573527.429591565,-364.0315166480639,1445.252917013107,-363.7063226383032,-6.71699092784922,-0.4430388480979641,-6.717051320901923,17430.344161773057,0.0,0.2055418267503148,1.9282774277535222,2255743.600971862,633.1786670497614
219800.0,4573450.117547154,300704.9563081014,4573491.025373907,-364.70321987659105,1445.208601613723,-364.37803190868595,-6.717073669872281,-0.44326915441986786,-6.717134113935893,17430.344161773057,0.0,0.2055418267503148,1.9282774277535222,2255743.600971862,633.1786670497614
219900.0,4573413.61363966,300849.4749515331,4573454.553984907,-365.37493138747044,1445.1642631792458,-365.04974946652305,-6.71715657485638,-0.4434995500601964,-6.717217069949934,17430.344161773057,0.0,0.2055418267503148,1.9282774277535222,2255743.600971862,633.1786670497614
220000.0,4573377.0425606,300993.98915996915,4573418.015423737,-366.0466511969866,1445.1199017007134,-365.7214753281009,-6.717239642569202,-0.4437300356294359,-6.717300188711862,17430.344161773057,0.0,0.2055418267503148,1.9282774277535222,2255743.600971862,633.1786670497614
220100.0,4573340.404309143,301138.4989311048,4573381.409689564,-366.71837932140073,1445.0755171691019,-366.39320950968255,-6.717322872775887,-0.4439606117436946,-6.71738346998696,17430.344161773057,0.0,0.2055418267503148,1.9282774277535222,2255743.600971862,633.1786670497614
220200.0,4573303.698884458,301283.0042626342,4573344.736781557,-367.3901157769503,1445.031109575326,-367.0649520275075,-6.717406265239045,-0.4441912790247654,-6.717466913537981,17430.344161773057,0.0,0.2055418267503148,1.9282774277535222,2255743.600971862,633.1786670497614
220300.0,4573266.92628571,301427.50515225076,4573307.996698881,-368.06186057984905,1444.9866789102373,-367.73670289779136,-6.717489819718705,-0.4444220381001817,-6.717550519125092,17430.344161773057,0.0,0.2055418267503148,1.9282774277535222,2255743.600971862,633.1786670497614
220400.0,4573230.086512064,301572.00159764686,4573271.189440698,-368.7336137462865,1444.942225164625,-368.40846213672563,-6.717573535972276,-0.4446528896032774,-6.717634286505845,17430.344161773057,0.0,0.2055418267503148,1.9282774277535222,2255743.600971862,633.1786670497614
220500.0,4573193.179562681,301716.493596514,4573234.315006173,-369.4053752924278,1444.8977483292144,-369.0802297604775,-6.717657413754544,-0.44488383417324884,-6.717718215435175,17430.344161773057,0.0,0.2055418267503148,1.9282774277535222,2255743.600971862,633.1786670497614
220600.0,4573156.205436725,301860.9811465427,4573197.373394466,-370.0771452344134,1444.8532483946667,-369.7520057851894,-6.717741452817627,-0.4451148724552143,-6.717802305665338,17430.344161773057,0.0,0.2055418267503148,1.9282774277535222,2255743.600971862,633.1786670497614
220700.0,4573119.164133354,302005.4642454226,4573160.364604736,-370.748923588359,1444.808725351578,-370.4237902269789,-6.717825652910942,-0.4453460051002758,-6.717886556945904,17430.344161773057,0.0,0.2055418267503148,1.9282774277535222,2255743.600971862,633.1786670497614
220800.0,4573082.055651726,302149.94289084245,4573123.28863614,-371.42071037035487,1444.7641791904794,-371.0955831019385,-6.717910013781189,-0.4455772327655836,-6.717970969023721,17430.344161773057,0.0,0.2055418267503148,1.9282774277535222,2255743.600971862,633.1786670497614
220900.0,4573044.879990999,302294.4170804898,4573086.145487834,-372.09250559646597,1444.7196099018354,-371.76738442613504,-6.7179945351722985,-0.44580855611439413,-6.7180555416428644,17430.344161773057,0.0,0.2055418267503148,1.9282774277535222,2255743.600971862,633.1786670497614
221000.0,4573007.637150325,302438.8868120515,4573048.935158973,-372.7643092827314,1444.6750174760446,-372.4391942156098,-6.718079216825419,-0.44603997581614047,-6.71814027454464,17430.344161773057,0.0,0.2055418267503148,1.9282774277535222,2255743.600971862,633.1786670497614
221100.0,4572970.327128859,302583.35208321345,4573011.657648709,-373.43612144516436,1444.6304019034378,-373.111012486378,-6.718164058478882,-0.44627149254649123,-6.718225167467528,17430.344161773057,0.0,0.2055418267503148,1.9282774277535222,2255743.600971862,633.1786670497614
221200.0,4572932.949925753,302727.8128916604,4572974.3129561925,-374.1079420997517,1444.5857631742783,-373.78283925442855,-6.718249059868165,-0.4465031069874197,-6.71831022014716,17430.344161773057,0.0,0.2055418267503148,1.9282774277535222,2255743.600971862,633.1786670497614
221300.0,4572895.505540156,302872.2692350761,4572936.901080574,-374.7797712624536,1444.5411012787604,-374.45467453572377,-6.718334220725862,-0.4467348198272667,-6.718395432316288,17430.344161773057,0.0,0.2055418267503148,1.9282774277535222,2255743.600971862,633.1786670497614
221400.0,4572857.9939712165,303016.72111114353,4572899.422021001,-375.4516089492035,1444.4964162070096,-375.12651834619913,-6.7184195407816425,-0.4469666317608083,-6.718480803704733,17430.344161773057,0.0,0.2055418267503148,1.9282774277535222,2255743.600971862,633.1786670497614
221500.0,4572820.415218081,303161.1685175446,4572861.87577662,-376.12345517590745,1444.4517079490815,-375.7983707017629,-6.718505019762232,-0.4471985434893245,-6.718566334039387,17430.344161773057,0.0,0.2055418267503148,1.9282774277535222,2255743.600971862,633.1786670497614
221600.0,4572782.769279896,303305.6114519601,4572824.262346575,-376.7953099584442,1444.4069764949616,-376.470231618296,-6.718590657391381,-0.4474305557206661,-6.718652023044155,17430.344161773057,0.0,0.2055418267503148,1.9282774277535222,2255743.600971862,633.1786670497614
221700.0,4572745.056155805,303450.04991207004,4572786.58173001,-377.46717331266467,1444.3622218345636,-377.14210111165147,-6.718676453389806,-0.44766266916932335,-6.718737870439913,17430.344161773057,0.0,0.2055418267503148,1.9282774277535222,2255743.600971862,633.1786670497614
221800.0,4572707.275844947,303594.48389555316,4572748.833926066,-378.1390452543917,1444.31744395773,-377.8139791976543,-6.718762407475184,-0.4478948845564969,-6.718823875944507,17430.344161773057,0.0,0.2055418267503148,1.9282774277535222,2255743.600971862,633.1786670497614
221900.0,4572669.428346466,303738.91340008733,4572711.018933883,-378.81092579941975,1444.27264285423,-378.4858658921012,-6.718848519362109,-0.4481272026101678,-6.718910039272689,17430.344161773057,0.0,0.2055418267503148,1.9282774277535222,2255743.600971862,633.1786670497614
222000.0,4572631.5136595,303883.3384233494,4572673.1367526,-379.48281496351456,1444.2278185137611,-379.15776121076004,-6.718934788762042,-0.4483596240651678,-6.718996360136091,17430.344161773057,0.0,0.2055418267503148,1.9282774277535222,2255743.600971862,633.1786670497614
222100.0,4572593.531783185,304027.75896301516,4572635.187381353,-380.1547127624129,1444.1829709259457,-379.8296651693699,-6.71902121538329,-0.44859214966325206,-6.719082838243185,17430.344161773057,0.0,0.2055418267503148,1.9282774277535222,2255743.600971862,633.1786670497614
222200.0,4572555.482716658,304172.1750167593,4572597.170819278,-380.8266192118221,1444.1381000803322,-380.50157778364036,-6.7191077989309695,-0.4488247801531726,-6.7191694732992575,17430.344161773057,0.0,0.2055418267503148,1.9282774277535222,2255743.600971862,633.1786670497614
222300.0,4572517.366459053,304316.5865822556,4572559.087065508,-381.49853432742003,1444.0932059663935,-381.1734990692515,-6.719194539106977,-0.4490575162907527,-6.719256265006374,17430.344161773057,0.0,0.2055418267503148,1.9282774277535222,2255743.600971862,633.1786670497614
222400.0,4572479.1830095025,304460.9936571766,4572520.936119175,-382.1704581248544,1444.0482885735269,-381.8454290418533,-6.719281435609929,-0.44929035883895835,-6.719343213063326,17430.344161773057,0.0,0.2055418267503148,1.9282774277535222,2255743.600971862,633.1786670497614
222500.0,4572440.932367138,304605.396239194,4572482.717979409,-382.84239061974273,1444.003347891053,-382.51736771706567,-6.719368488135143,-0.44952330856797673,-6.719430317165603,17430.344161773057,0.0,0.2055418267503148,1.9282774277535222,2255743.600971862,633.1786670497614
222600.0,4572402.614531088,304749.79432597815,4572444.43264534,-383.51433182767187,1443.9583839082147,-383.1893151104777,-6.719455696374603,-0.4497563662552918,-6.719517577005364,17430.344161773057,0.0,0.2055418267503148,1.9282774277535222,2255743.600971862,633.1786670497614
222700.0,4572364.229500481,304894.18791519856,4572406.080116096,-384.1862817641977,1443.9133966141771,-383.86127123764766,-6.719543060016908,-0.44998953268576036,-6.719604992271388,17430.344161773057,0.0,0.2055418267503148,1.9282774277535222,2255743.600971862,633.1786670497614
222800.0,4572325.777274444,305038.5770045236,4572367.660390802,-384.85824044484485,1443.8683859980265,-384.5332361141024,-6.719630578747242,-0.4502228086516908,-6.719692562649036,17430.344161773057,0.0,0.2055418267503148,1.9282774277535222,2255743.600971862,633.1786670497614
222900.0,4572287.257852101,305182.9615916204,4572329.173468581,-385.53020788510617,1443.823352048769,-385.20520975533725,-6.71971825224733,-0.4504561949529213,-6.719780287820211,17430.344161773057,0.0,0.2055418267503148,1.9282774277535222,2255743.600971862,633.1786670497614
223000.0,4572248.671232575,305327.3416741552,4572290.619348558,-386.2021841004426,1443.7782947553312,-385.8771921768155,-6.719806080195402,-0.45068969239690104,-6.7198681674633285,17430.344161773057,0.0,0.2055418267503148,1.9282774277535222,2255743.600971862,633.1786670497614
223100.0,4572210.017414988,305471.717249793,4572251.998029852,-386.8741691062827,1443.7332141065579,-386.5491833939682,-6.719894062266153,-0.450923301798769,-6.719956201253268,17430.344161773057,0.0,0.2055418267503148,1.9282774277535222,2255743.600971862,633.1786670497614
223200.0,4572171.29639846,305616.0883161977,4572213.309511585,-387.5461629180223,1443.6881100912121,-387.22118342219346,-6.7199821981307055,-0.45115702398143775,-6.720044388861338,17430.344161773057,0.0,0.2055418267503148,1.9282774277535222,2255743.600971862,633.1786670497614
223300.0,4572132.50818211,305760.454871032,4572174.553792873,-388.2181655510242,1443.6429826979745,-387.8931922768566,-6.720070487456553,-0.45139085977567206,-6.720132729955217,17430.344161773057,0.0,0.2055418267503148,1.9282774277535222,2255743.600971862,633.1786670497614
223400.0,4572093.652765055,305904.81691195763,4572135.730872835,-388.8901770206178,1443.597831915442,-388.5652099732895,-6.720158929907547,-0.4516248100201781,-6.7202212241989505,17430.344161773057,0.0,0.2055418267503148,1.9282774277535222,2255743.600971862,633.1786670497614
223500.0,4572054.730146411,306049.17443663505,4572096.840750583,-389.56219734209856,1443.5526577321273,-389.23723652679007,-6.720247525143821,-0.45185887556168186,-6.7203098712528595,17430.344161773057,0.0,0.2055418267503148,1.9282774277535222,2255743.600971862,633.1786670497614
223600.0,4572015.740325292,306193.5274427236,4572057.883425234,-390.23422653072794,1443.507460136458,-389.90927195262225,-6.720336272821777,-0.4520930572550185,-6.720398670773539,17430.344161773057,0.0,0.2055418267503148,1.9282774277535222,2255743.600971862,633.1786670497614
223700.0,4571976.683300809,306337.8759278815,4572018.858895897,-390.90626460173274,1443.4622391167757,-390.5813162660154,-6.7204251725940285,-0.45232735596321755,-6.7204876224138,17430.344161773057,0.0,0.2055418267503148,1.9282774277535222,2255743.600971862,633.1786670497614
223800.0,4571937.5590720745,306482.2198897658,4571979.767161684,-391.57831157030483,1443.4169946613356,-391.253369482164,-6.720514224109363,-0.45256177255759,-6.720576725822624,17430.344161773057,0.0,0.2055418267503148,1.9282774277535222,2255743.600971862,633.1786670497614
223900.0,4571898.367638198,306626.55932603223,4571940.608221703,-392.2503674516009,1443.3717267583052,-391.92543161622706,-6.720603427012683,-0.4527963079178159,-6.720665980645114,17430.344161773057,0.0,0.2055418267503148,1.9282774277535222,2255743.600971862,633.1786670497614
224000.0,4571859.108998287,306770.89423433546,4571901.382075063,-392.9224322607417,1443.3264353957636,-392.5975026833282,-6.720692780944984,-0.45303096293203493,-6.720755386522465,17430.344161773057,0.0,0.2055418267503148,1.9282774277535222,2255743.600971862,633.1786670497614
224100.0,4571819.783151448,306915.224612329,4571862.088720868,-393.5945060128121,1443.2811205617006,-393.26958269855464,-6.720782285543295,-0.4532657384969358,-6.72084494309191,17430.344161773057,0.0,0.2055418267503148,1.9282774277535222,2255743.600971862,633.1786670497614
224200.0,4571780.3900967855,307059.550457665,4571822.728158224,-394.2665887228603,1443.2357822440158,-393.9416716769574,-6.720871940440636,-0.4535006355178485,-6.720934649986672,17430.344161773057,0.0,0.2055418267503148,1.9282774277535222,2255743.600971862,633.1786670497614
224300.0,4571740.929833404,307203.8717679946,4571783.300386234,-394.9386804058978,1443.190420430518,-394.6137696335505,-6.720961745265965,-0.4537356549088351,-6.72102450683592,17430.344161773057,0.0,0.2055418267503148,1.9282774277535222,2255743.600971862,633.1786670497614
224400.0,4571701.402360405,307348.18854096753,4571743.805403998,-395.6107810768986,1443.1450351089243,-395.2858765833106,-6.721051699644159,-0.45397079759278586,-6.721114513264731,17430.344161773057,0.0,0.2055418267503148,1.9282774277535222,2255743.600971862,633.1786670497614
224500.0,4571661.807676889,307492.5007742324,4571704.243210617,-396.2828907507991,1443.0996262668586,-395.9579925411768,-6.721141803195922,-0.45420606450150997,-6.721204668894026,17430.344161773057,0.0,0.2055418267503148,1.9282774277535222,2255743.600971862,633.1786670497614
224600.0,4571622.145781955,307636.80846543645,4571664.61380519,-396.95500944249744,1443.0541938918518,-396.63011752205,-6.721232055537776,-0.45444145657583496,-6.7212949733405365,17430.344161773057,0.0,0.2055418267503148,1.9282774277535222,2255743.600971862,633.1786670497614
224700.0,4571582.4166747,307781.1116122259,4571624.917186812,-397.62713716685334,1443.0087379713398,-397.30225154079255,-6.721322456281996,-0.45467697476570157,-6.721385426216755,17430.344161773057,0.0,0.2055418267503148,1.9282774277535222,2255743.600971862,633.1786670497614
224800.0,4571542.62035422,307925.4102122455,4571585.15335458,-398.2992739386875,1442.963258492663,-397.9743946122279,-6.721413005036554,-0.4549126200302597,-6.721476027130867,17430.344161773057,0.0,0.2055418267503148,1.9282774277535222,2255743.600971862,633.1786670497614
224900.0,4571502.7568196105,308069.70426313876,4571545.322307587,-398.97141977278113,1442.9177554430657,-398.6465467511401,-6.721503701405092,-0.4551483933379715,-6.721566775686734,17430.344161773057,0.0,0.2055418267503148,1.9282774277535222,2255743.600971862,633.1786670497614
225000.0,4571462.826069963,308213.99376254797,4571505.424044927,-399.6435746838756,1442.872228809695,-399.3187079722733,-6.721594544986847,-0.45538429566670846,-6.7216576714838165,17430.344161773057,0.0,0.2055418267503148,1.9282774277535222,2255743.600971862,633.1786670497614
225100.0,4571422.82810437,308358.2787081141,4571465.45856569,-400.3157386866721,1442.8266785795988,-399.9908782903314,-6.721685535376613,-0.4556203280038524,-6.72174871411713,17430.344161773057,0.0,0.2055418267503148,1.9282774277535222,2255743.600971862,633.1786670497614
225200.0,4571382.762921922,308502.5590974769,4571425.425868965,-400.9879117958309,1442.7811047397272,-400.66305771997764,-6.7217766721646965,-0.4558564913464004,-6.721839903177206,17430.344161773057,0.0,0.2055418267503148,1.9282774277535222,2255743.600971862,633.1786670497614
225300.0,4571342.630521707,308646.8349282746,4571385.325953841,-401.66009402597115,1442.7355072769292,-401.335246275834,-6.721867954936839,-0.4560927867010645,-6.721931238250013,17430.344161773057,0.0,0.2055418267503148,1.9282774277535222,2255743.600971862,633.1786670497614
225400.0,4571302.430902813,308791.1061981444,4571345.158819405,-402.33228539167044,1442.6898861779528,-402.0074439724808,-6.721959383274202,-0.45632921508438085,-6.722022718916941,17430.344161773057,0.0,0.2055418267503148,1.9282774277535222,2255743.600971862,633.1786670497614
225500.0,4571262.1640643235,308935.3729047219,4571304.924464742,-403.0044859074641,1442.6442414294438,-402.6796508244564,-6.722050956753274,-0.45656577752281213,-6.722114344754713,17430.344161773057,0.0,0.2055418267503148,1.9282774277535222,2255743.600971862,633.1786670497614
225600.0,4571221.830005325,309079.6350456415,4571264.622888935,-403.6766955878449,1442.5985730179452,-403.35186684625654,-6.722142674945845,-0.456802475052856,-6.722206115335354,17430.344161773057,0.0,0.2055418267503148,1.9282774277535222,2255743.600971862,633.1786670497614
225700.0,4571181.4287249,309223.89261853625,4571224.254091066,-404.34891444726264,1442.5528809298953,-404.02409205233386,-6.722234537418938,-0.4570393087211532,-6.722298030226119,17430.344161773057,0.0,0.2055418267503148,1.9282774277535222,2255743.600971862,633.1786670497614
225800.0,4571140.960222129,309368.1456210378,4571183.818070218,-405.02114250012346,1442.5071651516278,-404.69632645709754,-6.722326543734753,-0.45727627958459754,-6.722390088989453,17430.344161773057,0.0,0.2055418267503148,1.9282774277535222,2255743.600971862,633.1786670497614
225900.0,4571100.424496093,309512.39405077643,4571143.314825468,-405.6933797607896,1442.4614256693696,-405.3685700749128,-6.722418693450631,-0.4575133887104473,-6.722482291182932,17430.344161773057,0.0,0.2055418267503148,1.9282774277535222,2255743.600971862,633.1786670497614
226000.0,4571059.821545869,309656.6379053811,4571102.744355895,-406.3656262435787,1442.415662469241,-406.04082292010025,-6.722510986118969,-0.4577506371764363,-6.722574636359199,17430.344161773057,0.0,0.2055418267503148,1.9282774277535222,2255743.600971862,633.1786670497614
226100.0,4571019.151370536,309800.87718247925,4571062.106660576,-407.0378819627634,1442.3698755372534,-406.71308500693567,-6.722603421287176,-0.45798802607088707,-6.722667124065909,17430.344161773057,0.0,0.2055418267503148,1.9282774277535222,2255743.600971862,633.1786670497614
226200.0,4570978.413969168,309945.111879697,4571021.401738585,-407.71014693257086,1442.3240648593091,-407.3853563496492,-6.722695998497622,-0.45822555649282803,-6.722759753845682,17430.344161773057,0.0,0.2055418267503148,1.9282774277535222,2255743.600971862,633.1786670497614
226300.0,4570937.609340841,310089.3419946591,4570980.629588997,-408.38242116718226,1442.2782304212003,-408.05763696242514,-6.722788717287564,-0.4584632295521065,-6.722852525236022,17430.344161773057,0.0,0.2055418267503148,1.9282774277535222,2255743.600971862,633.1786670497614
226400.0,4570896.737484626,310233.5675249888,4570939.790210883,-409.05470468073213,1442.2323722086069,-408.7299268594012,-6.722881577189095,-0.4587010463695081,-6.722945437769279,17430.344161773057,0.0,0.2055418267503148,1.9282774277535222,2255743.600971862,633.1786670497614
226500.0,4570855.798399595,310377.7884683079,4570898.883603315,-409.72699748730804,1442.1864902070968,-409.402226054668,-6.722974577729087,-0.458939008076875,-6.723038490972578,17430.344161773057,0.0,0.2055418267503148,1.9282774277535222,2255743.600971862,633.1786670497614
226600.0,4570814.792084818,310522.0048222368,4570857.909765362,-410.39929960095,1442.1405844021237,-410.07453456226875,-6.723067718429124,-0.45917711581722653,-6.723131684367764,17430.344161773057,0.0,0.2055418267503148,1.9282774277535222,2255743.600971862,633.1786670497614
226700.0,4570773.718539364,310666.2165843944,4570816.868696092,-411.07161103564977,1442.094654779027,-410.7468523961985,-6.723160998805439,-0.4594153707448797,-6.723225017471328,17430.344161773057,0.0,0.2055418267503148,1.9282774277535222,2255743.600971862,633.1786670497614
226800.0,4570732.577762299,310810.4237523982,4570775.760394571,-411.74393180535066,1442.0487013230297,-411.4191795704037,-6.72325441836886,-0.45965377402557384,-6.723318489794364,17430.344161773057,0.0,0.2055418267503148,1.9282774277535222,2255743.600971862,633.1786670497614
226900.0,4570691.369752691,310954.6263238641,4570734.584859866,-412.41626192394665,1442.0027240192376,-412.09151609878154,-6.723347976624744,-0.45989232683659387,-6.723412100842491,17430.344161773057,0.0,0.2055418267503148,1.9282774277535222,2255743.600971862,633.1786670497614
227000.0,4570650.0945096025,311098.8242964066,4570693.342091039,-413.088601405282,1441.9567228526384,-412.7638619951797,-6.723441673072894,-0.4601310303668953,-6.723505850115785,17430.344161773057,0.0,0.2055418267503148,1.9282774277535222,2255743.600971862,633.1786670497614
227100.0,4570608.752032097,311243.01766763866,4570652.032087154,-413.7609502631508,1441.9106978081002,-413.43621727339536,-6.72353550720753,-0.4603698858172342,-6.723599737108738,17430.344161773057,0.0,0.2055418267503148,1.9282774277535222,2255743.600971862,633.1786670497614
227200.0,4570567.342319237,311387.20643517177,4570610.654847271,-414.43330851129605,1441.8646488703705,-414.108581947175,-6.723629478517197,-0.4606088944002939,-6.723693761310162,17430.344161773057,0.0,0.2055418267503148,1.9282774277535222,2255743.600971862,633.1786670497614
227300.0,4570525.865370082,311531.3905966158,4570569.21037045,-415.1056761634095,1441.818576024075,-414.78095603021376,-6.7237235864847,-0.46084805734081546,-6.723787922203148,17430.344161773057,0.0,0.2055418267503148,1.9282774277535222,2255743.600971862,633.1786670497614
227400.0,4570484.321183691,311675.5701495791,4570527.698655751,-415.77805323313083,1441.7724792537158,-415.4533395361546,-6.723817830587047,-0.46108737587573007,-6.723882219264977,17430.344161773057,0.0,0.2055418267503148,1.9282774277535222,2255743.600971862,633.1786670497614
227500.0,4570442.709759121,311819.7450916685,4570486.119702228,-416.4504397340471,1441.7263585436715,-416.1257324785881,-6.723912210295377,-0.46132685125429274,-6.723976651967072,17430.344161773057,0.0,0.2055418267503148,1.9282774277535222,2255743.600971862,633.1786670497614
227600.0,4570401.031095429,311963.91542048927,4570444.47350894,-417.1228356796923,1441.6802138781948,-416.79813487105156,-6.724006725074889,-0.4615664847382165,-6.7240712197749195,17430.344161773057,0.0,0.2055418267503148,1.9282774277535222,2255743.600971862,633.1786670497614
227700.0,4570359.28519167,312108.0811336451,4570402.760074939,-417.79524108354644,1441.6340452414113,-417.4705467270286,-6.7241013743847775,-0.46180627760180964,-6.724165922147999,17430.344161773057,0.0,0.2055418267503148,1.9282774277535222,2255743.600971862,633.1786670497614
227800.0,4570317.472046897,312252.242228738,4570360.979399279,-418.46765595903537,1441.587852617319,-418.14296805994843,-6.7241961576781515,-0.4620462311321127,-6.724260758539711,17430.344161773057,0.0,0.2055418267503148,1.9282774277535222,2255743.600971862,633.1786670497614
227900.0,4570275.591660162,312396.39870336844,4570319.1314810105,-419.1400803195298,1441.541635989786,-418.81539888318537,-6.724291074401973,-0.46228634662903867,-6.724355728397311,17430.344161773057,0.0,0.2055418267503148,1.9282774277535222,2255743.600971862,633.1786670497614
228000.0,4570233.644030517,312540.5505551353,4570277.216319185,-419.8125141783448,1441.4953953425504,-419.4878392100581,-6.724386123996979,-0.46252662540551487,-6.7244508311618345,17430.344161773057,0.0,0.2055418267503148,1.9282774277535222,2255743.600971862,633.1786670497614
228100.0,4570191.62915701,312684.69778163574,4570235.233912851,-420.4849575487394,1441.449130659218,-420.1602890538291,-6.724481305897612,-0.462767068787626,-6.724546066268027,17430.344161773057,0.0,0.2055418267503148,1.9282774277535222,2255743.600971862,633.1786670497614
228200.0,4570149.547038689,312828.8403804654,4570193.184261056,-421.15741044391547,1441.4028419232616,-420.832748427704,-6.7245766195319465,-0.4630076781147577,-6.724641433144257,17430.344161773057,0.0,0.2055418267503148,1.9282774277535222,2255743.600971862,633.1786670497614
228300.0,4570107.397674602,312972.9783492181,4570151.067362847,-421.82987287701764,1441.3565291180187,-421.505217344831,-6.724672064321605,-0.46324845473974297,-6.7247369312124565,17430.344161773057,0.0,0.2055418267503148,1.9282774277535222,2255743.600971862,633.1786670497614
228400.0,4570065.181063795,313117.1116854861,4570108.883217269,-422.50234486113214,1441.3101922266915,-422.1776958183001,-6.724767639681695,-0.46348940002901223,-6.724832559888044,17430.344161773057,0.0,0.2055418267503148,1.9282774277535222,2255743.600971862,633.1786670497614
228500.0,4570022.897205312,313261.24038686,4570066.631823365,-423.1748264092866,1441.2638312323447,-422.8501838611425,-6.724863345020721,-0.46373051536274135,-6.724928318579837,17430.344161773057,0.0,0.2055418267503148,1.9282774277535222,2255743.600971862,633.1786670497614
228600.0,4569980.546098194,313405.3644509286,4570024.3131801775,-423.847317534449,1441.2174461179043,-423.52268148633004,-6.724959179740516,-0.4639718021350033,-6.7250242066899775,17430.344161773057,0.0,0.2055418267503148,1.9282774277535222,2255743.600971862,633.1786670497614
228700.0,4569938.127741485,313549.483875279,4569981.927286748,-424.51981824952725,1441.171036866156,-424.19518870677433,-6.725055143236154,-0.46421326175392275,-6.725120223613864,17430.344161773057,0.0,0.2055418267503148,1.9282774277535222,2255743.600971862,633.1786670497614
228800.0,4569895.642134224,313693.5986574967,4569939.474142116,-425.1923285673684,1441.1246034597445,-424.86770553532625,-6.725151234895874,-0.4644548956418291,-6.725216368740051,17430.344161773057,0.0,0.2055418267503148,1.9282774277535222,2255743.600971862,633.1786670497614
228900.0,4569853.08927545,313837.70879516524,4569896.9537453195,-425.86484850075794,1441.078145881171,-425.5402319847752,-6.725247454100996,-0.4646967052354151,-6.72531264145019,17430.344161773057,0.0,0.2055418267503148,1.9282774277535222,2255743.600971862,633.1786670497614
229000.0,4569810.469164203,313981.81428586657,4569854.366095398,-426.53737806241924,1441.0316641127922,-426.2127680678483,-6.725343800225847,-0.46493869198589527,-6.725409041118929,17430.344161773057,0.0,0.2055418267503148,1.9282774277535222,2255743.600971862,633.1786670497614
229100.0,4569767.781799517,314125.91512718087,4569811.711191385,-427.2099172650127,1440.9851581368196,-426.88531379720985,-6.725440272637678,-0.4651808573591686,-6.725505567113858,17430.344161773057,0.0,0.2055418267503148,1.9282774277535222,2255743.600971862,633.1786670497614
229200.0,4569725.027180428,314270.0113166864,4569768.989032316,-427.882466121135,1440.9386279353168,-427.5578691854606,-6.725536870696561,-0.46542320283597566,-6.725602218795379,17430.344161773057,0.0,0.2055418267503148,1.9282774277535222,2255743.600971862,633.1786670497614
229300.0,4569682.20530597,314414.10285195976,4569726.199617225,-428.55502464331863,1440.892073490199,-428.23043424513696,-6.725633593755335,-0.46566572991207,-6.725698995516668,17430.344161773057,0.0,0.2055418267503148,1.9282774277535222,2255743.600971862,633.1786670497614
229400.0,4569639.316175177,314558.1897305757,4569683.342945144,-429.2275928440309,1440.8454947832306,-428.90300898871016,-6.7257304411594845,-0.4659084400983783,-6.725795896623551,17430.344161773057,0.0,0.2055418267503148,1.9282774277535222,2255743.600971862,633.1786670497614
229500.0,4569596.359787079,314702.27195010707,4569640.419015104,-429.90017073567327,1440.7988917960247,-429.5755934285858,-6.725827412247083,-0.46615133492117344,-6.725892921454453,17430.344161773057,0.0,0.2055418267503148,1.9282774277535222,2255743.600971862,633.1786670497614
229600.0,4569553.336140706,314846.3495081249,4569597.4278261345,-430.57275833058077,1440.7522645100405,-430.2481875771029,-6.725924506348699,-0.4663944159222443,-6.725990069340284,17430.344161773057,0.0,0.2055418267503148,1.9282774277535222,2255743.600971862,633.1786670497614
229700.0,4569510.245235088,314990.4224021985,4569554.369377265,-431.2453556410209,1440.7056129065825,-430.92079144653314,-6.726021722787282,-0.4666376846590643,-6.72608733960435,17430.344161773057,0.0,0.2055418267503148,1.9282774277535222,2255743.600971862,633.1786670497614
229800.0,4569467.087069253,315134.490629895,4569511.2436675215,-431.9179626791933,1440.6589369667984,-431.5934050490802,-6.726119060878109,-0.46688114270497144,-6.726184731562281,17430.344161773057,0.0,0.2055418267503148,1.9282774277535222,2255743.600971862,633.1786670497614
229900.0,4569423.8616422275,315278.55418877996,4569468.050695931,-432.59057945722856,1440.6122366716781,-432.266028396879,-6.726216519928665,-0.46712479164934007,-6.726282244521922,17430.344161773057,0.0,0.2055418267503148,1.9282774277535222,2255743.600971862,633.1786670497614
230000.0,4569380.568953036,315422.61307641683,4569424.790461517,-433.2632059871877,1440.5655120020517,-432.93866150199466,-6.726314099238564,-0.46736863309776333,-6.726379877783248,17430.344161773057,0.0,0.2055418267503148,1.9282774277535222,2255743.600971862,633.1786670497614
230100.0,4569337.209000704,315566.66729036724,4569381.4629633045,-433.9358422810613,1440.5187629385878,-433.6113043764221,-6.726411798099442,-0.4676126686722297,-6.726477630638267,17430.344161773057,0.0,0.2055418267503148,1.9282774277535222,2255743.600971862,633.1786670497614
230200.0,4569293.781784254,315710.7168281908,4569338.068200315,-434.6084883507687,1440.4719894617917,-434.2839570320849,-6.72650961579489,-0.4678569000113113,-6.726575502370934,17430.344161773057,0.0,0.2055418267503148,1.9282774277535222,2255743.600971862,633.1786670497614
230300.0,4569250.287302708,315854.76168744516,4569294.606171572,-435.2811442081573,1440.4251915520047,-434.9566194808347,-6.72660755160032,-0.46810132877034344,-6.7266734922570395,17430.344161773057,0.0,0.2055418267503148,1.9282774277535222,2255743.600971862,633.1786670497614
230400.0,4569206.7255550865,315998.8018656861,4569251.076876093,-435.9538098650014,1440.3783691894012,-435.62929173445036,-6.726705604782893,-0.4683459566216154,-6.72677159956412,17430.344161773057,0.0,0.2055418267503148,1.9282774277535222,2255743.600971862,633.1786670497614
230500.0,4569163.096540408,316142.8373604673,4569207.480312898,-436.62648533300177,1440.3315223539876,-436.30197380463693,-6.72680377460142,-0.4685907852545593,-6.726869823551371,17430.344161773057,0.0,0.2055418267503148,1.9282774277535222,2255743.600971862,633.1786670497614
230600.0,4569119.400257693,316286.8681693405,4569163.8164810045,-437.29917062378456,1440.2846510256006,-436.97466570302504,-6.726902060306248,-0.4688358163759407,-6.726968163469524,17430.344161773057,0.0,0.2055418267503148,1.9282774277535222,2255743.600971862,633.1786670497614
230700.0,4569075.636705956,316430.8942898553,4569120.085379429,-437.9718657489006,1440.2377551839054,-437.64736744116993,-6.7270004611391645,-0.46908105171005315,-6.727066618560757,17430.344161773057,0.0,0.2055418267503148,1.9282774277535222,2255743.600971862,633.1786670497614
230800.0,4569031.805884215,316574.9157195595,4569076.2870071875,-438.6445707198244,1440.1908348083934,-438.32007903055074,-6.727098976333309,-0.4693264929989158,-6.727165188058603,17430.344161773057,0.0,0.2055418267503148,1.9282774277535222,2255743.600971862,633.1786670497614
230900.0,4568987.907791484,316718.9324559985,4569032.421363294,-439.3172855479534,1440.1438898783817,-438.9928004825694,-6.7271976051130515,-0.46957214200247005,-6.727263871187827,17430.344161773057,0.0,0.2055418267503148,1.9282774277535222,2255743.600971862,633.1786670497614
231000.0,4568943.9424267765,316862.94449671597,4568988.488446762,-439.99001024460705,1440.0969203730099,-439.66553180854993,-6.727296346693888,-0.469818000498782,-6.7273626671643365,17430.344161773057,0.0,0.2055418267503148,1.9282774277535222,2255743.600971862,633.1786670497614
231100.0,4568899.909789106,317006.95183925325,4568944.488256603,-440.6627448210258,1440.049926271239,-440.3382730197374,-6.72739520028235,-0.4700640702842451,-6.727461575195058,17430.344161773057,0.0,0.2055418267503148,1.9282774277535222,2255743.600971862,633.1786670497614
231200.0,4568855.809877483,317150.9544811496,4568900.420791828,-441.33548928837035,1440.0029075518496,-441.01102412729733,-6.727494165075876,-0.47031035317378567,-6.727560594477845,17430.344161773057,0.0,0.2055418267503148,1.9282774277535222,2255743.600971862,633.1786670497614
231300.0,4568811.642690918,317294.9524199423,4568856.2860514475,-442.00824365772075,1439.9558641934398,-441.6837851423144,-6.727593240262723,-0.4705568510010735,-6.727659724201371,17430.344161773057,0.0,0.2055418267503148,1.9282774277535222,2255743.600971862,633.1786670497614
231400.0,4568767.408228422,317438.9456531663,4568812.084034469,-442.68100794007535,1439.908796174423,-442.3565560757916,-6.727692425021849,-0.47080356561873093,-6.727758963545008,17430.344161773057,0.0,0.2055418267503148,1.9282774277535222,2255743.600971862,633.1786670497614
231500.0,4568723.106489,317582.93417835445,4568767.814739901,-443.3537821463499,1439.8617034730273,-443.0293369386497,-6.727791718522785,-0.4710504988985445,-6.727858311678714,17430.344161773057,0.0,0.2055418267503148,1.9282774277535222,2255743.600971862,633.1786670497614
231600.0,4568678.737471661,317726.91799303744,4568723.47816675,-444.0265662873766,1439.8145860672917,-443.7021277417257,-6.727891119925541,-0.4712976527316836,-6.727957767762927,17430.344161773057,0.0,0.2055418267503148,1.9282774277535222,2255743.600971862,633.1786670497614
231700.0,4568634.301175411,317870.8970947437,4568679.074314021,-444.6993603739034,1439.7674439350656,-444.37492849577234,-6.727990628380488,-0.4715450290289176,-6.728057330948447,17430.344161773057,0.0,0.2055418267503148,1.9282774277535222,2255743.600971862,633.1786670497614
231800.0,4568589.797599254,318014.87148099946,4568634.603180719,-445.3721644165925,1439.7202770540061,-445.0477392114568,-6.7280902430282366,-0.4717926297208382,-6.728157000376327,17430.344161773057,0.0,0.2055418267503148,1.9282774277535222,2255743.600971862,633.1786670497614
231900.0,4568545.226742195,318158.84114932874,4568590.064765846,-446.04497842601984,1439.6730854015766,-445.72055989936007,-6.728189962999528,-0.47204045675808176,-6.728256775177742,17430.344161773057,0.0,0.2055418267503148,1.9282774277535222,2255743.600971862,633.1786670497614
232000.0,4568500.588603236,318302.8060972533,4568545.459068406,-446.7178024126739,1439.625868955044,-446.39339056997557,-6.728289787415102,-0.472288512111556,-6.728356654473882,17430.344161773057,0.0,0.2055418267503148,1.9282774277535222,2255743.600971862,633.1786670497614
232100.0,4568455.883181379,318446.7663222925,4568500.786087399,-447.3906363869547,1439.5786276914775,-447.0662312337084,-6.72838971538559,-0.4725367977726695,-6.7284566373758254,17430.344161773057,0.0,0.2055418267503148,1.9282774277535222,2255743.600971862,633.1786670497614
232200.0,4568411.110475625,318590.72182196355,4568456.045821826,-448.0634803591729,1439.5313615877458,-447.7390819008743,-6.728489746011381,-0.47278531575356375,-6.72855672298442,17430.344161773057,0.0,0.2055418267503148,1.9282774277535222,2255743.600971862,633.1786670497614
232300.0,4568366.270484974,318734.67259378126,4568411.238270685,-448.73633433954853,1439.4840706205152,-448.4119425816985,-6.72858987838251,-0.47303406808734716,-6.728656910390158,17430.344161773057,0.0,0.2055418267503148,1.9282774277535222,2255743.600971862,633.1786670497614
232400.0,4568321.363208423,318878.6186352581,4568366.3634329755,-449.4091983382102,1439.4367547662482,-449.0848132863149,-6.72869011157852,-0.4732830568283333,-6.7287571986730494,17430.344161773057,0.0,0.2055418267503148,1.9282774277535222,2255743.600971862,633.1786670497614
232500.0,4568276.388644972,319022.55994390417,4568321.421307693,-450.082072365194,1439.3894140012003,-449.7576940247647,-6.728790444668347,-0.47353228405228065,-6.728857586902494,17430.344161773057,0.0,0.2055418267503148,1.9282774277535222,2255743.600971862,633.1786670497614
232600.0,4568231.346793616,319166.4965172272,4568276.411893835,-450.7549564304423,1439.3420483014186,-450.43058480699557,-6.728890876710176,-0.4737817518566355,-6.72895807413716,17430.344161773057,0.0,0.2055418267503148,1.9282774277535222,2255743.600971862,633.1786670497614
232700.0,4568186.237653351,319310.4283527325,4568231.335190397,-451.4278505438027,1439.2946576427391,-451.10348564286056,-6.728991406751339,-0.4740314623607807,-6.72905865942485,17430.344161773057,0.0,0.2055418267503148,1.9282774277535222,2255743.600971862,633.1786670497614
232800.0,4568141.061223173,319454.35544792295,4568186.191196372,-452.1007547150271,1439.247242000785,-451.77639654211686,-6.729092033828149,-0.47428141770628063,-6.729159341802367,17430.344161773057,0.0,0.2055418267503148,1.9282774277535222,2255743.600971862,633.1786670497614
232900.0,4568095.817502073,319598.27780029905,4568140.979910753,-452.77366895377037,1439.1998013509642,-452.4493175144249,-6.729192756965791,-0.4745316200571373,-6.729260120295382,17430.344161773057,0.0,0.2055418267503148,1.9282774277535222,2255743.600971862,633.1786670497614
233000.0,4568050.506489046,319742.19540735875,4568095.701332533,-453.4465932695894,1439.1523356684672,-453.12224856934694,-6.729293575178178,-0.4747820716000434,-6.7293609939183066,17430.344161773057,0.0,0.2055418267503148,1.9282774277535222,2255743.600971862,633.1786670497614
233100.0,4568005.128183083,319886.1082665975,4568050.355460702,-454.1195276719419,1439.1048449282644,-453.79518971634633,-6.729394487467817,-0.4750327745446415,-6.729461961674144,17430.344161773057,0.0,0.2055418267503148,1.9282774277535222,2255743.600971862,633.1786670497614
233200.0,4567959.682583175,320030.0163755083,4568004.942294253,-454.79247217018525,1439.057329105104,-454.46814096478596,-6.729495492825664,-0.4752837311237832,-6.729563022554355,17430.344161773057,0.0,0.2055418267503148,1.9282774277535222,2255743.600971862,633.1786670497614
233300.0,4567914.169688311,320173.9197315815,4567959.461832173,-455.4654267735753,1439.0097881735098,-455.1411023239274,-6.729596590230987,-0.47553494359379733,-6.729664175538721,17430.344161773057,0.0,0.2055418267503148,1.9282774277535222,2255743.600971862,633.1786670497614
233400.0,4567868.589497482,320317.8183323051,4567913.914073451,-456.1383914912653,1438.9622221077793,-455.8140738029295,-6.729697778651233,-0.4757864142347558,-6.729765419595201,17430.344161773057,0.0,0.2055418267503148,1.9282774277535222,2255743.600971862,633.1786670497614
233500.0,4567822.942009675,320461.7121751644,4567868.299017075,-456.81136633230454,1438.9146308819804,-456.4870554108474,-6.729799057041876,-0.4760381453507455,-6.729866753679794,17430.344161773057,0.0,0.2055418267503148,1.9282774277535222,2255743.600971862,633.1786670497614
233600.0,4567777.227223878,320605.601257642,4567822.616662032,-457.48435130563746,1438.8670144699493,-457.1600471566312,-6.729900424346263,-0.47629013927013986,-6.729968176736369,17430.344161773057,0.0,0.2055418267503148,1.9282774277535222,2255743.600971862,633.1786670497614
233700.0,4567731.445139076,320749.48557721794,4567776.867007306,-458.157346420102,1438.819372845288,-457.8330490491248,-6.730001879495478,-0.4765423983458795,-6.730069687696545,17430.344161773057,0.0,0.2055418267503148,1.9282774277535222,2255743.600971862,633.1786670497614
233800.0,4567685.595754255,320893.36513136973,4567731.050051883,-458.8303516844287,1438.7717059813622,-458.5060610970646,-6.730103421408198,-0.47679492495575393,-6.730171285479537,17430.344161773057,0.0,0.2055418267503148,1.9282774277535222,2255743.600971862,633.1786670497614
233900.0,4567639.6790684,321037.239917572,4567685.165794747,-459.50336710723934,1438.7240138512989,-459.17908330907835,-6.730205048990521,-0.47704772150268143,-6.730272968991985,17430.344161773057,0.0,0.2055418267503148,1.9282774277535222,2255743.600971862,633.1786670497614
234000.0,4567593.6950804945,321181.10993329686,4567639.214234882,-460.1763926970456,1438.6762964279828,-459.8521156936838,-6.730306761135834,-0.47730079041500206,-6.730374737127826,17430.344161773057,0.0,0.2055418267503148,1.9282774277535222,2255743.600971862,633.1786670497614
234100.0,4567547.643789521,321324.9751760136,4567593.195371269,-460.849428462248,1438.6285536840553,-460.5251582592874,-6.73040855672464,-0.4775541341467659,-6.730476588768119,17430.344161773057,0.0,0.2055418267503148,1.9282774277535222,2255743.600971862,633.1786670497614
234200.0,4567501.525194462,321468.83564318874,4567547.109202891,-461.5224744111343,1438.5807855919104,-461.1982110141832,-6.730510434624415,-0.4778077551780291,-6.7305785227809,17430.344161773057,0.0,0.2055418267503148,1.9282774277535222,2255743.600971862,633.1786670497614
234300.0,4567455.3392942995,321612.6913322861,4567500.955728726,-462.1955305518784,1438.532992123693,-461.8712739665512,-6.7306123936894435,-0.4780616560151524,-6.730680538021019,17430.344161773057,0.0,0.2055418267503148,1.9282774277535222,2255743.600971862,633.1786670497614
234400.0,4567409.086088012,321756.5422407667,4567454.734947757,-462.868596892539,1438.4851732512961,-462.54434712445635,-6.73071443276065,-0.47831583919110254,-6.730782633329978,17430.344161773057,0.0,0.2055418267503148,1.9282774277535222,2255743.600971862,633.1786670497614
234500.0,4567362.76557458,321900.3883660886,4567408.446858961,-463.5416734410583,1438.437328946358,-463.2174304958471,-6.730816550665449,-0.47857030726575955,-6.730884807535767,17430.344161773057,0.0,0.2055418267503148,1.9282774277535222,2255743.600971862,633.1786670497614
234600.0,4567316.377752983,322044.2297057072,4567362.091461317,-464.2147602052604,1438.38945918026,-463.89052408855395,-6.730918746217564,-0.47882506282622345,-6.7309870594526915,17430.344161773057,0.0,0.2055418267503148,1.9282774277535222,2255743.600971862,633.1786670497614
234700.0,4567269.922622198,322188.066257075,4567315.668753802,-464.8878571928501,1438.3415639241227,-464.56362791028806,-6.731021018216879,-0.4790801084871325,-6.731089387881235,17430.344161773057,0.0,0.2055418267503148,1.9282774277535222,2255743.600971862,633.1786670497614
234800.0,4567223.400181203,322331.89801764145,4567269.178735393,-465.5609644114116,1438.2936431488044,-465.2367419686401,-6.731123365449249,-0.47933544689097557,-6.731191791607844,17430.344161773057,0.0,0.2055418267503148,1.9282774277535222,2255743.600971862,633.1786670497614
234900.0,4567176.810428974,322475.7249848532,4567222.621405067,-466.2340818684068,1438.2456968248975,-465.9098662710786,-6.731225786686333,-0.4795910807084138,-6.731294269404784,17430.344161773057,0.0,0.2055418267503148,1.9282774277535222,2255743.600971862,633.1786670497614
235000.0,4567130.153364488,322619.5471561538,4567175.996761798,-466.90720957117423,1438.1977249227257,-466.58300082494867,-6.731328280685434,-0.47984701263860885,-6.731396820029968,17430.344161773057,0.0,0.2055418267503148,1.9282774277535222,2255743.600971862,633.1786670497614
235100.0,4567083.428986719,322763.3645289841,4567129.304804561,-467.58034752692737,1438.1497274123417,-467.25614563747035,-6.731430846189309,-0.48010324540955035,-6.7314994422267675,17430.344161773057,0.0,0.2055418267503148,1.9282774277535222,2255743.600971862,633.1786670497614
235200.0,4567036.637294641,322907.1771007817,4567082.545532329,-468.2534957427532,1438.1017042635237,-467.9293007157374,-6.731533481925986,-0.4803597817783868,-6.731602134723842,17430.344161773057,0.0,0.2055418267503148,1.9282774277535222,2255743.600971862,633.1786670497614
235300.0,4566989.778287228,323050.9848689812,4567035.7189440755,-468.9266542256108,1438.053655445773,-468.6024660667156,-6.731636186608599,-0.4806166245317638,-6.731704896234946,17430.344161773057,0.0,0.2055418267503148,1.9282774277535222,2255743.600971862,633.1786670497614
235400.0,4566942.851963453,323194.7878310142,4566988.825038773,-469.5998229823297,1438.0055809283106,-469.27564169724144,-6.731738958935188,-0.480873776486168,-6.731807725458765,17430.344161773057,0.0,0.2055418267503148,1.9282774277535222,2255743.600971862,633.1786670497614
235500.0,4566895.858322289,323338.58598430915,4566941.863815393,-470.2730020196087,1437.9574806800742,-469.94882761402056,-6.731841797588527,-0.48113124048826733,-6.731910621078712,17430.344161773057,0.0,0.2055418267503148,1.9282774277535222,2255743.600971862,633.1786670497614
235600.0,4566848.797362707,323482.37932629144,4566894.835272907,-470.9461913440139,1437.9093546697154,-470.622023823626,-6.731944701235916,-0.48138901941526324,-6.73201358176274,17430.344161773057,0.0,0.2055418267503148,1.9282774277535222,2255743.600971862,633.1786670497614
235700.0,4566801.669083677,323626.1678543833,4566847.739410285,-471.61939096197744,1437.8612028655966,-471.295230332497,-6.732047668529025,-0.4816471161752485,-6.732116606163173,17430.344161773057,0.0,0.2055418267503148,1.9282774277535222,2255743.600971862,633.1786670497614
235800.0,4566754.473484171,323769.9515660037,4566800.576226497,-472.29260087979577,1437.813025235788,-471.9684471469371,-6.732150698103663,-0.48190553370755856,-6.732219692916492,17430.344161773057,0.0,0.2055418267503148,1.9282774277535222,2255743.600971862,633.1786670497614
235900.0,4566707.210563158,323913.73045856855,4566753.345720512,-472.96582110362823,1437.7648217480637,-472.64167427311276,-6.732253788579605,-0.48216427498313724,-6.732322840643136,17430.344161773057,0.0,0.2055418267503148,1.9282774277535222,2255743.600971862,633.1786670497614
236000.0,4566659.8803196065,324057.5045294903,4566706.047891298,-473.6390516394952,1437.7165923698997,-473.31491171705164,-6.732356938560387,-0.482423343004906,-6.732426047947328,17430.344161773057,0.0,0.2055418267503148,1.9282774277535222,2255743.600971862,633.1786670497614
236100.0,4566612.482752486,324201.27377617836,4566658.6827378245,-474.31229249327674,1437.66833706847,-473.9881594846411,-6.732460146633101,-0.4826827408081306,-6.732529313416842,17430.344161773057,0.0,0.2055418267503148,1.9282774277535222,2255743.600971862,633.1786670497614
236200.0,4566565.017860764,324345.03819603875,4566611.250259058,-474.9855436707106,1437.6200558106432,-474.66141758162627,-6.732563411368206,-0.4829424714608038,-6.732632635622835,17430.344161773057,0.0,0.2055418267503148,1.9282774277535222,2255743.600971862,633.1786670497614
236300.0,4566517.485643407,324488.79778647417,4566563.750453964,-475.65880517739095,1437.5717485629796,-475.3346860136087,-6.732666731319303,-0.48320253806401947,-6.732736013119605,17430.344161773057,0.0,0.2055418267503148,1.9282774277535222,2255743.600971862,633.1786670497614
236400.0,4566469.886099383,324632.5525448839,4566516.18332151,-476.33207701876626,1437.5234152917276,-476.00796478604445,-6.732770105022948,-0.48346294375236487,-6.732839444444421,17430.344161773057,0.0,0.2055418267503148,1.9282774277535222,2255743.600971862,633.1786670497614
236500.0,4566422.219227659,324776.30246866395,4566468.548860663,-477.00535920013795,1437.4750559628208,-476.6812539042425,-6.732873530998414,-0.48372369169430374,-6.732942928117269,17430.344161773057,0.0,0.2055418267503148,1.9282774277535222,2255743.600971862,633.1786670497614
236600.0,4566374.485027199,324920.04755520675,4566420.847070385,-477.6786517266584,1437.4266705418736,-477.35455337336293,-6.7329770077475,-0.48398478509257703,-6.733046462640674,17430.344161773057,0.0,0.2055418267503148,1.9282774277535222,2255743.600971862,633.1786670497614
236700.0,4566326.683496969,325063.7878019014,4566373.077949642,-478.3519546033294,1437.378258994179,-478.02786319841516,-6.733080533754304,-0.48424622718460236,-6.733150046499468,17430.344161773057,0.0,0.2055418267503148,1.9282774277535222,2255743.600971862,633.1786670497614
236800.0,4566278.814635933,325207.5232061335,4566325.241497399,-479.0252678350001,1437.3298212847044,-478.70118338425624,-6.733184107485009,-0.4845080212428762,-6.733253678160572,17430.344161773057,0.0,0.2055418267503148,1.9282774277535222,2255743.600971862,633.1786670497614
236900.0,4566230.878443057,325351.25376528513,4566277.337712619,-479.69859142636545,1437.281357378088,-479.374513935589,-6.733287727387642,-0.4847701705753851,-6.733357356072766,17430.344161773057,0.0,0.2055418267503148,1.9282774277535222,2255743.600971862,633.1786670497614
237000.0,4566182.874917302,325494.9794767347,4566229.366594266,-480.37192538196433,1437.2328672386354,-480.0478548569602,-6.733391391891884,-0.4850326785260235,-6.733461078666483,17430.344161773057,0.0,0.2055418267503148,1.9282774277535222,2255743.600971862,633.1786670497614
237100.0,4566134.804057634,325638.7003378572,4566181.328141302,-481.0452697061776,1437.1843508303161,-480.7212061527588,-6.733495099408793,-0.4852955484750064,-6.7335648443535465,17430.344161773057,0.0,0.2055418267503148,1.9282774277535222,2255743.600971862,633.1786670497614
237200.0,4566086.665863016,325782.4163460239,4566133.222352689,-481.7186244032263,1437.1358081167598,-481.39456782721385,-6.733598848330627,-0.4855587838393065,-6.7336686515269895,17430.344161773057,0.0,0.2055418267503148,1.9282774277535222,2255743.600971862,633.1786670497614
237300.0,4566038.460332409,325926.1274986025,4566085.04922739,-482.39198947716966,1437.0872390612526,-482.0679398843929,-6.733702637030562,-0.4858223880730733,-6.733772498560769,17430.344161773057,0.0,0.2055418267503148,1.9282774277535222,2255743.600971862,633.1786670497614
237400.0,4565990.187464775,326069.8337929569,4566036.808764366,-483.06536493190345,1437.0386436267331,-482.7413223281999,-6.733806463862488,-0.48608636466807714,-6.733876383809565,17430.344161773057,0.0,0.2055418267503148,1.9282774277535222,2255743.600971862,633.1786670497614
237500.0,4565941.847259076,326213.53522644733,4565988.500962579,-483.7387507711577,1436.9900217757893,-483.41471516237317,-6.733910327160745,-0.48635071715414535,-6.733980305608514,17430.344161773057,0.0,0.2055418267503148,1.9282774277535222,2255743.600971862,633.1786670497614
237600.0,4565893.439714274,326357.23179643025,4565940.125820988,-484.41214699849496,1436.9413734706536,-484.08811839048377,-6.734014225239894,-0.4866154490996134,-6.7340842622729875,17430.344161773057,0.0,0.2055418267503148,1.9282774277535222,2255743.600971862,633.1786670497614
237700.0,4565844.96482933,326500.92350025836,4565891.683338555,-485.0855536173082,1436.8926986732004,-484.76153201593314,-6.734118156394461,-0.48688056411177427,-6.7341882520983285,17430.344161773057,0.0,0.2055418267503148,1.9282774277535222,2255743.600971862,633.1786670497614
237800.0,4565796.422603205,326644.61033528054,4565843.173514239,-485.75897063081885,1436.8439973449408,-485.4349560419513,-6.734222118898696,-0.48714606583733877,-6.7342922733596104,17430.344161773057,0.0,0.2055418267503148,1.9282774277535222,2255743.600971862,633.1786670497614
237900.0,4565747.813034858,326788.2922988417,4565794.5963469995,-486.43239804207474,1436.7952694470196,-486.10839047159476,-6.7343261110063155,-0.4874119579628988,-6.7343963243113825,17430.344161773057,0.0,0.2055418267503148,1.9282774277535222,2255743.600971862,633.1786670497614
238000.0,4565699.136123249,326931.969388283,4565745.951835797,-487.105835853948,1436.7465149402108,-486.7818353077444,-6.734430130950236,-0.4876782442153948,-6.734500403187406,17430.344161773057,0.0,0.2055418267503148,1.9282774277535222,2255743.600971862,633.1786670497614
238100.0,4565650.39186734,327075.6416009415,4565697.239979591,-487.7792840691331,1436.6977337849135,-487.4552905531035,-6.734534176942329,-0.48794492836259484,-6.734604508200406,17430.344161773057,0.0,0.2055418267503148,1.9282774277535222,2255743.600971862,633.1786670497614
238200.0,4565601.580266088,327219.3089341504,4565648.4607773395,-488.4527426901445,1436.6489259411483,-488.1287562101955,-6.734638247173147,-0.4882120142135732,-6.734708637541796,17430.344161773057,0.0,0.2055418267503148,1.9282774277535222,2255743.600971862,633.1786670497614
238300.0,4565552.701318455,327362.97138523875,4565599.614228002,-489.12621171931465,1436.6000913685525,-488.80223228136185,-6.7347423398116595,-0.48847950561919795,-6.734812789381414,17430.344161773057,0.0,0.2055418267503148,1.9282774277535222,2255743.600971862,633.1786670497614
238400.0,4565503.7550233975,327506.6289515317,4565550.700330536,-489.799691158792,1436.5512300263763,-489.47571876876003,-6.734846453004991,-0.4887474064726305,-6.734916961867272,17430.344161773057,0.0,0.2055418267503148,1.9282774277535222,2255743.600971862,633.1786670497614
238500.0,4565454.741379876,327650.28163035034,4565501.719083901,-490.4731810105383,1436.5023418734786,-490.1492156743611,-6.734950584878126,-0.489015720709813,-6.735021153125239,17430.344161773057,0.0,0.2055418267503148,1.9282774277535222,2255743.600971862,633.1786670497614
238600.0,4565405.660386848,327793.92941901134,4565452.670487054,-491.146681276327,1436.4534268683224,-490.8227229999476,-6.735054733533654,-0.4892844523099865,-6.7351253612588105,17430.344161773057,0.0,0.2055418267503148,1.9282774277535222,2255743.600971862,633.1786670497614
238700.0,4565356.512043273,327937.5723148275,4565403.554538953,-491.82019195774046,1436.4044849689706,-491.49624074711136,-6.73515889705147,-0.489553605296196,-6.735229584348787,17430.344161773057,0.0,0.2055418267503148,1.9282774277535222,2255743.600971862,633.1786670497614
238800.0,4565307.296348109,328081.21031510725,4565354.371238557,-492.49371305616796,1436.3555161330814,-492.16976891725113,-6.735263073488503,-0.4898231837358119,-6.735333820453021,17430.344161773057,0.0,0.2055418267503148,1.9282774277535222,2255743.600971862,633.1786670497614
238900.0,4565258.013300315,328224.8434171548,4565305.120584822,-493.16724457280327,1436.3065203179046,-492.8433075115703,-6.735367260878418,-0.4900931917410539,-6.735438067606106,17430.344161773057,0.0,0.2055418267503148,1.9282774277535222,2255743.600971862,633.1786670497614
239000.0,4565208.662898847,328368.4716182701,4565255.802576707,-493.8407865086424,1436.257497480276,-493.5168565310744,-6.735471457231329,-0.49036363346952544,-6.7355423238191,17430.344161773057,0.0,0.2055418267503148,1.9282774277535222,2255743.600971862,633.1786670497614
239100.0,4565159.245142665,328512.0949157487,4565206.417213168,-494.5143388644812,1436.2084475766133,-494.190415976569,-6.735575660533499,-0.49063451312474754,-6.735646587079213,17430.344161773057,0.0,0.2055418267503148,1.9282774277535222,2255743.600971862,633.1786670497614
239200.0,4565109.760030726,328655.7133068818,4565156.964493164,-495.18790164091286,1436.1593705629118,-494.86398584865725,-6.735679868747035,-0.4909058349567076,-6.735750855349519,17430.344161773057,0.0,0.2055418267503148,1.9282774277535222,2255743.600971862,633.1786670497614
239300.0,4565060.207561989,328799.3267889561,4565107.444415651,-495.8614748383256,1436.1102663947395,-495.53756614773727,-6.7357840798095925,-0.4911776032624097,-6.735855126568642,17430.344161773057,0.0,0.2055418267503148,1.9282774277535222,2255743.600971862,633.1786670497614
239400.0,4565010.587735412,328942.9353592541,4565057.856979587,-496.5350584569002,1436.061135027232,-496.2111568739998,-6.73588829163407,-0.49144982238643664,-6.735959398650464,17430.344161773057,0.0,0.2055418267503148,1.9282774277535222,2255743.600971862,633.1786670497614
239500.0,4564960.900549951,329086.5390150534,4565008.202183929,-497.2086524966074,1436.0119764150884,-496.8847580274258,-6.735992502108278,-0.4917224967215116,-6.736063669483795,17430.344161773057,0.0,0.2055418267503148,1.9282774277535222,2255743.600971862,633.1786670497614
239600.0,4564911.146004565,329230.13775362744,4564958.480027635,-497.8822569572056,1435.962790512566,-497.5583696077838,-6.7360967090946495,-0.491995630709075,-6.7361679369320635,17430.344161773057,0.0,0.2055418267503148,1.9282774277535222,2255743.600971862,633.1786670497614
239700.0,4564861.324098212,329373.7315722447,4564908.69050966,-498.555871838238,1435.9135772734753,-498.23199161462736,-6.7362009104298775,-0.49226922883985935,-6.736272198832989,17430.344161773057,0.0,0.2055418267503148,1.9282774277535222,2255743.600971862,633.1786670497614
239800.0,4564811.43482985,329517.32046816935,4564858.833628964,-499.22949713903023,1435.8643366511753,-498.9056240472926,-6.736305103924644,-0.4925432956544852,-6.736376452998272,17430.344161773057,0.0,0.2055418267503148,1.9282774277535222,2255743.600971862,633.1786670497614
239900.0,4564761.478198437,329660.9044386606,4564808.909384503,-499.90313285868774,1435.8150685985686,-499.57926690489535,-6.736409287363244,-0.49281783574404886,-6.7364806972132545,17430.344161773057,0.0,0.2055418267503148,1.9282774277535222,2255743.600971862,633.1786670497614
240000.0,4564711.454202931,329804.4834809731,4564758.917775235,-500.57677899609297,1435.765773068096,-500.2529201863288,-6.736513458503275,-0.49309285375072875,-6.736584929236578,17430.344161773057,0.0,0.2055418267503148,1.9282774277535222,2255743.600971862,633.1786670497614
240100.0,4564661.362842291,329948.0575923567,4564708.858800118,-501.2504355499028,1435.7164500117315,-500.92658389026064,-6.736617615075294,-0.4933683543683957,-6.7366891467998675,17430.344161773057,0.0,0.2055418267503148,1.9282774277535222,2255743.600971862,633.1786670497614
240200.0,4564611.204115474,330091.6267700563,4564658.732458109,-501.9241025185459,1435.667099380977,-501.6002580151303,-6.7367217547824705,-0.49364434234322757,-6.7367933476073665,17430.344161773057,0.0,0.2055418267503148,1.9282774277535222,2255743.600971862,633.1786670497614
240300.0,4564560.978021439,330235.1910113121,4564608.538748167,-502.59777990021973,1435.6177211268578,-502.2739425591462,-6.736825875300249,-0.49392082247433894,-6.736897529335603,17430.344161773057,0.0,0.2055418267503148,1.9282774277535222,2255743.600971862,633.1786670497614
240400.0,4564510.684559146,330378.75031335925,4564558.27766925,-503.27146769288794,1435.5683151999153,-502.9476375202831,-6.736929974275984,-0.4941977996144131,-6.73700168963303,17430.344161773057,0.0,0.2055418267503148,1.9282774277535222,2255743.600971862,633.1786670497614
240500.0,4564460.323727554,330522.304673428,4564507.949220316,-503.9451658942775,1435.5188815502042,-503.62134289627915,-6.7370340493285985,-0.4944752786703437,-6.737105826119681,17430.344161773057,0.0,0.2055418267503148,1.9282774277535222,2255743.600971862,633.1786670497614
240600.0,4564409.89552562,330665.8540887435,4564457.553400324,-504.6188745018759,1435.4694201272853,-504.2950586846331,-6.737138098048199,-0.4947532646038811,-6.7372099363867886,17430.344161773057,0.0,0.2055418267503148,1.9282774277535222,2255743.600971862,633.1786670497614
240700.0,4564359.399952306,330809.398556526,4564407.090208232,-505.2925935129281,1435.4199308802204,-504.9687848826013,-6.737242117995733,-0.4950317624322979,-6.737314017996433,17430.344161773057,0.0,0.2055418267503148,1.9282774277535222,2255743.600971862,633.1786670497614
240800.0,4564308.837006571,330952.9380739904,4564356.559643,-505.9663229244337,1435.3704137575667,-505.6425214871949,-6.737346106702619,-0.49531077722905215,-6.737418068481181,17430.344161773057,0.0,0.2055418267503148,1.9282774277535222,2255743.600971862,633.1786670497614
240900.0,4564258.206687375,331096.4726383466,4564305.961703588,-506.640062733144,1435.3208687073713,-506.3162684951768,-6.737450061670338,-0.4955903141244546,-6.737522085343677,17430.344161773057,0.0,0.2055418267503148,1.9282774277535222,2255743.600971862,633.1786670497614
241000.0,4564207.508993678,331240.00224679924,4564255.296388955,-507.3138129355589,1435.2712956771657,-506.99002590305867,-6.737553980370091,-0.4958703783063647,-6.737626066056295,17430.344161773057,0.0,0.2055418267503148,1.9282774277535222,2255743.600971862,633.1786670497614
241100.0,4564156.743924441,331383.52689654764,4564204.563698061,-507.9875735279238,1435.221694613959,-507.66379370709785,-6.7376578602423915,-0.49615097502087374,-6.737730008060738,17430.344161773057,0.0,0.2055418267503148,1.9282774277535222,2255743.600971862,633.1786670497614
241200.0,4564105.911478626,331527.04658478586,4564153.763629867,-508.6613445062268,1435.1720654642336,-508.3375719032943,-6.737761698696678,-0.4964321095730089,-6.7378339087676435,17430.344161773057,0.0,0.2055418267503148,1.9282774277535222,2255743.600971862,633.1786670497614
241300.0,4564055.011655194,331670.5613087025,4564102.896183333,-509.3351258661952,1435.1224081739379,-509.0113604873875,-6.737865493110921,-0.49671378732744265,-6.737937765556193,17430.344161773057,0.0,0.2055418267503148,1.9282774277535222,2255743.600971862,633.1786670497614
241400.0,4564004.044453107,331814.0710654808,4564051.961357423,-510.00891760329256,1435.0727226884808,-509.6851594548532,-6.73796924083121,-0.49699601370921026,-6.73804157577371,17430.344161773057,0.0,0.2055418267503148,1.9282774277535222,2255743.600971862,633.1786670497614
241500.0,4563953.009871327,331957.5758522985,4564000.959151097,-510.6827197127155,1435.0230089527258,-510.35896880090036,-6.738072939171367,-0.4972787942044427,-6.738145336735257,17430.344161773057,0.0,0.2055418267503148,1.9282774277535222,2255743.600971862,633.1786670497614
241600.0,4563901.907908819,332101.07566632784,4563949.889563317,-511.35653218939024,1434.9732669109846,-511.0327885204678,-6.738176585412509,-0.49756213436109437,-6.738249045723207,17430.344161773057,0.0,0.2055418267503148,1.9282774277535222,2255743.600971862,633.1786670497614
241700.0,4563850.738564544,332244.57050473534,4563898.752593047,-512.0303550279697,1434.9234965070114,-511.7066186082209,-6.7382801768026495,-0.49784603978969916,-6.73835269998684,17430.344161773057,0.0,0.2055418267503148,1.9282774277535222,2255743.600971862,633.1786670497614
241800.0,4563799.501837468,332388.06036468194,4563847.54823925,-512.7041882228297,1434.8736976839953,-512.3804590585482,-6.738383710556267,-0.49813051616412374,-6.738456296741923,17430.344161773057,0.0,0.2055418267503148,1.9282774277535222,2255743.600971862,633.1786670497614
241900.0,4563748.197726554,332531.5452433229,4563796.27650089,-513.3780317680659,1434.8238703845557,-513.0543098655584,-6.738487183853865,-0.4984155692223276,-6.738559833170256,17430.344161773057,0.0,0.2055418267503148,1.9282774277535222,2255743.600971862,633.1786670497614
242000.0,4563696.826230769,332675.0251378077,4563744.937376932,-514.0518856574902,1434.7740145507346,-513.7281710230764,-6.73859059384156,-0.49870120476714885,-6.738663306419274,17430.344161773057,0.0,0.2055418267503148,1.9282774277535222,2255743.600971862,633.1786670497614
242100.0,4563645.387349078,332818.50004528,4563693.530866341,-514.7257498846276,1434.7241301239906,-514.40204252464,-6.738693937630617,-0.4989874286670801,-6.7387667136015645,17430.344161773057,0.0,0.2055418267503148,1.9282774277535222,2255743.600971862,633.1786670497614
242200.0,4563593.881080448,332961.96996287745,4563642.056968083,-515.3996244427123,1434.6742170451917,-515.075924363497,-6.738797212297023,-0.4992742468570724,-6.738870051794461,17430.344161773057,0.0,0.2055418267503148,1.9282774277535222,2255743.600971862,633.1786670497614
242300.0,4563542.307423845,333105.434887732,4563590.515681124,-516.0735093246842,1434.6242752546095,-515.7498165326008,-6.738900414881003,-0.49956166533933,-6.738973318039547,17430.344161773057,0.0,0.2055418267503148,1.9282774277535222,2255743.600971862,633.1786670497614
242400.0,4563490.666378238,333248.89481696935,4563538.907004433,-516.7474045231859,1434.574304691912,-516.423719024607,-6.739003542386606,-0.4998496901841414,-6.7390765093422464,17430.344161773057,0.0,0.2055418267503148,1.9282774277535222,2255743.600971862,633.1786670497614
242500.0,4563438.957942597,333392.3497477093,4563487.230936976,-517.421310030558,1434.5243052961562,-517.0976318318701,-6.739106591781193,-0.5001383275306897,-6.73917962267131,17430.344161773057,0.0,0.2055418267503148,1.9282774277535222,2255743.600971862,633.1786670497614
242600.0,4563387.182115889,333535.79967706546,4563435.4874777235,-518.0952258388362,1434.4742770057821,-517.7715549464398,-6.739209559994998,-0.5004275835879027,-6.739282654958375,17430.344161773057,0.0,0.2055418267503148,1.9282774277535222,2255743.600971862,633.1786670497614
242700.0,4563335.338897086,333679.2446021452,4563383.676625644,-518.7691519397474,1434.4242197586057,-518.4454883600569,-6.739312443920634,-0.5007174646352943,-6.739385603097481,17430.344161773057,0.0,0.2055418267503148,1.9282774277535222,2255743.600971862,633.1786670497614
242800.0,4563283.428285158,333822.68452004984,4563331.798379708,-519.4430883247059,1434.3741334918104,-519.1194320641496,-6.739415240412618,-0.5010079770238234,-6.739488463944576,17430.344161773057,0.0,0.2055418267503148,1.9282774277535222,2255743.600971862,633.1786670497614
242900.0,4563231.450279078,333966.11942787416,4563279.852738888,-520.1170349848094,1434.3240181419421,-519.79338604983,-6.739517946286859,-0.5012991271767628,-6.73959123431703,17430.344161773057,0.0,0.2055418267503148,1.9282774277535222,2255743.600971862,633.1786670497614
243000.0,4563179.404877819,334109.54932270665,4563227.839702155,-520.7909919108353,1434.2738736448998,-520.4673503078899,-6.7396205583201985,-0.501590921590587,-6.73969391099315,17430.344161773057,0.0,0.2055418267503148,1.9282774277535222,2255743.600971862,633.1786670497614
243100.0,4563127.292080354,334252.9742016294,4563175.759268484,-521.4649590932366,1434.2236999359297,-521.1413248287968,-6.73972307324986,-0.5018833668358524,-6.739796490711654,17430.344161773057,0.0,0.2055418267503148,1.9282774277535222,2255743.600971862,633.1786670497614
243200.0,4563075.111885658,334396.39406171796,4563123.611436848,-522.1389365221384,1434.173496949617,-521.8153096026903,-6.7398254877729755,-0.5021764695581143,-6.739898970171172,17430.344161773057,0.0,0.2055418267503148,1.9282774277535222,2255743.600971862,633.1786670497614
243300.0,4563022.864292708,334539.8089000412,4563071.396206222,-522.8129241873329,1434.1232646198782,-522.4893046193777,-6.739927798546054,-0.502470236478832,-6.7400013460297385,17430.344161773057,0.0,0.2055418267503148,1.9282774277535222,2255743.600971862,633.1786670497614
243400.0,4562970.54930048,334683.2187136616,4563019.113575582,-523.4869220782764,1434.0730028799546,-523.1633098683301,-6.74003000218444,-0.5027646743962995,-6.740103614904237,17430.344161773057,0.0,0.2055418267503148,1.9282774277535222,2255743.600971862,633.1786670497614
243500.0,4562918.166907951,334826.6234996346,4562966.763543908,-524.1609301840845,1434.0227116624033,-523.8373253386783,-6.740132095261807,-0.5030597901865852,-6.740205773369897,17430.344161773057,0.0,0.2055418267503148,1.9282774277535222,2255743.600971862,633.1786670497614
243600.0,4562865.717114102,334970.0232550092,4562914.346110174,-524.8349484935278,1433.9723908990898,-524.5113510192083,-6.740234074309609,-0.5033555908044853,-6.740307817959747,17430.344161773057,0.0,0.2055418267503148,1.9282774277535222,2255743.600971862,633.1786670497614
243700.0,4562813.1999179125,335113.4179768273,4562861.861273363,-525.5089769950283,1433.9220405211804,-525.1853868983575,-6.740335935816523,-0.5036520832844799,-6.740409745164055,17430.344161773057,0.0,0.2055418267503148,1.9282774277535222,2255743.600971862,633.1786670497614
243800.0,4562760.6153183635,335256.807662124,4562809.309032455,-526.1830156766546,1433.8716604591339,-525.8594329642099,-6.740437676227903,-0.5039492747417158,-6.740511551429792,17430.344161773057,0.0,0.2055418267503148,1.9282774277535222,2255743.600971862,633.1786670497614
243900.0,4562707.963314438,335400.19230792735,4562756.689386431,-526.8570645261175,1433.821250642693,-526.5334892044923,-6.740539291945229,-0.5042471723729941,-6.740613233160063,17430.344161773057,0.0,0.2055418267503148,1.9282774277535222,2255743.600971862,633.1786670497614
244000.0,4562655.24390512,335543.5719112584,4562704.002334275,-527.5311235307657,1433.7708110008775,-527.2075556065694,-6.740640779325515,-0.5045457834577681,-6.740714786713531,17430.344161773057,0.0,0.2055418267503148,1.9282774277535222,2255743.600971862,633.1786670497614
244100.0,4562602.457089393,335686.946469131,4562651.2478749715,-528.2051926775817,1433.7203414619744,-527.8816321574395,-6.740742134680746,-0.5048451153591595,-6.740816208403849,17430.344161773057,0.0,0.2055418267503148,1.9282774277535222,2255743.600971862,633.1786670497614
244200.0,4562549.602866246,335830.3159785518,4562598.4260075055,-528.8792719531766,1433.6698419535303,-528.5557188437303,-6.740843354277294,-0.5051451755249873,-6.740917494499076,17430.344161773057,0.0,0.2055418267503148,1.9282774277535222,2255743.600971862,633.1786670497614
244300.0,4562496.681234666,335973.68043652026,4562545.536730865,-529.5533613437859,1433.6193124023428,-529.2298156516937,-6.740944434335313,-0.5054459714888031,-6.741018641221069,17430.344161773057,0.0,0.2055418267503148,1.9282774277535222,2255743.600971862,633.1786670497614
244400.0,4562443.692193641,336117.0398400284,4562492.580044039,-530.2274608352649,1433.568752734452,-529.9039225672013,-6.7410453710281555,-0.5057475108709547,-6.74111964474491,17430.344161773057,0.0,0.2055418267503148,1.9282774277535222,2255743.600971862,633.1786670497614
244500.0,4562390.635742163,336260.39418606076,4562439.555946016,-530.9015704130836,1433.518162875131,-530.5780395757404,-6.741146160481751,-0.5060498013796446,-6.741220501198271,17430.344161773057,0.0,0.2055418267503148,1.9282774277535222,2255743.600971862,633.1786670497614
244600.0,4562337.511879223,336403.7434715945,4562386.464435788,-531.5756900623226,1433.4675427488787,-531.2521666624081,-6.741246798773983,-0.506352850812016,-6.741321206660804,17430.344161773057,0.0,0.2055418267503148,1.9282774277535222,2255743.600971862,633.1786670497614
244700.0,4562284.320603816,336547.0876935991,4562333.305512348,-532.2498197676674,1433.4168922794086,-531.9263038119072,-6.74134728193408,-0.5066566670552478,-6.741421757163521,17430.344161773057,0.0,0.2055418267503148,1.9282774277535222,2255743.600971862,633.1786670497614
244800.0,4562231.061914936,336690.42684903636,4562280.079174691,-532.9239595134044,1433.3662113896414,-532.6004510085415,-6.7414476059419695,-0.5069612580876663,-6.7415221486881585,17430.344161773057,0.0,0.2055418267503148,1.9282774277535222,2255743.600971862,633.1786670497614
244900.0,4562177.735811579,336833.7609348604,4562226.785421812,-533.5981092834152,1433.3155000016957,-533.27460823621,-6.7415477667276305,-0.5072666319798645,-6.741622377166522,17430.344161773057,0.0,0.2055418267503148,1.9282774277535222,2255743.600971862,633.1786670497614
245000.0,4562124.342292746,336977.08994801744,4562173.424252709,-534.2722690611719,1433.264758036878,-533.9487754784027,-6.741647760170456,-0.5075727968958454,-6.741722438479852,17430.344161773057,0.0,0.2055418267503148,1.9282774277535222,2255743.600971862,633.1786670497614
245100.0,4562070.881357434,337120.41388544586,4562119.995666383,-534.9464388297321,1433.2139854156737,-534.6229527181949,-6.741747582098585,-0.5078797610941796,-6.741822328458159,17430.344161773057,0.0,0.2055418267503148,1.9282774277535222,2255743.600971862,633.1786670497614
245200.0,4562017.353004647,337263.732744076,4562066.499661833,-535.6206185717336,1433.163182057738,-535.2971399382425,-6.7418472282882185,-0.5081875329291621,-6.741922042879537,17430.344161773057,0.0,0.2055418267503148,1.9282774277535222,2255743.600971862,633.1786670497614
245300.0,4561963.757233388,337407.04652083013,4562012.9362380635,-536.2948082693893,1433.112347881885,-535.9713371207765,-6.741946694462966,-0.5084961208520092,-6.742021577469512,17430.344161773057,0.0,0.2055418267503148,1.9282774277535222,2255743.600971862,633.1786670497614
245400.0,4561910.094042662,337550.3552126224,4561959.305394078,-536.9690079044815,1433.0614828060795,-536.6455442475979,-6.7420459762931415,-0.5088055334120504,-6.742120927900326,17430.344161773057,0.0,0.2055418267503148,1.9282774277535222,2255743.600971862,633.1786670497614
245500.0,4561856.363431476,337693.6588163586,4561905.607128883,-537.6432174583571,1433.0105867474265,-537.319761300072,-6.742145069395064,-0.5091157792579458,-6.742220089790265,17430.344161773057,0.0,0.2055418267503148,1.9282774277535222,2255743.600971862,633.1786670497614
245600.0,4561802.56539884,337836.9573289363,4561851.841441487,-538.3174369119217,1432.9596596221604,-537.9939882591234,-6.74224396933035,-0.5094268671389152,-6.742319058702921,17430.344161773057,0.0,0.2055418267503148,1.9282774277535222,2255743.600971862,633.1786670497614
245700.0,4561748.699943765,337980.25074724463,4561798.008330901,-538.9916662456345,1432.908701345636,-538.6682251052304,-6.742342671605214,-0.5097388059059887,-6.742417830146515,17430.344161773057,0.0,0.2055418267503148,1.9282774277535222,2255743.600971862,633.1786670497614
245800.0,4561694.767065263,338123.5390681642,4561744.107796137,-539.6659054395025,1432.857711832318,-539.342471818419,-6.74244117166972,-0.5100516045132721,-6.74251639957314,17430.344161773057,0.0,0.2055418267503148,1.9282774277535222,2255743.600971862,633.1786670497614
245900.0,4561640.76676235,338266.82228856697,4561690.139836209,-540.3401544730747,1432.8066909957702,-540.0167283782578,-6.742539464917046,-0.5103652720192154,-6.742614762378026,17430.344161773057,0.0,0.2055418267503148,1.9282774277535222,2255743.600971862,633.1786670497614
246000.0,4561586.699034042,338410.10040531633,4561636.104450134,-541.0144133254366,1432.7556387486454,-540.6909947638519,-6.742637546682759,-0.5106798175879251,-6.742712913898815,17430.344161773057,0.0,0.2055418267503148,1.9282774277535222,2255743.600971862,633.1786670497614
246100.0,4561532.563879359,338553.37341526675,4561582.00163693,-541.6886819752045,1432.7045550026749,-541.3652709538375,-6.742735412244021,-0.5109952504904623,-6.742810849414768,17430.344161773057,0.0,0.2055418267503148,1.9282774277535222,2255743.600971862,633.1786670497614
246200.0,4561478.3612973215,338696.6413152639,4561527.831395618,-542.3629604005193,1432.653439668657,-542.0395569263754,-6.742833056818858,-0.5113115801061844,-6.7429085641460365,17430.344161773057,0.0,0.2055418267503148,1.9282774277535222,2255743.600971862,633.1786670497614
246300.0,4561424.091286954,338839.90410214453,4561473.593725219,-543.0372485790408,1432.602292656447,-542.7138526591459,-6.742930475565361,-0.511628815924094,-6.743006053252861,17430.344161773057,0.0,0.2055418267503148,1.9282774277535222,2255743.600971862,633.1786670497614
246400.0,4561369.753847281,338983.16177273623,4561419.288624761,-543.7115464879415,1432.5511138749455,-543.388158129342,-6.7430276635808974,-0.5119469675441952,-6.74310331183478,17430.344161773057,0.0,0.2055418267503148,1.9282774277535222,2255743.600971862,633.1786670497614
246500.0,4561315.348977333,339126.41432385746,4561364.916093269,-544.3858541039006,1432.4999032320877,-544.0624733136634,-6.743124615901321,-0.5122660446788854,-6.743200334929851,17430.344161773057,0.0,0.2055418267503148,1.9282774277535222,2255743.600971862,633.1786670497614
246600.0,4561260.8766761385,339269.6617523175,4561310.476129775,-545.0601714030978,1432.4486606348319,-544.736798188311,-6.743221327500143,-0.5125860571543539,-6.7432971175138094,17430.344161773057,0.0,0.2055418267503148,1.9282774277535222,2255743.600971862,633.1786670497614
246700.0,4561206.3369427305,339412.9040549162,4561255.96873331,-545.734498361207,1432.3973859891476,-545.4111327289797,-6.743317793287736,-0.5129070149120065,-6.74339365449928,17430.344161773057,0.0,0.2055418267503148,1.9282774277535222,2255743.600971862,633.1786670497614
246800.0,4561151.729776145,339556.1412284439,4561201.393902908,-546.4088349533899,1432.3460792000049,-546.0854769108527,-6.743414008110473,-0.5132289280098983,-6.743489940734913,17430.344161773057,0.0,0.2055418267503148,1.9282774277535222,2255743.600971862,633.1786670497614
246900.0,4561097.05517542,339699.3732696815,4561146.751637607,-547.0831811542897,1432.2947401713618,-546.7598307085946,-6.743509966749908,-0.5135518066241996,-6.743585971004567,17430.344161773057,0.0,0.2055418267503148,1.9282774277535222,2255743.600971862,633.1786670497614
247000.0,4561042.313139595,339842.60017540026,4561092.041936446,-547.7575369380244,1432.243368806153,-547.4341940963453,-6.743605663921894,-0.513875661050665,-6.743681740026429,17430.344161773057,0.0,0.2055418267503148,1.9282774277535222,2255743.600971862,633.1786670497614
247100.0,4560987.503667714,339985.8219423616,4561037.264798468,-548.4319022781802,1432.1919650062775,-548.1085670477133,-6.743701094275731,-0.5142005017061347,-6.743777242452158,17430.344161773057,0.0,0.2055418267503148,1.9282774277535222,2255743.600971862,633.1786670497614
247200.0,4560932.626758822,340129.03856731707,4560982.420222718,-549.106277147805,1432.1405286725865,-548.7829495357688,-6.743796252393279,-0.5145263391300496,-6.743872472866,17430.344161773057,0.0,0.2055418267503148,1.9282774277535222,2255743.600971862,633.1786670497614
247300.0,4560877.682411968,340272.25004700833,4560927.508208244,-549.7806615194015,1432.0890597048706,-549.4573415330368,-6.743891132788073,-0.5148531839859917,-6.743967425783907,17430.344161773057,0.0,0.2055418267503148,1.9282774277535222,2255743.600971862,633.1786670497614
247400.0,4560822.670626203,340415.4563781669,4560872.528754096,-550.4550553649201,1432.0375580018485,-550.1317430114907,-6.7439857299044075,-0.5151810470632356,-6.744062095652617,17430.344161773057,0.0,0.2055418267503148,1.9282774277535222,2255743.600971862,633.1786670497614
247500.0,4560767.5914005805,340558.65755751415,4560817.481859326,-551.1294586557523,1431.9860234611535,-550.8061539425449,-6.74408003811642,-0.5155099392783246,-6.744156476848741,17430.344161773057,0.0,0.2055418267503148,1.9282774277535222,2255743.600971862,633.1786670497614
247600.0,4560712.444734158,340701.8535817611,4560762.367522993,-551.8038713627234,1431.9344559793203,-551.4805742970483,-6.7441740517271676,-0.5158398716766752,-6.744250563677839,17430.344161773057,0.0,0.2055418267503148,1.9282774277535222,2255743.600971862,633.1786670497614
247700.0,4560657.230625995,340845.0444476085,4560707.185744154,-552.4782934560855,1431.882855451773,-552.1550040452762,-6.744267764967678,-0.5161708554341917,-6.744344350373468,17430.344161773057,0.0,0.2055418267503148,1.9282774277535222,2255743.600971862,633.1786670497614
247800.0,4560601.949075155,340988.2301517465,4560651.936521872,-553.1527249055099,1431.8312217728112,-552.829443156924,-6.744361171996003,-0.5165029018589127,-6.744437831096242,17430.344161773057,0.0,0.2055418267503148,1.9282774277535222,2255743.600971862,633.1786670497614
247900.0,4560546.600080703,341131.4106908545,4560596.619855212,-553.8271656800804,1431.7795548355975,-553.5038916010993,-6.744454266896223,-0.5168360223926571,-6.744530999932834,17430.344161773057,0.0,0.2055418267503148,1.9282774277535222,2255743.600971862,633.1786670497614
248000.0,4560491.183641709,341274.58606160135,4560541.235743242,-554.5016157482852,1431.7278545321433,-554.1783493463148,-6.744547043677492,-0.5171702286127321,-6.744623850895021,17430.344161773057,0.0,0.2055418267503148,1.9282774277535222,2255743.600971862,633.1786670497614
248100.0,4560435.699757245,341417.75626064505,4560485.784185034,-555.1760750780097,1431.6761207532952,-554.8528163604805,-6.744639496273031,-0.5175055322336215,-6.744716377918676,17430.344161773057,0.0,0.2055418267503148,1.9282774277535222,2255743.600971862,633.1786670497614
248200.0,4560380.1484263865,341560.9212846325,4560430.265179662,-555.8505436365289,1431.6243533887216,-555.527292610896,-6.744731618539115,-0.5178419451087243,-6.744808574862761,17430.344161773057,0.0,0.2055418267503148,1.9282774277535222,2255743.600971862,633.1786670497614
248300.0,4560324.529648212,341704.0811301996,4560374.678726205,-556.5250213904992,1431.5725523268986,-556.2017780642432,-6.7448234042540385,-0.5181794792320986,-6.744900435508287,17430.344161773057,0.0,0.2055418267503148,1.9282774277535222,2255743.600971862,633.1786670497614
248400.0,4560268.843421803,341847.23579397093,4560319.024823744,-557.1995083059513,1431.5207174550958,-556.8762726865779,-6.7449148471171,-0.5185181467402475,-6.744991953557305,17430.344161773057,0.0,0.2055418267503148,1.9282774277535222,2255743.600971862,633.1786670497614
248500.0,4560213.089746246,341990.3852725598,4560263.303471363,-557.8740043482816,1431.4688486593618,-557.5507764433222,-6.745005940747533,-0.5188579599139123,-6.745083122631824,17430.344161773057,0.0,0.2055418267503148,1.9282774277535222,2255743.600971862,633.1786670497614
248600.0,4560157.26862063,342133.5295625682,4560207.514668152,-558.5485094822444,1431.41694582451,-558.2252892992565,-6.745096678683433,-0.5191989311798935,-6.745173936272764,17430.344161773057,0.0,0.2055418267503148,1.9282774277535222,2255743.600971862,633.1786670497614
248700.0,4560101.380044048,342276.66866058623,4560151.658413202,-559.2230236719438,1431.3650088341037,-558.899811218511,-6.7451870543806915,-0.5195410731129017,-6.745264387938854,17430.344161773057,0.0,0.2055418267503148,1.9282774277535222,2255743.600971862,633.1786670497614
248800.0,4560045.424015595,342419.80256319256,4560095.734705607,-559.8975468808252,1431.313037570441,-559.5743421645577,-6.745277061211872,-0.519884398437426,-6.745354471005549,17430.344161773057,0.0,0.2055418267503148,1.9282774277535222,2255743.600971862,633.1786670497614
248900.0,4559989.400534372,342562.9312669539,4560039.743544469,-560.5720790716671,1431.2610319145408,-560.248882100202,-6.74536669246513,-0.5202289200296375,-6.74544417876392,17430.344161773057,0.0,0.2055418267503148,1.9282774277535222,2255743.600971862,633.1786670497614
249000.0,4559933.309599482,342706.054768425,4559983.684928888,-561.2466202065725,1431.2089917461255,-560.9234309875739,-6.745455941343054,-0.520574650919301,-6.745533504419503,17430.344161773057,0.0,0.2055418267503148,1.9282774277535222,2255743.600971862,633.1786670497614
249100.0,4559877.151210034,342849.17306414864,4559927.558857974,-561.9211702469605,1431.1569169436077,-561.5979887881198,-6.7455448009615315,-0.5209216042917283,-6.74562244109118,17430.344161773057,0.0,0.2055418267503148,1.9282774277535222,2255743.600971862,633.1786670497614
249200.0,4559820.925365138,342992.2861506552,4559871.365330835,-562.5957291535573,1431.1048073840732,-562.2725554625937,-6.745633264348595,-0.5212697934897571,-6.745710981810003,17430.344161773057,0.0,0.2055418267503148,1.9282774277535222,2255743.600971862,633.1786670497614
249300.0,4559764.632063909,343135.39402446273,4559815.104346586,-563.2702968863873,1431.0526629432657,-562.9471309710482,-6.745721324443237,-0.5216192320157367,-6.745799119518021,17430.344161773057,0.0,0.2055418267503148,1.9282774277535222,2255743.600971862,633.1786670497614
249400.0,4559708.271305468,343278.49668207695,4559758.775904347,-563.9448734047646,1431.0004834955705,-563.6217152728254,-6.745808974094215,-0.5219699335335685,-6.745886847067091,17430.344161773057,0.0,0.2055418267503148,1.9282774277535222,2255743.600971862,633.1786670497614
249500.0,4559651.843088937,343421.59411999077,4559702.38000324,-564.6194586672834,1430.9482689139984,-564.2963083265485,-6.745896206058839,-0.5223219118707477,-6.745974157217656,17430.344161773057,0.0,0.2055418267503148,1.9282774277535222,2255743.600971862,633.1786670497614
249600.0,4559595.347413444,343564.6863346844,4559645.916642391,-565.2940526318091,1430.8960190701694,-564.9709100901115,-6.745983013001763,-0.5226751810204567,-6.746061042637538,17430.344161773057,0.0,0.2055418267503148,1.9282774277535222,2255743.600971862,633.1786670497614
249700.0,4559538.784278122,343707.7733226251,4559589.385820933,-565.9686552554689,1430.8437338342953,-565.6455205206709,-6.746069387493704,-0.523029755143659,-6.746147495900665,17430.344161773057,0.0,0.2055418267503148,1.9282774277535222,2255743.600971862,633.1786670497614
249800.0,4559482.153682106,343850.8550802671,4559532.787537999,-566.6432664946421,1430.791413075164,-566.3201395746357,-6.746155322010226,-0.5233856485712531,-6.746233509485847,17430.344161773057,0.0,0.2055418267503148,1.9282774277535222,2255743.600971862,633.1786670497614
249900.0,4559425.455624538,343993.93160405156,4559476.121792732,-567.3178863049511,1430.7390566601212,-566.9947672076582,-6.74624080893042,-0.5237428758062234,-6.746319075775461,17430.344161773057,0.0,0.2055418267503148,1.9282774277535222,2255743.600971862,633.1786670497614
250000.0,4559368.690104561,344137.0028904061,4559419.388584274,-567.9925146412511,1430.6866644550535,-567.6694033746239,-6.746325840535627,-0.5241014515258426,-6.746404187054175,17430.344161773057,0.0,0.2055418267503148,1.9282774277535222,2255743.600971862,633.1786670497614
250100.0,4559311.857121326,344280.06893574505,4559362.587911774,-568.6671514576205,1430.6342363243714,-568.3440480296417,-6.746410409008114,-0.5244613905838925,-6.746488835507619,17430.344161773057,0.0,0.2055418267503148,1.9282774277535222,2255743.600971862,633.1786670497614
250200.0,4559254.956673988,344423.1297364689,4559305.719774387,-569.3417967073511,1430.581772130991,-569.0187011260342,-6.746494506429747,-0.5248227080129206,-6.746573013221068,17430.344161773057,0.0,0.2055418267503148,1.9282774277535222,2255743.600971862,633.1786670497614
250300.0,4559197.988761705,344566.18528896454,4559248.784171269,-570.0164503429376,1430.529271736316,-569.6933626163275,-6.746578124780631,-0.5251854190265214,-6.746656712178074,17430.344161773057,0.0,0.2055418267503148,1.9282774277535222,2255743.600971862,633.1786670497614
250400.0,4559140.953383641,344709.2355896048,4559191.781101585,-570.6911123160676,1430.4767350002198,-570.3680324522408,-6.74666125593774,-0.5255495390216534,-6.7467399242590975,17430.344161773057,0.0,0.2055418267503148,1.9282774277535222,2255743.600971862,633.1786670497614
250500.0,4559083.850538965,344852.2806347485,4559134.7105645025,-571.3657825776112,1430.4241617810264,-571.0427105846761,-6.746743891673526,-0.5259150835809822,-6.746822641240122,17430.344161773057,0.0,0.2055418267503148,1.9282774277535222,2255743.600971862,633.1786670497614
250600.0,4559026.680226851,344995.3204207402,4559077.572559194,-572.0404610776105,1430.3715519354926,-571.7173969637079,-6.746826023654501,-0.5262820684752607,-6.746904854791236,17430.344161773057,0.0,0.2055418267503148,1.9282774277535222,2255743.600971862,633.1786670497614
250700.0,4558969.442446477,345138.3549439099,4559020.367084837,-572.715147765269,1430.3189053187882,-572.3920915385722,-6.746907643439815,-0.5266505096657331,-6.746986556475203,17430.344161773057,0.0,0.2055418267503148,1.9282774277535222,2255743.600971862,633.1786670497614
250800.0,4558912.137197027,345281.3842005733,4558963.094140614,-573.3898425889404,1430.266221784478,-573.0667942576559,-6.746988742479807,-0.5270204233065874,-6.747067737746025,17430.344161773057,0.0,0.2055418267503148,1.9282774277535222,2255743.600971862,633.1786670497614
250900.0,4558854.76447769,345424.4081870313,4558905.753725715,-574.0645454961182,1430.2135011845005,-573.7415050684859,-6.747069312114518,-0.5273918257474174,-6.747148389947445,17430.344161773057,0.0,0.2055418267503148,1.9282774277535222,2255743.600971862,633.1786670497614
251000.0,4558797.32428766,345567.4268995697,4558848.345839333,-574.7392564334242,1430.1607433691504,-574.4162239177177,-6.747149343572208,-0.5277647335357339,-6.747228504311475,17430.344161773057,0.0,0.2055418267503148,1.9282774277535222,2255743.600971862,633.1786670497614
251100.0,4558739.816626138,345710.44033445953,4558790.870480666,-575.4139753465973,1430.107948187057,-575.0909507511244,-6.747228827967845,-0.5281391634195158,-6.747308071956881,17430.344161773057,0.0,0.2055418267503148,1.9282774277535222,2255743.600971862,633.1786670497614
251200.0,4558682.241492327,345853.4484879564,4558733.327648918,-576.0887021804824,1430.055115485165,-575.7656855135854,-6.747307756301565,-0.528515132349776,-6.747387083887635,17430.344161773057,0.0,0.2055418267503148,1.9282774277535222,2255743.600971862,633.1786670497614
251300.0,4558624.598885439,345996.45135630073,4558675.717343301,-576.7634368790184,1430.0022451087139,-576.4404281490745,-6.747386119457115,-0.5288926574831715,-6.747465530991376,17430.344161773057,0.0,0.2055418267503148,1.9282774277535222,2255743.600971862,633.1786670497614
251400.0,4558566.888804691,346139.44893571717,4558618.039563028,-577.4381793852268,1429.9493369012164,-577.1151786006485,-6.747463908200279,-0.5292717561846566,-6.747543404037821,17430.344161773057,0.0,0.2055418267503148,1.9282774277535222,2255743.600971862,633.1786670497614
251500.0,4558509.111249304,346282.44122241467,4558560.294307322,-578.1129296411997,1429.896390704439,-577.7899368104353,-6.747541113177265,-0.5296524460301567,-6.7476206936771606,17430.344161773057,0.0,0.2055418267503148,1.9282774277535222,2255743.600971862,633.1786670497614
251600.0,4558451.266218507,346425.4282125864,4558502.48157541,-578.7876875880877,1429.8434063583795,-578.4647027196215,-6.747617724913097,-0.5300347448092937,-6.747697390438453,17430.344161773057,0.0,0.2055418267503148,1.9282774277535222,2255743.600971862,633.1786670497614
251700.0,4558393.353711532,346568.4099024093,4558444.601366524,-579.4624531660878,1429.7903837012461,-579.1394762684407,-6.747693733809951,-0.530418670528137,-6.747773484727953,17430.344161773057,0.0,0.2055418267503148,1.9282774277535222,2255743.600971862,633.1786670497614
251800.0,4558335.3737276215,346711.38628804416,4558386.653679904,-580.1372263144311,1429.7373225694353,-579.8142573961609,-6.747769130145503,-0.5308042414119895,-6.747848966827468,17430.344161773057,0.0,0.2055418267503148,1.9282774277535222,2255743.600971862,633.1786670497614
251900.0,4558277.32626602,346854.3573656352,4558328.638514794,-580.8120069713701,1429.68422279751,-580.4890460410719,-6.747843904071218,-0.5311914759082297,-6.747923826892642,17430.344161773057,0.0,0.2055418267503148,1.9282774277535222,2255743.600971862,633.1786670497614
252000.0,4558219.211325979,346997.3231313101,4558270.555870447,-581.486795074166,1429.6310842181776,-581.1638421404728,-6.747918045610642,-0.5315803926891746,-6.747998054951253,17430.344161773057,0.0,0.2055418267503148,1.9282774277535222,2255743.600971862,633.1786670497614
252100.0,4558161.028906759,347140.2835811796,4558212.40574612,-582.161590559076,1429.5779066622663,-581.8386456306587,-6.747991544657654,-0.5319710106549753,-6.748071640901465,17430.344161773057,0.0,0.2055418267503148,1.9282774277535222,2255743.600971862,633.1786670497614
252200.0,4558102.779007624,347283.2387113376,4558154.188141077,-582.83639336134,1429.524689958703,-582.5134564469084,-6.748064390974699,-0.5323633489365811,-6.748144574510058,17430.344161773057,0.0,0.2055418267503148,1.9282774277535222,2255743.600971862,633.1786670497614
252300.0,4558044.461627846,347426.18851786066,4558095.9030545885,-583.5112034151678,1429.4714339344898,-583.1882745234706,-6.748136574191008,-0.53275742689872,-6.748216845410651,17430.344161773057,0.0,0.2055418267503148,1.9282774277535222,2255743.600971862,633.1786670497614
252400.0,4557986.076766701,347569.132996808,4558037.550485932,-584.1860206537249,1429.4181384146807,-583.8630997935504,-6.748208083800757,-0.5331532641429164,-6.748288443101865,17430.344161773057,0.0,0.2055418267503148,1.9282774277535222,2255743.600971862,633.1786670497614
252500.0,4557927.624423477,347712.07214422117,4557979.130434392,-584.8608450091198,1429.3648032223573,-584.5379321892962,-6.748278909161239,-0.5335508805105685,-6.748359356945488,17430.344161773057,0.0,0.2055418267503148,1.9282774277535222,2255743.600971862,633.1786670497614
252600.0,4557869.104597464,347855.00595612405,4557920.642899259,-585.5356764123896,1429.3114281786052,-585.2127716417855,-6.748349039490995,-0.533950296086056,-6.748429576164614,17430.344161773057,0.0,0.2055418267503148,1.9282774277535222,2255743.600971862,633.1786670497614
252700.0,4557810.517287962,347997.9344285225,4557862.087879831,-586.2105147934864,1429.258013102489,-585.8876180810112,-6.748418463867901,-0.5343515311998877,-6.748499089841726,17430.344161773057,0.0,0.2055418267503148,1.9282774277535222,2255743.600971862,633.1786670497614
252800.0,4557751.862494276,348140.85755740403,4557803.465375412,-586.8853600812628,1429.204557811028,-586.5624714358672,-6.748487171227274,-0.5347546064319096,-6.748567886916804,17430.344161773057,0.0,0.2055418267503148,1.9282774277535222,2255743.600971862,633.1786670497614
252900.0,4557693.140215718,348283.775338738,4557744.7753853155,-587.5602122034578,1429.1510621191712,-587.2373316341344,-6.748555150359887,-0.5351595426145246,-6.748635956185346,17430.344161773057,0.0,0.2055418267503148,1.9282774277535222,2255743.600971862,633.1786670497614
253000.0,4557634.35045161,348426.687768475,4557686.01790886,-588.2350710866822,1429.097525839771,-587.9121986024659,-6.748622389910002,-0.5355663608359805,-6.748703286296394,17430.344161773057,0.0,0.2055418267503148,1.9282774277535222,2255743.600971862,633.1786670497614
253100.0,4557575.493201278,348569.59484254674,4557627.192945372,-588.9099366564037,1429.043948783558,-588.587072266372,-6.748688878373383,-0.5359750824437123,-6.74876986575055,17430.344161773057,0.0,0.2055418267503148,1.9282774277535222,2255743.600971862,633.1786670497614
253200.0,4557516.568464058,348712.4965568661,4557568.300494187,-589.5848088369323,1428.990330759116,-589.2619525502059,-6.748754604095229,-0.5363857290476923,-6.748835682897906,17430.344161773057,0.0,0.2055418267503148,1.9282774277535222,2255743.600971862,633.1786670497614
253300.0,4557457.576239293,348855.3929073265,4557509.340554644,-590.2596875514047,1428.9366715728531,-589.9368393771481,-6.748819555268127,-0.5367983225238638,-6.748900725936014,17430.344161773057,0.0,0.2055418267503148,1.9282774277535222,2255743.600971862,633.1786670497614
253400.0,4557398.516526333,348998.28388980206,4557450.313126096,-590.9345727217691,1428.8829710289774,-590.611732669191,-6.748883719929947,-0.5372128850175965,-6.748964982907762,17430.344161773057,0.0,0.2055418267503148,1.9282774277535222,2255743.600971862,633.1786670497614
253500.0,4557339.389324537,349141.1695001471,4557391.218207898,-591.6094642687698,1428.8292289294686,-591.2866323471238,-6.7489470859617295,-0.5376294389472073,-6.749028441699271,17430.344161773057,0.0,0.2055418267503148,1.9282774277535222,2255743.600971862,633.1786670497614
253600.0,4557280.19463327,349284.0497341961,4557332.055799416,-592.2843621119313,1428.7754450740506,-591.961538330516,-6.749009641085521,-0.5380480070075168,-6.749091090037733,17430.344161773057,0.0,0.2055418267503148,1.9282774277535222,2255743.600971862,633.1786670497614
253700.0,4557220.932451907,349426.9245877633,4557272.825900025,-592.9592661695422,1428.7216192601638,-592.636450537702,-6.749071372862187,-0.5384686121734565,-6.749152915489221,17430.344161773057,0.0,0.2055418267503148,1.9282774277535222,2255743.600971862,633.1786670497614
253800.0,4557161.602779831,349569.7940566427,4557213.528509105,-593.6341763586389,1428.6677512829374,-593.3113688857645,-6.749132268689204,-0.5388912777037291,-6.749213905456482,17430.344161773057,0.0,0.2055418267503148,1.9282774277535222,2255743.600971862,633.1786670497614
253900.0,4557102.205616433,349712.65813660756,4557154.163626046,-594.3090925949896,1428.6138409351597,-593.9862932905186,-6.7491923157984015,-0.5393160271445183,-6.7492740471766846,17430.344161773057,0.0,0.2055418267503148,1.9282774277535222,2255743.600971862,633.1786670497614
254000.0,4557042.740961113,349855.5168234104,4557094.731250248,-594.984014793077,1428.5598880072505,-594.6612236664942,-6.749251501253681,-0.5397428843332477,-6.749333327719134,17430.344161773057,0.0,0.2055418267503148,1.9282774277535222,2255743.600971862,633.1786670497614
254100.0,4556983.208813279,349998.37011278264,4557035.231381117,-595.6589428660818,1428.5058922872306,-595.3361599269199,-6.749309811948708,-0.5401718734023878,-6.749391733982964,17430.344161773057,0.0,0.2055418267503148,1.9282774277535222,2255743.600971862,633.1786670497614
254200.0,4556923.609172347,350141.21800043434,4556975.664018069,-596.3338767258656,1428.4518535606933,-596.0111019837058,-6.74936723460456,-0.5406030187833272,-6.749449252694791,17430.344161773057,0.0,0.2055418267503148,1.9282774277535222,2255743.600971862,633.1786670497614
254300.0,4556863.9420377435,350284.060482054,4556916.02916053,-597.0088162829531,1428.397771610773,-596.6860497474256,-6.749423755767339,-0.5410363452102722,-6.7495058704063275,17430.344161773057,0.0,0.2055418267503148,1.9282774277535222,2255743.600971862,633.1786670497614
254400.0,4556804.207408903,350426.8975533084,4556856.326807933,-597.6837614465151,1428.3436462181153,-597.3610031272997,-6.749479361805773,-0.5414718777242399,-6.749561573491975,17430.344161773057,0.0,0.2055418267503148,1.9282774277535222,2255743.600971862,633.1786670497614
254500.0,4556744.40528527,350569.72920984216,4556796.55695972,-598.35871212435,1428.289477160847,-598.0359620311765,-6.74953403890875,-0.5419096416770648,-6.749616348146367,17430.344161773057,0.0,0.2055418267503148,1.9282774277535222,2255743.600971862,633.1786670497614
254600.0,4556684.535666297,350712.5554472776,4556736.719615345,-599.033668222866,1428.2352642145433,-598.7109263655152,-6.74958777308284,-0.5423496627354812,-6.749670180381896,17430.344161773057,0.0,0.2055418267503148,1.9282774277535222,2255743.600971862,633.1786670497614
254700.0,4556624.5985514475,350855.37626121455,4556676.814774269,-599.7086296470632,1428.1810071521973,-599.3858960353667,-6.749640550149769,-0.5427919668852608,-6.749723056026178,17430.344161773057,0.0,0.2055418267503148,1.9282774277535222,2255743.600971862,633.1786670497614
254800.0,4556564.593940193,350998.1916472299,4556616.842435963,-600.3835963005138,1428.1267057441867,-600.0608709443555,-6.749692355743871,-0.5432365804354152,-6.74977496071951,17430.344161773057,0.0,0.2055418267503148,1.9282774277535222,2255743.600971862,633.1786670497614
254900.0,4556504.521832016,351141.0016008775,4556556.802599909,-601.0585680853445,1428.0723597582426,-600.7358509946607,-6.749743175309486,-0.5436835300224276,-6.749825879912268,17430.344161773057,0.0,0.2055418267503148,1.9282774277535222,2255743.600971862,633.1786670497614
255000.0,4556444.382226408,351283.8061176878,4556496.695265597,-601.7335449022166,1428.0179689594156,-601.4108360869967,-6.749792994098315,-0.544132842614568,-6.7498757988622735,17430.344161773057,0.0,0.2055418267503148,1.9282774277535222,2255743.600971862,633.1786670497614
255100.0,4556384.175122871,351426.6051931677,4556436.520432527,-602.408526650307,1427.963533110043,-602.085826120594,-6.749841797166787,-0.5445845455162712,-6.74992470263214,17430.344161773057,0.0,0.2055418267503148,1.9282774277535222,2255743.600971862,633.1786670497614
255200.0,4556323.900520917,351569.39882280014,4556376.278100211,-603.0835132272881,1427.9090519697143,-602.7608209931794,-6.7498895693733125,-0.5450386663725537,-6.749972576086548,17430.344161773057,0.0,0.2055418267503148,1.9282774277535222,2255743.600971862,633.1786670497614
255300.0,4556263.558420069,351712.1870020439,4556315.968268171,-603.7585045293084,1427.8545252952374,-603.4358206009564,-6.749936295375555,-0.5454952331735007,-6.750019403889505,17430.344161773057,0.0,0.2055418267503148,1.9282774277535222,2255743.600971862,633.1786670497614
255400.0,4556203.148819857,351854.9697263332,4556255.590935937,-604.4335004509718,1427.7999528406037,-604.1108248385844,-6.749981959627641,-0.5459542742588356,-6.750065170501566,17430.344161773057,0.0,0.2055418267503148,1.9282774277535222,2255743.600971862,633.1786670497614
255500.0,4556142.671719828,351997.7469910777,4556195.146103052,-605.1085008853174,1427.7453343569532,-604.785833599159,-6.750026546377335,-0.5464158183225112,-6.7501098601769955,17430.344161773057,0.0,0.2055418267503148,1.9282774277535222,2255743.600971862,633.1786670497614
255600.0,4556082.127119534,352140.51879166195,4556134.63376907,-605.7835057237987,1427.6906695925384,-605.4608467741904,-6.75007003966316,-0.5468798944173967,-6.750153456960908,17430.344161773057,0.0,0.2055418267503148,1.9282774277535222,2255743.600971862,633.1786670497614
255700.0,4556021.51501854,352283.2851234451,4556074.053933553,-606.4585148562624,1427.6359582926884,-606.1358642535828,-6.750112423311503,-0.5473465319600264,-6.750195944686357,17430.344161773057,0.0,0.2055418267503148,1.9282774277535222,2255743.600971862,633.1786670497614
255800.0,4555960.835416423,352426.0459817607,4556013.406596079,-607.133528170927,1427.5812001997724,-606.8108859256132,-6.750153680933648,-0.5478157607353993,-6.750237306971383,17430.344161773057,0.0,0.2055418267503148,1.9282774277535222,2255743.600971862,633.1786670497614
255900.0,4555900.08831277,352568.8013619166,4555952.691756232,-607.8085455543616,1427.526395053162,-607.4859116769093,-6.7501937959228,-0.548287610901861,-6.750277527216025,17430.344161773057,0.0,0.2055418267503148,1.9282774277535222,2255743.600971862,633.1786670497614
256000.0,4555839.27370718,352711.55125919415,4555891.909413611,-608.4835668914632,1427.4715425891948,-608.1609413924278,-6.750232751451023,-0.5487621129960272,-6.750316588599274,17430.344161773057,0.0,0.2055418267503148,1.9282774277535222,2255743.600971862,633.1786670497614
256100.0,4555778.391599264,352854.2956688483,4555831.059567825,-609.158592065435,1427.416642541135,-608.8359749554324,-6.750270530466178,-0.5492392979378249,-6.750354474075999,17430.344161773057,0.0,0.2055418267503148,1.9282774277535222,2255743.600971862,633.1786670497614
256200.0,4555717.441988643,352997.03458610724,4555770.142218496,-609.8336209577636,1427.3616946391357,-609.5110122474707,-6.7503071156887815,-0.5497191970355367,-6.7503911663738165,17430.344161773057,0.0,0.2055418267503148,1.9282774277535222,2255743.600971862,633.1786670497614
256300.0,4555656.424874952,353139.7680061719,4555709.157365255,-610.5086534481962,1427.3066986101996,-610.1860531483514,-6.75034248960885,-0.5502018419909889,-6.750426647989928,17430.344161773057,0.0,0.2055418267503148,1.9282774277535222,2255743.600971862,633.1786670497614
256400.0,4555595.340257837,353282.4959242158,4555648.105007749,-611.1836894147174,1427.2516541781392,-610.8610975361216,-6.750376634482659,-0.5506872649047347,-6.750460901187892,17430.344161773057,0.0,0.2055418267503148,1.9282774277535222,2255743.600971862,633.1786670497614
256500.0,4555534.188136958,353425.2183353848,4555586.985145635,-611.8587287335254,1427.196561063537,-611.5361452870428,-6.750409532329496,-0.5511754982813735,-6.750493907994363,17430.344161773057,0.0,0.2055418267503148,1.9282774277535222,2255743.600971862,633.1786670497614
256600.0,4555472.968511984,353567.9352347964,4555525.797778583,-612.5337712790085,1427.1414189837042,-612.2111962755672,-6.750441164928344,-0.55166657503491,-6.750525650195787,17430.344161773057,0.0,0.2055418267503148,1.9282774277535222,2255743.600971862,633.1786670497614
256700.0,4555411.681382599,353710.6466175398,4555464.542906276,-613.2088169237209,1427.0862276526402,-612.8862503743135,-6.750471513814514,-0.5521605284942014,-6.750556109335034,17430.344161773057,0.0,0.2055418267503148,1.9282774277535222,2255743.600971862,633.1786670497614
256800.0,4555350.326748501,353853.35247867554,4555403.220528409,-613.8838655383576,1427.0309867809906,-613.5613074540422,-6.7505005602762385,-0.5526573924084606,-6.75058526670799,17430.344161773057,0.0,0.2055418267503148,1.9282774277535222,2255743.600971862,633.1786670497614
256900.0,4555288.904609397,353996.0528132349,4555341.83064469,-614.5589169917301,1426.9756960760046,-614.2363673836312,-6.750528285351216,-0.553157200952872,-6.750613103360102,17430.344161773057,0.0,0.2055418267503148,1.9282774277535222,2255743.600971862,633.1786670497614
257000.0,4555227.414965012,354138.7476162198,4555280.373254842,-615.2339711507412,1426.9203552414926,-614.9114300300502,-6.750554669823104,-0.5536599887342498,-6.750639600082873,17430.344161773057,0.0,0.2055418267503148,1.9282774277535222,2255743.600971862,633.1786670497614
257100.0,4555165.857815081,354281.4368826023,4555218.848358599,-615.9090278803591,1426.8649639777823,-615.5864952583349,-6.750579694217939,-0.5541657907967825,-6.750664737410286,17430.344161773057,0.0,0.2055418267503148,1.9282774277535222,2255743.600971862,633.1786670497614
257200.0,4555104.233159355,354424.1206073243,4555157.255955709,-616.5840870435914,1426.8095219816748,-616.2615629315618,-6.750603338800542,-0.5546746426278748,-6.750688495615211,17430.344161773057,0.0,0.2055418267503148,1.9282774277535222,2255743.600971862,633.1786670497614
257300.0,4555042.540997596,354566.7987852973,4555095.5960459355,-617.2591485014591,1426.7540289464005,-616.9366329108211,-6.750625583570856,-0.5551865801640675,-6.750710854705738,17430.344161773057,0.0,0.2055418267503148,1.9282774277535222,2255743.600971862,633.1786670497614
257400.0,4554980.781329583,354709.47141140193,4555033.868629055,-617.9342121129698,1426.6984845615727,-617.6117050551907,-6.750646408260208,-0.5557016397970167,-6.750731794421447,17430.344161773057,0.0,0.2055418267503148,1.9282774277535222,2255743.600971862,633.1786670497614
257500.0,4554918.954155107,354852.1384804875,4554972.073704857,-618.6092777350907,1426.6428885131434,-618.2867792217087,-6.750665792327547,-0.5562198583795726,-6.750751294229646,17430.344161773057,0.0,0.2055418267503148,1.9282774277535222,2255743.600971862,633.1786670497614
257600.0,4554857.059473974,354994.79998737184,4554910.211273148,-619.284345222721,1426.5872404833551,-618.9618552653463,-6.750683714955622,-0.5567412732319607,-6.7507693333215455,17430.344161773057,0.0,0.2055418267503148,1.9282774277535222,2255743.600971862,633.1786670497614
257700.0,4554795.097286005,355137.4559268407,4554848.281333746,-619.9594144286642,1426.5315401506953,-619.6369330389798,-6.750700155047083,-0.5572659221479979,-6.750785890608365,17430.344161773057,0.0,0.2055418267503148,1.9282774277535222,2255743.600971862,633.1786670497614
257800.0,4554733.067591036,355280.10629364767,4554786.283886488,-620.6344852036001,1426.475787189848,-620.3120123933624,-6.750715091220552,-0.5577938434014673,-6.750800944717406,17430.344161773057,0.0,0.2055418267503148,1.9282774277535222,2255743.600971862,633.1786670497614
257900.0,4554670.970388917,355422.7510825134,4554724.2189312205,-621.3095573960558,1426.4199812716456,-620.9870931770956,-6.750728501806609,-0.5583250757525164,-6.750814473988043,17430.344161773057,0.0,0.2055418267503148,1.9282774277535222,2255743.600971862,633.1786670497614
258000.0,4554608.805679515,355565.39028812567,4554662.08646781,-621.9846308523768,1426.3641220630197,-621.6621752366005,-6.750740364843761,-0.5588596584541881,-6.750826456467677,17430.344161773057,0.0,0.2055418267503148,1.9282774277535222,2255743.600971862,633.1786670497614
258100.0,4554546.57346271,355708.0239051385,4554599.886496136,-622.6597054166979,1426.308209226952,-622.3372584160882,-6.7507506580742955,-0.5593976312590078,-6.750836869907617,17430.344161773057,0.0,0.2055418267503148,1.9282774277535222,2255743.600971862,633.1786670497614
258200.0,4554484.2737384,355850.6519281721,4554537.619016095,-623.3347809309131,1426.252242422423,-623.0123425575295,-6.750759358940118,-0.5599390344256949,-6.7508456917588955,17430.344161773057,0.0,0.2055418267503148,1.9282774277535222,2255743.600971862,633.1786670497614
258300.0,4554421.906506497,355993.2743518125,4554475.284027598,-624.0098572346453,1426.1962213043628,-623.6874275006255,-6.750766444578513,-0.5604839087259594,-6.750852899168046,17430.344161773057,0.0,0.2055418267503148,1.9282774277535222,2255743.600971862,633.1786670497614
258400.0,4554359.471766932,356135.8911706109,4554412.881530574,-624.6849341652159,1426.1401455235975,-624.3625130827766,-6.750771891817843,-0.5610322954513717,-6.75085846897279,17430.344161773057,0.0,0.2055418267503148,1.9282774277535222,2255743.600971862,633.1786670497614
258500.0,4554296.969519649,356278.50237908337,4554350.411524965,-625.3600115576131,1426.0840147267984,-625.037599139051,-6.750775677173188,-0.5615842364203694,-6.750862377697699,17430.344161773057,0.0,0.2055418267503148,1.9282774277535222,2255743.600971862,633.1786670497614
258600.0,4554234.39976461,356421.1079717105,4554287.874010735,-626.0350892444612,1426.0278285564275,-625.712685502154,-6.750777776841909,-0.5621397739853111,-6.750864601549732,17430.344161773057,0.0,0.2055418267503148,1.9282774277535222,2255743.600971862,633.1786670497614
258700.0,4554171.762501796,356563.70794293686,4554225.2689878605,-626.7101670559881,1425.9715866506854,-626.3877720023951,-6.750778166699157,-0.5626989510396833,-6.750865116413771,17430.344161773057,0.0,0.2055418267503148,1.9282774277535222,2255743.600971862,633.1786670497614
258800.0,4554109.057731201,356706.3022871706,4554162.596456336,-627.3852448199926,1425.9152886434556,-627.0628584676562,-6.750776822293323,-0.56326181102537,-6.750863897848063,17430.344161773057,0.0,0.2055418267503148,1.9282774277535222,2255743.600971862,633.1786670497614
258900.0,4554046.285452839,356848.8909987832,4554099.856416174,-628.0603223618123,1425.8589341642498,-627.7379447233583,-6.750773718841403,-0.5638283979400245,-6.75086092107958,17430.344161773057,0.0,0.2055418267503148,1.9282774277535222,2255743.600971862,633.1786670497614
259000.0,4553983.445666742,356991.47407210857,4554037.048867404,-628.7353995042891,1425.8025228381518,-628.4130305924286,-6.750768831224318,-0.5643987563445954,-6.750856160999347,17430.344161773057,0.0,0.2055418267503148,1.9282774277535222,2255743.600971862,633.1786670497614
259100.0,4553920.538372957,357134.05150144326,4553974.173810075,-629.4104760677367,1425.7460542857607,-629.0881158952665,-6.750762133982124,-0.5649729313708676,-6.7508495921576595,17430.344161773057,0.0,0.2055418267503148,1.9282774277535222,2255743.600971862,633.1786670497614
259200.0,4553857.563571553,357276.6232810454,4553911.231244251,-630.085551869905,1425.6895281231339,-629.7632004497086,-6.750753601309208,-0.5655509687292002,-6.750841188759272,17430.344161773057,0.0,0.2055418267503148,1.9282774277535222,2255743.600971862,633.1786670497614
259300.0,4553794.521262614,357419.1894051346,4553848.221170017,-630.760626725946,1425.632943961728,-630.4382840709952,-6.750743207049368,-0.5661329147163234,-6.750830924658479,17430.344161773057,0.0,0.2055418267503148,1.9282774277535222,2255743.600971862,633.1786670497614
259400.0,4553731.411446245,357561.74986789137,4553785.143587475,-631.4357004483786,1425.5763014083407,-631.1133665717339,-6.750730924690844,-0.5667188162232502,-6.75081877335416,17430.344161773057,0.0,0.2055418267503148,1.9282774277535222,2255743.600971862,633.1786670497614
259500.0,4553668.234122569,357704.3046634566,4553721.998496747,-632.1107728470522,1425.5196000650503,-631.7884477618642,-6.75071672736126,-0.5673087207433176,-6.750804707984709,17430.344161773057,0.0,0.2055418267503148,1.9282774277535222,2255743.600971862,633.1786670497614
259600.0,4553604.989291727,357846.8537859313,4553658.785897973,-632.7858437291109,1425.4628395291554,-632.4635274486214,-6.750700587822507,-0.5679026763803168,-6.7507887013229295,17430.344161773057,0.0,0.2055418267503148,1.9282774277535222,2255743.600971862,633.1786670497614
259700.0,4553541.67695388,357989.3972293758,4553595.505791314,-633.4609128989564,1425.4060193931136,-633.1386054364996,-6.750682478465546,-0.568500731856762,-6.750770725770831,17430.344161773057,0.0,0.2055418267503148,1.9282774277535222,2255743.600971862,633.1786670497614
259800.0,4553478.297109211,358131.9349878095,4553532.158176949,-634.1359801582108,1425.3491392444785,-633.8136815272139,-6.750662371305116,-0.569102936522237,-6.75075075335435,17430.344161773057,0.0,0.2055418267503148,1.9282774277535222,2255743.600971862,633.1786670497614
259900.0,4553414.849757919,358274.4670552104,4553468.743055078,-634.8110453056787,1425.2921986658373,-634.4887555196635,-6.7506402379744,-0.5697093403619392,-6.750728755718004,17430.344161773057,0.0,0.2055418267503148,1.9282774277535222,2255743.600971862,633.1786670497614
260000.0,4553351.334900226,358416.99342551426,4553405.2604259215,-635.4861081373086,1425.2351972347467,-635.1638272098925,-6.7506160497195795,-0.5703199940052324,-6.75070470411946,17430.344161773057,0.0,0.2055418267503148,1.9282774277535222,2255743.600971862,633.1786670497614
260100.0,4553287.752536375,358559.51409261464,4553341.7102897195,-636.1611684461541,1425.1781345236675,-635.8388963910512,-6.750589777394319,-0.5709349487344171,-6.750678569424018,17430.344161773057,0.0,0.2055418267503148,1.9282774277535222,2255743.600971862,633.1786670497614
260200.0,4553224.102666628,358702.0290503619,4553278.092646734,-636.8362260223341,1425.1210100998994,-636.5139628533567,-6.7505613914541795,-0.571554256493574,-6.750650322099016,17430.344161773057,0.0,0.2055418267503148,1.9282774277535222,2255743.600971862,633.1786670497614
260300.0,4553160.385291268,358844.53829256294,4553214.407497247,-637.5112806529933,1425.0638235255146,-637.1890263840526,-6.750530861950931,-0.5721779698975447,-6.750619932208161,17430.344161773057,0.0,0.2055418267503148,1.9282774277535222,2255743.600971862,633.1786670497614
260400.0,4553096.600410602,358987.04181298055,4553150.654841562,-638.1863321222608,1425.0065743572893,-637.8640867673683,-6.7504981585268045,-0.5728061422410535,-6.750587369405774,17430.344161773057,0.0,0.2055418267503148,1.9282774277535222,2255743.600971862,633.1786670497614
260500.0,4553032.748024956,359129.539605333,4553086.834680005,-638.8613802112093,1424.9492621466363,-638.5391437844784,-6.7504632504086235,-0.5734388275079212,-6.750552602930922,17430.344161773057,0.0,0.2055418267503148,1.9282774277535222,2255743.600971862,633.1786670497614
260600.0,4552968.82813468,359272.03166329337,4553022.947012925,-639.5364246978133,1424.891886439535,-639.2141972134598,-6.750426106401885,-0.5740760803804431,-6.750515601601509,17430.344161773057,0.0,0.2055418267503148,1.9282774277535222,2255743.600971862,633.1786670497614
260700.0,4552904.840740144,359414.51798048906,4552958.991840689,-640.2114653569065,1424.8344467764612,-639.8892468292503,-6.7503866948847415,-0.5747179562489195,-6.750476333808253,17430.344161773057,0.0,0.2055418267503148,1.9282774277535222,2255743.600971862,633.1786670497614
260800.0,4552840.785841743,359556.9985505013,4552894.9691636935,-640.8865019601386,1424.7769426923157,-640.564292403605,-6.750344983801875,-0.575364511221228,-6.75043476750856,17430.344161773057,0.0,0.2055418267503148,1.9282774277535222,2255743.600971862,633.1786670497614
260900.0,4552776.663439895,359699.4733668645,4552830.878982351,-641.561534275932,1424.719373716353,-641.2393337050529,-6.750300940658307,-0.5760158021326635,-6.750390870220347,17430.344161773057,0.0,0.2055418267503148,1.9282774277535222,2255743.600971862,633.1786670497614
261000.0,4552712.473535039,359841.94242306566,4552766.721297102,-642.2365620694374,1424.6617393721062,-641.9143704988523,-6.750254532513102,-0.5766718865557924,-6.7503446090157375,17430.344161773057,0.0,0.2055418267503148,1.9282774277535222,2255743.600971862,633.1786670497614
261100.0,4552648.216127641,359984.4057125439,4552702.496108409,-642.9115851024886,1424.604039177315,-642.5894025469466,-6.750205725972972,-0.5773328228105357,-6.7502959505146745,17430.344161773057,0.0,0.2055418267503148,1.9282774277535222,2255743.600971862,633.1786670497614
261200.0,4552583.891218186,360126.8632286899,4552638.203416759,-643.5866031335576,1424.5462726438482,-643.2644296079179,-6.750154487185804,-0.5779986699743531,-6.75024486087845,17430.344161773057,0.0,0.2055418267503148,1.9282774277535222,2255743.600971862,633.1786670497614
261300.0,4552519.498807189,360269.31496484496,4552573.843222662,-644.2616159177074,1424.4884392776291,-643.9394514369415,-6.750100781834083,-0.5786694878925807,-6.75019130580312,17430.344161773057,0.0,0.2055418267503148,1.9282774277535222,2255743.600971862,633.1786670497614
261400.0,4552455.038895186,360411.760914301,4552509.415526654,-644.9366232065464,1424.4305385785578,-644.6144677857385,-6.750044575128212,-0.5793453371889312,-6.750135250512845,17430.344161773057,0.0,0.2055418267503148,1.9282774277535222,2255743.600971862,633.1786670497614
261500.0,4552390.511482739,360554.2010702994,4552444.920329295,-645.6116247481796,1424.3725700404325,-645.2894784025289,-6.749985831799729,-0.5800262792760813,-6.750076659753095,17430.344161773057,0.0,0.2055418267503148,1.9282774277535222,2255743.600971862,633.1786670497614
261600.0,4552325.916570436,360696.63542603067,4552380.357631172,-646.286620287161,1424.3145331508701,-645.9644830319827,-6.749924516094445,-0.580712376366519,-6.750015497783792,17430.344161773057,0.0,0.2055418267503148,1.9282774277535222,2255743.600971862,633.1786670497614
261700.0,4552261.254158891,360839.0639746339,4552315.727432896,-646.9616095644449,1424.256427391226,-646.6394814151714,-6.749860591765457,-0.581403691483433,-6.7499517283723325,17430.344161773057,0.0,0.2055418267503148,1.9282774277535222,2255743.600971862,633.1786670497614
261800.0,4552196.524248742,360981.4867091958,4552251.029735106,-647.6365923173356,1424.198252236512,-647.3144732895186,-6.749794022066068,-0.582100288471831,-6.749885314786504,17430.344161773057,0.0,0.2055418267503148,1.9282774277535222,2255743.600971862,633.1786670497614
261900.0,4552131.726840654,361123.9036227503,4552186.264538464,-648.3115682794378,1424.1400071553142,-647.9894583887489,-6.749724769742596,-0.5828022320097876,-6.749816219787298,17430.344161773057,0.0,0.2055418267503148,1.9282774277535222,2255743.600971862,633.1786670497614
262000.0,4552066.861935321,361266.31470827805,4552121.431843663,-648.986537180605,1424.0816916097085,-648.6644364428377,-6.749652797027083,-0.5835095876198545,-6.749744405621621,17430.344161773057,0.0,0.2055418267503148,1.9282774277535222,2255743.600971862,633.1786670497614
262100.0,4552001.929533463,361408.7199587053,4552056.53165142,-649.6614987468877,1424.023305055176,-649.3394071779591,-6.749578065629891,-0.5842224216806265,-6.7496698340149,17430.344161773057,0.0,0.2055418267503148,1.9282774277535222,2255743.600971862,633.1786670497614
262200.0,4551936.929635826,361551.11936690373,4551991.56396248,-650.3364527004815,1423.9648469405167,-650.0143703164331,-6.749500536732182,-0.5849408014385002,-6.749592466163549,17430.344161773057,0.0,0.2055418267503148,1.9282774277535222,2255743.600971862,633.1786670497614
262300.0,4551871.862243186,361693.51292568946,4551926.528777619,-651.0113987596728,1423.9063167077618,-650.6893255766728,-6.749420170978307,-0.5856647950195512,-6.749512262727376,17430.344161773057,0.0,0.2055418267503148,1.9282774277535222,2255743.600971862,633.1786670497614
262400.0,4551806.727356346,361835.9006278225,4551861.426097637,-651.6863366387857,1423.8477137920856,-651.3642726731301,-6.749336928468042,-0.5863944714416447,-6.749429183821818,17430.344161773057,0.0,0.2055418267503148,1.9282774277535222,2255743.600971862,633.1786670497614
262500.0,4551741.52497614,361978.28246600606,4551796.255923366,-652.3612660481267,1423.7890376217156,-652.0392113162409,-6.749250768748757,-0.587129900626662,-6.74934318901011,17430.344161773057,0.0,0.2055418267503148,1.9282774277535222,2255743.600971862,633.1786670497614
262600.0,4551676.255103429,362120.6584328858,4551731.018255666,-653.0361866939287,1423.7302876178412,-652.7141412123693,-6.74916165080743,-0.5878711534129204,-6.749254237295298,17430.344161773057,0.0,0.2055418267503148,1.9282774277535222,2255743.600971862,633.1786670497614
262700.0,4551610.917739104,362263.028521049,4551665.713095426,-653.7110982782954,1423.6714631945217,-653.3890620637516,-6.749069533062551,-0.5886183015678098,-6.749162287112161,17430.344161773057,0.0,0.2055418267503148,1.9282774277535222,2255743.600971862,633.1786670497614
262800.0,4551545.512884085,362405.39272302424,4551600.340443565,-654.3860004991432,1423.6125637585926,-654.0639735684387,-6.748974373355922,-0.589371417800512,-6.7490672963189935,17430.344161773057,0.0,0.2055418267503148,1.9282774277535222,2255743.600971862,633.1786670497614
262900.0,4551480.040539326,362547.75103128026,4551534.900301034,-655.0608930501437,1423.5535887095712,-654.7388754202381,-6.748876128944313,-0.5901305757750266,-6.748969222189282,17430.344161773057,0.0,0.2055418267503148,1.9282774277535222,2255743.600971862,633.1786670497614
263000.0,4551414.500705808,362690.10343822546,4551469.392668813,-655.7357756206646,1423.4945374395595,-655.4137673086552,-6.748774756491,-0.5908958501232853,-6.748868021403238,17430.344161773057,0.0,0.2055418267503148,1.9282774277535222,2255743.600971862,633.1786670497614
263100.0,4551348.893384545,362832.449936207,4551403.817547915,-656.4106478957099,1423.4354093331478,-656.0886489188334,-6.7486702120571875,-0.5916673164584804,-6.748763650039221,17430.344161773057,0.0,0.2055418267503148,1.9282774277535222,2255743.600971862,633.1786670497614
263200.0,4551283.218576583,362974.7905175101,4551338.174939383,-657.0855095558591,1423.3762037673157,-656.7635199314934,-6.74856245109328,-0.5924450513886294,-6.748656063565019,17430.344161773057,0.0,0.2055418267503148,1.9282774277535222,2255743.600971862,633.1786670497614
263300.0,4551217.476282999,363117.12517435744,4551272.464844293,-657.7603602772059,1423.316920111331,-657.4383800228717,-6.748451428430042,-0.5932291325302536,-6.748545216829008,17430.344161773057,0.0,0.2055418267503148,1.9282774277535222,2255743.600971862,633.1786670497614
263400.0,4551151.666504903,363259.4538989081,4551206.687263753,-658.4351997312958,1423.257557726649,-658.1132288646585,-6.748337098269629,-0.5940196385223476,-6.748431064051188,17430.344161773057,0.0,0.2055418267503148,1.9282774277535222,2255743.600971862,633.1786670497614
263500.0,4551085.789243439,363401.77668325696,4551140.842198906,-659.1100275850628,1423.19811596681,-658.788066123934,-6.748219414176455,-0.5948166490404212,-6.748313558814051,17430.344161773057,0.0,0.2055418267503148,1.9282774277535222,2255743.600971862,633.1786670497614
263600.0,4551019.844499784,363544.0935194338,4551074.929650925,-659.7848435007646,1423.1385941773337,-659.4628914631045,-6.748098329067954,-0.5956202448109007,-6.74819265405335,17430.344161773057,0.0,0.2055418267503148,1.9282774277535222,2255743.600971862,633.1786670497614
263700.0,4550953.832275148,363686.4043994027,4551008.949621022,-660.4596471359185,1423.0789916956141,-660.1377045398372,-6.747973795205197,-0.5964305076255846,-6.748068302048717,17430.344161773057,0.0,0.2055418267503148,1.9282774277535222,2255743.600971862,633.1786670497614
263800.0,4550887.752570777,363828.7093150608,4550942.902110438,-661.1344381432344,1423.0193078508125,-660.8125050069939,-6.7478457641833485,-0.5972475203564291,-6.7479404544141195,17430.344161773057,0.0,0.2055418267503148,1.9282774277535222,2255743.600971862,633.1786670497614
263900.0,4550821.605387952,363971.0082582381,4550876.787120452,-661.809216170548,1422.959541963748,-661.4872925125643,-6.747714186922004,-0.5980713669704661,-6.747809062088208,17430.344161773057,0.0,0.2055418267503148,1.9282774277535222,2255743.600971862,633.1786670497614
264000.0,4550755.3907279875,364113.3012206959,4550810.604652379,-662.4839808607527,1422.8996933467877,-662.1620666995976,-6.747579013655368,-0.5989021325449453,-6.747674075324492,17430.344161773057,0.0,0.2055418267503148,1.9282774277535222,2255743.600971862,633.1786670497614
264100.0,4550689.108592236,364255.58819412655,4550744.354707568,-663.1587318517309,1422.8397613037348,-662.8368272061339,-6.747440193922293,-0.5997399032827401,-6.7475354436813895,17430.344161773057,0.0,0.2055418267503148,1.9282774277535222,2255743.600971862,633.1786670497614
264200.0,4550622.758982087,364397.8691701523,4550678.037287406,-663.8334687762834,1422.7797451297154,-663.5115736651337,-6.747297676556155,-0.6005847665279499,-6.747393116012094,17430.344161773057,0.0,0.2055418267503148,1.9282774277535222,2255743.600971862,633.1786670497614
264300.0,4550556.341898963,364540.1441403244,4550611.652393316,-664.508191262059,1422.7196441110634,-664.1863057044075,-6.7471514096746015,-0.6014368107816662,-6.747247040454341,17430.344161773057,0.0,0.2055418267503148,1.9282774277535222,2255743.600971862,633.1786670497614
264400.0,4550489.857344328,364682.41309612227,4550545.200026758,-665.1828989314816,1422.659457525204,-664.8610229465428,-6.747001340669115,-0.6022961257181034,-6.747097164419956,17430.344161773057,0.0,0.2055418267503148,1.9282774277535222,2255743.600971862,633.1786670497614
264500.0,4550423.305319684,364824.67602895276,4550478.680189232,-665.857591401678,1422.5991846405361,-665.5357250088322,-6.746847416194448,-0.6031628022007972,-6.746943434584318,17430.344161773057,0.0,0.2055418267503148,1.9282774277535222,2255743.600971862,633.1786670497614
264600.0,4550356.685826568,364966.932930149,4550412.092882276,-666.5322682844026,1422.5388247163114,-666.2104115031981,-6.746689582157872,-0.6040369322991612,-6.746785796875591,17430.344161773057,0.0,0.2055418267503148,1.9282774277535222,2255743.600971862,633.1786670497614
264700.0,4550289.99886656,365109.1837909697,4550345.4381074635,-667.2069291859632,1422.478377002514,-666.8850820361181,-6.746527783708291,-0.6049186093052361,-6.7466241964638485,17430.344161773057,0.0,0.2055418267503148,1.9282774277535222,2255743.600971862,633.1786670497614
264800.0,4550223.244441277,365251.4286025979,4550278.715866413,-667.881573707144,1422.417840739737,-667.5597362085483,-6.746361965225169,-0.6058079277506653,-6.746458577750012,17430.344161773057,0.0,0.2055418267503148,1.9282774277535222,2255743.600971862,633.1786670497614
264900.0,4550156.422552378,365393.6673561404,4550211.926160781,-668.556201443128,1422.3572151590574,-668.2343736158462,-6.74619207030731,-0.606704983423936,-6.746288884354621,17430.344161773057,0.0,0.2055418267503148,1.9282774277535222,2255743.600971862,633.1786670497614
265000.0,4550089.533201561,365535.9000426265,4550145.068992263,-669.2308119834187,1422.2964994819104,-668.9089938476916,-6.746018041761449,-0.6076098733878686,-6.746115059106444,17430.344161773057,0.0,0.2055418267503148,1.9282774277535222,2255743.600971862,633.1786670497614
265100.0,4550022.576390568,365678.1266530073,4550078.144362598,-669.9054049117602,1422.2356929199598,-669.5835964880074,-6.745839821590687,-0.6085226959973505,-6.745937044030898,17430.344161773057,0.0,0.2055418267503148,1.9282774277535222,2255743.600971862,633.1786670497614
265200.0,4549955.55212118,365820.3471781544,4550011.1522735655,-670.5799798060564,1422.1747946749688,-670.2581811148781,-6.7456573509827455,-0.6094435509173266,-6.7457547803383235,17430.344161773057,0.0,0.2055418267503148,1.9282774277535222,2255743.600971862,633.1786670497614
265300.0,4549888.4603952225,365962.5616088592,4549944.09272699,-671.2545362382884,1422.1138039386676,-670.9327473004681,-6.745470570298041,-0.6103725391410334,-6.745568208412063,17430.344161773057,0.0,0.2055418267503148,1.9282774277535222,2255743.600971862,633.1786670497614
265400.0,4549821.301214563,366104.7699358318,4549876.965724735,-671.9290737744317,1422.0527198926204,-671.6072946109384,-6.745279419057585,-0.6113097630085551,-6.7453772677963535,17430.344161773057,0.0,0.2055418267503148,1.9282774277535222,2255743.600971862,633.1786670497614
265500.0,4549754.074581113,366246.9721496998,4549809.7712687105,-672.6035919743713,1421.991541708089,-672.2818226063617,-6.745083835930702,-0.6122553262255449,-6.745181897184053,17430.344161773057,0.0,0.2055418267503148,1.9282774277535222,2255743.600971862,633.1786670497614
265600.0,4549686.780496827,366389.16824100754,4549742.509360871,-673.278090391816,1421.9302685458954,-672.9563308406372,-6.744883758722548,-0.6132093338823331,-6.744982034404175,17430.344161773057,0.0,0.2055418267503148,1.9282774277535222,2255743.600971862,633.1786670497614
265700.0,4549619.418963709,366531.3582002148,4549675.180003216,-673.9525685742116,1421.8688995562827,-673.630818861403,-6.744679124361468,-0.6141718924732167,-6.744777616409233,17430.344161773057,0.0,0.2055418267503148,1.9282774277535222,2255743.600971862,633.1786670497614
265800.0,4549551.989983803,366673.5420176959,4549607.783197788,-674.627026062652,1421.8074338787737,-674.3052862099482,-6.744469868886136,-0.6151431099160863,-6.744568579262392,17430.344161773057,0.0,0.2055418267503148,1.9282774277535222,2255743.600971862,633.1786670497614
265900.0,4549484.493559201,366815.7196837386,4549540.318946678,-675.3014623917904,1421.7458706420273,-674.9797324211233,-6.744255927432504,-0.6161230955722893,-6.744354858124432,17430.344161773057,0.0,0.2055418267503148,1.9282774277535222,2255743.600971862,633.1786670497614
266000.0,4549416.929692045,366957.89118854294,4549472.787252024,-675.9758770897475,1421.684208963693,-675.6541570232492,-6.744037234220578,-0.6171119602668214,-6.744136387240508,17430.344161773057,0.0,0.2055418267503148,1.9282774277535222,2255743.600971862,633.1786670497614
266100.0,4549349.29838452,367100.0565222202,4549405.188116009,-676.6502696780199,1421.622447950264,-676.3285595380248,-6.743813722540961,-0.6181098163088244,-6.743913099926718,17430.344161773057,0.0,0.2055418267503148,1.9282774277535222,2255743.600971862,633.1786670497614
266200.0,4549281.599638863,367242.2156747917,4549337.521540868,-677.324639671386,1421.5605866969274,-677.0029394804337,-6.743585324741218,-0.619116777512278,-6.7436849285564575,17430.344161773057,0.0,0.2055418267503148,1.9282774277535222,2255743.600971862,633.1786670497614
266300.0,4549213.833457355,367384.36863618775,4549269.787528882,-677.9989865778115,1421.4986242874131,-677.6772963586492,-6.74335197221202,-0.6201329592171241,-6.743451804546579,17430.344161773057,0.0,0.2055418267503148,1.9282774277535222,2255743.600971862,633.1786670497614
266400.0,4549145.999842333,367526.5153962464,4549201.986082382,-678.6733098983525,1421.4365597938395,-678.3516296739376,-6.743113595373077,-0.6211584783106033,-6.743213658343326,17430.344161773057,0.0,0.2055418267503148,1.9282774277535222,2255743.600971862,633.1786670497614
266500.0,4549078.098796179,367668.6559447124,4549134.117203749,-679.347609127058,1421.374392276558,-679.0259389205611,-6.742870123658879,-0.6221934532489652,-6.7429704194080715,17430.344161773057,0.0,0.2055418267503148,1.9282774277535222,2255743.600971862,633.1786670497614
266600.0,4549010.130321328,367810.79027123586,4549066.180895416,-680.0218837508706,1421.312120783995,-679.7002235856779,-6.742621485504187,-0.6232380040793895,-6.7427220162028325,17430.344161773057,0.0,0.2055418267503148,1.9282774277535222,2255743.600971862,633.1786670497614
266700.0,4548942.094420266,367952.91836537124,4548998.177159868,-680.6961332495259,1421.249744352492,-680.374483149242,-6.742367608329348,-0.6242922524623803,-6.742468376175566,17430.344161773057,0.0,0.2055418267503148,1.9282774277535222,2255743.600971862,633.1786670497614
266800.0,4548873.991095533,368095.0402165759,4548930.105999641,-681.37035709545,1421.1872620061424,-681.0487170839007,-6.742108418525325,-0.6253563216943543,-6.742209425745228,17430.344161773057,0.0,0.2055418267503148,1.9282774277535222,2255743.600971862,633.1786670497614
266900.0,4548805.820349719,368237.1558142091,4548861.967417324,-682.044554753656,1421.124672756628,-681.7229248548912,-6.741843841438581,-0.6264303367305755,-6.741945090286644,17430.344161773057,0.0,0.2055418267503148,1.9282774277535222,2255743.600971862,633.1786670497614
267000.0,4548737.582185472,368379.2651475305,4548793.761415561,-682.718725681639,1421.06197560305,-682.3971059199354,-6.7415738013556625,-0.627514424208498,-6.741675294115105,17430.344161773057,0.0,0.2055418267503148,1.9282774277535222,2255743.600971862,633.1786670497614
267100.0,4548669.276605492,368521.36820569914,4548725.487997049,-683.3928693292688,1420.999169531762,-683.071259729133,-6.741298221487583,-0.6286087124713604,-6.741399960470757,17430.344161773057,0.0,0.2055418267503148,1.9282774277535222,2255743.600971862,633.1786670497614
267200.0,4548600.9036125345,368663.46497777203,4548657.147164541,-684.0669851386822,1420.9362535161958,-683.7453857248532,-6.741017023953962,-0.6297133315921767,-6.741119011502751,17430.344161773057,0.0,0.2055418267503148,1.9282774277535222,2255743.600971862,633.1786670497614
267300.0,4548532.463209411,368805.5554527029,4548588.738920849,-684.7410725441723,1420.8732265166893,-684.4194833416253,-6.740730129766933,-0.6308284133980374,-6.740832368253146,17430.344161773057,0.0,0.2055418267503148,1.9282774277535222,2255743.600971862,633.1786670497614
267400.0,4548463.955398992,368947.6396193408,4548520.263268838,-685.4151309720778,1420.8100874803085,-685.0935520060264,-6.740437458814799,-0.6319540914947812,-6.74053995064057,17430.344161773057,0.0,0.2055418267503148,1.9282774277535222,2255743.600971862,633.1786670497614
267500.0,4548395.380184202,369089.7174664289,4548451.720211432,-686.0891598406691,1420.746835340669,-685.7675911365685,-6.740138929845425,-0.6330905012920529,-6.740241677443636,17430.344161773057,0.0,0.2055418267503148,1.9282774277535222,2255743.600971862,633.1786670497614
267600.0,4548326.737568028,369231.7889826029,4548383.109751615,-686.7631585600338,1420.683469017754,-686.4416001435842,-6.739834460449409,-0.6342377800286703,-6.739937466284091,17430.344161773057,0.0,0.2055418267503148,1.9282774277535222,2255743.600971862,633.1786670497614
267700.0,4548258.027553515,369373.8541563899,4548314.431892428,-687.4371265319598,1420.6199874177307,-687.1155784291094,-6.739523967042981,-0.6353960667983746,-6.739627233609743,17430.344161773057,0.0,0.2055418267503148,1.9282774277535222,2255743.600971862,633.1786670497614
267800.0,4548189.250143766,369515.9129762069,4548245.686636973,-688.1110631498175,1420.5563894327627,-687.7895253867655,-6.7392073648506345,-0.6365655025759964,-6.7393108946770885,17430.344161773057,0.0,0.2055418267503148,1.9282774277535222,2255743.600971862,633.1786670497614
267900.0,4548120.40534195,369657.96543035953,4548176.873988415,-688.784967798439,1420.492673940821,-688.4634404016391,-6.738884567887511,-0.6377462302439318,-6.738988363533707,17430.344161773057,0.0,0.2055418267503148,1.9282774277535222,2255743.600971862,633.1786670497614
268000.0,4548051.493151293,369800.0115070403,4548107.993949979,-689.4588398539969,1420.4288398054923,-689.1373228501606,-6.7385554889415,-0.6389383946190913,-6.738659553000367,17430.344161773057,0.0,0.2055418267503148,1.9282774277535222,2255743.600971862,633.1786670497614
268100.0,4547982.513575086,369942.0511943275,4548039.046524952,-690.1326786838806,1420.364885875783,-689.81117209998,-6.738220039555084,-0.6401421424801427,-6.738324374652869,17430.344161773057,0.0,0.2055418267503148,1.9282774277535222,2255743.600971862,633.1786670497614
268200.0,4547913.466616685,370084.0844801835,4547970.031716687,-690.8064836465705,1420.3008109859231,-690.4849875098424,-6.737878130006886,-0.6413576225952177,-6.737982738803617,17430.344161773057,0.0,0.2055418267503148,1.9282774277535222,2255743.600971862,633.1786670497614
268300.0,4547844.352279508,370226.11135245336,4547900.949528599,-691.4802540915111,1420.2366139551648,-691.1587684294598,-6.737529669292977,-0.6425849857499724,-6.737634554482908,17430.344161773057,0.0,0.2055418267503148,1.9282774277535222,2255743.600971862,633.1786670497614
268400.0,4547775.170567039,370368.13179886335,4547831.799964172,-692.1539893589814,1420.1722935875796,-691.8325141993823,-6.73717456510783,-0.6438243847761245,-6.73727972941992,17430.344161773057,0.0,0.2055418267503148,1.9282774277535222,2255743.600971862,633.1786670497614
268500.0,4547705.921482831,370510.1458070193,4547762.583026953,-692.8276887799642,1420.1078486718525,-692.5062241508674,-6.736812723825061,-0.6450759745803366,-6.736918170023434,17430.344161773057,0.0,0.2055418267503148,1.9282774277535222,2255743.600971862,633.1786670497614
268600.0,4547636.605030501,370652.15336440527,4547693.298720558,-693.5013516760124,1420.0432779810728,-693.1798976057463,-6.736444050477818,-0.6463399121735695,-6.736549781362248,17430.344161773057,0.0,0.2055418267503148,1.9282774277535222,2255743.600971862,633.1786670497614
268700.0,4547567.221213737,370794.15445838164,4547623.947048672,-694.1749773591148,1419.9785802725223,-693.8535338762895,-6.736068448738907,-0.6476163567007991,-6.7361744671452986,17430.344161773057,0.0,0.2055418267503148,1.9282774277535222,2255743.600971862,633.1786670497614
268800.0,4547497.770036293,370936.1490761839,4547554.528015045,-694.8485651315583,1419.9137542874603,-694.5271322650693,-6.7356858209005965,-0.6489054694712413,-6.7357921297014824,17430.344161773057,0.0,0.2055418267503148,1.9282774277535222,2255743.600971862,633.1786670497614
268900.0,4547428.251501998,371078.13720492076,4547485.041623505,-695.5221142857894,1419.8487987509054,-695.2006920648213,-6.735296067854135,-0.6502074139889398,-6.735402669959165,17430.344161773057,0.0,0.2055418267503148,1.9282774277535222,2255743.600971862,633.1786670497614
269000.0,4547358.665614747,371220.11883157265,4547415.487877944,-696.1956241042726,1419.7837123714155,-695.8742125583029,-6.734899089068911,-0.6515223559838965,-6.735005987425371,17430.344161773057,0.0,0.2055418267503148,1.9282774277535222,2255743.600971862,633.1786670497614
269100.0,4547289.012378512,371362.09394299,4547345.866782328,-696.8690938593476,1419.7184938408623,-696.5476930181503,-6.734494782571366,-0.6528504634435484,-6.734601980164679,17430.344161773057,0.0,0.2055418267503148,1.9282774277535222,2255743.600971862,633.1786670497614
269200.0,4547219.291797335,371504.06252589164,4547276.178340699,-697.5425228130835,1419.6531418342045,-697.2211327067332,-6.734083044923517,-0.6541919066447526,-6.734190544777769,17430.344161773057,0.0,0.2055418267503148,1.9282774277535222,2255743.600971862,633.1786670497614
269300.0,4547149.503875335,371646.02456686297,4547206.4225571705,-698.2159102171314,1419.5876550092576,-697.8945308760071,-6.7336637712012,-0.6555468581862763,-6.733771576379665,17430.344161773057,0.0,0.2055418267503148,1.9282774277535222,2255743.600971862,633.1786670497614
269400.0,4547079.648616702,371787.9800523543,4547136.599435933,-698.8892553125751,1419.5220320064598,-698.5678867673639,-6.733236854971946,-0.6569154930216646,-6.733344968577628,17430.344161773057,0.0,0.2055418267503148,1.9282774277535222,2255743.600971862,633.1786670497614
269500.0,4547009.726025708,371929.9289686791,4547066.708981252,-699.5625573297784,1419.4562714486347,-699.2411996114799,-6.732802188272553,-0.6582979884926923,-6.732910613448718,17430.344161773057,0.0,0.2055418267503148,1.9282774277535222,2255743.600971862,633.1786670497614
269600.0,4546939.736106698,372071.87130201235,4546996.751197472,-700.2358154882317,1419.3903719407506,-699.9144686281618,-6.732359661586297,-0.659694524363187,-6.732468401517035,17430.344161773057,0.0,0.2055418267503148,1.9282774277535222,2255743.600971862,633.1786670497614
269700.0,4546869.678864099,372213.8070383885,4546926.726089015,-700.9090289963947,1419.3243320696772,-700.5876930261899,-6.7319091638197985,-0.6611052828534595,-6.73201822173057,17430.344161773057,0.0,0.2055418267503148,1.9282774277535222,2255743.600971862,633.1786670497614
269800.0,4546799.554302415,372355.7361636998,4546856.633660382,-701.5821970515382,1419.258150403938,-701.2608720031594,-6.7314505822795185,-0.6625304486752154,-6.7315599614377275,17430.344161773057,0.0,0.2055418267503148,1.9282774277535222,2255743.600971862,633.1786670497614
269900.0,4546729.362426232,372497.6586636945,4546786.473916155,-702.2553188395825,1419.1918254934592,-701.9340047453197,-6.730983802647947,-0.6639702090668309,-6.731093506363514,17430.344161773057,0.0,0.2055418267503148,1.9282774277535222,2255743.600971862,633.1786670497614
270000.0,4546659.103240217,372639.5745239748,4546716.2468610015,-702.9283935349342,1419.125355869315,-702.6070904274104,-6.730508708959371,-0.6654247538293329,-6.73061874058532,17430.344161773057,0.0,0.2055418267503148,1.9282774277535222,2255743.600971862,633.1786670497614
270100.0,4546588.776749122,372781.48372999503,4546645.952499667,-703.6014203003197,1419.0587400434702,-703.2801282124952,-6.730025183575294,-0.6668942753628571,-6.730135546508336,17430.344161773057,0.0,0.2055418267503148,1.9282774277535222,2255743.600971862,633.1786670497614
270200.0,4546518.382957783,372923.3862670599,4546575.590836984,-704.2743982866167,1418.991976508518,-703.9531172517941,-6.729533107159507,-0.6683789687035151,-6.72964380484064,17430.344161773057,0.0,0.2055418267503148,1.9282774277535222,2255743.600971862,633.1786670497614
270300.0,4546447.921871119,373065.2821203222,4546505.161877871,-704.9473266326837,1418.925063737415,-704.6260566845116,-6.729032358652737,-0.6698790315609197,-6.729143394567858,17430.344161773057,0.0,0.2055418267503148,1.9282774277535222,2255743.600971862,633.1786670497614
270400.0,4546377.393494139,373207.1712747813,4546434.665627331,-705.6202044651858,1418.8580001832108,-705.2989456376639,-6.728522815246926,-0.6713946643562841,-6.7286341929274425,17430.344161773057,0.0,0.2055418267503148,1.9282774277535222,2255743.600971862,633.1786670497614
270500.0,4546306.7978319395,373349.05371528055,4546364.102090456,-706.2930308984189,1418.7907842787763,-705.9717832259022,-6.728004352359115,-0.6729260702609646,-6.728116075382574,17430.344161773057,0.0,0.2055418267503148,1.9282774277535222,2255743.600971862,633.1786670497614
270600.0,4546236.134889703,373490.9294265058,4546293.471272428,-706.9658050341307,1418.723414436526,-706.6445685513343,-6.7274768436049595,-0.6744734552355592,-6.7275889155956765,17430.344161773057,0.0,0.2055418267503148,1.9282774277535222,2255743.600971862,633.1786670497614
270700.0,4546165.4046727065,373632.79839298304,4546222.773178518,-707.6385259613392,1418.655889048137,-707.317300703343,-6.726940160771767,-0.6760370280698018,-6.727052585401474,17430.344161773057,0.0,0.2055418267503148,1.9282774277535222,2255743.600971862,633.1786670497614
270800.0,4546094.607186316,373774.6605990763,4546152.00781409,-708.3111927561487,1418.5882064842644,-707.9899787584022,-6.7263941737912125,-0.6776170004226819,-6.72650695477971,17430.344161773057,0.0,0.2055418267503148,1.9282774277535222,2255743.600971862,633.1786670497614
270900.0,4546023.742435991,373916.51602898573,4546081.1751846,-708.9838044815627,1418.5203650942526,-708.6626017798899,-6.725838750711575,-0.6792135868634535,-6.725951891827389,17430.344161773057,0.0,0.2055418267503148,1.9282774277535222,2255743.600971862,633.1786670497614
271000.0,4545952.810427287,374058.36466674524,4546010.275295599,-709.6563601872942,1418.4523632058413,-709.3351688178982,-6.725273757669567,-0.6808270049130669,-6.7253872627306235,17430.344161773057,0.0,0.2055418267503148,1.9282774277535222,2255743.600971862,633.1786670497614
271100.0,4545881.8111658525,374200.2064962205,4545939.308152734,-710.3288589095731,1418.384199124869,-710.0076789090414,-6.724699058861729,-0.68245747508633,-6.724812931736034,17430.344161773057,0.0,0.2055418267503148,1.9282774277535222,2255743.600971862,633.1786670497614
271200.0,4545810.744657436,374342.0415011066,4545868.273761748,-711.0012996709507,1418.3158711349713,-710.6801310762601,-6.724114516515427,-0.6841052209345015,-6.724228761121758,17430.344161773057,0.0,0.2055418267503148,1.9282774277535222,2255743.600971862,633.1786670497614
271300.0,4545739.610907883,374483.8696649259,4545797.172128483,-711.6736814801013,1418.247377497275,-711.3525243286232,-6.723519990859324,-0.6857704690887568,-6.723634611167923,17430.344161773057,0.0,0.2055418267503148,1.9282774277535222,2255743.600971862,633.1786670497614
271400.0,4545668.409923139,374625.69097102573,4545726.003258879,-712.3460033316211,1418.1787164500881,-712.0248576611262,-6.722915340093493,-0.6874534493040215,-6.723030340126786,17430.344161773057,0.0,0.2055418267503148,1.9282774277535222,2255743.600971862,633.1786670497614
271500.0,4545597.1417092495,374767.5054025761,4545654.767158981,-713.0182642058232,1418.1098862085848,-712.6971300544876,-6.722300420359,-0.68915439450367,-6.722415804192312,17430.344161773057,0.0,0.2055418267503148,1.9282774277535222,2255743.600971862,633.1786670497614
271600.0,4545525.806272364,374909.3129425674,4545583.463834934,-713.6904630685311,1418.0408849644868,-713.3693404749407,-6.721675085707071,-0.6908735408247184,-6.72179085746936,17430.344161773057,0.0,0.2055418267503148,1.9282774277535222,2255743.600971862,633.1786670497614
271700.0,4545454.403618737,375051.1135738079,4545512.093292987,-714.3625988708673,1417.9717108857394,-714.0414878740237,-6.721039188067783,-0.6926111276636886,-6.721155351942373,17430.344161773057,0.0,0.2055418267503148,1.9282774277535222,2255743.600971862,633.1786670497614
271800.0,4545382.933754727,375192.9072789215,4545440.655539495,-715.0346705490399,1417.9023621161834,-714.7135711883658,-6.720392577218202,-0.6943673977233629,-6.72050913744354,17430.344161773057,0.0,0.2055418267503148,1.9282774277535222,2255743.600971862,633.1786670497614
271900.0,4545311.396686801,375334.69404034544,4545369.150580921,-715.706677024126,1417.8328367752224,-715.3855893394706,-6.7197351007501815,-0.6961425970597913,-6.719852061620606,17430.344161773057,0.0,0.2055418267503148,1.9282774277535222,2255743.600971862,633.1786670497614
272000.0,4545239.792421533,375476.4738403274,4545297.578423836,-716.3786172018508,1417.763132957484,-716.0575412334958,-6.719066604037507,-0.6979369751304592,-6.71918396990401,17430.344161773057,0.0,0.2055418267503148,1.9282774277535222,2255743.600971862,633.1786670497614
272100.0,4545168.120965607,375618.2466609234,4545225.9390749205,-717.0504899723651,1417.6932487324784,-716.72942576103,-6.718386930202661,-0.6997507848427986,-6.718504705473676,17430.344161773057,0.0,0.2055418267503148,1.9282774277535222,2255743.600971862,633.1786670497614
272200.0,4545096.3823258225,375760.0124839952,4545154.232540967,-717.7222942100176,1417.6231821442507,-717.4012417968657,-6.717695920083013,-0.7015842826035869,-6.7178141092252135,17430.344161773057,0.0,0.2055418267503148,1.9282774277535222,2255743.600971862,633.1786670497614
272300.0,4545024.576509088,375901.77129120746,4545082.458828882,-718.3940287731252,1417.552931211028,-718.0729881997695,-6.716993412196524,-0.7034377283689708,-6.717112019735628,17430.344161773057,0.0,0.2055418267503148,1.9282774277535222,2255743.600971862,633.1786670497614
272400.0,4544952.703522429,376043.5230640256,4545010.617945687,-719.0656925037392,1417.482493924862,-718.7446638122481,-6.716279242706906,-0.7053113856953336,-6.716398273228494,17430.344161773057,0.0,0.2055418267503148,1.9282774277535222,2255743.600971862,633.1786670497614
272500.0,4544880.7633729875,376185.2677837129,4544938.709898518,-719.7372842274082,1417.411868251267,-719.4162674603116,-6.71555324538827,-0.7072055217907887,-6.715672703538615,17430.344161773057,0.0,0.2055418267503148,1.9282774277535222,2255743.600971862,633.1786670497614
272600.0,4544808.756068024,376327.0054313276,4544866.734694633,-720.4088027529368,1417.3410521288515,-720.0877979532326,-6.714815251589209,-0.7091204075674732,-6.714935142076122,17430.344161773057,0.0,0.2055418267503148,1.9282774277535222,2255743.600971862,633.1786670497614
272700.0,4544736.681614918,376468.7359877208,4544794.692341406,-721.0802468721422,1417.2700434689457,-720.7592540833019,-6.714065090196365,-0.7110563176946015,-6.714185417790043,17430.344161773057,0.0,0.2055418267503148,1.9282774277535222,2255743.600971862,633.1786670497614
272800.0,4544664.540021171,376610.459433533,4544722.582846335,-721.7516153596052,1417.1988401552223,-721.4306346255808,-6.713302587597412,-0.7130135306522613,-6.7134233571313136,17430.344161773057,0.0,0.2055418267503148,1.9282774277535222,2255743.600971862,633.1786670497614
272900.0,4544592.331294408,376752.17574919196,4544650.406217041,-722.4229069724192,1417.1274400433135,-722.1019383376489,-6.712527567643466,-0.7149923287861044,-6.712648784015177,17430.344161773057,0.0,0.2055418267503148,1.9282774277535222,2255743.600971862,633.1786670497614
273000.0,4544520.055442381,376893.8849149094,4544578.162461271,-723.094120449934,1417.0558409604212,-722.7731639593493,-6.7117398516109965,-0.7169929983625553,-6.711861519783134,17430.344161773057,0.0,0.2055418267503148,1.9282774277535222,2255743.600971862,633.1786670497614
273100.0,4544447.712472965,377035.5869106783,4544505.851586895,-723.765254513497,1416.9840407049223,-723.4443102125288,-6.710939258163011,-0.7190158296252724,-6.711061383164119,17430.344161773057,0.0,0.2055418267503148,1.9282774277535222,2255743.600971862,633.1786670497614
273200.0,4544375.3023941675,377177.28171627026,4544433.473601917,-724.4363078661893,1416.9120370459682,-724.1153758007746,-6.710125603309795,-0.7210611168519787,-6.710248190235266,17430.344161773057,0.0,0.2055418267503148,1.9282774277535222,2255743.600971862,633.1786670497614
273300.0,4544302.825214125,377318.9693112321,4544361.028514467,-725.1072791925588,1416.8398277230783,-724.7863594091477,-6.709298700368978,-0.7231291584123524,-6.709421754381983,17430.344161773057,0.0,0.2055418267503148,1.9282774277535222,2255743.600971862,633.1786670497614
273400.0,4544230.280941107,377460.6496748831,4544288.516332812,-725.7781671583491,1416.7674104457283,-725.4572597039114,-6.708458359924997,-0.7252202568267657,-6.708581886257425,17430.344161773057,0.0,0.2055418267503148,1.9282774277535222,2255743.600971862,633.1786670497614
273500.0,4544157.669583517,377602.3227863121,4544215.937065349,-726.4489704102236,1416.6947828929312,-726.1280753322558,-6.707604389787949,-0.7273347188257675,-6.707728393741372,17430.344161773057,0.0,0.2055418267503148,1.9282774277535222,2255743.600971862,633.1786670497614
273600.0,4544084.991149895,377743.98862437415,4544143.290720614,-727.1196875754864,1416.6219427128146,-726.7988049220185,-6.706736594951812,-0.7294728554105424,-6.706861081898445,17430.344161773057,0.0,0.2055418267503148,1.9282774277535222,2255743.600971862,633.1786670497614
273700.0,4544012.245648918,377885.64716768765,4544070.577307279,-727.7903172617982,1416.5488875221897,-727.4694470814012,-6.7058547775520045,-0.7316349819142293,-6.705979752935703,17430.344161773057,0.0,0.2055418267503148,1.9282774277535222,2255743.600971862,633.1786670497614
273800.0,4543939.433089405,378027.29839463107,4543997.796834159,-728.4608580568888,1416.475614906115,-728.1400003986817,-6.704958736822396,-0.7338214180639276,-6.705084206159644,17430.344161773057,0.0,0.2055418267503148,1.9282774277535222,2255743.600971862,633.1786670497614
273900.0,4543866.553480317,378168.9422833398,4543924.949310209,-729.1313085282644,1416.402122417454,-728.8104634419212,-6.704048269051506,-0.7360324880439957,-6.704174237932436,17430.344161773057,0.0,0.2055418267503148,1.9282774277535222,2255743.600971862,633.1786670497614
274000.0,4543793.606830758,378310.57881170284,4543852.034744528,-729.8016672229109,1416.3284075764263,-729.4808347586687,-6.7031231675381555,-0.7382685205599122,-6.703249641627576,17430.344161773057,0.0,0.2055418267503148,1.9282774277535222,2255743.600971862,633.1786670497614
274100.0,4543720.5931499805,378452.2079573596,4543779.053146363,-730.4719326669926,1416.2544678701524,-730.1511128756587,-6.702183222546405,-0.7405298489032358,-6.702310207584836,17430.344161773057,0.0,0.2055418267503148,1.9282774277535222,2255743.600971862,633.1786670497614
274200.0,4543647.512447383,378593.82969769655,4543706.004525109,-731.1421033655469,1416.1803007521914,-730.8212962985062,-6.701228221259804,-0.7428168110174296,-6.701355723064546,17430.344161773057,0.0,0.2055418267503148,1.9282774277535222,2255743.600971862,633.1786670497614
274300.0,4543574.364732516,378735.4440098437,4543632.88889031,-731.8121778021732,1416.1059036420727,-731.4913835113967,-6.700257947734906,-0.7451297495648184,-6.700385972201108,17430.344161773057,0.0,0.2055418267503148,1.9282774277535222,2255743.600971862,633.1786670497614
274400.0,4543501.150015082,378877.0508706714,4543559.706251665,-732.4821544387187,1416.0312739248207,-732.1613729767704,-6.699272182854179,-0.7474690119941831,-6.699400735955921,17430.344161773057,0.0,0.2055418267503148,1.9282774277535222,2255743.600971862,633.1786670497614
274500.0,4543427.86830494,379018.6502567868,4543486.456619025,-733.1520317149576,1415.9564089504727,-732.8312631350033,-6.698270704278074,-0.74983495060967,-6.698399792069481,17430.344161773057,0.0,0.2055418267503148,1.9282774277535222,2255743.600971862,633.1786670497614
274600.0,4543354.519612104,379160.2421445301,4543413.140002401,-733.8218080482675,1415.8813060335901,-733.5010524040821,-6.6972532863964425,-0.7522279226405217,-6.697382915012796,17430.344161773057,0.0,0.2055418267503148,1.9282774277535222,2255743.600971862,633.1786670497614
274700.0,4543281.103946748,379301.8265099714,4543339.75641196,-734.4914818332992,1415.8059624527618,-734.1707391792754,-6.6962197002792125,-0.7546482903117979,-6.696349875938092,17430.344161773057,0.0,0.2055418267503148,1.9282774277535222,2255743.600971862,633.1786670497614
274800.0,4543207.621319209,379443.4033289066,4543266.305858036,-735.1610514416424,1415.730375450102,-734.8403218327988,-6.6951697136262265,-0.7570964209163245,-6.695300442628662,17430.344161773057,0.0,0.2055418267503148,1.9282774277535222,2255743.600971862,633.1786670497614
274900.0,4543134.0717399875,379584.9725768542,4543192.7883511195,-735.8305152214862,1415.6545422307386,-735.5097987134758,-6.69410309071646,-0.7595726868873773,-6.694234379448095,17430.344161773057,0.0,0.2055418267503148,1.9282774277535222,2255743.600971862,633.1786670497614
275000.0,4543060.455219748,379726.5342290512,4543119.203901874,-736.4998714972743,1415.5784599622962,-736.1791681463928,-6.693019592356353,-0.7620774658726441,-6.693151447288632,17430.344161773057,0.0,0.2055418267503148,1.9282774277535222,2255743.600971862,633.1786670497614
275100.0,4542986.771769328,379868.0882604494,4543045.552521128,-737.1691185693554,1415.502125774371,-736.8484284325502,-6.691918975827381,-0.7646111408092173,-6.692051403518761,17430.344161773057,0.0,0.2055418267503148,1.9282774277535222,2255743.600971862,633.1786670497614
275200.0,4542913.021399733,380009.6346457118,4542971.834219883,-737.838254713628,1415.425536757998,-737.5175778485064,-6.690800994832869,-0.7671740999995637,-6.690934001930027,17430.344161773057,0.0,0.2055418267503148,1.9282774277535222,2255743.600971862,633.1786670497614
275300.0,4542839.204122142,380151.1733592085,4542898.049009313,-738.5072781811793,1415.3486899651102,-738.1866146460181,-6.689665399443951,-0.7697667371887207,-6.68979899268303,17430.344161773057,0.0,0.2055418267503148,1.9282774277535222,2255743.600971862,633.1786670497614
275400.0,4542765.319947911,380292.7043750128,4542824.196900767,-739.1761871979203,1415.2715824079905,-738.8555370516742,-6.688511936044684,-0.772389451642659,-6.688646122252547,17430.344161773057,0.0,0.2055418267503148,1.9282774277535222,2255743.600971862,633.1786670497614
275500.0,4542691.368888577,380434.2276668971,4542750.277905775,-739.8449799642133,1415.1942110587165,-739.5243432665243,-6.687340347276471,-0.7750426482273911,-6.6874751333719695,17430.344161773057,0.0,0.2055418267503148,1.9282774277535222,2255743.600971862,633.1786670497614
275600.0,4542617.350955855,380575.74320832925,4542676.292036047,-740.5136546544953,1415.116572848595,-740.1930314657021,-6.686150371981443,-0.7777267374897638,-6.686285764976715,17430.344161773057,0.0,0.2055418267503148,1.9282774277535222,2255743.600971862,633.1786670497614
275700.0,4542543.266161644,380717.2509724679,4542602.239303477,-741.1822094168955,1415.0386646675915,-740.8615997980426,-6.684941745145088,-0.7804421357391029,-6.685077752146867,17430.344161773057,0.0,0.2055418267503148,1.9282774277535222,2255743.600971862,633.1786670497614
275800.0,4542469.1145180315,380858.7509321587,4542528.119720145,-741.8506423728461,1414.9604833637486,-741.5300463856934,-6.683714197838065,-0.7831892651299375,-6.6838508260490075,17430.344161773057,0.0,0.2055418267503148,1.9282774277535222,2255743.600971862,633.1786670497614
275900.0,4542394.896037293,381000.2430599301,4542453.933298321,-742.5189516166881,1414.8820257425975,-742.1983693237207,-6.682467457156961,-0.7859685537462922,-6.682604713876999,17430.344161773057,0.0,0.2055418267503148,1.9282774277535222,2255743.600971862,633.1786670497614
276000.0,4542320.610731896,381141.7273279888,4542379.680050466,-743.1871352152713,1414.8032885665614,-742.8665666797092,-6.681201246164362,-0.7887804356867473,-6.681339138792061,17430.344161773057,0.0,0.2055418267503148,1.9282774277535222,2255743.600971862,633.1786670497614
276100.0,4542246.258614503,381283.20370821556,4542305.359989236,-743.8551912075471,1414.724268554349,-743.5346364933553,-6.679915283827839,-0.7916253511510511,-6.680053819861798,17430.344161773057,0.0,0.2055418267503148,1.9282774277535222,2255743.600971862,633.1786670497614
276200.0,4542171.839697974,381424.67217216094,4542230.973127485,-744.5231176041567,1414.6449623803405,-744.2025767760548,-6.678609284958103,-0.7945037465278671,-6.678748471998355,17430.344161773057,0.0,0.2055418267503148,1.9282774277535222,2255743.600971862,633.1786670497614
276300.0,4542097.353995369,381566.1326910406,4542156.519478266,-745.1909123870117,1414.565366673964,-744.8703855104847,-6.677282960146172,-0.7974160744838009,-6.6774228058956115,17430.344161773057,0.0,0.2055418267503148,1.9282774277535222,2255743.600971862,633.1786670497614
276400.0,4542022.801519952,381707.5852357308,4542081.999054836,-745.8585735088693,1414.4854780190633,-745.5380606501775,-6.675936015699683,-0.8003627940535374,-6.676076527965517,17430.344161773057,0.0,0.2055418267503148,1.9282774277535222,2255743.600971862,633.1786670497614
276500.0,4541948.1822851915,381849.02977676404,4542007.411870658,-746.5260988929004,1414.4052929532565,-746.2056001190903,-6.674568153578083,-0.8033443707316439,-6.6747093402732975,17430.344161773057,0.0,0.2055418267503148,1.9282774277535222,2255743.600971862,633.1786670497614
276600.0,4541873.496304767,381990.4662843242,4541932.757939405,-747.1934864322519,1414.3248079672853,-746.8730018111664,-6.673179071327026,-0.8063612765651882,-6.673320940471882,17430.344161773057,0.0,0.2055418267503148,1.9282774277535222,2255743.600971862,633.1786670497614
276700.0,4541798.743592571,382131.8947282417,4541858.0372749595,-747.8607339896017,1414.2440195043555,-747.5402635898914,-6.671768462011578,-0.8094139902482709,-6.671911021735111,17430.344161773057,0.0,0.2055418267503148,1.9282774277535222,2255743.600971862,633.1786670497614
276800.0,4541723.924162707,382273.3150779891,4541783.249891423,-748.5278393967075,1414.1629239594665,-748.2073832878413,-6.6703360141485994,-0.8125029972173219,-6.670479272690172,17430.344161773057,0.0,0.2055418267503148,1.9282774277535222,2255743.600971862,633.1786670497614
276900.0,4541649.038029502,382414.72730267583,4541708.395803112,-749.1948004539481,1414.0815176787337,-748.8743587062244,-6.668881411638003,-0.8156287897481462,-6.669025377348841,17430.344161773057,0.0,0.2055418267503148,1.9282774277535222,2255743.600971862,633.1786670497614
277000.0,4541574.085207502,382556.1313710436,4541633.475024565,-749.8616149298589,1413.9997969586982,-749.5411876144169,-6.667404333692957,-0.8187918670543148,-6.667549015037738,17430.344161773057,0.0,0.2055418267503148,1.9282774277535222,2255743.600971862,633.1786670497614
277100.0,4541499.065711478,382697.52725146123,4541558.4875705475,-750.5282805606591,1413.9177580456292,-750.2078677494903,-6.665904454769102,-0.8219927353868244,-6.666049860327553,17430.344161773057,0.0,0.2055418267503148,1.9282774277535222,2255743.600971862,633.1786670497614
277200.0,4541423.979556428,382838.91491191956,4541483.43345605,-751.1947950497728,1413.8353971348145,-750.8743968157323,-6.66438144449271,-0.8252319081351513,-6.664527582961234,17430.344161773057,0.0,0.2055418267503148,1.9282774277535222,2255743.600971862,633.1786670497614
277300.0,4541348.826757584,382980.29432002647,4541408.312696297,-751.8611560673419,1413.7527103698417,-751.5407724841606,-6.662834967587644,-0.8285099059300554,-6.662981847780962,17430.344161773057,0.0,0.2055418267503148,1.9282774277535222,2255743.600971862,633.1786670497614
277400.0,4541273.607330409,383121.6654430015,4541333.125306745,-752.5273612497328,1413.6696938418688,-752.2069923920288,-6.661264683801362,-0.8318272567474567,-6.661412314654192,17430.344161773057,0.0,0.2055418267503148,1.9282774277535222,2255743.600971862,633.1786670497614
277500.0,4541198.321290608,383263.02824767074,4541257.87130309,-753.1934081990347,1413.586343588885,-752.8730541423257,-6.659670247829725,-0.8351844960140504,-6.659818638398469,17430.344161773057,0.0,0.2055418267503148,1.9282774277535222,2255743.600971862,633.1786670497614
277600.0,4541122.968654124,383404.3827004613,4541182.550701269,-753.8592944825504,1413.5026555949596,-753.538955303266,-6.658051309240707,-0.8385821667142782,-6.65820046870517,17430.344161773057,0.0,0.2055418267503148,1.9282774277535222,2255743.600971862,633.1786670497614
277700.0,4541047.5494371485,383545.72876739607,4541107.163517464,-754.5250176322799,1413.4186257894808,-754.2046934077739,-6.6564075123969095,-0.8420208194989975,-6.656557450062047,17430.344161773057,0.0,0.2055418267503148,1.9282774277535222,2255743.600971862,633.1786670497614
277800.0,4540972.063656119,383687.066414088,4541031.709768105,-755.1905751443961,1413.334250046384,-754.8702659529591,-6.654738496376962,-0.8455010127955218,-6.654889221674648,17430.344161773057,0.0,0.2055418267503148,1.9282774277535222,2255743.600971862,633.1786670497614
277900.0,4540896.511327726,383828.3956057347,4540956.189469876,-755.8559644787123,1413.249524183369,-755.5356703995844,-6.653043894895799,-0.8490233129191628,-6.653195417386621,17430.344161773057,0.0,0.2055418267503148,1.9282774277535222,2255743.600971862,633.1786670497614
278000.0,4540820.892468915,383969.7163071128,4540880.602639714,-756.5211830581413,1413.1644439611039,-756.2009041715255,-6.651323336223573,-0.8525882941866465,-6.651475665598652,17430.344161773057,0.0,0.2055418267503148,1.9282774277535222,2255743.600971862,633.1786670497614
278100.0,4540745.207096893,384111.0284825718,4540804.949294818,-757.1862282681478,1413.079005082421,-756.8659646552225,-6.649576443103488,-0.8561965390309417,-6.649729589186322,17430.344161773057,0.0,0.2055418267503148,1.9282774277535222,2255743.600971862,633.1786670497614
278200.0,4540669.455229129,384252.33209602896,4540729.229452647,-757.8510974561907,1412.9932031914982,-757.5308491991234,-6.647802832668442,-0.8598486381175137,-6.647956805416782,17430.344161773057,0.0,0.2055418267503148,1.9282774277535222,2255743.600971862,633.1786670497614
278300.0,4540593.6368833585,384393.62711096264,4540653.443130932,-758.5157879311582,1412.9070338730307,-758.195555113119,-6.64600211635621,-0.8635451904627882,-6.6461569258639575,17430.344161773057,0.0,0.2055418267503148,1.9282774277535222,2255743.600971862,633.1786670497614
278400.0,4540517.752077591,384534.9134904069,4540577.59034767,-759.180296962794,1412.8204926513895,-758.8600796679693,-6.644173899823669,-0.8672868035535362,-6.644329556322804,17430.344161773057,0.0,0.2055418267503148,1.9282774277535222,2255743.600971862,633.1786670497614
278500.0,4540441.800830106,384676.19119694503,4540501.671121136,-759.8446217811148,1412.7335749897682,-759.5244200947211,-6.642317782859433,-0.8710740934686352,-6.6424742967219705,17430.344161773057,0.0,0.2055418267503148,1.9282774277535222,2255743.600971862,633.1786670497614
278600.0,4540365.783159468,384817.46019270364,4540425.685469883,-760.5087595758189,1412.6462762893177,-760.1885735841171,-6.640433359295381,-0.8749076850021698,-6.640590741035346,17430.344161773057,0.0,0.2055418267503148,1.9282774277535222,2255743.600971862,633.1786670497614
278700.0,4540289.69908452,384958.7204393463,4540349.633412746,-761.1727074956864,1412.5585918882687,-760.8525372859959,-6.638520216916855,-0.8787882117881956,-6.638678477192309,17430.344161773057,0.0,0.2055418267503148,1.9282774277535222,2255743.600971862,633.1786670497614
278800.0,4540213.548624394,385099.97189806716,4540273.514968848,-761.8364626479698,1412.4705170610412,-761.5163083086833,-6.636577937371413,-0.8827163164275822,-6.636737086986474,17430.344161773057,0.0,0.2055418267503148,1.9282774277535222,2255743.600971862,633.1786670497614
278900.0,4540137.331798514,385241.2145295847,4540197.330157604,-762.5000220977756,1412.3820470173412,-762.1798837183733,-6.634606096076342,-0.886692650616314,-6.634766145983266,17430.344161773057,0.0,0.2055418267503148,1.9282774277535222,2255743.600971862,633.1786670497614
279000.0,4540061.048626598,385382.448294135,4540121.078998724,-763.1633828674366,1412.2931769012453,-762.8432605385015,-6.632604262124703,-0.8907178752758177,-6.632765223425985,17430.344161773057,0.0,0.2055418267503148,1.9282774277535222,2255743.600971862,633.1786670497614
279100.0,4539984.699128664,385523.6731514652,4540044.761512217,-763.8265419358745,1412.203901790271,-763.5064357491076,-6.630571998190033,-0.8947926606850187,-6.630733882140528,17430.344161773057,0.0,0.2055418267503148,1.9282774277535222,2255743.600971862,633.1786670497614
279200.0,4539908.283325036,385664.889060827,4539968.3777183965,-764.4894962379539,1412.1142166944344,-764.1694062861892,-6.6285088604296885,-0.8989176866140701,-6.628671678438773,17430.344161773057,0.0,0.2055418267503148,1.9282774277535222,2255743.600971862,633.1786670497614
279300.0,4539831.801236345,385806.09598096943,4539891.927637885,-765.1522426638246,1412.0241165552945,-764.8321690410451,-6.626414398386603,-0.9030936424603675,-6.626578162020371,17430.344161773057,0.0,0.2055418267503148,1.9282774277535222,2255743.600971862,633.1786670497614
279400.0,4539755.252883538,385947.2938701324,4539815.411291619,-765.8147780582564,1411.9335962449834,-765.4947208596094,-6.624288154889806,-0.9073212273858933,-6.624452875873281,17430.344161773057,0.0,0.2055418267503148,1.9282774277535222,2255743.600971862,633.1786670497614
279500.0,4539678.638287875,386088.4826860395,4539738.828700851,-766.4770992199617,1411.8426505652228,-766.1570585417752,-6.622129665953173,-0.9116011504571967,-6.622295356172569,17430.344161773057,0.0,0.2055418267503148,1.9282774277535222,2255743.600971862,633.1786670497614
279600.0,4539601.957470943,386229.6623858909,4539662.179887156,-767.1392029009095,1411.751274246327,-766.8191788407081,-6.619938460673045,-0.9159341307864852,-6.620105132178051,17430.344161773057,0.0,0.2055418267503148,1.9282774277535222,2255743.600971862,633.1786670497614
279700.0,4539525.210454654,386370.8329263562,4539585.464872438,-767.8010858056281,1411.6594619461907,-767.4810784621498,-6.617714061124034,-0.9203208976753661,-6.617881726130132,17430.344161773057,0.0,0.2055418267503148,1.9282774277535222,2255743.600971862,633.1786670497614
279800.0,4539448.397261253,386511.99426356703,4539508.683678932,-768.4627445904978,1411.5672082492629,-768.1427540637104,-6.615455982253459,-0.9247621907601804,-6.61562465314427,17430.344161773057,0.0,0.2055418267503148,1.9282774277535222,2255743.600971862,633.1786670497614
279900.0,4539371.51791332,386653.1463531099,4539431.836329206,-769.1241758630327,1411.4745076655058,-768.804202254151,-6.613163731774155,-0.9292587601595341,-6.613333421103831,17430.344161773057,0.0,0.2055418267503148,1.9282774277535222,2255743.600971862,633.1786670497614
280000.0,4539294.572433779,386794.2891500185,4539354.922846176,-769.7853761811523,1411.38135462934,-769.4654195926552,-6.610836810055803,-0.9338113666236758,-6.6110075305514435,17430.344161773057,0.0,0.2055418267503148,1.9282774277535222,2255743.600971862,633.1786670497614
280100.0,4539217.560845898,386935.42260876606,4539277.943253099,-770.446342052441,1411.2877434985726,-770.1264025880886,-6.608474710014507,-0.9384207816862085,-6.608646474578616,17430.344161773057,0.0,0.2055418267503148,1.9282774277535222,2255743.600971862,633.1786670497614
280200.0,4539140.483173301,387076.54668325785,4539200.8975735875,-771.1070699333974,1411.193668553312,-770.7871476982491,-6.606076917000945,-0.9430877878175761,-6.606249738713909,17430.344161773057,0.0,0.2055418267503148,1.9282774277535222,2255743.600971862,633.1786670497614
280300.0,4539063.339439965,387217.6613268231,4539123.785831609,-771.7675562286724,1411.0991239948662,-771.4476513291047,-6.603642908686687,-0.9478131785809787,-6.603816800809311,17430.344161773057,0.0,0.2055418267503148,1.9282774277535222,2255743.600971862,633.1786670497614
280400.0,4538986.12967023,387358.76649220724,4539046.608051493,-772.4277972902954,1411.004103944626,-772.1079098340198,-6.601172154949003,-0.9525977587901523,-6.601347130925069,17430.344161773057,0.0,0.2055418267503148,1.9282774277535222,2255743.600971862,633.1786670497614
280500.0,4538908.853888804,387499.8621315638,4538969.364257936,-773.0877894168887,1410.9086024429312,-772.7679195129704,-6.5986641177539616,-0.9574423446693816,-6.598840191212816,17430.344161773057,0.0,0.2055418267503148,1.9282774277535222,2255743.600971862,633.1786670497614
280600.0,4538831.512120769,387640.9481964462,4538892.05447601,-773.7475288528706,1410.812613447922,-773.4276766117473,-6.596118251037827,-0.9623477640156639,-6.596295435797022,17430.344161773057,0.0,0.2055418267503148,1.9282774277535222,2255743.600971862,633.1786670497614
280700.0,4538754.104391584,387782.02463779954,4538814.67873116,-774.4070117876469,1410.7161308343736,-774.0871773211475,-6.59353400058656,-0.9673148563634615,-6.59371231065452,17430.344161773057,0.0,0.2055418267503148,1.9282774277535222,2255743.600971862,633.1786670497614
280800.0,4538676.630727091,387923.09140595223,4538737.23704922,-775.0662343547891,1410.6191483925138,-774.746417776153,-6.59091080391385,-0.9723444731510755,-6.591090253492587,17430.344161773057,0.0,0.2055418267503148,1.9282774277535222,2255743.600971862,633.1786670497614
280900.0,4538599.091153523,388064.1484506074,4538659.729456411,-775.7251926312016,1410.5216598268244,-775.405394055098,-6.588248090137288,-0.9774374778895192,-6.588428693625145,17430.344161773057,0.0,0.2055418267503148,1.9282774277535222,2255743.600971862,633.1786670497614
281000.0,4538521.485697507,388205.1957208342,4538582.155979347,-776.3838826362752,1410.4236587548253,-776.0641021788233,-6.585545279852529,-0.9825947463340833,-6.585727051846962,17430.344161773057,0.0,0.2055418267503148,1.9282774277535222,2255743.600971862,633.1786670497614
281100.0,4538443.814386073,388346.23316505924,4538504.516645048,-777.0423003310291,1410.3251387058413,-776.7225381098177,-6.582801785006002,-0.9878171666574822,-6.5829847403064115,17430.344161773057,0.0,0.2055418267503148,1.9282774277535222,2255743.600971862,633.1786670497614
281200.0,4538366.077246655,388487.26073105755,4538426.811480935,-777.7004416172391,1410.226093119752,-777.3806977513475,-6.580017008765466,-0.9931056396259936,-6.580201162376062,17430.344161773057,0.0,0.2055418267503148,1.9282774277535222,2255743.600971862,633.1786670497614
281300.0,4538288.274307102,388628.2783659437,4538349.040514845,-778.3583023365536,1410.1265153457234,-778.0385769465715,-6.577190345388931,-0.9984610787774884,-6.577375712521639,17430.344161773057,0.0,0.2055418267503148,1.9282774277535222,2255743.600971862,633.1786670497614
281400.0,4538210.405595681,388769.2860161625,4538271.203775034,-779.0158782695956,1410.0263986409211,-778.6961714776447,-6.574321180091475,-1.0038844106023013,-6.574507776168883,17430.344161773057,0.0,0.2055418267503148,1.9282774277535222,2255743.600971862,633.1786670497614
281500.0,4538132.471141083,388910.2836274798,4538193.301290181,-779.673165135052,1409.9257361692069,-779.3534770648067,-6.571408888910383,-1.0093765747260335,-6.571596729568732,17430.344161773057,0.0,0.2055418267503148,1.9282774277535222,2255743.600971862,633.1786670497614
281600.0,4538054.470972434,389051.27114497323,4538115.333089397,-780.3301585887488,1409.8245209998151,-780.0104893654579,-6.568452838568202,-1.0149385240951616,-6.568641939660416,17430.344161773057,0.0,0.2055418267503148,1.9282774277535222,2255743.600971862,633.1786670497614
281700.0,4537976.405119292,389192.24851302244,4538037.299202231,-780.9868542227125,1409.722746106012,-780.6672039732214,-6.565452386333905,-1.0205712251648957,-6.565642763932665,17430.344161773057,0.0,0.2055418267503148,1.9282774277535222,2255743.600971862,633.1786670497614
281800.0,4537898.273611665,389333.21567529964,4537959.199658674,-781.6432475642183,1409.6204043637347,-781.3236164169905,-6.562406879881926,-1.0262756580899226,-6.5625985502827895,17430.344161773057,0.0,0.2055418267503148,1.9282774277535222,2255743.600971862,633.1786670497614
281900.0,4537820.076480007,389474.17257475964,4537881.034489171,-782.299334074823,1409.517488550212,-781.9797221599629,-6.559315657149557,-1.0320528169168606,-6.5595086368741224,17430.344161773057,0.0,0.2055418267503148,1.9282774277535222,2255743.600971862,633.1786670497614
282000.0,4537741.813755231,389615.11915363005,4537802.80372462,-782.9551091493844,1409.413991342565,-782.6355165986598,-6.556178046191863,-1.0379037097802328,-6.556372351990971,17430.344161773057,0.0,0.2055418267503148,1.9282774277535222,2255743.600971862,633.1786670497614
282100.0,4537663.485468714,389756.05535340105,4537724.507396384,-783.6105681150653,1409.309905316389,-783.2909950619311,-6.552993365034709,-1.0438293591006567,-6.5531890138916955,17430.344161773057,0.0,0.2055418267503148,1.9282774277535222,2255743.600971862,633.1786670497614
282200.0,4537585.091652303,389896.9811148153,4537646.145536298,-784.2657062303236,1409.2052229443145,-783.9461528099445,-6.549760921526033,-1.0498308017849753,-6.549957930660025,17430.344161773057,0.0,0.2055418267503148,1.9282774277535222,2255743.600971862,633.1786670497614
282300.0,4537506.632338324,390037.8963778575,4537567.718176673,-784.9205186838869,1409.0999365945486,-784.6009850331615,-6.546480013184446,-1.0559090894301864,-6.5466784000537075,17430.344161773057,0.0,0.2055418267503148,1.9282774277535222,2255743.600971862,633.1786670497614
282400.0,4537428.107559585,390178.80108174385,4537489.225350305,-785.5750005937117,1408.9940385293955,-785.2554868512964,-6.543149927046194,-1.0620652885290214,-6.543349709351518,17430.344161773057,0.0,0.2055418267503148,1.9282774277535222,2255743.600971862,633.1786670497614
282500.0,4537349.517349388,390319.6951649115,4537410.667090482,-786.2291470059274,1408.887520903757,-785.9096533122612,-6.539769939509624,-1.0683004806789362,-6.539971135197766,17430.344161773057,0.0,0.2055418267503148,1.9282774277535222,2255743.600971862,633.1786670497614
282600.0,4537270.861741534,390460.5785650076,4537332.04343099,-786.8829528937652,1408.7803757636104,-786.563479391094,-6.536339316177676,-1.074615762793353,-6.5365419434448455,17430.344161773057,0.0,0.2055418267503148,1.9282774277535222,2255743.600971862,633.1786670497614
282700.0,4537192.14077033,390601.4512188784,4537253.35440612,-787.5364131564696,1408.6725950444677,-787.2169599888717,-6.532857311698079,-1.081012247315856,-6.533061388993467,17430.344161773057,0.0,0.2055418267503148,1.9282774277535222,2255743.600971862,633.1786670497614
282800.0,4537113.354470597,390742.3130625581,4537174.60005068,-788.189522618196,1408.5641705698106,-787.8700899316073,-6.529323169601444,-1.0874910624368899,-6.5295287156308115,17430.344161773057,0.0,0.2055418267503148,1.9282774277535222,2255743.600971862,633.1786670497614
282900.0,4537034.502877675,390883.1640312577,4537095.780399998,-788.8422760268895,1408.4550940495053,-788.5228639691296,-6.525736122136964,-1.0940533523135174,-6.525943155866284,17430.344161773057,0.0,0.2055418267503148,1.9282774277535222,2255743.600971862,633.1786670497614
283000.0,4536955.586027437,391024.00405935314,4537016.895489928,-789.4946680531498,1408.3453570781949,-789.175276773948,-6.522095390105704,-1.100700277292294,-6.5223039307648305,17430.344161773057,0.0,0.2055418267503148,1.9282774277535222,2255743.600971862,633.1786670497614
283100.0,4536876.6039562905,391164.83308037434,4536937.9453568645,-790.1466932890768,1408.2349511336688,-789.8273229400986,-6.518400182692107,-1.1074330141338748,-6.518610249778523,17430.344161773057,0.0,0.2055418267503148,1.9282774277535222,2255743.600971862,633.1786670497614
283200.0,4536797.556701188,391305.6510269929,4536858.930037744,-790.7983462471011,1408.1238675752102,-790.4789969819755,-6.514649697292443,-1.1142527562420084,-6.514861310575045,17430.344161773057,0.0,0.2055418267503148,1.9282774277535222,2255743.600971862,633.1786670497614
283300.0,4536718.4442996355,391446.4578310104,4536779.849570057,-791.4496213587962,1408.01209764192,-791.1302933331426,-6.51084311934164,-1.1211607138939108,-6.511056298864582,17430.344161773057,0.0,0.2055418267503148,1.9282774277535222,2255743.600971862,633.1786670497614
283400.0,4536639.266789699,391587.2534233462,4536700.7039918555,-792.1005129736737,1407.8996324510183,-791.7812063451302,-6.506979622137169,-1.1281581144747015,-6.507194388223755,17430.344161773057,0.0,0.2055418267503148,1.9282774277535222,2255743.600971862,633.1786670497614
283500.0,4536560.024210014,391728.03773402533,4536621.493341758,-792.7510153579608,1407.7864629961214,-792.4317302862115,-6.5030583666607145,-1.1352462027144052,-6.503274739917348,17430.344161773057,0.0,0.2055418267503148,1.9282774277535222,2255743.600971862,633.1786670497614
283600.0,4536480.716599795,391868.8106921658,4536542.217658961,-793.4011226933594,1407.672580145495,-793.0818593401636,-6.499078501397547,-1.1424262409276307,-6.499296502717731,17430.344161773057,0.0,0.2055418267503148,1.9282774277535222,2255743.600971862,633.1786670497614
283700.0,4536401.34399884,392009.57222596614,4536462.87698325,-794.0508290757876,1407.557974640284,-793.7315876050085,-6.495039162153241,-1.1496995092566697,-6.495258812721641,17430.344161773057,0.0,0.2055418267503148,1.9282774277535222,2255743.600971862,633.1786670497614
283800.0,4536321.906447544,392150.3222626926,4536383.471355,-794.7001285141023,1407.442637092718,-794.3809090917362,-6.490939471868107,-1.157067305917204,-6.491160793164659,17430.344161773057,0.0,0.2055418267503148,1.9282774277535222,2255743.600971862,633.1786670497614
283900.0,4536242.403986904,392291.06072866614,4536304.000815193,-795.3490149288032,1407.3265579842907,-795.0298177230094,-6.4867785404287694,-1.164530947447742,-6.48700155423286,17430.344161773057,0.0,0.2055418267503148,1.9282774277535222,2255743.600971862,633.1786670497614
284000.0,4536162.836658531,392431.78754924925,4536224.465405422,-795.9974821507183,1407.2097276639151,-795.678307331849,-6.482555464477639,-1.1720917689612755,-6.482780192872325,17430.344161773057,0.0,0.2055418267503148,1.9282774277535222,2255743.600971862,633.1786670497614
284100.0,4536083.204504656,392572.50264883257,4536144.865167903,-796.6455239196694,1407.092136346054,-796.3263716603008,-6.478269327219609,-1.1797511244004601,-6.478495792595914,17430.344161773057,0.0,0.2055418267503148,1.9282774277535222,2255743.600971862,633.1786670497614
284200.0,4536003.5075681405,392713.20595082134,4536065.200145478,-797.2931338831187,1406.9737741088234,-796.9740043580815,-6.473919198226092,-1.1875103867960626,-6.474147423287343,17430.344161773057,0.0,0.2055418267503148,1.9282774277535222,2255743.600971862,633.1786670497614
284300.0,4535923.7458924875,392853.89737762185,4535985.470381633,-797.9403055947959,1406.8546308920706,-797.6211989812069,-6.469504133236522,-1.1953709485283697,-6.46973414100276,17430.344161773057,0.0,0.2055418267503148,1.9282774277535222,2255743.600971862,633.1786670497614
284400.0,4535843.919521848,392994.57685062726,4535905.675920502,-798.5870325133044,1406.7346964954272,-798.2679489905986,-6.465023173957449,-1.2033342215913683,-6.465254987769893,17430.344161773057,0.0,0.2055418267503148,1.9282774277535222,2255743.600971862,633.1786670497614
284500.0,4535764.028501032,393135.2442902037,4535825.816806877,-799.2333080007083,1406.613960576333,-798.9142477506708,-6.460475347858491,-1.2114016378609802,-6.460708991384069,17430.344161773057,0.0,0.2055418267503148,1.9282774277535222,2255743.600971862,633.1786670497614
284600.0,4535684.072875519,393275.89961567573,4535745.893086218,-799.8791253210982,1406.492412648035,-799.5600885278974,-6.4558596679660765,-1.2195746493656527,-6.456095165202003,17430.344161773057,0.0,0.2055418267503148,1.9282774277535222,2255743.600971862,633.1786670497614
284700.0,4535604.052691467,393416.5427453121,4535665.904804666,-800.5244776391363,1406.3700420775583,-800.205464489357,-6.451175132654079,-1.2278547285608652,-6.451412507932519,17430.344161773057,0.0,0.2055418267503148,1.9282774277535222,2255743.600971862,633.1786670497614
284800.0,4535523.967995722,393557.17359631066,4535585.852009046,-801.169358018581,1406.2468380836497,-800.8503687012583,-6.44642072543207,-1.236243368606282,-6.446660003424842,17430.344161773057,0.0,0.2055418267503148,1.9282774277535222,2255743.600971862,633.1786670497614
284900.0,4535443.818835828,393697.79208478384,4535505.734746885,-801.8137594207892,1406.1227897346928,-801.4947941274424,-6.441595414730786,-1.2447420836461611,-6.441836620454148,17430.344161773057,0.0,0.2055418267503148,1.9282774277535222,2255743.600971862,633.1786670497614
285000.0,4535363.605260042,393838.3981257432,4535425.553066418,-802.4576747031983,1405.997885946596,-802.1387336278658,-6.436698153684234,-1.2533524090942194,-6.436941312503722,17430.344161773057,0.0,0.2055418267503148,1.9282774277535222,2255743.600971862,633.1786670497614
285100.0,4535283.327317334,393978.99163308414,4535345.307016598,-803.1010966177848,1405.8721154806506,-802.7821799570592,-6.431727879909889,-1.2620759019200287,-6.431973017545228,17430.344161773057,0.0,0.2055418267503148,1.9282774277535222,2255743.600971862,633.1786670497614
285200.0,4535202.985057409,394119.5725195704,4535264.99664711,-803.7440178095019,1405.7454669413617,-803.4251257625656,-6.42668351528544,-1.2709141409399654,-6.426930657815517,17430.344161773057,0.0,0.2055418267503148,1.9282774277535222,2255743.600971862,633.1786670497614
285300.0,4535122.578530711,394260.14069681836,4535184.622008379,-804.3864308146941,1405.6179287742475,-804.0675635833558,-6.421563965722814,-1.2798687271112326,-6.4218131395907205,17430.344161773057,0.0,0.2055418267503148,1.9282774277535222,2255743.600971862,633.1786670497614
285400.0,4535042.107788438,394400.6960752807,4535104.1831515785,-805.0283280594895,1405.4894892636114,-804.7094858482204,-6.416368120939479,-1.2889412838289576,-6.4166193529576185,17430.344161773057,0.0,0.2055418267503148,1.9282774277535222,2255743.600971862,633.1786670497614
285500.0,4534961.572882548,394541.23856423056,4535023.68012865,-805.6697018581683,1405.360136530283,-805.3508848741398,-6.411094854226637,-1.2981334572270566,-6.411348171581908,17430.344161773057,0.0,0.2055418267503148,1.9282774277535222,2255743.600971862,633.1786670497614
285600.0,4534880.973865774,394681.76807174477,4534943.112992304,-806.310544411509,1405.2298585293283,-805.9917528646298,-6.405743022214817,-1.307446916481883,-6.405998452473854,17430.344161773057,0.0,0.2055418267503148,1.9282774277535222,2255743.600971862,633.1786670497614
285700.0,4534800.310791638,394822.2845046873,4534862.481796041,-806.9508478051101,1405.0986430477317,-806.6320819080651,-6.400311464635996,-1.3168833541203064,-6.400569035750489,17430.344161773057,0.0,0.2055418267503148,1.9282774277535222,2255743.600971862,633.1786670497614
285800.0,4534719.5837144535,394962.7877686924,4534781.786594155,-807.5906040076884,1404.9664777020434,-807.2718639759769,-6.394799004083387,-1.3264444863299756,-6.395058744395473,17430.344161773057,0.0,0.2055418267503148,1.9282774277535222,2255743.600971862,633.1786670497614
285900.0,4534638.792689348,395103.2777681473,4534701.02744175,-808.229804869353,1404.8333499359996,-807.9110909213283,-6.3892044457676285,-1.336132053274213,-6.389466384015348,17430.344161773057,0.0,0.2055418267503148,1.9282774277535222,2255743.600971862,633.1786670497614
286000.0,4534557.937772267,395243.7544061748,4534620.20439475,-808.8684421198544,1404.6992470181078,-808.5497544767638,-6.38352657727072,-1.345947819408916,-6.383790742593549,17430.344161773057,0.0,0.2055418267503148,1.9282774277535222,2255743.600971862,633.1786670497614
286100.0,4534477.01901999,395384.2175846158,4534539.317509914,-809.50650736681,1404.5641560392016,-809.1878462528348,-6.377764168296021,-1.3558935738046265,-6.378030590240477,17430.344161773057,0.0,0.2055418267503148,1.9282774277535222,2255743.600971862,633.1786670497614
286200.0,4534396.036490143,395524.66720401123,4534458.366844843,-810.1439920939025,1404.4280639099638,-809.8253577361994,-6.371915970415982,-1.365971130470617,-6.37218467894131,17430.344161773057,0.0,0.2055418267503148,1.9282774277535222,2255743.600971862,633.1786670497614
286300.0,4534314.99024121,395665.10316358396,4534377.352457997,-810.7808876590551,1404.2909573584157,-810.4622802877976,-6.3659807168165505,-1.376182328682935,-6.366251742300463,17430.344161773057,0.0,0.2055418267503148,1.9282774277535222,2255743.600971862,633.1786670497614
286400.0,4534233.880332543,395805.5253612205,4534296.274408708,-811.4171852925793,1404.1528229273733,-811.0986051409999,-6.359957122038207,-1.3865290333164522,-6.360230495282732,17430.344161773057,0.0,0.2055418267503148,1.9282774277535222,2255743.600971862,633.1786670497614
286500.0,4534152.706824379,395945.9336934522,4534215.132757189,-812.0528760952977,1404.0136469718718,-811.7343233997303,-6.353843881714452,-1.3970131351794013,-6.354119633951823,17430.344161773057,0.0,0.2055418267503148,1.9282774277535222,2255743.600971862,633.1786670497614
286600.0,4534071.469777852,396086.3280554365,4534133.927564548,-812.6879510366396,1403.8734156565547,-812.3694260365633,-6.347639672306754,-1.4076365513521694,-6.347917835205407,17430.344161773057,0.0,0.2055418267503148,1.9282774277535222,2255743.600971862,633.1786670497614
286700.0,4533990.169255006,396226.7083409375,4534052.658892807,-813.3224009527107,1403.7321149530292,-813.0039038907935,-6.3413431508367895,-1.4184012255288023,-6.3416237565074125,17430.344161773057,0.0,0.2055418267503148,1.9282774277535222,2255743.600971862,633.1786670497614
286800.0,4533908.805318806,396367.07444230694,4533971.326804905,-813.9562165443359,1403.5897306371885,-813.6377476664791,-6.334952954614706,-1.4293091283635424,-6.335236035616393,17430.344161773057,0.0,0.2055418267503148,1.9282774277535222,2255743.600971862,633.1786670497614
286900.0,4533827.378033156,396507.42625046405,4533889.9313647235,-814.5893883750738,1403.4462482864976,-814.2709479304573,-6.328467700965544,-1.4403622578184359,-6.3287532903120045,17430.344161773057,0.0,0.2055418267503148,1.9282774277535222,2255743.600971862,633.1786670497614
287000.0,4533745.887462908,396647.76365487586,4533808.472637089,-815.2219068692048,1403.3016532772456,-814.903495110333,-6.321885986951138,-1.4515626395168897,-6.322174118117001,17430.344161773057,0.0,0.2055418267503148,1.9282774277535222,2255743.600971862,633.1786670497614
287100.0,4533664.333673883,396788.08654353686,4533726.950687795,-815.8537623096906,1403.1559307817608,-815.5353794924387,-6.315206389089934,-1.4629123270987034,-6.315497096017128,17430.344161773057,0.0,0.2055418267503148,1.9282774277535222,2255743.600971862,633.1786670497614
287200.0,4533582.716732876,396928.39480294846,4533645.365583613,-816.484944836106,1403.0090657655921,-816.1665912197668,-6.308427463072694,-1.4744134025802782,-6.308720780176915,17430.344161773057,0.0,0.2055418267503148,1.9282774277535222,2255743.600971862,633.1786670497614
287300.0,4533501.03670768,397068.68831809814,4533563.717392306,-817.1154444425413,1402.861042984653,-816.7971202898734,-6.301547743476062,-1.4860679767163187,-6.301843705653311,17430.344161773057,0.0,0.2055418267503148,1.9282774277535222,2255743.600971862,633.1786670497614
287400.0,4533419.29366709,397208.9669724383,4533482.006182647,-817.7452509754767,1402.711846982329,-817.4269565527525,-6.294565743471664,-1.4978781893672954,-6.294864386104887,17430.344161773057,0.0,0.2055418267503148,1.9282774277535222,2255743.600971862,633.1786670497614
287500.0,4533337.48768093,397349.2306478651,4533400.232024431,-818.3743541316272,1402.5614620865488,-818.056089708682,-6.287479954533144,-1.5098462098682681,-6.287781313498941,17430.344161773057,0.0,0.2055418267503148,1.9282774277535222,2255743.600971862,633.1786670497614
287600.0,4533255.618820058,397489.47922469646,4533318.39498849,-819.0027434557579,1402.4098724068187,-818.6845093060394,-6.280288846139251,-1.5219742374024068,-6.2805929578146795,17430.344161773057,0.0,0.2055418267503148,1.9282774277535222,2255743.600971862,633.1786670497614
287700.0,4533173.687156387,397629.71258165024,4533236.495146709,-819.6304083384695,1402.2570618312186,-819.3122047390887,-6.2729908654741,-1.5342645013772607,-6.2732977667435526,17430.344161773057,0.0,0.2055418267503148,1.9282774277535222,2255743.600971862,633.1786670497614
287800.0,4533091.692762897,397769.93059582193,4533154.532572039,-820.2573380139536,1402.1030140233602,-819.9391652457356,-6.265584437123706,-1.5467192618052594,-6.265894165385891,17430.344161773057,0.0,0.2055418267503148,1.9282774277535222,2255743.600971862,633.1786670497614
287900.0,4533009.6357136555,397910.133142662,4533072.50733852,-820.883521557718,1401.9477124193081,-820.5653799052537,-6.2580679627702,-1.5593408096859684,-6.258380555945191,17430.344161773057,0.0,0.2055418267503148,1.9282774277535222,2255743.600971862,633.1786670497614
288000.0,4532927.516083826,398050.32009595307,4532990.419521289,-821.5089478842807,1401.7911402244615,-821.1908376359794,-6.250439820881766,-1.5721314673935607,-6.250755317418161,17430.344161773057,0.0,0.2055418267503148,1.9282774277535222,2255743.600971862,633.1786670497614
288100.0,4532845.3339496935,398190.4913277866,4532908.269196599,-822.1336057448326,1401.633280410397,-821.8155271929751,-6.242698366400009,-1.585093589066416,-6.2430168052821555,17430.344161773057,0.0,0.2055418267503148,1.9282774277535222,2255743.600971862,633.1786670497614
288200.0,4532763.089388673,398330.64670853934,4532826.056441836,-822.7574837248693,1401.474115711673,-822.439437165662,-6.234841930423983,-1.5982295610002186,-6.235163351179314,17430.344161773057,0.0,0.2055418267503148,1.9282774277535222,2255743.600971862,633.1786670497614
288300.0,4532680.782479331,398470.7861068496,4532743.781335537,-823.3805702417909,1401.3136286225938,-823.0625559754203,-6.226868819890843,-1.6115418020445778,-6.227193262597287,17430.344161773057,0.0,0.2055418267503148,1.9282774277535222,2255743.600971862,633.1786670497614
288400.0,4532598.413301399,398610.9093895929,4532661.443957404,-824.0028535424697,1401.1518013939346,-823.6848718731582,-6.218777317253392,-1.625032764002671,-6.219104822546886,17430.344161773057,0.0,0.2055418267503148,1.9282774277535222,2255743.600971862,633.1786670497614
288500.0,4532515.9819357935,398751.0164218575,4532579.044388323,-824.6243217007855,1400.9886160296257,-824.3063729368471,-6.210565680154386,-1.6387049320341278,-6.21089628923647,17430.344161773057,0.0,0.2055418267503148,1.9282774277535222,2255743.600971862,633.1786670497614
288600.0,4532433.488464633,398891.10706691974,4532496.582710381,-825.2449626151282,1400.8240542833967,-824.9270470690258,-6.202232141097761,-1.6525608250608466,-6.202565895743278,17430.344161773057,0.0,0.2055418267503148,1.9282774277535222,2255743.600971862,633.1786670497614
288700.0,4532350.932971254,399031.1811862185,4532414.059006883,-825.8647640058675,1400.6580976553796,-825.5468819942702,-6.193774907116595,-1.666602996176057,-6.194111849681466,17430.344161773057,0.0,0.2055418267503148,1.9282774277535222,2255743.600971862,633.1786670497614
288800.0,4532268.315540231,399171.2386393299,4532331.47336237,-826.4837134127887,1400.490727388672,-826.1658652566307,-6.185192159437521,-1.6808340330570686,-6.185532332866636,17430.344161773057,0.0,0.2055418267503148,1.9282774277535222,2255743.600971862,633.1786670497614
288900.0,4532185.636257392,399311.27928394143,4532248.825862641,-827.1017981924953,1400.3219244658567,-826.7839842170351,-6.176482053142975,-1.6952565583792993,-6.176825500978162,17430.344161773057,0.0,0.2055418267503148,1.9282774277535222,2255743.600971862,633.1786670497614
289000.0,4532102.8952098405,399451.30297582556,4532166.116594764,-827.7190055157777,1400.1516696054819,-827.4012260506584,-6.167642716828942,-1.7098732302356465,-6.1679894832170366,17430.344161773057,0.0,0.2055418267503148,1.9282774277535222,2255743.600971862,633.1786670497614
289100.0,4532020.092485971,399591.30956881336,4532083.345647102,-828.3353223649473,1399.979943258498,-828.0175777442569,-6.1586722522609065,-1.7246867425564174,-6.159022381961922,17430.344161773057,0.0,0.2055418267503148,1.9282774277535222,2255743.600971862,633.1786670497614
289200.0,4531937.22817549,399731.2989147674,4532000.513109327,-828.950735531136,1399.8067256046531,-828.6330260934697,-6.149568734026084,-1.7396998255331746,-6.149922272421469,17430.344161773057,0.0,0.2055418267503148,1.9282774277535222,2255743.600971862,633.1786670497614
289300.0,4531854.302369434,399871.2708635546,4531917.619072442,-829.565231611561,1399.631996548845,-829.2475577000833,-6.140330209182056,-1.754915246046282,-6.140687202283063,17430.344161773057,0.0,0.2055418267503148,1.9282774277535222,2255743.600971862,633.1786670497614
289400.0,4531771.315160191,400011.2252630184,4531834.663628799,-830.1787970067538,1399.4557357174315,-829.8611589692626,-6.1309546969037605,-1.7703358080926939,-6.131315191359894,17430.344161773057,0.0,0.2055418267503148,1.9282774277535222,2255743.600971862,633.1786670497614
289500.0,4531688.266641515,400151.1619589508,4531751.646872119,-830.7914179177546,1399.2779224544963,-830.4738161067448,-6.121440188125798,-1.7859643532192928,-6.12180423123338,17430.344161773057,0.0,0.2055418267503148,1.9282774277535222,2255743.600971862,633.1786670497614
289600.0,4531605.156908556,400291.0807950639,4531668.568897515,-831.4030803432701,1399.0985358180735,-831.0855151159989,-6.1117846451835485,-1.8018037609556288,-6.112152284894369,17430.344161773057,0.0,0.2055418267503148,1.9282774277535222,2255743.600971862,633.1786670497614
289700.0,4531521.986057869,400430.98161296133,4531585.429801507,-832.0137700767953,1398.9175545763267,-831.6962417953481,-6.101986001449574,-1.8178569492522407,-6.10235728637965,17430.344161773057,0.0,0.2055418267503148,1.9282774277535222,2255743.600971862,633.1786670497614
289800.0,4531438.754187443,400570.8642521086,4531502.229682047,-832.6234727036991,1398.7349572036846,-832.3059817350568,-6.092042160968561,-1.8341268749188118,-6.092417140406992,17430.344161773057,0.0,0.2055418267503148,1.9282774277535222,2255743.600971862,633.1786670497614
289900.0,4531355.461396719,400710.728549804,4531418.968638538,-833.2321735982734,1398.5507218769344,-832.9147203143796,-6.081950998088574,-1.8506165340660703,-6.082329722006499,17430.344161773057,0.0,0.2055418267503148,1.9282774277535222,2255743.600971862,633.1786670497614
290000.0,4531272.10778661,400850.5743411484,4531335.646771857,-833.8398579207444,1398.3648264712683,-833.5224426985743,-6.071710357089762,-1.8673289625494052,-6.072092876149414,17430.344161773057,0.0,0.2055418267503148,1.9282774277535222,2255743.600971862,633.1786670497614
290100.0,4531188.693459523,400990.40145901503,4531252.2641843725,-834.4465106142472,1398.1772485562872,-834.1291338358774,-6.061318051810353,-1.8842672364144581,-6.061704417374227,17430.344161773057,0.0,0.2055418267503148,1.9282774277535222,2255743.600971862,633.1786670497614
290200.0,4531105.218519384,401130.2097340185,4531168.820979972,-835.0521164017633,1397.987965391959,-834.7347784544418,-6.050771865269853,-1.9014344723448855,-6.051162129409963,17430.344161773057,0.0,0.2055418267503148,1.9282774277535222,2255743.600971862,633.1786670497614
290300.0,4531021.683071656,401269.9989944838,4531085.317264081,-835.6566597830192,1397.7969539245332,-835.339361059237,-6.0400695492898615,-1.9188338281114423,-6.040463764797104,17430.344161773057,0.0,0.2055418267503148,1.9282774277535222,2255743.600971862,633.1786670497614
290400.0,4530938.087223365,401409.7690664147,4531001.753143684,-836.2601250313478,1397.6041907824085,-835.9428659289116,-6.029208824111976,-1.936468503023418,-6.029607044505606,17430.344161773057,0.0,0.2055418267503148,1.9282774277535222,2255743.600971862,633.1786670497614
290500.0,4530854.4310831195,401549.51977346174,4530918.12872735,-836.862496190511,1397.4096522719574,-836.5452771126161,-6.018187378012874,-1.9543417383821966,-6.018589657550064,17430.344161773057,0.0,0.2055418267503148,1.9282774277535222,2255743.600971862,633.1786670497614
290600.0,4530770.714761136,401689.2509368899,4530834.4441252565,-837.4637570714843,1397.2133143733033,-837.146578426789,-6.007002866918228,-1.9724568179340038,-6.007409260603755,17430.344161773057,0.0,0.2055418267503148,1.9282774277535222,2255743.600971862,633.1786670497614
290700.0,4530686.938369262,401828.9623755456,4530750.699449208,-838.0638912492019,1397.015152736054,-837.7467534519027,-5.995652914012559,-1.9908170683269755,-5.996063477608576,17430.344161773057,0.0,0.2055418267503148,1.9282774277535222,2255743.600971862,633.1786670497614
290800.0,4530603.1020209985,401968.6539058235,4530666.894812664,-838.6628820592629,1396.8151426749882,-838.3457855291709,-5.984135109348176,-2.009425859566976,-5.984549899384103,17430.344161773057,0.0,0.2055418267503148,1.9282774277535222,2255743.600971862,633.1786670497614
290900.0,4530519.205831526,402108.3253416328,4530583.030330763,-839.2607125945988,1396.6132591656972,-838.9436577572169,-5.972447009451004,-2.028286605476004,-5.972866083233509,17430.344161773057,0.0,0.2055418267503148,1.9282774277535222,2255743.600971862,633.1786670497614
291000.0,4530435.249917727,402247.9764943633,4530499.106120345,-839.8573657021009,1396.40947684018,-839.5403529887018,-5.960586136924957,-2.047402764150328,-5.961009552548051,17430.344161773057,0.0,0.2055418267503148,1.9282774277535222,2255743.600971862,633.1786670497614
291100.0,4530351.234398213,402387.6071728503,4530415.122299978,-840.4528239792081,1396.2037699823936,-840.1358538269138,-5.94854998005358,-2.0667778384204767,-5.948977796408817,17430.344161773057,0.0,0.2055418267503148,1.9282774277535222,2255743.600971862,633.1786670497614
291200.0,4530267.159393348,402527.2171833402,4530331.078989981,-841.0470697704551,1395.9961125237555,-840.7301426223171,-5.936335992400289,-2.086415376310925,-5.9367682691870725,17430.344161773057,0.0,0.2055418267503148,1.9282774277535222,2255743.600971862,633.1786670497614
291300.0,4530183.025025273,402666.80632945464,4530246.976312451,-841.6400851639802,1395.7864780386024,-841.3232014690606,-5.923941592406974,-2.1063189714996913,-5.924378390142959,17430.344161773057,0.0,0.2055418267503148,1.9282774277535222,2255743.600971862,633.1786670497614
291400.0,4530098.831417934,402806.3744121546,4530162.81439129,-842.2318519879927,1395.5748397396005,-841.9150122014469,-5.9113641629897415,-2.1264922637801313,-5.911805543021352,17430.344161773057,0.0,0.2055418267503148,1.9282774277535222,2255743.600971862,633.1786670497614
291500.0,4530014.578697109,402945.9212297041,4530078.593352228,-842.8223518072009,1395.3611704731127,-842.5055563903605,-5.898601051134378,-2.146938939520357,-5.899047075647422,17430.344161773057,0.0,0.2055418267503148,1.9282774277535222,2255743.600971862,633.1786670497614
291600.0,4529930.26699043,403085.4465776333,4529994.313322853,-843.4115659191978,1395.1454427145165,-843.0948153396557,-5.88564956748961,-2.1676627321236266,-5.886100299520012,17430.344161773057,0.0,0.2055418267503148,1.9282774277535222,2255743.600971862,633.1786670497614
291700.0,4529845.896427414,403224.95024870115,4529909.974432634,-843.9994753508075,1394.9276285634785,-843.6827700825032,-5.872506985959252,-2.188667422487865,-5.872962489403874,17430.344161773057,0.0,0.2055418267503148,1.9282774277535222,2255743.600971862,633.1786670497614
291800.0,4529761.467139491,403364.43203285744,4529825.576812952,-844.5860608543904,1394.7076997391816,-844.2694013776963,-5.85917054329255,-2.209956839465468,-5.859630882920131,17430.344161773057,0.0,0.2055418267503148,1.9282774277535222,2255743.600971862,633.1786670497614
291900.0,4529676.979260026,403503.8917172049,4529741.120597124,-845.1713029041068,1394.4856275755064,-844.8546897059164,-5.84563743867405,-2.231534860321114,-5.846102680136239,17430.344161773057,0.0,0.2055418267503148,1.9282774277535222,2255743.600971862,633.1786670497614
292000.0,4529592.432924352,403643.32908595994,4529656.605920436,-845.7551816921401,1394.2613830161679,-845.4386152659566,-5.831904833313109,-2.2534054111873956,-5.832375043155618,17430.344161773057,0.0,0.2055418267503148,1.9282774277535222,2255743.600971862,633.1786670497614
292100.0,4529507.828269798,403782.7439204138,4529572.032920166,-846.3376771248787,1394.0349366098046,-846.0211579709052,-5.817969850030569,-2.2755724675225633,-5.818445095704414,17430.344161773057,0.0,0.2055418267503148,1.9282774277535222,2255743.600971862,633.1786670497614
292200.0,4529423.165435717,403922.1359988925,4529487.401735616,-846.9187688190566,1393.8062585050247,-846.6022974442868,-5.803829572846568,-2.298040054563497,-5.804309922719418,17430.344161773057,0.0,0.2055418267503148,1.9282774277535222,2255743.600971862,633.1786670497614
292300.0,4529338.444563515,404061.5050967168,4529402.71250814,-847.4984360978524,1393.575318445405,-847.1820130161633,-5.789481046567621,-2.320812247777201,-5.789966569935263,17430.344161773057,0.0,0.2055418267503148,1.9282774277535222,2255743.600971862,633.1786670497614
292400.0,4529253.665796678,404200.8509861614,4529317.965381174,-848.0766579869475,1393.3420857644446,-847.7602837191924,-5.7749212763723525,-2.3438931733118413,-5.775412043470241,17430.344161773057,0.0,0.2055418267503148,1.9282774277535222,2255743.600971862,633.1786670497614
292500.0,4529168.829280806,404340.1734364135,4529233.160500267,-848.6534132105426,1393.1065293804756,-848.3370882846459,-5.76014722739844,-2.367287008442986,-5.760643309413364,17430.344161773057,0.0,0.2055418267503148,1.9282774277535222,2255743.600971862,633.1786670497614
292600.0,4529083.935163643,404479.47221353126,4529148.298013107,-849.2286801873328,1392.8686177915279,-848.9124051383857,-5.745155824328778,-2.390997982018467,-5.745657293410616,17430.344161773057,0.0,0.2055418267503148,1.9282774277535222,2255743.600971862,633.1786670497614
292700.0,4528998.983595106,404618.74708040134,4529063.378069558,-849.8024370264415,1392.628319070149,-849.4862123967987,-5.7299439509779315,-2.4150303749000335,-5.730450880251523,17430.344161773057,0.0,0.2055418267503148,1.9282774277535222,2255743.600971862,633.1786670497614
292800.0,4528913.974727316,404757.9977966962,4528978.400821687,-850.374661523313,1392.3856008581815,-850.058487862691,-5.7145084498793,-2.439388520401139,-5.7150209134564,17430.344161773057,0.0,0.2055418267503148,1.9282774277535222,2255743.600971862,633.1786670497614
292900.0,4528828.90871463,404897.22411883075,4528893.366423795,-850.9453311555637,1392.140430361496,-850.62920902114,-5.6988461218727515,-2.4640768047212434,-5.699364194864102,17430.344161773057,0.0,0.2055418267503148,1.9282774277535222,2255743.600971862,633.1786670497614
293000.0,4528743.7857136745,405036.4257999184,4528808.275032453,-851.5144230787922,1391.8927743446811,-851.1983530353058,-5.682953725693453,-2.489099667375508,-5.68347748422094,17430.344161773057,0.0,0.2055418267503148,1.9282774277535222,2255743.600971862,633.1786670497614
293100.0,4528658.605883377,405175.60258972686,4528723.126806531,-852.0819141223482,1391.6425991256901,-851.7658967422013,-5.666827977561081,-2.5144616016211514,-5.667357498769993,17430.344161773057,0.0,0.2055418267503148,1.9282774277535222,2255743.600971862,633.1786670497614
293200.0,4528573.369384996,405314.75423463294,4528637.921907231,-852.6477807850604,1391.389870570446,-852.3318166484217,-5.650465550771067,-2.540167154877871,-5.651000912842456,17430.344161773057,0.0,0.2055418267503148,1.9282774277535222,2255743.600971862,633.1786670497614
293300.0,4528488.076382159,405453.88047757733,4528552.660498122,-853.2119992309242,1391.134554087404,-852.8960889258326,-5.633863075287476,-2.5662209291428955,-5.6344043574506,17430.344161773057,0.0,0.2055418267503148,1.9282774277535222,2255743.600971862,633.1786670497614
293400.0,4528402.727040895,405592.98105801834,4528467.342745172,-853.7745452847478,1390.8766146220744,-853.458689407218,-5.617017137337674,-2.592627581400512,-5.617564419882548,17430.344161773057,0.0,0.2055418267503148,1.9282774277535222,2255743.600971862,633.1786670497614
293500.0,4528317.321529666,405732.05571188556,4528381.968816783,-854.3353944277582,1390.6160166515022,-854.0195935818876,-5.599924279007355,-2.619391824028499,-5.600477643297385,17430.344161773057,0.0,0.2055418267503148,1.9282774277535222,2255743.600971862,633.1786670497614
293600.0,4528231.860019403,405871.10417153256,4528296.538883827,-854.8945217931675,1390.3527241787085,-854.5787765912442,-5.582580997841719,-2.646518425191727,-5.5831405263264315,17430.344161773057,0.0,0.2055418267503148,1.9282774277535222,2255743.600971862,633.1786670497614
293700.0,4528146.342683541,406010.1261656893,4528211.053119677,-855.4519021616987,1390.0867007270924,-855.1362132243102,-5.5649837464456695,-2.674012209235022,-5.565549522673531,17430.344161773057,0.0,0.2055418267503148,1.9282774277535222,2255743.600971862,633.1786670497614
293800.0,4528060.769698055,406149.12141941395,4528125.5117002465,-856.0075099570716,1389.8179093347935,-855.6918779132158,-5.547128932088695,-2.701878057065758,-5.547701040720016,17430.344161773057,0.0,0.2055418267503148,1.9282774277535222,2255743.600971862,633.1786670497614
293900.0,4527975.141241499,406288.08965404384,4528039.914804023,-856.56131924145,1389.5463125490169,-856.245744728647,-5.529012916312949,-2.730120906528735,-5.529591443132877,17430.344161773057,0.0,0.2055418267503148,1.9282774277535222,2255743.600971862,633.1786670497614
294000.0,4527889.457495034,406427.03058714635,4527954.262612105,-857.113303710849,1389.2718724203207,-856.7977873752544,-5.510632014545047,-2.7587457527725863,-5.511217046476643,17430.344161773057,0.0,0.2055418267503148,1.9282774277535222,2255743.600971862,633.1786670497614
294100.0,4527803.718642472,406565.94393246877,4527868.555308241,-857.6634366905049,1388.9945504968687,-857.347979187024,-5.491982495710821,-2.787757648608901,-5.492574120828215,17430.344161773057,0.0,0.2055418267503148,1.9282774277535222,2255743.600971862,633.1786670497614
294200.0,4527717.924870313,406704.82939988794,4527782.793078863,-858.2116911302056,1388.714307818645,-857.8962931226091,-5.473060581855996,-2.817161704859328,-5.473658889397626,17430.344161773057,0.0,0.2055418267503148,1.9282774277535222,2255743.600971862,633.1786670497614
294300.0,4527632.076367778,406843.68669535895,4527696.976113126,-858.7580395995839,1388.4311049116372,-858.4427017606251,-5.4538624477692395,-2.8469630906965016,-5.454467528151176,17430.344161773057,0.0,0.2055418267503148,1.9282774277535222,2255743.600971862,633.1786670497614
294400.0,4527546.173326852,406982.5155208636,4527611.104602947,-859.3024542833731,1388.1449017819848,-858.9871772949065,-5.434384220613932,-2.877167033968389,-5.434996165443262,17430.344161773057,0.0,0.2055418267503148,1.9282774277535222,2255743.600971862,633.1786670497614
294500.0,4527460.21594232,407121.315574358,4527525.178743043,-859.8449069766262,1387.8556579100948,-859.5296915297271,-5.414621979559485,-2.90777882152129,-5.415240881647774,17430.344161773057,0.0,0.2055418267503148,1.9282774277535222,2255743.600971862,633.1786670497614
294600.0,4527374.204411809,407260.08654971985,4527439.19873097,-860.3853690798989,1387.5633322447272,-860.0702158749842,-5.394571755425451,-2.9388037994996115,-5.3951977088022876,17430.344161773057,0.0,0.2055418267503148,1.9282774277535222,2255743.600971862,633.1786670497614
294700.0,4527288.138935824,407398.8281366949,4527353.164767163,-860.923811594396,1387.2678831970504,-860.6087213413476,-5.374229530326238,-2.970247373642707,-5.374862630252833,17430.344161773057,0.0,0.2055418267503148,1.9282774277535222,2255743.600971862,633.1786670497614
294800.0,4527202.01971779,407537.54002084286,4527267.0770549765,-861.4602051170847,1386.9692686346673,-861.1451785353722,-5.353591237325016,-3.0021150095645943,-5.354231580307868,17430.344161773057,0.0,0.2055418267503148,1.9282774277535222,2255743.600971862,633.1786670497614
294900.0,4527115.846964094,407676.2218834827,4527180.935800725,-861.994519835771,1386.6674458756145,-861.6795576545779,-5.332652760094453,-3.0344122330205896,-5.3333004438990805,17430.344161773057,0.0,0.2055418267503148,1.9282774277535222,2255743.600971862,633.1786670497614
295000.0,4527029.620884123,407814.8734016376,4527094.741213721,-862.5267255241454,1386.3623716823354,-862.2118284824951,-5.31140993258386,-3.067144630161551,-5.312065056248591,17430.344161773057,0.0,0.2055418267503148,1.9282774277535222,2255743.600971862,633.1786670497614
295100.0,4526943.34169031,407953.49424797884,4527008.4935063245,-863.0567915367934,1386.0540022556286,-862.7419603836773,-5.289858538696325,-3.100317847770052,-5.290521202546133,17430.344161773057,0.0,0.2055418267503148,1.9282774277535222,2255743.600971862,633.1786670497614
295200.0,4526857.009598173,408092.0840907695,4526922.192893976,-863.5846868041752,1385.7422932285733,-863.2699222986824,-5.267994311972719,-3.133937593483547,-5.268664617633125,17430.344161773057,0.0,0.2055418267503148,1.9282774277535222,2255743.600971862,633.1786670497614
295300.0,4526770.624826357,408230.64259380737,4526835.839595246,-864.1103798275745,1385.4271996604339,-863.7956827390219,-5.245812935284353,-3.168009636001818,-5.246490985695367,17430.344161773057,0.0,0.2055418267503148,1.9282774277535222,2255743.600971862,633.1786670497614
295400.0,4526684.18759668,408369.1694163671,4526749.433831874,-864.6338386740159,1385.1086760305436,-864.3192097820809,-5.223310040536472,-3.2025398052751655,-5.223995939966571,17430.344161773057,0.0,0.2055418267503148,1.9282774277535222,2255743.600971862,633.1786670497614
295500.0,4526597.698134174,408507.66421314207,4526662.975828814,-865.1550309711542,1384.7866762321707,-864.840471066008,-5.2004812083811105,-3.2375339926758357,-5.2011750624412745,17430.344161773057,0.0,0.2055418267503148,1.9282774277535222,2255743.600971862,633.1786670497614
295600.0,4526511.156667131,408646.12663418544,4526576.465814279,-865.6739239021355,1384.4611535663687,-865.3594337845781,-5.177321967939866,-3.2729981511519624,-5.178023883597637,17430.344161773057,0.0,0.2055418267503148,1.9282774277535222,2255743.600971862,633.1786670497614
295700.0,4526424.563427147,408784.55632485065,4526489.904019784,-866.19048420043,1384.132060735812,-865.8760646820266,-5.153827796538442,-3.3089382953610045,-5.15453788213202,17430.344161773057,0.0,0.2055418267503148,1.9282774277535222,2255743.600971862,633.1786670497614
295800.0,4526337.918649169,408922.9529257312,4526403.290680193,-866.7046781446404,1383.799349838619,-866.3903300478592,-5.129994119454064,-3.3453605017810806,-5.1307124847064225,17430.344161773057,0.0,0.2055418267503148,1.9282774277535222,2255743.600971862,633.1786670497614
295900.0,4526251.222571536,409061.3160725999,4526316.626033764,-867.2164715532844,1383.4629723621651,-866.9021957116355,-5.1058163096711855,-3.3822709088077376,-5.106543065704216,17430.344161773057,0.0,0.2055418267503148,1.9282774277535222,2255743.600971862,633.1786670497614
296000.0,4526164.475436031,409199.6453963475,4526229.910322195,-867.7258297795539,1383.1228791768876,-867.4116270377305,-5.0812896876555875,-3.4196757168198415,-5.08202494700426,17430.344161773057,0.0,0.2055418267503148,1.9282774277535222,2255743.600971862,633.1786670497614
296100.0,4526077.677487923,409337.94052292075,4526143.143790671,-868.2327177060525,1382.7790205300842,-867.9185889200722,-5.056409521136709,-3.4575811882312637,-5.057153397763248,17430.344161773057,0.0,0.2055418267503148,1.9282774277535222,2255743.600971862,633.1786670497614
296200.0,4525990.828976018,409476.20107325964,4526056.326687911,-868.7370997395117,1382.4313460397086,-868.4230457768604,-5.031171024908245,-3.495993647512158,-5.031923634216295,17430.344161773057,0.0,0.2055418267503148,1.9282774277535222,2255743.600971862,633.1786670497614
296300.0,4525903.930152707,409614.42666323425,4525969.459266217,-869.2389398054872,1382.0798046881646,-868.9249615452637,-5.005569360641417,-3.5349194811890965,-5.006330819490237,17430.344161773057,0.0,0.2055418267503148,1.9282774277535222,2255743.600971862,633.1786670497614
296400.0,4525816.981274008,409752.61690358084,4525882.541781522,-869.738201343039,1381.7243448161016,-869.4242996761016,-4.979599636713336,-3.5743651378202275,-4.980370063431962,17430.344161773057,0.0,0.2055418267503148,1.9282774277535222,2255743.600971862,633.1786670497614
296500.0,4525729.9825996235,409890.77139983745,4525795.574493437,-870.2348472993933,1381.3649141162134,-869.9210231285072,-4.9532569080533895,-3.6143371279409076,-4.954036422454802,17430.344161773057,0.0,0.2055418267503148,1.9282774277535222,2255743.600971862,633.1786670497614
296600.0,4525642.934392985,410028.8897522787,4525708.557665302,-870.7288401245913,1381.001459627045,-870.4150943645777,-4.926536176005253,-3.6548420239838095,-4.927324899400523,17430.344161773057,0.0,0.2055418267503148,1.9282774277535222,2255743.600971862,633.1786670497614
296700.0,4525555.8369213035,410166.97155585006,4525621.491564238,-871.220141766124,1380.6339277268075,-870.9064753440109,-4.899432388207243,-3.695886460169336,-4.900230443419659,17430.344161773057,0.0,0.2055418267503148,1.9282774277535222,2255743.600971862,633.1786670497614
296800.0,4525468.690455622,410305.01640010165,4525534.376461193,-871.7087136635568,1380.2622641272062,-871.3951275187306,-4.871940438490109,-3.7374771323678795,-4.872747949869257,17430.344161773057,0.0,0.2055418267503148,1.9282774277535222,2255743.600971862,633.1786670497614
296900.0,4525381.495270864,410443.0238691211,4525447.212630996,-872.1945167431442,1379.8864138672836,-871.8810118275032,-4.844055166795776,-3.7796207979285077,-4.844872260231604,17430.344161773057,0.0,0.2055418267503148,1.9282774277535222,2255743.600971862,633.1786670497614
297000.0,4525294.251645886,410580.9935414661,4525360.000352408,-872.6775114124378,1379.5063213072822,-872.3640886905469,-4.815771359113638,-3.822324275479708,-4.8165981620504645,17430.344161773057,0.0,0.2055418267503148,1.9282774277535222,2255743.600971862,633.1786670497614
297100.0,4525206.959863531,410718.924990096,4525272.739908175,-873.1576575548886,1379.1219301225267,-872.8443180041354,-4.787083747440737,-3.865594444692178,-4.787920388891203,17430.344161773057,0.0,0.2055418267503148,1.9282774277535222,2255743.600971862,633.1786670497614
297200.0,4525119.62021068,410856.8177823035,4525185.431585079,-873.6349145244469,1378.733183297334,-873.3216591351993,-4.7579870097609245,-3.9094382460117565,-4.758833620319901,17430.344161773057,0.0,0.2055418267503148,1.9282774277535222,2255743.600971862,633.1786670497614
297300.0,4525032.232978304,410994.67147964466,4525098.075673992,-874.1092411401609,1378.3400231189505,-873.7960709159258,-4.7284757700485915,-3.95386268035372,-4.729332481906994,17430.344161773057,0.0,0.2055418267503148,1.9282774277535222,2255743.600971862,633.1786670497614
297400.0,4524944.79846152,411132.4856378693,4525010.67246993,-874.5805956807764,1377.942391171521,-874.2675116383605,-4.698544598294145,-3.998874808763153,-4.699411545252701,17430.344161773057,0.0,0.2055418267503148,1.9282774277535222,2255743.600971862,633.1786670497614
297500.0,4524857.316959645,411270.25980685017,4524923.222272106,-875.0489358793412,1377.5402283300953,-874.735939049012,-4.66818801055547,-4.044481752034834,-4.66906532803838,17430.344161773057,0.0,0.2055418267503148,1.9282774277535222,2255743.600971862,633.1786670497614
297600.0,4524769.788776249,411407.99353051186,4524835.7253839895,-875.5142189178156,1377.1334747546732,-875.2013103434649,-4.637400469033659,-4.090690690295661,-4.638288294102173,17430.344161773057,0.0,0.2055418267503148,1.9282774277535222,2255743.600971862,633.1786670497614
297700.0,4524682.214219212,411545.686346759,4524748.182113353,-875.9764014216909,1376.7220698842948,-875.663582160999,-4.606176382175731,-4.1375088625453635,-4.607074853541616,17430.344161773057,0.0,0.2055418267503148,1.9282774277535222,2255743.600971862,633.1786670497614
297800.0,4524594.593600779,411683.33778740367,4524660.592772337,-876.4354394546207,1376.3059524311764,-876.1227105792224,-4.574510104802743,-4.184943566158428,-4.575419362841647,17430.344161773057,0.0,0.2055418267503148,1.9282774277535222,2255743.600971862,633.1786670497614
297900.0,4524506.927237619,411820.9473780928,4524572.957677499,-876.8912885130662,1375.885060374901,-876.5786511087173,-4.542395938269822,-4.233002156336983,-4.543316125034501,17430.344161773057,0.0,0.2055418267503148,1.9282774277535222,2255743.600971862,633.1786670497614
298000.0,4524419.215450877,411958.5146382343,4524485.277149879,-877.3439035209583,1375.4593309566646,-877.0313586877044,-4.509828130651143,-4.2816920455260075,-4.510759389884576,17430.344161773057,0.0,0.2055418267503148,1.9282774277535222,2255743.600971862,633.1786670497614
298100.0,4524331.458566237,412096.039080923,4524397.551515047,-877.7932388243802,1375.0287006735825,-877.4807876767262,-4.476800876958482,-4.331020702777456,-4.477743354106825,17430.344161773057,0.0,0.2055418267503148,1.9282774277535222,2255743.600971862,633.1786670497614
298200.0,4524243.656913976,412233.52021286613,4524309.78110317,-878.2392481862734,1374.5931052730625,-877.9268918533545,-4.443308319389979,-4.380995653068833,-4.444262161615368,17430.344161773057,0.0,0.2055418267503148,1.9282774277535222,2255743.600971862,633.1786670497614
298300.0,4524155.810829025,412370.95753430785,4524221.966249063,-878.68188478117,1374.1524797472487,-878.3696244069241,-4.409344547610946,-4.431624476573637,-4.410309903804147,17430.344161773057,0.0,0.2055418267503148,1.9282774277535222,2255743.600971862,633.1786670497614
298400.0,4524067.920651025,412508.35053895356,4524134.107292254,-879.1211011899552,1373.7067583275405,-878.8089379332961,-4.3749035990682685,-4.482914807881454,-4.375880619861138,17430.344161773057,0.0,0.2055418267503148,1.9282774277535222,2255743.600971862,633.1786670497614
298500.0,4523979.9867243925,412645.6987138935,4524046.204577043,-879.5568493946622,1373.2558744791918,-879.2447844296544,-4.339979459342043,-4.534874335162285,-4.340968297119808,17430.344161773057,0.0,0.2055418267503148,1.9282774277535222,2255743.600971862,633.1786670497614
298600.0,4523892.009398373,412783.001539526,4523958.258452555,-879.9890807733047,1372.7997608959972,-879.6771152893396,-4.304566062527286,-4.587510799286663,-4.305566871440615,17430.344161773057,0.0,0.2055418267503148,1.9282774277535222,2255743.600971862,633.1786670497614
298700.0,4523803.989027105,412920.2584894799,4523870.269272812,-880.4177460947495,1372.3383494950685,-880.105881296722,-4.268657291660839,-4.640831992878018,-4.269670227637716,17430.344161773057,0.0,0.2055418267503148,1.9282774277535222,2255743.600971862,633.1786670497614
298800.0,4523715.925969683,413057.4690305367,4523782.237396784,-880.8427955136328,1371.8715714117084,-880.5310326221202,-4.232246979178836,-4.694845759320729,-4.2332721999361915,17430.344161773057,0.0,0.2055418267503148,1.9282774277535222,2255743.600971862,633.1786670497614
298900.0,4523627.820590214,413194.6326225522,4523694.1631884575,-881.2641785653252,1371.3993569943868,-880.9525188167663,-4.19532890741859,-4.7495599917022275,-4.196366572473705,17430.344161773057,0.0,0.2055418267503148,1.9282774277535222,2255743.600971862,633.1786670497614
299000.0,4523539.673257885,413331.7487183775,4523606.0470168935,-881.6818441609483,1370.9216357998266,-881.3702888078243,-4.157896809159786,-4.804982631697708,-4.158947079841438,17430.344161773057,0.0,0.2055418267503148,1.9282774277535222,2255743.600971862,633.1786670497614
299100.0,4523451.48434702,413468.81676377944,4523517.889256292,-882.0957405824482,1370.4383365882015,-881.784290893464,-4.119944368205378,-4.861121668396992,-4.12100740766472,17430.344161773057,0.0,0.2055418267503148,1.9282774277535222,2255743.600971862,633.1786670497614
299200.0,4523363.254237152,413605.836197361,4523429.690286055,-882.5058154777283,1369.949387318458,-882.1944727379956,-4.081465220012377,-4.917985137057993,-4.0825411932335465,17430.344161773057,0.0,0.2055418267503148,1.9282774277535222,2255743.600971862,633.1786670497614
299300.0,4523274.983313074,413742.80645048077,4523341.450490851,-882.9120158558482,1369.4547151437619,-882.6007813670691,-4.042452952359218,-4.975581117808063,-4.043542026169632,17430.344161773057,0.0,0.2055418267503148,1.9282774277535222,2255743.600971862,633.1786670497614
299400.0,4523186.671964917,413879.7269471722,4523253.170260675,-883.3142880822907,1368.9542464070792,-883.0031631629428,-4.002901106063552,-5.033917734271764,-4.004003449143903,17430.344161773057,0.0,0.2055418267503148,1.9282774277535222,2255743.600971862,633.1786670497614
299500.0,4523098.320588205,414016.59710406227,4523164.84999092,-883.7125778743044,1368.4479066368992,-883.4015638598263,-3.9628031757487916,-5.093003152128167,-3.963918958642718,17430.344161773057,0.0,0.2055418267503148,1.9282774277535222,2255743.600971862,633.1786670497614
299600.0,4523009.929583921,414153.41633028997,4523076.490082436,-884.1068302963243,1367.9356205431027,-883.7959285393025,-3.9221526106552616,-5.152845577604523,-3.923282005778679,17430.344161773057,0.0,0.2055418267503148,1.9282774277535222,2255743.600971862,633.1786670497614
299700.0,4522921.499358577,414290.1840274242,4522988.090941598,-884.4969897554759,1367.4173120129858,-884.1862016258323,-3.880942815504021,-5.213453255894119,-3.882085997154077,17430.344161773057,0.0,0.2055418267503148,1.9282774277535222,2255743.600971862,633.1786670497614
299800.0,4522833.030324276,414426.89958938124,4522899.65298037,-884.8829999971683,1366.892904107446,-884.5723268823493,-3.839167151412732,-5.274834469499665,-3.8403242957764063,17430.344161773057,0.0,0.2055418267503148,1.9282774277535222,2255743.600971862,633.1786670497614
299900.0,4522744.52289878,414563.56240234204,4522811.176616377,-885.2648041007831,1366.3623190573367,-884.9542474059484,-3.7968189368630982,-5.336997536503419,-3.7979902220254007,17430.344161773057,0.0,0.2055418267503148,1.9282774277535222,2255743.600971862,633.1786670497614
300000.0,4522655.977505579,414700.171844669,4522722.662272965,-885.64234447546,1365.8254782599988,-885.3319056236733,-3.753891448723234,-5.399950808759221,-3.755077054674995,17430.344161773057,0.0,0.2055418267503148,1.9282774277535222,2255743.600971862,633.1786670497614
300100.0,4522567.394573951,414836.72728682234,4522634.110379269,-886.01556285599,1365.2823022759783,-885.7052432884092,-3.710377923326434,-5.463702670004615,-3.71157803197166,17430.344161773057,0.0,0.2055418267503148,1.9282774277535222,2255743.600971862,633.1786670497614
300200.0,4522478.774539039,414973.2280912765,4522545.521370288,-886.3844002988174,1364.732710825934,-886.0742014748871,-3.666271557606939,-5.528261533892549,-3.667486352769737,17430.344161773057,0.0,0.2055418267503148,1.9282774277535222,2255743.600971862,633.1786670497614
300300.0,4522390.11784191,415109.67361243576,4522456.895686943,-886.7487971781597,1364.1766227877495,-886.4387205758031,-3.6215655102951305,-5.593635841939368,-3.6227951777261516,17430.344161773057,0.0,0.2055418267503148,1.9282774277535222,2255743.600971862,633.1786670497614
300400.0,4522301.424929631,415246.06319655,4522368.233776151,-887.1086931822495,1363.6139561938521,-886.7987402980614,-3.5762529031731263,-5.659834061388071,-3.5774976305555235,17430.344161773057,0.0,0.2055418267503148,1.9282774277535222,2255743.600971862,633.1786670497614
300500.0,4522212.696255335,415382.39618163,4522279.536090895,-887.4640273097042,1363.0446282287505,-887.1541996591448,-3.5303268223918707,-5.726864682985582,-3.5315867993467718,17430.344161773057,0.0,0.2055418267503148,1.9282774277535222,2255743.600971862,633.1786670497614
300600.0,4522123.932278287,415518.67189736245,4522190.803090286,-887.8147378660327,1362.4685552267995,-887.505036983621,-3.4837803198520114,-5.794736218671049,-3.485055737943442,17430.344161773057,0.0,0.2055418267503148,1.9282774277535222,2255743.600971862,633.1786670497614
300700.0,4522035.133463959,415654.8896650248,4522102.035239643,-888.1607624602811,1361.8856526702004,-887.8511898997903,-3.43660641465238,-5.863457199169685,-3.4378974673916542,17430.344161773057,0.0,0.2055418267503148,1.9282774277535222,2255743.600971862,633.1786670497614
300800.0,4521946.300284096,415791.0487974002,4522013.233010555,-888.5020380018282,1361.2958351872462,-888.1925953364797,-3.388798094600738,-5.933036171501004,-3.390104977450289,17430.344161773057,0.0,0.2055418267503148,1.9282774277535222,2255743.600971862,633.1786670497614
300900.0,4521857.433216786,415927.14859869174,4521924.396880951,-888.8385006973344,1360.6990165508207,-888.5291895199939,-3.340348317796016,-6.003481696387718,-3.3416712281726237,17430.344161773057,0.0,0.2055418267503148,1.9282774277535222,2255743.600971862,633.1786670497614
301000.0,4521768.532746534,416063.188364437,4521835.527335174,-889.1700860478535,1360.0951096771616,-888.860907971226,-3.291250014281566,-6.074802345566491,-3.292589151558979,17430.344161773057,0.0,0.2055418267503148,1.9282774277535222,2255743.600971862,633.1786670497614
301100.0,4521679.599364327,416199.1673814224,4521746.624864053,-889.4967288461118,1359.4840266248982,-889.1876855029377,-3.24149608776532,-6.14700669900759,-3.242851653276258,17430.344161773057,0.0,0.2055418267503148,1.9282774277535222,2255743.600971862,633.1786670497614
301200.0,4521590.633567712,416335.08492759726,4521657.689964967,-889.8183631739646,1358.8656785943706,-889.5094562172156,-3.1910794174199846,-6.220103342023627,-3.1924516144574593,17430.344161773057,0.0,0.2055418267503148,1.9282774277535222,2255743.600971862,633.1786670497614
301300.0,4521501.635860861,416470.9402719879,4521568.723141923,-890.1349224000352,1358.2399759272448,-889.8261535031104,-3.1399928597517555,-6.294100862285785,-3.141381893569739,17430.344161773057,0.0,0.2055418267503148,1.9282774277535222,2255743.600971862,633.1786670497614
301400.0,4521412.606754646,416606.73267461214,4521479.724905623,-890.446339177545,1357.6068281064302,-890.1377100344669,-3.0882292505481193,-6.369007846731844,-3.089635328361494,17430.344161773057,0.0,0.2055418267503148,1.9282774277535222,2255743.600971862,633.1786670497614
301500.0,4521323.546766709,416742.4613863928,4521390.695773541,-890.7525454423425,1356.9661437563116,-890.4440577679529,-3.0357814069069278,-6.444832878363207,-3.03720473789072,17430.344161773057,0.0,0.2055418267503148,1.9282774277535222,2255743.600971862,633.1786670497614
301600.0,4521234.456421534,416878.1256490725,4521301.636269988,-891.0534724111386,1356.3178306433078,-890.745127941295,-2.982642129337436,-6.521584532945933,-2.98408292462529,17430.344161773057,0.0,0.2055418267503148,1.9282774277535222,2255743.600971862,633.1786670497614
301700.0,4521145.336250519,417013.7246951276,4521212.546926186,-891.3490505799568,1355.6617956767652,-891.0408510717277,-2.928804203952043,-6.599271375587555,-2.9302626766339155,17430.344161773057,0.0,0.2055418267503148,1.9282774277535222,2255743.600971862,633.1786670497614
301800.0,4521056.186792051,417149.25774768245,4521123.428280347,-891.639209722806,1354.9979449101984,-891.3311569546668,-2.874260404733124,-6.677901957214272,-2.8757367698521943,17430.344161773057,0.0,0.2055418267503148,1.9282774277535222,2255743.600971862,633.1786670497614
301900.0,4520967.008591574,417284.7240204242,4521034.280877734,-891.9238788905847,1354.3261835428898,-891.6159746626125,-2.819003495890766,-6.757484810925007,-2.8204979704395,17430.344161773057,0.0,0.2055418267503148,1.9282774277535222,2255743.600971862,633.1786670497614
302000.0,4520877.802201661,417420.12271751714,4520945.105270741,-892.2029864102252,1353.6464159218592,-891.8952325442937,-2.76302623430247,-6.8380284482366145,-2.7645390372178404,17430.344161773057,0.0,0.2055418267503148,1.9282774277535222,2255743.600971862,633.1786670497614
302100.0,4520788.568182092,417555.4530335179,4520855.902018963,-892.4764598840858,1352.958545544215,-892.1688582240592,-2.7063213720405654,-6.919541355212099,-2.7078527241983874,17430.344161773057,0.0,0.2055418267503148,1.9282774277535222,2255743.600971862,633.1786670497614
302200.0,4520699.307099922,417690.7141532903,4520766.671689271,-892.7442261896007,1352.262475059898,-892.4367786015276,-2.648881658994857,-7.002031988461115,-2.650431783203217,17430.344161773057,0.0,0.2055418267503148,1.9282774277535222,2255743.600971862,633.1786670497614
302300.0,4520610.019529553,417825.90525192104,4520677.41485588,-893.0062114791962,1351.5581062748313,-892.6989198515024,-2.5906998455792207,-7.085508771030617,-2.5922689665709697,17430.344161773057,0.0,0.2055418267503148,1.9282774277535222,2255743.600971862,633.1786670497614
302400.0,4520520.706052811,417961.0254946353,4520588.132100423,-893.2623411804827,1350.8453401544873,-892.9552074241631,-2.531768685533817,-7.1699800881685745,-2.5333570299580987,17430.344161773057,0.0,0.2055418267503148,1.9282774277535222,2255743.600971862,633.1786670497614
302500.0,4520431.367259013,418096.07403671293,4520498.824012026,-893.5125399967313,1350.1240768278851,-893.205566045541,-2.4720809388228835,-7.255454282961514,-2.473688735235676,17430.344161773057,0.0,0.2055418267503148,1.9282774277535222,2255743.600971862,633.1786670497614
302600.0,4520342.003745041,418231.0500234051,4520409.491187378,-893.7567319076448,1349.3942155920295,-893.4499197182895,-2.411629374623514,-7.341939651853678,-2.4132568534771517,17430.344161773057,0.0,0.2055418267503148,1.9282774277535222,2255743.600971862,633.1786670497614
302700.0,4520252.616115418,418365.9525898512,4520320.134230804,-893.9948401704329,1348.6556549168045,-893.6881917227579,-2.3504067744196497,-7.429444440026783,-2.3520541680512848,17430.344161773057,0.0,0.2055418267503148,1.9282774277535222,2255743.600971862,633.1786670497614
302800.0,4520163.204982377,418500.78086099663,4520230.753754336,-894.2267873212012,1347.9082924503361,-893.9203046183792,-2.2884059351861907,-7.517976836664174,-2.290073477805195,17430.344161773057,0.0,0.2055418267503148,1.9282774277535222,2255743.600971862,633.1786670497614
302900.0,4520073.77096593,418635.5339515105,4520141.350377788,-894.4524951766639,1347.1520250248343,-894.1461802453816,-2.2256196726759416,-7.607544970080783,-2.22730760035018,17430.344161773057,0.0,0.2055418267503148,1.9282774277535222,2255743.600971862,633.1786670497614
303000.0,4519984.314693947,418770.2109657049,4520051.924728824,-894.6718848361904,1346.386748662929,-894.3657397268337,-2.162040824811541,-7.698156902716342,-2.1637493754525243,17430.344161773057,0.0,0.2055418267503148,1.9282774277535222,2255743.600971862,633.1786670497614
303100.0,4519894.836802223,418904.8109974537,4519962.477443033,-894.8848766841958,1345.6123585845132,-894.578903471033,-2.0976622551742956,-7.789820626004992,-2.0993916685211618,17430.344161773057,0.0,0.2055418267503148,1.9282774277535222,2255743.600971862,633.1786670497614
303200.0,4519805.337934548,419039.3331301132,4519873.009163997,-895.0913903928854,1344.8287492141058,-894.7855911742497,-2.0324768566022016,-7.882544055103377,-2.0342273742044847,17430.344161773057,0.0,0.2055418267503148,1.9282774277535222,2255743.600971862,633.1786670497614
303300.0,4519715.818742783,419173.7764364425,4519783.520543366,-895.2913449253651,1344.0358141887482,-894.9857218238343,-1.9664775548877422,-7.976335023492299,-1.968249420086929,17430.344161773057,0.0,0.2055418267503148,1.9282774277535222,2255743.600971862,633.1786670497614
303400.0,4519626.279886926,419308.1399785255,4519694.012240924,-895.4846585391263,1343.233446366448,-895.1792137017009,-1.8996573125891354,-8.07120127743204,-1.901450770498962,17430.344161773057,0.0,0.2055418267503148,1.9282774277535222,2255743.600971862,633.1786670497614
303500.0,4519536.722035185,419442.4228076933,4519604.484924664,-895.6712487899164,1342.421537835184,-895.3659843881964,-1.8320091329409474,-8.167150470293494,-1.8338244304263807,17430.344161773057,0.0,0.2055418267503148,1.9282774277535222,2255743.600971862,633.1786670497614
303600.0,4519447.14586405,419576.62396444764,4519514.939270855,-895.851032536008,1341.599979922483,-895.5459507663662,-1.7635260638811117,-8.264190156740122,-1.7653634495360437,17430.344161773057,0.0,0.2055418267503148,1.9282774277535222,2255743.600971862,633.1786670497614
303700.0,4519357.552058355,419710.74247838545,4519425.3759641135,-896.023925942874,1340.7686632055893,-895.7190290266283,-1.6942012021825645,-8.362327786779423,-1.6960609263061244,17430.344161773057,0.0,0.2055418267503148,1.9282774277535222,2255743.600971862,633.1786670497614
303800.0,4519267.941311356,419844.7773681243,4519335.795697469,-896.1898444882828,1339.9274775222316,-895.885134671865,-1.62402769769571,-8.461570699675326,-1.6259100122672043,17430.344161773057,0.0,0.2055418267503148,1.9282774277535222,2255743.600971862,633.1786670497614
303900.0,4519178.3143247925,419978.72764122905,4519246.199172438,-896.3487029678226,1339.0763119820087,-896.0441825229456,-1.552998757704989,-8.561926117717476,-1.5549039163574188,17430.344161773057,0.0,0.2055418267503148,1.9282774277535222,2255743.600971862,633.1786670497614
304000.0,4519088.67180896,420112.5922941396,4519156.587099086,-896.5004155008678,1338.2150549784042,-896.196086724689,-1.4811076513964512,-8.663401139852823,-1.4830359093885814,17430.344161773057,0.0,0.2055418267503148,1.9282774277535222,2255743.600971862,633.1786670497614
304100.0,4518999.014482775,420246.3703121,4519066.960196098,-896.6448955369964,1337.343594201444,-896.3407607522796,-1.4083477144370073,-8.766002735179473,-1.410299328623963,17430.344161773057,0.0,0.2055418267503148,1.9282774277535222,2255743.600971862,633.1786670497614
304200.0,4518909.343073842,420380.0606690885,4518977.319190847,-896.7820558628724,1336.4618166510131,-896.4781174181452,-1.334712353667685,-8.869737736300086,-1.3366875824700104,17430.344161773057,0.0,0.2055418267503148,1.9282774277535222,2255743.600971862,633.1786670497614
304300.0,4518819.6583185205,420513.66232774954,4518887.664819454,-896.9118086096026,1335.569608650844,-896.6080688793114,-1.2601950519132572,-8.974612832532088,-1.2621941552844644,17430.344161773057,0.0,0.2055418267503148,1.9282774277535222,2255743.600971862,633.1786670497614
304400.0,4518729.960961989,420647.17423932673,4518797.997826859,-897.03406526058,1334.6668558631889,-896.730526645242,-1.1847893729028698,-9.080634562983763,-1.1868126122953786,17430.344161773057,0.0,0.2055418267503148,1.9282774277535222,2255743.600971862,633.1786670497614
304500.0,4518640.251758309,420780.59534359747,4518708.318966884,-897.1487366598247,1333.7534433041938,-896.845401586176,-1.1084889663071626,-9.187809309488646,-1.1105366046366516,17430.344161773057,0.0,0.2055418267503148,1.9282774277535222,2255743.600971862,633.1786670497614
304600.0,4518550.531470491,420913.92456880905,4518618.629002294,-897.255733020836,1332.8292553599847,-896.9526039419756,-1.0312875728924373,-9.296143289398477,-1.0333598745005492,17430.344161773057,0.0,0.2055418267503148,1.9282774277535222,2255743.600971862,633.1786670497614
304700.0,4518460.800870553,421047.16083161667,4518528.928704861,-897.3549639359628,1331.8941758034816,-897.0520433314935,-0.9531790297837333,-9.405642548247542,-0.955276260399109,17430.344161773057,0.0,0.2055418267503148,1.9282774277535222,2255743.600971862,633.1786670497614
304800.0,4518371.060739585,421180.3030370228,4518439.218855426,-897.4463383863085,1330.948087811953,-897.1436287624737,-0.8741572758473737,-9.51631295227364,-0.8762797025449798,17430.344161773057,0.0,0.2055418267503148,1.9282774277535222,2255743.600971862,633.1786670497614
304900.0,4518281.311867811,421313.35007831873,4518349.500243959,-897.5297647521788,1329.9908739853254,-897.227268641995,-0.7942163571899634,-9.628160180800958,-0.796364248348695,17430.344161773057,0.0,0.2055418267503148,1.9282774277535222,2255743.600971862,633.1786670497614
305000.0,4518191.555054644,421446.3008370276,4518259.773669621,-897.6051508240855,1329.0224163652608,-897.3028707874704,-0.7133504327710796,-9.741189718489874,-0.7155240580295841,17430.344161773057,0.0,0.2055418267503148,1.9282774277535222,2255743.600971862,633.1786670497614
305100.0,4518101.791108748,421579.1541828496,4518170.039940817,-897.6724038143167,1328.0425964550159,-897.370342438213,-0.6315537801209885,-9.855406847467448,-0.6337534103317131,17430.344161773057,0.0,0.2055418267503148,1.9282774277535222,2255743.600971862,633.1786670497614
305200.0,4518012.0208480945,421711.9089736093,4518080.299875259,-897.7314303690852,1327.0512952400948,-897.4295902675796,-0.5488208011882154,-9.970816639302448,-0.5510467083696096,17430.344161773057,0.0,0.2055418267503148,1.9282774277535222,2255743.600971862,633.1786670497614
305300.0,4517922.245100018,421844.56405520457,4517990.5543000195,-897.7821365812669,1326.048393209711,-897.480520395704,-0.465146028284277,-10.087423946874468,-0.4673984855711675,17430.344161773057,0.0,0.2055418267503148,1.9282774277535222,2255743.600971862,633.1786670497614
305400.0,4517832.46470127,421977.1182615586,4517900.804051584,-897.8244280037393,1325.0337703790692,-897.523038402831,-0.38052413015162845,-10.205233396099219,-0.38280341174367827,17430.344161773057,0.0,0.2055418267503148,1.9282774277535222,2255743.600971862,633.1786670497614
305500.0,4517742.680498075,422109.5704145732,4517811.049975907,-897.8582096633322,1324.007306312479,-897.5570493432615,-0.29494991813329996,-10.324249377542733,-0.2972562992415817,17430.344161773057,0.0,0.2055418267503148,1.9282774277535222,2255743.600971862,633.1786670497614
305600.0,4517652.893346178,422241.9193240851,4517721.292928466,-897.8833860754016,1322.9688801473158,-897.5824577599207,-0.20841835245969165,-10.444476037902485,-0.21075210925130783,17430.344161773057,0.0,0.2055418267503148,1.9282774277535222,2255743.600971862,633.1786670497614
305700.0,4517563.1041109,422374.1637878245,4517631.533774304,-897.8998612590365,1321.9183706188376,-897.5991676995596,-0.12092454863864166,-10.565917271376708,-0.1232859581793857,17430.344161773057,0.0,0.2055418267503148,1.9282774277535222,2255743.600971862,633.1786670497614
305800.0,4517473.313667183,422506.302591376,4517541.773388089,-897.9075387529106,1320.8556560858717,-897.6070827286013,-0.03246378395419658,-10.688576710914747,-0.03485312414921893,17430.344161773057,0.0,0.2055418267503148,1.9282774277535222,2255743.600971862,633.1786670497614
305900.0,4517383.522899637,422638.33450814243,4517452.012654152,-897.9063216317898,1319.7806145573813,-897.6061059496415,0.05696849593267661,-10.812457719359214,0.05455094640022384,17430.344161773057,0.0,0.2055418267503148,1.9282774277535222,2255743.600971862,633.1786670497614
306000.0,4517293.732702589,422770.2582993111,4517362.252466537,-897.8961125237039,1318.6931237199244,-897.5961400186144,0.1473766702767314,-10.937563380473732,0.1449306320090935,17430.344161773057,0.0,0.2055418267503148,1.9282774277535222,2255743.600971862,633.1786670497614
306100.0,4517203.943980124,422902.07271382306,4517272.493729045,-897.8768136277946,1317.5930609660143,-897.5770871626347,0.23876493644240337,-11.063896489868913,0.23629012939269067,17430.344161773057,0.0,0.2055418267503148,1.9282774277535222,2255743.600971862,633.1786670497614
306200.0,4517114.157646129,423033.7764883452,4517182.737355274,-897.8483267328488,1316.4803034233921,-897.5488491985236,0.3311373030007658,-11.191459545829664,0.3286334465405085,17430.344161773057,0.0,0.2055418267503148,1.9282774277535222,2255743.600971862,633.1786670497614
306300.0,4517024.374624331,423165.36834724504,4517092.984268661,-897.8105532365274,1315.3547279852232,-897.511327552031,0.4244975827313793,-11.320254740047416,0.4219643957201944,17430.344161773057,0.0,0.2055418267503148,1.9282774277535222,2255743.600971862,633.1786670497614
306400.0,4516934.595848334,423296.8470025691,4517003.235402517,-897.763394165298,1314.216211341223,-897.4644232777612,0.5188493855261216,-11.450283948253677,0.516286586383516,17430.344161773057,0.0,0.2055418267503148,1.9282774277535222,2255743.600971862,633.1786670497614
306500.0,4516844.82226166,423428.21115402406,4516913.491700068,-897.7067501950821,1313.0646300097246,-897.4080370798126,0.6141961112114016,-11.58154872077976,0.611603417990727,17430.344161773057,0.0,0.2055418267503148,1.9282774277535222,2255743.600971862,633.1786670497614
306600.0,4516755.05481778,423559.45948896115,4516823.754114485,-897.6405216726245,1311.899860370695,-897.3420693331399,0.7105409422786444,-11.714050273028478,0.7079180727432259,17430.344161773057,0.0,0.2055418267503148,1.9282774277535222,2255743.600971862,633.1786670497614
306700.0,4516665.294480143,423690.59068236407,4516734.023608917,-897.5646086375934,1310.721778699707,-897.2664201056461,0.8078868365343492,-11.84778947587501,0.805233508235796,17430.344161773057,0.0,0.2055418267503148,1.9282774277535222,2255743.600971862,633.1786670497614
306800.0,4516575.542222211,423821.60339684045,4516644.301156521,-897.4789108454203,1309.5302612028754,-897.1809891810149,0.9062365196659892,-11.98276684599215,0.9035524500247254,17430.344161773057,0.0,0.2055418267503148,1.9282774277535222,2255743.600971862,633.1786670497614
306900.0,4516485.799027483,423952.4962826164,4516554.5877404865,-897.3833277908855,1308.3251840527616,-897.0856760822876,1.0055924777453091,-12.118982536132112,1.002877384133301,17430.344161773057,0.0,0.2055418267503148,1.9282774277535222,2255743.600971862,633.1786670497614
307000.0,4516396.06588952,424083.2679775352,4516464.884354066,-897.277758732459,1307.1064234252567,-896.9803800961959,1.105956949645587,-12.256436325331045,1.1032105494713171,17430.344161773057,0.0,0.2055418267503148,1.9282774277535222,2255743.600971862,633.1786670497614
307100.0,4516306.343811968,424213.9171070595,4516375.192000593,-897.1621027174012,1305.8738555374425,-896.8650002982538,1.2073319194022725,-12.395127609079994,1.2045539301979424,17430.344161773057,0.0,0.2055418267503148,1.9282774277535222,2255743.600971862,633.1786670497614
307200.0,4516216.633808579,424344.4422842773,4516285.511693503,-897.0362586076317,1304.6273566864409,-896.7394355786179,1.309719108511147,-12.535055389454158,1.3069092480221585,17430.344161773057,0.0,0.2055418267503148,1.9282774277535222,2255743.600971862,633.1786670497614
307300.0,4516126.936903226,424474.8421099119,4516195.8444563495,-896.9001251063702,1303.3668032892492,-896.603584668719,1.4131199681696414,-12.67621826520906,1.4102779544462996,17430.344161773057,0.0,0.2055418267503148,1.9282774277535222,2255743.600971862,633.1786670497614
307400.0,4516037.254129918,424605.1151723361,4516106.191322821,-896.7536007855574,1302.092071923569,-896.4573461686734,1.5175356714628387,-12.818614421846448,1.5146612229543441,17430.344161773057,0.0,0.2055418267503148,1.9282774277535222,2255743.600971862,633.1786670497614
307500.0,4515947.5865328135,424735.26004759024,4516016.553336752,-896.5965841140578,1300.8030393696283,-896.300618575477,1.622967105513312,-12.962241621678153,1.6200599411640209,17430.344161773057,0.0,0.2055418267503148,1.9282774277535222,2255743.600971862,633.1786670497614
307600.0,4515857.935166227,424865.27529940446,4515926.931552128,-896.4289734866509,1299.4995826529987,-896.1333003119856,1.7294148635825266,-13.107097193870395,1.7264747029304663,17430.344161773057,0.0,0.2055418267503148,1.9282774277535222,2255743.600971862,633.1786670497614
307700.0,4515768.301094636,424995.1594792257,4515837.327033099,-896.250667253813,1298.1815790884066,-895.9552897566882,1.8368792371414582,-13.253178024494513,1.833905800419128,17430.344161773057,0.0,0.2055418267503148,1.9282774277535222,2255743.600971862,633.1786670497614
307800.0,4515678.685392685,425124.91112624854,4515747.740853975,-896.0615637522943,1296.8489063245395,-895.7664852742726,1.9453602079218912,-13.400480546601123,1.9423532161593124,17430.344161773057,0.0,0.2055418267503148,1.9282774277535222,2255743.600971862,633.1786670497614
307900.0,4515589.089145183,425254.5287674512,4515658.174099229,-895.8615613364909,1295.5014423898444,-895.5667852469876,2.0548574399399975,-13.549000730305648,2.0518166150700523,17430.344161773057,0.0,0.2055418267503148,1.9282774277535222,2255743.600971862,633.1786670497614
308000.0,4515499.513447101,425384.0109176356,4515568.627863496,-895.6505584106163,1294.139065739316,-895.3560881068039,2.1653702715005005,-13.698734072897443,2.162295336466494,17430.344161773057,0.0,0.2055418267503148,1.9282774277535222,2255743.600971862,633.1786670497614
308100.0,4515409.959403568,425513.3560794724,4515479.103251561,-895.4284534616716,1292.7616553022704,-895.134292368373,2.27689770721409,-13.849675589020158,2.273788386079576,17430.344161773057,0.0,0.2055418267503148,1.9282774277535222,2255743.600971862,633.1786670497614
308200.0,4515320.4281298565,425642.56274355104,4515389.601378354,-895.1951450932147,1291.3690905310996,-894.9012966627861,2.389438409999686,-14.001819800882037,2.3862944280605216,17430.344161773057,0.0,0.2055418267503148,1.9282774277535222,2255743.600971862,633.1786670497614
308300.0,4515230.920751371,425771.6293884344,4515300.123368935,-894.9505320599288,1289.9612514510018,-894.6569997721302,2.502990693109785,-14.155160728551682,2.4998117770084027,17430.344161773057,0.0,0.2055418267503148,1.9282774277535222,2255743.600971862,633.1786670497614
308400.0,4515141.438403635,425900.5544807186,4515210.670358474,-894.6945133029875,1288.5380187106773,-894.4013006648424,2.6175525121558803,-14.30969188030584,2.6143383899977586,17430.344161773057,0.0,0.2055418267503148,1.9282774277535222,2255743.600971862,633.1786670497614
308500.0,4515051.982232263,426029.336475098,4515121.243492236,-894.4269879862153,1287.099273633986,-894.1340985318589,2.7331214571858915,-14.465406243104386,2.7298718586582034,17430.344161773057,0.0,0.2055418267503148,1.9282774277535222,2255743.600971862,633.1786670497614
308600.0,4514962.553392943,426157.9738144351,4515031.843925554,-894.14785553304,1285.644898272552,-893.8552928235542,2.8496947447735606,-14.622296273134184,2.846409401265986,17430.344161773057,0.0,0.2055418267503148,1.9282774277535222,2255743.600971862,633.1786670497614
308700.0,4514873.153051404,426286.46492983657,4514942.4728238,-893.8570156642334,1284.174775459308,-893.5647832874713,2.96726921016755,-14.780353886490817,2.963947854895208,17430.344161773057,0.0,0.2055418267503148,1.9282774277535222,2255743.600971862,633.1786670497614
308800.0,4514783.782383389,426414.80824073334,4514853.131362355,-893.5543684364336,1282.688788862966,-893.2624700068302,3.085841299481393,-14.939570449970503,3.08248366760988,17430.344161773057,0.0,0.2055418267503148,1.9282774277535222,2255743.600971862,633.1786670497614
308900.0,4514694.442574615,426543.00215496746,4514763.820726575,-893.239814281447,1281.1868230434006,-892.9482534398179,3.205407061966887,-15.099936772033328,3.2020128907393888,17430.344161773057,0.0,0.2055418267503148,1.9282774277535222,2255743.600971862,633.1786670497614
309000.0,4514605.134820736,426671.0450688838,4514674.542111748,-892.9132540463177,1279.668763507929,-892.622034459645,3.325962142341189,-15.261443093894393,3.3225311712076158,17430.344161773057,0.0,0.2055418267503148,1.9282774277535222,2255743.600971862,633.1786670497614
309100.0,4514515.860327299,426798.93536742777,4514585.296723053,-892.5745890341611,1278.1344967684738,-892.283714395366,3.447501773203019,-15.424079080793526,3.4440337439511444,17430.344161773057,0.0,0.2055418267503148,1.9282774277535222,2255743.600971862,633.1786670497614
309200.0,4514426.620309696,426926.6714242486,4514496.085775511,-892.2237210457511,1276.5839103995884,-891.9331950734536,3.570020767552207,-15.58783381346326,3.56651542444075,17430.344161773057,0.0,0.2055418267503148,1.9282774277535222,2255743.600971862,633.1786670497614
309300.0,4514337.415993111,427054.2516018086,4514406.910493935,-891.8605524218492,1275.0168930973273,-891.5703788601144,3.6935135114032134,-15.752695779781092,3.6899706012968334,17430.344161773057,0.0,0.2055418267503148,1.9282774277535222,2255743.600971862,633.1786670497614
309400.0,4514248.248612469,427181.6742514982,4514317.7721128715,-891.4849860862687,1273.4333347389395,-891.195168704339,3.8179739565176716,-15.918652866641155,3.814393229023829,17430.344161773057,0.0,0.2055418267503148,1.9282774277535222,2255743.600971862,633.1786670497614
309500.0,4514159.119412367,427308.9377137571,4514228.67187654,-891.0969255896568,1271.8331264433637,-890.8074681816713,3.9433956132697174,-16.08569235206431,3.9397768208773325,17430.344161773057,0.0,0.2055418267503148,1.9282774277535222,2255743.600971862,633.1786670497614
309600.0,4514070.029647017,427436.0403182015,4514139.611038773,-890.6962751539854,1270.2161606324999,-890.4071815386841,4.06977154363916,-16.253800897538607,4.066114441859017,17430.344161773057,0.0,0.2055418267503148,1.9282774277535222,2255743.600971862,633.1786670497614
309700.0,4513980.980580171,427562.98038375773,4514050.590862939,-890.282939717734,1268.582331093235,-889.9942137381489,4.197094354363623,-16.422964540633824,4.193398701870474,17430.344161773057,0.0,0.2055418267503148,1.9282774277535222,2255743.600971862,633.1786670497614
309800.0,4513891.973485051,427689.7562188014,4513961.612621875,-889.85682498175,1266.931533040193,-889.5684705048815,4.325356190250108,-16.593168687889577,4.321621749026409,17430.344161773057,0.0,0.2055418267503148,1.9282774277535222,2255743.600971862,633.1786670497614
309900.0,4513803.009644268,427816.3661213038,4513872.677597803,-889.4178374557686,1265.2636631791797,-889.1298583722472,4.454548727661172,-16.764398107997554,4.450775263142369,17430.344161773057,0.0,0.2055418267503148,1.9282774277535222,2255743.600971862,633.1786670497614
310000.0,4513714.090349741,427942.80837898393,4513783.787082252,-888.9658845055756,1263.5786197712978,-888.6782847293098,4.584663168183104,-16.936636925287345,4.580850449404423,17430.344161773057,0.0,0.2055418267503148,1.9282774277535222,2255743.600971862,633.1786670497614
310100.0,4513625.216902606,428069.08126946737,4513694.942375965,-888.5008744007932,1261.8763026976933,-888.2136578686017,4.7156902325006165,-17.10986861354936,4.711838032245264,17430.344161773057,0.0,0.2055418267503148,1.9282774277535222,2255743.600971862,633.1786670497614
310200.0,4513536.390613127,428195.1830604515,4513606.144788812,-888.0227163632679,1260.1566135249054,-887.7358870344973,4.847620154475821,-17.284075990190345,4.843728249424518,17430.344161773057,0.0,0.2055418267503148,1.9282774277535222,2255743.600971862,633.1786670497614
310300.0,4513447.612800592,428321.1120098776,4513517.395639684,-887.5313206160392,1258.4194555707818,-887.2448824721671,4.980442675453845,-17.45924121075188,4.976510846335641,17430.344161773057,0.0,0.2055418267503148,1.9282774277535222,2255743.600971862,633.1786670497614
310400.0,4513358.884793218,428446.8663661087,4513428.696256399,-887.0265984328662,1256.6647339709232,-886.7405554770885,5.114147038810703,-17.635345763812346,5.110175070554938,17430.344161773057,0.0,0.2055418267503148,1.9282774277535222,2255743.600971862,633.1786670497614
310500.0,4513270.207928041,428572.4443681154,4513340.04797559,-886.508462188287,1254.8923557456187,-886.2228184450902,5.248721984740801,-17.812370466267144,5.244709666630159,17430.344161773057,0.0,0.2055418267503148,1.9282774277535222,2255743.600971862,633.1786670497614
310600.0,4513181.5835508,428697.8442456671,4513251.452142594,-885.9768254081866,1253.1022298672337,-885.6915849229049,5.384155745313548,-17.99029545902711,5.380102871138112,17430.344161773057,0.0,0.2055418267503148,1.9282774277535222,2255743.600971862,633.1786670497614
310700.0,4513093.013015821,428823.0642195311,4513162.910111332,-885.4316028208448,1251.2942673280043,-885.1467696592015,5.520436039809952,-18.169100203148783,5.516342408022132,17430.344161773057,0.0,0.2055418267503148,1.9282774277535222,2255743.600971862,633.1786670497614
310800.0,4513004.497685897,428948.1025016776,4513074.423244189,-884.8727104084364,1249.4683812081987,-884.5882886560701,5.657550070338733,-18.348763476393938,5.653415484209006,17430.344161773057,0.0,0.2055418267503148,1.9282774277535222,2255743.600971862,633.1786670497614
310900.0,4512916.038932159,429072.95729549206,4512985.992911884,-884.3000654589553,1247.6244867446,-884.0160592209298,5.795484517761032,-18.529263370257343,5.791308785534364,17430.344161773057,0.0,0.2055418267503148,1.9282774277535222,2255743.600971862,633.1786670497614
311000.0,4512827.638133937,429197.62679599447,4512897.620493338,-883.7135866185293,1245.7625013992608,-883.4300000188292,5.934225537931684,-18.71057728747217,5.930008472984531,17430.344161773057,0.0,0.2055418267503148,1.9282774277535222,2255743.600971862,633.1786670497614
311100.0,4512739.296678631,429322.109190065,4512809.307375538,-883.1131939440961,1243.8823449284844,-882.8300311251048,6.073758758262926,-18.892681939998806,6.069500179260695,17430.344161773057,0.0,0.2055418267503148,1.9282774277535222,2255743.600971862,633.1786670497614
311200.0,4512651.0159615595,429446.4026566772,4512721.054953387,-882.4988089564039,1241.983939451981,-882.2160740783673,6.214069274641998,-19.075553347539405,6.209769005696867,17430.344161773057,0.0,0.2055418267503148,1.9282774277535222,2255743.600971862,633.1786670497614
311300.0,4512562.797385816,429570.50536713743,4512632.864629561,-881.8703546933045,1240.067209522147,-881.5880519337785,6.35514164868149,-19.25916683654574,6.3507995195104705,17430.344161773057,0.0,0.2055418267503148,1.9282774277535222,2255743.600971862,633.1786670497614
311400.0,4512474.642362111,429694.415485332,4512544.737814352,-881.227755763302,1238.1320821934153,-880.9458893165837,6.496959905363587,-19.443497039804267,6.492575751446684,17430.344161773057,0.0,0.2055418267503148,1.9282774277535222,2255743.600971862,633.1786670497614
311500.0,4512386.552308613,429818.13116798067,4512456.675925507,-880.5709383993179,1236.1784870916206,-880.289512475862,6.639507531052887,-19.628517896559792,6.635081193791256,17430.344161773057,0.0,0.2055418267503148,1.9282774277535222,2255743.600971862,633.1786670497614
311600.0,4512298.528650784,429941.65056489705,4512368.680388068,-879.8998305126372,1234.2063564833252,-879.6188493384554,6.782767471890979,-19.81420265319382,6.778298798764908,17430.344161773057,0.0,0.2055418267503148,1.9282774277535222,2255743.600971862,633.1786670497614
311700.0,4512210.572821208,430064.9718192565,4512280.752634196,-879.2143617469923,1232.2156253450441,-878.9338295630379,6.926722132619113,-20.00052386451999,6.922210977345761,17430.344161773057,0.0,0.2055418267503148,1.9282774277535222,2255743.600971862,633.1786670497614
311800.0,4512122.686259418,430188.0930678703,4512192.894102997,-878.5144635327457,1230.2062314323143,-878.2343845942818,7.0713533758001414,-20.187453395652884,7.066799598490848,17430.344161773057,0.0,0.2055418267503148,1.9282774277535222,2255743.600971862,633.1786670497614
311900.0,4512034.87041171,430311.0124414672,4512105.106240342,-877.8000691411286,1228.1781153485447,-877.5204477170807,7.216642521484122,-20.374962424509913,7.212045988801148,17430.344161773057,0.0,0.2055418267503148,1.9282774277535222,2255743.600971862,633.1786670497614
312000.0,4511947.126730959,430433.7280649815,4512017.39049868,-877.0711137384907,1226.1312206135856,-876.7919541107844,7.3625703472978214,-20.563021444915158,7.357930932610413,17430.344161773057,0.0,0.2055418267503148,1.9282774277535222,2255743.600971862,633.1786670497614
312100.0,4511859.456676427,430556.2380578482,4511929.748336842,-876.3275344405183,1224.0654937319546,-876.0488409034004,7.509117089013547,-20.751600270379917,7.504434672553141,17430.344161773057,0.0,0.2055418267503148,1.9282774277535222,2255743.600971862,633.1786670497614
312200.0,4511771.861713566,430678.5405343047,4511842.181219851,-875.5692703663736,1221.9808842606537,-875.2910472257182,7.656262441550256,-20.94066803849063,7.6515369105647055,17430.344161773057,0.0,0.2055418267503148,1.9282774277535222,2255743.600971862,633.1786670497614
312300.0,4511684.34331381,430800.63360369956,4511754.69061871,-874.7962626927092,1219.8773448765135,-874.5185142653081,7.803985560474466,-21.130193215995416,7.799216809381102,17430.344161773057,0.0,0.2055418267503148,1.9282774277535222,2255743.600971862,633.1786670497614
312400.0,4511596.9029543735,430922.5153708079,4511667.2780102,-874.0084547075078,1217.7548314429944,-873.7311853203465,7.952265063985805,-21.320143604564592,7.947452994523229,17430.344161773057,0.0,0.2055418267503148,1.9282774277535222,2255743.600971862,633.1786670497614
312500.0,4511509.542118033,431044.18393615325,4511579.944876665,-873.2057918637005,1215.6133030763801,-872.9290058532183,8.10107903536726,-21.510486347193662,8.096223556745663,17430.344161773057,0.0,0.2055418267503148,1.9282774277535222,2255743.600971862,633.1786670497614
312600.0,4511422.26229291,431165.637396336,4511492.692705793,-872.3882218325134,1213.4527222112933,-872.1119235438489,8.250405025972352,-21.70118793534628,8.245506055022256,17430.344161773057,0.0,0.2055418267503148,1.9282774277535222,2255743.600971862,633.1786670497614
312700.0,4511335.064972245,431286.87384436885,4511405.522990389,-871.5556945564903,1211.2730546654632,-871.2798883427117,8.400220058728461,-21.892214216804255,8.39527752004762,17430.344161773057,0.0,0.2055418267503148,1.9282774277535222,2255743.600971862,633.1786670497614
312800.0,4511247.951654168,431407.8913700179,4511318.437228148,-870.7081623021395,1209.0742697036733,-870.432852523461,8.550500632121146,-22.083530404172006,8.545514458219586,17430.344161773057,0.0,0.2055418267503148,1.9282774277535222,2255743.600971862,633.1786670497614
312900.0,4511160.923841465,431528.6880601508,4511231.43692142,-869.8455797121552,1206.8563401008216,-869.5707707351382,8.701222724749844,-22.275101084157537,8.696192856192795,17430.344161773057,0.0,0.2055418267503148,1.9282774277535222,2255743.600971862,633.1786670497614
313000.0,4511073.983041337,431649.2619990907,4511144.523576967,-868.9679038571569,1204.6192422040176,-868.6936000538979,8.852361800406555,-22.466890227558665,8.847288185955069,17430.344161773057,0.0,0.2055418267503148,1.9282774277535222,2255743.600971862,633.1786670497614
313100.0,4510987.130765153,431769.6112689769,4511057.6987057235,-868.0750942868933,1202.3629559936435,-867.801300034197,9.003892813685038,-22.658861199961002,8.998775410434252,17430.344161773057,0.0,0.2055418267503148,1.9282774277535222,2255743.600971862,633.1786670497614
313200.0,4510900.368528203,431889.7339501305,4510970.963822539,-867.167113080859,1200.087465143309,-866.8938327593982,9.155790216159055,-22.85097677319737,9.150628989673802,17430.344161773057,0.0,0.2055418267503148,1.9282774277535222,2255743.600971862,633.1786670497614
313300.0,4510813.697849439,432009.6281214274,4510884.320445928,-866.2439248982647,1197.7927570786244,-865.9711628917266,9.308027963097494,-23.04319913751976,9.302822887545204,17430.344161773057,0.0,0.2055418267503148,1.9282774277535222,2255743.600971862,633.1786670497614
313400.0,4510727.120251217,432129.29186067585,4510797.770097807,-865.3054970273081,1195.4788230347185,-865.0332577215278,9.4605795207484,-23.2354899145243,9.455330579029006,17430.344161773057,0.0,0.2055418267503148,1.9282774277535222,2255743.600971862,633.1786670497614
313500.0,4510640.637259028,432248.7232450006,4510711.314303231,-864.3517994336883,1193.1456581124262,-864.0800872157689,9.613417874189308,-23.427810170821484,9.608125058062118,17430.344161773057,0.0,0.2055418267503148,1.9282774277535222,2255743.600971862,633.1786670497614
313600.0,4510554.250401234,432367.92035123194,4510624.954590122,-863.3828048083079,1190.7932613330747,-863.1116240657285,9.766515535725583,-23.620120432421977,9.761178845932838,17430.344161773057,0.0,0.2055418267503148,1.9282774277535222,2255743.600971862,633.1786670497614
313700.0,4510467.961208789,432486.8812563006,4510538.692488994,-862.3984886141055,1188.4216356917918,-862.1278437338167,9.919844553872828,-23.81238069988401,9.914464000259843,17430.344161773057,0.0,0.2055418267503148,1.9282774277535222,2255743.600971862,633.1786670497614
313800.0,4510381.771214957,432605.60403763765,4510452.529532676,-861.3988291319621,1186.0307882092638,-861.12872449947,10.073376522909289,-24.00455046419829,10.067952124540994,17430.344161773057,0.0,0.2055418267503148,1.9282774277535222,2255743.600971862,633.1786670497614
313900.0,4510295.681955037,432724.08677357965,4510366.467256024,-860.3838075056243,1183.620729981868,-860.1142475040627,10.227082592974991,-24.196588723374305,10.221614378248692,17430.344161773057,0.0,0.2055418267503148,1.9282774277535222,2255743.600971862,633.1786670497614
314000.0,4510209.694966063,432842.3275437785,4510280.507195636,-859.3534077855878,1181.1914762301087,-859.0843967947799,10.380933480774074,-24.388453999801627,10.375421487528275,17430.344161773057,0.0,0.2055418267503148,1.9282774277535222,2255743.600971862,633.1786670497614
314100.0,4510123.811786519,432960.3244296165,4510194.650889559,-858.3076169718839,1178.7430463452845,-858.0391593673922,10.534899480817337,-24.58010435829497,10.529343756436464,17430.344161773057,0.0,0.2055418267503148,1.9282774277535222,2255743.600971862,633.1786670497614
314200.0,4510038.033956042,433078.0755146253,4510108.89987699,-857.2464250557124,1176.2754639343116,-856.9785252078797,10.68895047723936,-24.77149742486615,10.683351078754214,17430.344161773057,0.0,0.2055418267503148,1.9282774277535222,2255743.600971862,633.1786670497614
314300.0,4509952.363015114,433195.57888490986,4510023.255697978,-856.1698250598644,1173.7887568626356,-855.902487332844,10.843055956189971,-24.96259040621833,10.837412950373777,17430.344161773057,0.0,0.2055418267503148,1.9282774277535222,2255743.600971862,633.1786670497614
314400.0,4509866.800504766,433312.83262957644,4509937.719893115,-855.0778130778792,1171.282957295161,-854.8110418286562,10.99718501875411,-25.15334010989506,10.991498482213963,17430.344161773057,0.0,0.2055418267503148,1.9282774277535222,2255743.600971862,633.1786670497614
314500.0,4509781.347966262,433429.83484116424,4509852.29400323,-853.9703883118805,1168.758101735128,-853.704187889284,11.151306394464623,-25.34370296516856,11.145576413728183,17430.344161773057,0.0,0.2055418267503148,1.9282774277535222,2255743.600971862,633.1786670497614
314600.0,4509696.006940789,433546.5836160814,4509766.979569077,-852.8475531090337,1166.2142310608701,-852.5819278527405,11.305388455324758,-25.533635044548667,11.299615126922053,17430.344161773057,0.0,0.2055418267503148,1.9282774277535222,2255743.600971862,633.1786670497614
314700.0,4509610.778969141,433663.07705504395,4509681.778131016,-851.7093129965747,1163.6513905603845,-851.4442672361052,11.459399230402251,-25.72309208599325,11.453582660942477,17430.344161773057,0.0,0.2055418267503148,1.9282774277535222,2255743.600971862,633.1786670497614
314800.0,4509525.665591398,433779.3132635186,4509596.691228695,-850.5556767153525,1161.0696299636527,-850.2912147690594,11.613306420930076,-25.91202951572675,11.607446727173144,17430.344161773057,0.0,0.2055418267503148,1.9282774277535222,2255743.600971862,633.1786670497614
314900.0,4509440.668346607,433895.29035216855,4509511.720400728,-849.386656251835,1158.4690034726448,-849.1227824258845,11.767077415950947,-26.100402471713668,11.761174724873747,17430.344161773057,0.0,0.2055418267503148,1.9282774277535222,2255743.600971862,633.1786670497614
315000.0,4509355.788772449,434011.00643730175,4509426.867184368,-848.2022668685247,1155.8495697889473,-847.938985455872,11.92067930845796,-26.2881658277177,11.914733757315105,17430.344161773057,0.0,0.2055418267503148,1.9282774277535222,2255743.600971862,633.1786670497614
315100.0,4509271.028404916,434126.45964132244,4509342.133115177,-847.0025271327356,1153.2113921389557,-846.7398424120942,12.074078912044733,-26.475274217960827,12.068090648423734,17430.344161773057,0.0,0.2055418267503148,1.9282774277535222,2255743.600971862,633.1786670497614
315200.0,4509186.388777975,434241.64809318475,4509257.5197266955,-845.7874589436799,1150.5545382965706,-845.5253751784857,12.22724277805592,-26.661682062365728,12.221211959926592,17430.344161773057,0.0,0.2055418267503148,1.9282774277535222,2255743.600971862,633.1786670497614
315300.0,4509101.871423237,434356.56992884836,4509173.02855011,-844.5570875578161,1147.8790806033446,-844.2956089951873,12.380137213186117,-26.84734359230698,12.374064008944156,17430.344161773057,0.0,0.2055418267503148,1.9282774277535222,2255743.600971862,633.1786670497614
315400.0,4509017.477869619,434471.22329173627,4509088.661113911,-843.3114416124132,1145.1850959860246,-843.0505724821055,12.532728297586287,-27.032212876947625,12.526612886090827,17430.344161773057,0.0,0.2055418267503148,1.9282774277535222,2255743.600971862,633.1786670497614
315500.0,4508933.209643003,434585.606333194,4509004.418943561,-842.050553147284,1142.47266597144,-841.7902976606425,12.684981903362928,-27.21624385000107,12.678824473968017,17430.344161773057,0.0,0.2055418267503148,1.9282774277535222,2255743.600971862,633.1786670497614
315600.0,4508849.068265895,434699.7172129503,4508920.303561145,-840.7744576246432,1139.7418766986846,-840.5148199735521,12.836863713550617,-27.39939033702462,12.830664466130484,17430.344161773057,0.0,0.2055418267503148,1.9282774277535222,2255743.600971862,633.1786670497614
315700.0,4508765.055257087,434813.5540995788,4508836.316485036,-839.4831939470504,1136.9928189285513,-839.2241783028793,12.988339241493891,-27.58160608315368,12.9820983864619,17430.344161773057,0.0,0.2055418267503148,1.9282774277535222,2255743.600971862,633.1786670497614
315800.0,4508681.172131303,434927.1151709607,4508752.459229544,-838.1768044733933,1134.22558805017,-837.9184149859431,13.139373850600848,-27.7628447812224,13.133091608922065,17430.344161773057,0.0,0.2055418267503148,1.9282774277535222,2255743.600971862,633.1786670497614
315900.0,4508597.420398861,435040.3986147476,4508668.733304571,-836.8553350328777,1131.4402840848152,-836.597575829325,13.289932774499874,-27.94306010030997,13.283609377697115,17430.344161773057,0.0,0.2055418267503148,1.9282774277535222,2255743.600971862,633.1786670497614
316000.0,4508513.801565322,435153.402628825,4508585.140215267,-835.5188349369824,1128.6370116868377,-835.2617101208235,13.439981137545772,-28.122205714636497,13.43361682769908,17430.344161773057,0.0,0.2055418267503148,1.9282774277535222,2255743.600971862,633.1786670497614
316100.0,4508430.317131139,435266.12542177516,4508501.681461677,-834.1673569893472,1125.8158801416935,-833.9108706393429,13.589483975659583,-28.300235332784144,13.583079005399062,17430.344161773057,0.0,0.2055418267503148,1.9282774277535222,2255743.600971862,633.1786670497614
316200.0,4508346.968591313,435378.56521334057,4508418.358538393,-832.8009574935616,1122.9770033610332,-832.5451136626825,13.738406257489686,-28.47710272722376,13.731960889981604,17430.344161773057,0.0,0.2055418267503148,1.9282774277535222,2255743.600971862,633.1786670497614
316300.0,4508263.757435036,435490.72023488564,4508335.172934205,-831.4196962588209,1120.1204998748262,-831.1644989731954,13.88671290585486,-28.652761764091178,13.880227414780972,17430.344161773057,0.0,0.2055418267503148,1.9282774277535222,2255743.600971862,633.1786670497614
316400.0,4508180.6851453455,435602.5887298584,4508252.12613175,-830.0236366034255,1117.2464928204938,-829.769089861289,14.034368819478217,-28.82716643322236,14.02784348900824,17430.344161773057,0.0,0.2055418267503148,1.9282774277535222,2255743.600971862,633.1786670497614
316500.0,4508097.753198772,435714.16895425034,4508169.219607158,-828.6128453560948,1114.3551099290314,-828.3589531267426,14.181338894950555,-29.000270878362137,14.17477401970779,17430.344161773057,0.0,0.2055418267503148,1.9282774277535222,2255743.600971862,633.1786670497614
316600.0,4508014.963064986,435825.4591770551,4508086.454829705,-827.1873928550721,1111.4464835081003,-826.9341590778162,14.327588048912308,-29.172029427529544,14.320983933932327,17430.344161773057,0.0,0.2055418267503148,1.9282774277535222,2255743.600971862,633.1786670497614
316700.0,4507932.3162064515,435936.4576807251,4508003.833261462,-825.7473529450018,1108.520750422075,-825.4947815281322,14.473081240436535,-29.342396623513903,14.466438201118894,17430.344161773057,0.0,0.2055418267503148,1.9282774277535222,2255743.600971862,633.1786670497614
316800.0,4507849.81407807,436047.16276162595,4507921.356356942,-824.2928029715599,1105.5780520690378,-824.0408977913106,14.617783493601834,-29.511327254484844,14.611101855654887,17430.344161773057,0.0,0.2055418267503148,1.9282774277535222,2255743.600971862,633.1786670497614
316900.0,4507767.4581268355,436157.5727304889,4507839.025562753,-822.82382377382,1102.6185343547097,-822.5725886733412,14.761659920166597,-29.678776384595043,14.754940019545252,17430.344161773057,0.0,0.2055418267503148,1.9282774277535222,2255743.600971862,633.1786670497614
317000.0,4507685.249791482,436267.6859128598,4507756.842317247,-821.3404996743448,1099.64234766332,-821.089938462682,14.904675742404383,-29.84469938465472,14.897917925240943,17430.344161773057,0.0,0.2055418267503148,1.9282774277535222,2255743.600971862,633.1786670497614
317100.0,4507603.190502141,436377.5006495456,4507674.808050174,-819.8429184669906,1096.6496468254081,-819.5930349180701,15.046796315989287,-30.009051962726915,15.040000938517261,17430.344161773057,0.0,0.2055418267503148,1.9282774277535222,2255743.600971862,633.1786670497614
317200.0,4507521.281679988,436487.015297057,4507592.924182337,-818.331171402419,1093.640591082571,-818.0819692540422,15.18798715297002,-30.17179019469451,15.181154581441007,17430.344161773057,0.0,0.2055418267503148,1.9282774277535222,2255743.600971862,633.1786670497614
317300.0,4507439.524736903,436596.2282280481,4507511.192125242,-816.8053531713101,1090.6153440491569,-816.556836124156,15.328213944767345,-30.332870554710215,15.321344555360955,17430.344161773057,0.0,0.2055418267503148,1.9282774277535222,2255743.600971862,633.1786670497614
317400.0,4507357.921075125,436705.1378317511,4507429.613280762,-815.2655618852751,1087.574073670922,-815.0177336019124,15.467442585166566,-30.492249945490776,15.460536763893455,17430.344161773057,0.0,0.2055418267503148,1.9282774277535222,2255743.600971862,633.1786670497614
317500.0,4507276.472086914,436813.74251440767,4507348.189040789,-813.7118990554703,1084.5169521806665,-813.4647631593793,15.605639193306036,-30.64988572845607,15.598697335904077,17430.344161773057,0.0,0.2055418267503148,1.9282774277535222,2255743.600971862,633.1786670497614
317600.0,4507195.179154206,436922.0406996951,4507266.920786902,-812.1444695689165,1081.4441560508678,-811.8980296435222,15.74277013657728,-30.805735753599787,15.735792648400878,17430.344161773057,0.0,0.2055418267503148,1.9282774277535222,2255743.600971862,633.1786670497614
317700.0,4507114.043648284,437030.0308291479,4507185.809890026,-810.5633816625295,1078.3558659433381,-810.3176412502453,15.87880205347631,-30.959758389144508,15.871789349378997,17430.344161773057,0.0,0.2055418267503148,1.9282774277535222,2255743.600971862,633.1786670497614
317800.0,4507033.066929439,437137.7113625739,4507104.857710101,-808.9687468948737,1075.2522666559328,-808.7237094961578,16.013701876319047,-31.11191255086468,16.0066543805294,17430.344161773057,0.0,0.2055418267503148,1.9282774277535222,2255743.600971862,633.1786670497614
317900.0,4506952.250346642,437245.0807784652,4507024.065595749,-807.3606801156487,1072.1335470663423,-807.1163491880733,16.147436853833966,-31.262157731095378,16.140354999824872,17430.344161773057,0.0,0.2055418267503148,1.9282774277535222,2255743.600971862,633.1786670497614
318000.0,4506871.595237216,437352.1375744033,4506943.434883949,-805.7392994329276,1068.999900073003,-805.4956783902608,16.279974573543072,-31.410454027308774,16.272858803894497,17430.344161773057,0.0,0.2055418267503148,1.9282774277535222,2255743.600971862,633.1786670497614
318100.0,4506791.102926511,437458.880267458,4506862.9668997135,-804.1047261781634,1065.8515225331682,-803.8618183894662,16.411282983998404,-31.556762170348527,16.404133750253738,17430.344161773057,0.0,0.2055418267503148,1.9282774277535222,2255743.600971862,633.1786670497614
318200.0,4506710.774727586,437565.3073945799,4506782.662955765,-802.4570848689876,1062.6886151981832,-802.2148936577245,16.541330416737257,-31.70104355214072,16.534148179253275,17430.344161773057,0.0,0.2055418267503148,1.9282774277535222,2255743.600971862,633.1786670497614
318300.0,4506630.611940887,437671.4175129869,4506702.524352222,-800.796503169822,1059.511382646008,-800.5550318129876,16.670085607998175,-31.843260252938666,16.66287083578886,17430.344161773057,0.0,0.2055418267503148,1.9282774277535222,2255743.600971862,633.1786670497614
318400.0,4506550.615853942,437777.209200543,4506622.552376285,-799.1231118503352,1056.3200332110455,-798.8823635775968,16.797517720152733,-31.983375068043003,16.790270890726983,17430.344161773057,0.0,0.2055418267503148,1.9282774277535222,2255743.600971862,633.1786670497614
318500.0,4506470.787741046,437882.6810561304,4506542.74830193,-797.4370447417715,1053.1147789113245,-797.1970227346277,16.923596362814884,-32.12135153394766,16.91631796200821,17430.344161773057,0.0,0.2055418267503148,1.9282774277535222,2255743.600971862,633.1786670497614
318600.0,4506391.128862961,437987.8317000142,4506463.113389601,-795.738438691185,1049.895835373098,-795.4991460821416,17.048291613598046,-32.25715395387441,17.04098213539848,17430.344161773057,0.0,0.2055418267503148,1.9282774277535222,2255743.600971862,633.1786670497614
318700.0,4506311.640466615,438092.6597741993,4506383.648885917,-794.0274335136171,1046.6634217529197,-793.7888733853811,17.171574038511192,-32.39074742268594,17.164233984879488,17430.344161773057,0.0,0.2055418267503148,1.9282774277535222,2255743.600971862,633.1786670497614
318800.0,4506232.323784807,438197.1639427794,4506304.356023372,-792.3041719422539,1043.4177606572628,-792.0663473269451,17.293414711944614,-32.52209785111461,17.28604459262894,17430.344161773057,0.0,0.2055418267503148,1.9282774277535222,2255743.600971862,633.1786670497614
318900.0,4506153.180035922,438301.3428922779,4506225.236020048,-790.5687995766062,1040.1590780597494,-790.3317134549883,17.41378523624006,-32.65117198930214,17.406385568585307,17430.344161773057,0.0,0.2055418267503148,1.9282774277535222,2255743.600971862,633.1786670497614
319000.0,4506074.21042364,438405.19533198053,4506146.290079332,-788.8214648287548,1036.8876032160642,-788.5851201294852,17.532657760807705,-32.77793744960328,17.52522906955956,17430.344161773057,0.0,0.2055418267503148,1.9282774277535222,2255743.600971862,633.1786670497614
319100.0,4505995.416136665,438508.71999425883,4506067.519389636,-787.062318867708,1033.6035685766253,-786.826718466608,17.650005000746425,-32.90236272859881,17.64254781785047,17430.344161773057,0.0,0.2055418267503148,1.9282774277535222,2255743.600971862,633.1786670497614
319200.0,4505916.798348447,438611.9156348855,4505988.925124125,-785.2915155619213,1030.307209697092,-785.0566622812662,17.765800254991685,-33.02441722835305,17.758315119387593,17430.344161773057,0.0,0.2055418267503148,1.9282774277535222,2255743.600971862,633.1786670497614
319300.0,4505838.358216916,438714.7810333403,4505910.50844045,-783.5092114200289,1026.9987651467886,-783.2751080278589,17.880017423928685,-33.14407127683663,17.87250488133975,17430.344161773057,0.0,0.2055418267503148,1.9282774277535222,2255743.600971862,633.1786670497614
319400.0,4505760.096884224,438817.3149931067,4505832.270480488,-781.7155655298415,1023.6784764151294,-781.4822147392942,17.99263102643997,-33.26129614747767,17.98509162915822,17430.344161773057,0.0,0.2055418267503148,1.9282774277535222,2255743.600971862,633.1786670497614
319500.0,4505682.015476484,438919.5163419591,4505754.212370086,-779.9107394956662,1020.3465878161288,-779.6781439643311,18.10361621640687,-33.37606407787033,18.09605052307381,17430.344161773057,0.0,0.2055418267503148,1.9282774277535222,2255743.600971862,633.1786670497614
319600.0,4505604.115103529,439021.3839322406,4505676.335218813,-778.0948973740075,1017.0033463910886,-777.8630597033011,18.212948798609855,-33.48834828757227,18.205357373993248,17430.344161773057,0.0,0.2055418267503148,1.9282774277535222,2255743.600971862,633.1786670497614
319700.0,4505526.396858665,439122.91664113046,4505598.640119717,-776.2682056077065,1013.6490018095493,-776.0371283422722,18.320605244024485,-33.59812299499073,18.312988658791195,17430.344161773057,0.0,0.2055418267503148,1.9282774277535222,2255743.600971862,633.1786670497614
319800.0,4505448.861818438,439224.1133709023,4505521.128149093,-774.430832958584,1010.2838062686002,-774.200518585713,18.426562704475412,-33.70536343331192,18.418921534960624,17430.344161773057,0.0,0.2055418267503148,1.9282774277535222,2255743.600971862,633.1786670497614
319900.0,4505371.511042404,439324.97304917156,4505443.80036625,-772.5829504386489,1006.9080143906446,-772.3534013877252,18.53079902666478,-33.81004586549963,18.523133854637777,17430.344161773057,0.0,0.2055418267503148,1.9282774277535222,2255743.600971862,633.1786670497614
320000.0,4505294.3455729075,439425.49462913274,4505366.657813294,-770.7247312399373,1003.5218831197133,-770.495949881906,18.63329276550844,-33.912147598280136,18.625604177935188,17430.344161773057,0.0,0.2055418267503148,1.9282774277535222,2255743.600971862,633.1786670497614
320100.0,4505217.366434869,439525.6770897866,4505289.701514911,-768.856350663051,1000.1256716164288,-768.628339309911,18.734023196826598,-34.01164699517916,18.72631178562936,17430.344161773057,0.0,0.2055418267503148,1.9282774277535222,2255743.600971862,633.1786670497614
320200.0,4505140.574635577,439625.5194361563,4505212.93247816,-766.9779860444636,996.7196411517177,-766.7507469487837,18.832970329310875,-34.10852348851339,18.82523669112504,17430.344161773057,0.0,0.2055418267503148,1.9282774277535222,2255743.600971862,633.1786670497614
320300.0,4505063.971164486,439725.0206994932,4505136.351692274,-765.0898166826621,993.3040549993718,-764.8633520371222,18.93011491581357,-34.20275759040135,18.92235965174195,17430.344161773057,0.0,0.2055418267503148,1.9282774277535222,2255743.600971862,633.1786670497614
320400.0,4504987.556993027,439824.1799374715,4505059.9601284675,-763.192023763199,989.8791783275636,-762.9663357001558,19.025438463880345,-34.29433090269608,19.017662179245278,17430.344161773057,0.0,0.2055418267503148,1.9282774277535222,2255743.600971862,633.1786670497614
320500.0,4504911.33307442,439922.9962343726,4504983.758739751,-761.2847902827236,986.4452780894153,-761.0598808738008,19.11892324559493,-34.383226125933554,19.11112654968818,17430.344161773057,0.0,0.2055418267503148,1.9282774277535222,2255743.600971862,633.1786670497614
320600.0,4504835.300343499,440021.4687012577,4504907.748460754,-759.3683009720688,983.0026229127295,-759.144172227773,19.210552306661853,-34.46942706720633,19.202735812492833,17430.344161773057,0.0,0.2055418267503148,1.9282774277535222,2255743.600971862,633.1786670497614
320700.0,4504759.459716541,440119.59647613,4504831.930207556,-757.4427422184656,979.5514829889834,-757.2193960878271,19.300309474736178,-34.552918646979094,19.292473798778524,17430.344161773057,0.0,0.2055418267503148,1.9282774277535222,2255743.600971862,633.1786670497614
320800.0,4504683.812091105,440217.3787240853,4504756.304877523,-755.508301986962,976.0921299616928,-755.2857403572013,19.388179367027828,-34.633686904887284,19.380325128964664,17430.344161773057,0.0,0.2055418267503148,1.9282774277535222,2255743.600971862,633.1786670497614
320900.0,4504608.358345877,440314.81463745167,4504680.873349158,-753.5651697411205,972.6248368142515,-753.3433944373398,19.474147397115477,-34.71171900444019,19.466275219583558,17430.344161773057,0.0,0.2055418267503148,1.9282774277535222,2255743.600971862,633.1786670497614
321000.0,4504533.099340528,440411.9034359179,4504605.636481949,-751.6135363630708,969.149877757351,-751.3925491479717,19.558199781011112,-34.787003236687205,19.550310289344182,17430.344161773057,0.0,0.2055418267503148,1.9282774277535222,2255743.600971862,633.1786670497614
321100.0,4504458.035915569,440508.6443666506,4504530.595116236,-749.6535940729964,965.6675281160882,-749.4333966466231,19.640323542455974,-34.85952902282786,19.63241736442741,17430.344161773057,0.0,0.2055418267503148,1.9282774277535222,2255743.600971862,633.1786670497614
321200.0,4504383.168892228,440605.0367043997,4504455.75007308,-747.6855363481277,962.1780642168625,-747.4661303476357,19.720506517460088,-34.92928691578715,19.712584283025247,17430.344161773057,0.0,0.2055418267503148,1.9282774277535222,2255743.600971862,633.1786670497614
321300.0,4504308.499072325,440701.0797515931,4504381.10215414,-745.7095578413222,958.6817632741701,-745.4909448407731,19.798737358036107,-34.99626860069841,19.790799699074512,17430.344161773057,0.0,0.2055418267503148,1.9282774277535222,2255743.600971862,633.1786670497614
321400.0,4504234.027238161,440796.77283842006,4504306.652141563,-743.7258542993068,955.1789032773995,-743.5080358094887,19.875005535197715,-35.06046689438995,19.867053085255336,17430.344161773057,0.0,0.2055418267503148,1.9282774277535222,2255743.600971862,633.1786670497614
321500.0,4504159.754152409,440892.1153229027,4504232.400797873,-741.7346224806613,951.6697628777324,-741.5175999489352,19.949301341202222,-35.1218757438551,19.941334735234104,17430.344161773057,0.0,0.2055418267503148,1.9282774277535222,2255743.600971862,633.1786670497614
321600.0,4504085.680558018,440987.1065909565,4504158.34886588,-739.7360600736149,948.1546212752472,-739.5198348837865,20.021615890978207,-35.180490223635324,20.013635765091635,17430.344161773057,0.0,0.2055418267503148,1.9282774277535222,2255743.600971862,633.1786670497614
321700.0,4504011.807178129,441081.74605643994,4504084.497068587,-737.730365613737,944.6337581063353,-737.5149390859546,20.091941122845938,-35.23630653226098,20.083948114044464,17430.344161773057,0.0,0.2055418267503148,1.9282774277535222,2255743.600971862,633.1786670497614
321800.0,4503938.134715987,441176.03316119214,4504010.846109112,-735.717738401595,941.1074533315224,-735.503111792272,20.160269798453754,-35.289321987656635,20.152264544382167,17430.344161773057,0.0,0.2055418267503148,1.9282774277535222,2255743.600971862,633.1786670497614
321900.0,4503864.663854874,441269.96737505984,4503937.396670613,-733.6983784204554,937.5759871238,-733.4845529222192,20.226595501975513,-35.33953502157492,20.218578640666124,17430.344161773057,0.0,0.2055418267503148,1.9282774277535222,2255743.600971862,633.1786670497614
322000.0,4503791.395258042,441363.54819591314,4503864.149416229,-731.6724862541009,934.0396397575602,-731.4594629957674,20.29091263858586,-35.386945173086154,20.282884808206212,17430.344161773057,0.0,0.2055418267503148,1.9282774277535222,2255743.600971862,633.1786670497614
322100.0,4503718.329568659,441456.77514964994,4503791.104989015,-729.6402630048402,930.4986914982312,-729.4280430514116,20.35321643217494,-35.431553081080345,20.345178270777243,17430.344161773057,0.0,0.2055418267503148,1.9282774277535222,2255743.600971862,633.1786670497614
322200.0,4503645.467409759,441549.6477901897,4503718.264011903,-727.6019102117774,926.9534224927066,-727.390494564467,20.413502922368743,-35.47336047587218,20.405455067641157,17430.344161773057,0.0,0.2055418267503148,1.9282774277535222,2255743.600971862,633.1786670497614
322300.0,4503572.809384204,441642.1656994562,4503645.627087658,-725.5576297694184,923.4041126606619,-725.3470193656991,20.471768960833867,-35.51237016988757,20.46371204985392,17430.344161773057,0.0,0.2055418267503148,1.9282774277535222,2255743.600971862,633.1786670497614
322400.0,4503500.356074654,441734.32848734915,4503573.194798849,-723.5076238466814,919.8510415868466,-723.2978195603592,20.528012206875257,-35.54858604744847,20.519946875865593,17430.344161773057,0.0,0.2055418267503148,1.9282774277535222,2255743.600971862,633.1786670497614
322500.0,4503428.1080435375,441826.13579170575,4503500.967707822,-721.4520948063804,916.2944884144404,-721.2430974476919,20.58223112236093,-35.58201305370485,20.574158006447504,17430.344161773057,0.0,0.2055418267503148,1.9282774277535222,2255743.600971862,633.1786670497614
322600.0,4503356.065833045,441917.5872782509,4503428.946356689,-719.3912451252502,912.7347317395585,-719.1830554409842,20.634424965987712,-35.61265718273752,20.62634469896071,17430.344161773057,0.0,0.2055418267503148,1.9282774277535222,2255743.600971862,633.1786670497614
322700.0,4503284.229965115,442008.68264053744,4503357.131267315,-717.3252773145796,909.1720495069898,-717.1178959882224,20.68459378687551,-35.64052546482116,20.676507000953155,17430.344161773057,0.0,0.2055418267503148,1.9282774277535222,2255743.600971862,633.1786670497614
322800.0,4503212.600941436,442099.42159987584,4503285.522941325,-715.2543938415154,905.6067189072468,-715.0478214934197,20.732738417517737,-35.66562595288842,20.724645743113154,17430.344161773057,0.0,0.2055418267503148,1.9282774277535222,2255743.600971862,633.1786670497614
322900.0,4503141.179243457,442189.8039052537,4503214.121860107,-713.1787970511016,902.0390162750065,-712.973034238679,20.77886046614006,-35.687967708266505,20.770762531631377,17430.344161773057,0.0,0.2055418267503148,1.9282774277535222,2255743.600971862,633.1786670497614
323000.0,4503069.965332397,442279.82933324506,4503142.928484832,-711.098689089116,898.4692169890176,-710.8937363070513,20.822962308418596,-35.70756078562958,20.81485973992247,17430.344161773057,0.0,0.2055418267503148,1.9282774277535222,2255743.600971862,633.1786670497614
323100.0,4502998.959649281,442369.49768791,4503071.943256473,-709.0142718257612,894.8975953735451,-708.8101295062498,20.865047078650363,-35.72441621728984,20.856940499799023,17430.344161773057,0.0,0.2055418267503148,1.9282774277535222,2255743.600971862,633.1786670497614
323200.0,4502928.1626149565,442458.8088006841,4503001.166595843,-706.9257467802713,891.3244246014249,-706.722415293279,20.905118660306915,-35.738545996744676,20.89700869202902,17430.344161773057,0.0,0.2055418267503148,1.9282774277535222,2255743.600971862,633.1786670497614
323300.0,4502857.574630146,442547.7625302589,4502930.598903625,-704.8333150464858,887.7499765987902,-704.6307947000296,20.94318167608942,-35.74996306163469,20.93506893639467,17430.344161773057,0.0,0.2055418267503148,1.9282774277535222,2255743.600971862,633.1786670497614
323400.0,4502787.196075482,442636.35876245215,4502860.240560429,-702.7371772194484,884.1745219515385,-702.535468259899,20.979241477426662,-35.758681276043404,20.97112658119455,17430.344161773057,0.0,0.2055418267503148,1.9282774277535222,2255743.600971862,633.1786670497614
323500.0,4502717.027311569,442724.5974100694,4502790.091926835,-700.6375333230801,880.5983298135964,-700.4366359354854,21.013304133471422,-35.76471541221309,21.005187692244025,17430.344161773057,0.0,0.2055418267503148,1.9282774277535222,2255743.600971862,633.1786670497614
323600.0,4502647.068679038,442812.4784127562,4502720.153343459,-698.5345827389773,877.0216678170414,-698.3344970474064,21.045376419600885,-35.76808113168897,21.037259041380025,17430.344161773057,0.0,0.2055418267503148,1.9282774277535222,2255743.600971862,633.1786670497614
323700.0,4502577.32049862,442900.0017368416,4502650.425131021,-696.4285241363834,873.444801984136,-696.2292502042907,21.075465805469157,-35.76879496595623,21.06734809451792,17430.344161773057,0.0,0.2055418267503148,1.9282774277535222,2255743.600971862,633.1786670497614
323800.0,4502507.783071213,442987.1673751728,4502580.90759042,-694.3195554033776,869.8679966413233,-694.1210932339859,21.103580442605434,-35.766874296566336,21.095462999254195,17430.344161773057,0.0,0.2055418267503148,1.9282774277535222,2255743.600971862,633.1786670497614
323900.0,4502438.456677973,443073.97534694127,4502511.6010028105,-692.2078735793259,866.2915143352346,-692.0102231160296,21.129729151579212,-35.762337334783666,21.12161257203627,17430.344161773057,0.0,0.2055418267503148,1.9282774277535222,2255743.600971862,633.1786670497614
324000.0,4502369.341580395,443160.4256975008,4502442.505629697,-690.0936747886334,862.7156157507517,-689.89683591542,21.15392140878749,-35.7552031008255,21.1458062849545,17430.344161773057,0.0,0.2055418267503148,1.9282774277535222,2255743.600971862,633.1786670497614
324100.0,4502300.438020408,443246.51849817723,4502373.621713025,-687.9771541758405,859.1405596311687,-687.78112671773,21.176167332840496,-35.74549140266957,21.16805425213264,17430.344161773057,0.0,0.2055418267503148,1.9282774277535222,2255743.600971862,633.1786670497614
324200.0,4502231.746220482,443332.2538460704,4502304.949475283,-685.8585058420957,855.5666027004902,-685.6632895655985,21.19647767060392,-35.73322281450589,21.188367215774978,17430.344161773057,0.0,0.2055418267503148,1.9282774277535222,2255743.600971862,633.1786670497614
324300.0,4502163.266383728,443417.63186384836,4502236.48911961,-683.7379227830424,851.9939995879018,-683.5435173966334,21.214863782917043,-35.71841865486041,21.206756531889475,17430.344161773057,0.0,0.2055418267503148,1.9282774277535222,2255743.600971862,633.1786670497614
324400.0,4502094.998694018,443502.65269953443,4502168.240829909,-681.6155968281488,848.4230027544438,-681.4220019827594,21.23133762997159,-35.70110096437493,21.223234155671665,17430.344161773057,0.0,0.2055418267503148,1.9282774277535222,2255743.600971862,633.1786670497614
324500.0,4502026.943316103,443587.31652628654,4502100.204770967,-679.4917185815154,844.8538624219215,-679.2989338710407,21.245911756435493,-35.68129248335196,21.23781262663348,17430.344161773057,0.0,0.2055418267503148,1.9282774277535222,2255743.600971862,633.1786670497614
324600.0,4501959.100395733,443671.6235421699,4502032.38108858,-677.3664773641831,841.2868265040728,-677.1745023260054,21.25859927628752,-35.65901662902462,21.2505050534431,17430.344161773057,0.0,0.2055418267503148,1.9282774277535222,2255743.600971862,633.1786670497614
324700.0,4501891.470059794,443755.57396992313,4501964.769909683,-675.2400611579691,837.7221405400201,-675.0488952734964,21.269413857425096,-35.634297472632696,21.261325098537945,17430.344161773057,0.0,0.2055418267503148,1.9282774277535222,2255743.600971862,633.1786670497614
324800.0,4501824.052416446,443839.16805671714,4501897.371342489,-673.1126565508554,834.1600476300241,-672.922299246075,21.278369706039545,-35.60715971629994,21.270286962505217,17430.344161773057,0.0,0.2055418267503148,1.9282774277535222,2255743.600971862,633.1786670497614
324900.0,4501756.847555257,443922.4060739084,4501830.185476627,-670.9844486839479,830.6007883735576,-670.7948993299935,21.28548155082016,-35.57762866979181,21.277405368291234,17430.344161773057,0.0,0.2055418267503148,1.9282774277535222,2255743.600971862,633.1786670497614
325000.0,4501689.85554736,444005.28831678577,4501763.212383296,-668.8556212000257,827.0446008097101,-668.6668791137585,21.290764626922282,-35.545730227075516,21.282695545174846,17430.344161773057,0.0,0.2055418267503148,1.9282774277535222,2255743.600971862,633.1786670497614
325100.0,4501623.076445598,444087.8151043116,4501696.45211541,-666.7263561936996,823.4917203599409,-666.5384206383022,21.294234659866273,-35.51149084289163,21.28617321267171,17430.344161773057,0.0,0.2055418267503148,1.9282774277535222,2255743.600971862,633.1786670497614
325200.0,4501556.5102846855,444169.98677885736,4501629.90470776,-664.596834163189,819.9423797731786,-664.4097043487724,21.295907849223468,-35.47493750916096,21.28785456422568,17430.344161773057,0.0,0.2055418267503148,1.9282774277535222,2255743.600971862,633.1786670497614
325300.0,4501490.157081368,444251.8037059334,4501563.570177171,-662.4672339637344,816.3968090732817,-662.2809090479566,21.29580085226237,-35.43609773144316,21.28775625086027,17430.344161773057,0.0,0.2055418267503148,1.9282774277535222,2255743.600971862,633.1786670497614
325400.0,4501424.016834591,444333.26627391414,4501497.448522677,-660.3377327626526,812.8552355088556,-660.1522118513484,21.293930767448032,-35.39499950531621,21.285895364683505,17430.344161773057,0.0,0.2055418267503148,1.9282774277535222,2255743.600971862,633.1786670497614
325500.0,4501358.089525665,444414.37489375815,4501431.539725682,-658.2085059960427,809.3178835054288,-658.0237881438652,21.290315117904367,-35.35167129281419,21.2822894223555,17430.344161773057,0.0,0.2055418267503148,1.9282774277535222,2255743.600971862,633.1786670497614
325600.0,4501292.375118451,444495.12999872345,4501365.843750142,-656.0797273271495,805.7849746199838,-655.8958115382213,21.28497183481551,-35.30614199889526,21.276956348495247,17430.344161773057,0.0,0.2055418267503148,1.9282774277535222,2255743.600971862,633.1786670497614
325700.0,4501226.873559532,444575.5320440786,4501300.360542741,-653.9515686063887,802.2567274978386,-653.7684538349635,21.277919240813652,-35.25844094799912,21.26991445907376,17430.344161773057,0.0,0.2055418267503148,1.9282774277535222,2255743.600971862,633.1786670497614
325800.0,4501161.5847783955,444655.5815068092,4501235.090033077,-651.8241998330337,798.7333578318671,-651.6418849841667,21.26917603333112,-35.20859786066837,21.261182444771485,17430.344161773057,0.0,0.2055418267503148,1.9282774277535222,2255743.600971862,633.1786670497614
325900.0,4501096.508687627,444735.2788853212,4501170.032133844,-649.697789118567,795.2150783240525,-649.5162730487948,21.258761268000764,-35.15664283033732,21.25077935438397,17430.344161773057,0.0,0.2055418267503148,1.9282774277535222,2255743.600971862,633.1786670497614
326000.0,4501031.645183094,444814.6246991395,4501105.186741028,-647.5725026516906,791.7020986493541,-647.3917841697187,21.24669434203164,-35.10260630019987,21.23872457820278,17430.344161773057,0.0,0.2055418267503148,1.9282774277535222,2255743.600971862,633.1786670497614
326100.0,4500966.9941441445,444893.6194886037,4501040.553734099,-645.4485046649952,788.1946254218786,-645.2685825323936,21.232994977680136,-35.04651904030438,21.22503783149191,17430.344161773057,0.0,0.2055418267503148,1.9282774277535222,2255743.600971862,633.1786670497614
326200.0,4500902.5554338,444972.26381456055,4500976.132976204,-643.3259574032809,784.6928621633336,-643.1468303351868,21.217683205770914,-34.98841212481984,21.209739138013852,17430.344161773057,0.0,0.2055418267503148,1.9282774277535222,2255743.600971862,633.1786670497614
326300.0,4500838.328898962,445050.55825805303,4500911.924314375,-641.205021093522,781.1970092737452,-641.0266877593496,21.200779349268558,-34.92831690947495,21.19284881360638,17430.344161773057,0.0,0.2055418267503148,1.9282774277535222,2255743.600971862,633.1786670497614
326400.0,4500774.314370607,445128.503420007,4500847.927579724,-639.0858539164676,777.7072640044166,-638.9083129406233,21.182304006989327,-34.86626500927958,21.1743874498994,17430.344161773057,0.0,0.2055418267503148,1.9282774277535222,2255743.600971862,633.1786670497614
326500.0,4500710.511664,445206.0999209149,4500784.142587656,-636.9686119798689,774.2238204331073,-636.7918619424732,21.162278037397634,-34.80228827646092,21.154375898116456,17430.344161773057,0.0,0.2055418267503148,1.9282774277535222,2255743.600971862,633.1786670497614
326600.0,4500646.9205789,445283.3484005173,4500720.569138073,-634.8534492933178,770.7468694414016,-634.6774887309316,21.140722542540992,-34.73641877867974,21.132835253014612,17430.344161773057,0.0,0.2055418267503148,1.9282774277535222,2255743.600971862,633.1786670497614
326700.0,4500583.540899768,445360.24951748236,4500657.207015586,-632.7405177446869,767.2765986942436,-632.5653451510428,21.117658852128653,-34.66868877753293,21.10978683696801,17430.344161773057,0.0,0.2055418267503148,1.9282774277535222,2255743.600971862,633.1786670497614
326800.0,4500520.372395985,445436.80394908297,4500594.055989729,-630.6299670781533,763.8131926216064,-630.4555809048913,21.09310850773604,-34.59913070732022,21.08525218417714,17430.344161773057,0.0,0.2055418267503148,1.9282774277535222,2255743.600971862,633.1786670497614
326900.0,4500457.414822066,445513.01239087275,4500531.115815174,-628.5219448737923,760.3568324022677,-628.3483435311991,21.067093247240056,-34.527777154202205,21.059253025108884,17430.344161773057,0.0,0.2055418267503148,1.9282774277535222,2255743.600971862,633.1786670497614
327000.0,4500394.667917878,445588.87555635994,4500468.386231946,-626.4165965287212,756.907695949656,-626.2437783864726,21.039634989368096,-34.45466083560668,21.031811271050245,17430.344161773057,0.0,0.2055418267503148,1.9282774277535222,2255743.600971862,633.1786670497614
327100.0,4500332.131408856,445664.39417668036,4500405.866965647,-624.3140652397766,753.4659578997359,-624.142028627683,21.01075581849511,-34.37981458004569,21.002948998909968,17430.344161773057,0.0,0.2055418267503148,1.9282774277535222,2255743.600971862,633.1786670497614
327200.0,4500269.8050062265,445739.56900026917,4500343.557727673,-622.214491987702,750.0317896008958,-622.043235196456,20.980477969610284,-34.30327130724719,20.9726884361898,17430.344161773057,0.0,0.2055418267503148,1.9282774277535222,2255743.600971862,633.1786670497614
327300.0,4500207.688407229,445814.40079253155,4500281.458215437,-620.1180155228292,746.6053591058038,-619.9475368047554,20.94882381351918,-34.225064008680114,20.941051946191024,17430.344161773057,0.0,0.2055418267503148,1.9282774277535222,2255743.600971862,633.1786670497614
327400.0,4500145.781295342,445888.890335513,4500219.568112592,-618.0247723522268,743.1868311651916,-617.8550699220327,20.91581584226282,-34.14522572844937,20.90806201343795,17430.344161773057,0.0,0.2055418267503148,1.9282774277535222,2255743.600971862,633.1786670497614
327500.0,4500084.083340504,445963.0384275687,4500157.887089259,-615.934896728296,739.7763672235293,-615.7659687638243,20.881476654775383,-34.063789544585646,20.873741229339796,17430.344161773057,0.0,0.2055418267503148,1.9282774277535222,2255743.600971862,633.1786670497614
327600.0,4500022.594199343,446036.84588303295,4500096.414802248,-613.8485206387883,736.3741254165523,-613.6803652817694,20.845828942803763,-33.98078855075677,20.838112278114515,17430.344161773057,0.0,0.2055418267503148,1.9282774277535222,2255743.600971862,633.1786670497614
327700.0,4499961.313515399,446110.3135318881,4500035.150895288,-611.7657737982183,732.9802605705956,-611.5983891550235,20.808895477039016,-33.89625583833911,20.801197922924246,17430.344161773057,0.0,0.2055418267503148,1.9282774277535222,2255743.600971862,633.1786670497614
327800.0,4499900.240919357,446183.4422194337,4499974.094999256,-609.6867836406509,729.5949242037008,-609.5201677830448,20.770699093555166,-33.810224478962375,20.76302099231816,17430.344161773057,0.0,0.2055418267503148,1.9282774277535222,2255743.600971862,633.1786670497614
327900.0,4499839.3760292735,446256.23280595586,4499913.2467324,-607.61167531383,726.2182645284457,-607.4458262797231,20.731262680489007,-33.72272750744627,20.723604366916092,17430.344161773057,0.0,0.2055418267503148,1.9282774277535222,2255743.600971862,633.1786670497614
328000.0,4499778.718450802,446328.6861663968,4499852.605700574,-605.5405716746274,722.8504264564616,-605.3754874688266,20.690609164997046,-33.63379790517114,20.68297096636935,17430.344161773057,0.0,0.2055418267503148,1.9282774277535222,2255743.600971862,633.1786670497614
328100.0,4499718.267777428,446400.80319002504,4499792.171497462,-603.4735932857805,719.4915516045894,-603.3092718807394,20.64876150051677,-33.543468583913,20.641143736625615,17430.344161773057,0.0,0.2055418267503148,1.9282774277535222,2255743.600971862,633.1786670497614
328200.0,4499658.023590692,446472.58478010655,4499731.943704813,-601.4108584138905,716.1417783026315,-601.2472977504573,20.60574265427575,-33.451772370073755,20.598145637441654,17430.344161773057,0.0,0.2055418267503148,1.9282774277535222,2255743.600971862,633.1786670497614
328300.0,4499597.985460427,446544.03185357613,4499671.921892663,-599.3524830286548,712.8012416026576,-599.1896810168181,20.561575595117368,-33.358741989387156,20.553999630212537,17430.344161773057,0.0,0.2055418267503148,1.9282774277535222,2255743.600971862,633.1786670497614
328400.0,4499538.152944979,446615.1453407104,4499612.105619572,-597.2985808033015,709.4700732898181,-597.1365353229344,20.516283281628166,-33.26441005208016,20.50872866610242,17430.344161773057,0.0,0.2055418267503148,1.9282774277535222,2255743.600971862,633.1786670497614
328500.0,4499478.525591446,446685.92618480173,4499552.49443285,-595.2492631161979,706.1484018946182,-595.0879720177978,20.46988865053725,-33.16880903845274,20.462355674447117,17430.344161773057,0.0,0.2055418267503148,1.9282774277535222,2255743.600971862,633.1786670497614
328600.0,4499419.1029359,446756.3753418333,4499493.087868785,-593.2046390536012,702.8363527066122,-593.0441001590289,20.422414605447468,-33.07197128494536,20.414903551488607,17430.344161773057,0.0,0.2055418267503148,1.9282774277535222,2255743.600971862,633.1786670497614
328700.0,4499359.884503619,446826.4937801557,4499433.885452875,-591.1648154135243,699.5340477894675,-591.0050265167371,20.373884005859008,-32.973928970644764,20.3663951494016,17430.344161773057,0.0,0.2055418267503148,1.9282774277535222,2255743.600971862,633.1786670497614
328800.0,4499300.8698093165,446896.28248016554,4499374.886700056,-589.1298967106809,696.2416059973565,-588.970855578464,20.324319656489653,-32.87471410423116,20.316853265616835,17430.344161773057,0.0,0.2055418267503148,1.9282774277535222,2255743.600971862,633.1786670497614
328900.0,4499242.058357368,446965.74243398494,4499316.091114926,-587.0999851824849,692.9591429926293,-586.9416895551777,20.273744296920523,-32.77435851139912,20.266300632469644,17430.344161773057,0.0,0.2055418267503148,1.9282774277535222,2255743.600971862,633.1786670497614
329000.0,4499183.44964204,447034.8746451434,4499257.49819198,-585.0751807960683,689.6867712647228,-584.917628388287,20.222180591558853,-32.67289382273936,20.21475990716555,17430.344161773057,0.0,0.2055418267503148,1.9282774277535222,2255743.600971862,633.1786670497614
329100.0,4499125.043147712,447103.6801282617,4499199.107415828,-583.0555812562885,686.4246001502595,-582.898769757644,20.169651119888442,-32.570351462044684,20.162253662033365,17430.344161773057,0.0,0.2055418267503148,1.9282774277535222,2255743.600971862,633.1786670497614
329200.0,4499066.8383491095,447172.1599087374,4499140.9182614265,-581.0412820146948,683.1727358542917,-580.8852090905056,20.11617836704964,-32.466762635087264,20.10880437510769,17430.344161773057,0.0,0.2055418267503148,1.9282774277535222,2255743.600971862,633.1786670497614
329300.0,4499008.834711523,447240.31502243294,4499082.930194302,-579.0323762794206,679.9312814726467,-578.8770395714207,20.061784714733495,-32.36215831884681,20.054434421025633,17430.344161773057,0.0,0.2055418267503148,1.9282774277535222,2255743.600971862,633.1786670497614
329400.0,4498951.031691035,447308.1465153659,4499025.142670774,-577.0289550259708,676.700337015326,-576.8743521530126,20.006492432359774,-32.25656925115129,19.999166062207056,17430.344161773057,0.0,0.2055418267503148,1.9282774277535222,2255743.600971862,633.1786670497614
329500.0,4498893.428734741,447375.6554434016,4498967.555138175,-575.0311070088759,673.479999430919,-574.8772355676273,19.9503236686234,-32.150025920827765,19.94302144040342,17430.344161773057,0.0,0.2055418267503148,1.9282774277535222,2255743.600971862,633.1786670497614
329600.0,4498836.025280972,447442.842871948,4498910.16703508,-573.0389187741765,670.2703626319793,-572.8857763398125,19.893300443277635,-32.04255855820557,19.886022568482982,17430.344161773057,0.0,0.2055418267503148,1.9282774277535222,2255743.600971862,633.1786670497614
329700.0,4498778.820759513,447509.7098756539,4498852.977791516,-571.0524746727136,667.0715175213294,-570.9000587996017,19.83544463928847,-31.93419712612803,19.82819132258738,17430.344161773057,0.0,0.2055418267503148,1.9282774277535222,2255743.600971862,633.1786670497614
329800.0,4498721.814591825,447576.25753810885,4498795.98682919,-569.071856874188,663.883552019242,-568.9201650965673,19.77677799525423,-31.824971311345145,19.769549434553078,17430.344161773057,0.0,0.2055418267503148,1.9282774277535222,2255743.600971862,633.1786670497614
