t,x,y,z,vx,vy,vz,ax,ay,az,total_mass,fuel_mass,drag_coeff,frontal_area,total_thrust,total_mfr
0.0,4509946.545174891,-7.042979428120195,4509914.626646546,0.0,0.0,0.0,-6.930558741656116,1.0823139953861635e-05,-6.930509691576823,40649.03131070797,22522.584685345253,0.19182687041996702,1.940615498026607,2100841.585334012,603.42979371159
100.0,4509946.640002317,-6.859831388599199,4509914.721458142,1.8965477090976568,3.6629592286529022,1.8962311128354696,18.965445037464345,36.62952981608177,18.962279080239842,40560.3169280418,22462.241705974095,0.19182687041996702,1.940615498026607,2100841.585334012,603.42979371159
200.0,4509946.924677031,-6.31011532744519,4509915.006085343,3.7969441556592747,7.331357292597534,3.7963104857374588,19.003884008698176,36.68382389767853,19.00071328564443,40499.97394867064,22401.898726602936,0.19182687041996702,1.940615498026607,2100841.585334012,603.42979371159
300.0,4509947.399583997,-5.393287493217337,4509915.4809130635,5.7011911198249186,11.00519152677965,5.700239899054013,19.042340381925136,36.73809063299605,19.039164895182356,40439.630969299484,22341.555747231774,0.19182687041996702,1.940615498026607,2100841.585334012,603.42979371159
400.0,4509948.065108354,-4.10880440569091,4509916.146326397,7.609290339126121,14.684459172413085,7.608021090532706,19.080813738113388,36.79232909920827,19.07763348990114,40379.28798992832,22281.212767860612,0.19182687041996702,1.940615498026607,2100841.585334012,603.42979371159
500.0,4509948.921635414,-2.456122865081923,4509917.002710605,9.521243510010082,18.36915737996035,9.51965575684458,19.11930367363245,36.846538403584844,19.116118666247043,40318.94501055716,22220.869788489454,0.19182687041996702,1.940615498026607,2100841.585334012,603.42979371159
600.0,4509949.969550653,-0.4346999609705815,4509918.05045112,11.437052289398638,22.059283212175977,11.435145555142851,19.157809800600063,36.900717684117076,19.15462003641189,40258.602031186005,22160.526809118295,0.19182687041996702,1.940615498026607,2100841.585334012,603.42979371159
700.0,4509951.209239716,1.9560069190827365,4509919.289933537,13.356718296281901,25.75483364721241,13.354492104656284,19.196331747228264,36.954866110141204,19.193137228679117,40198.259051814835,22100.183829747133,0.19182687041996702,1.940615498026607,2100841.585334012,603.42979371159
800.0,4509952.641088404,4.716540081235204,4509920.721543609,15.280243113346504,29.455805581788123,15.27769698831716,19.234869158168543,37.00898288295865,19.231669887768824,40137.91607244368,22039.84085037597,0.19182687041996702,1.940615498026607,2100841.585334012,603.42979371159
900.0,4509954.265482677,7.847441517379179,4509922.3456672495,17.207628288638354,33.162195834417716,17.204761754423753,19.273421694856015,37.063067236453556,19.27021767518192,40077.57309307252,21979.497871004813,0.19182687041996702,1.940615498026607,2100841.585334012,603.42979371159
1000.0,4509956.082808647,11.349252897485945,4509924.162690521,19.13887533725977,36.87400114870362,19.135687918337183,19.311989035852367,37.11711843770669,19.30878026954306,40017.23011370136,21919.154891633654,0.19182687041996702,1.940615498026607,2100841.585334012,603.42979371159
1100.0,4509958.093452576,15.22251556228167,4509926.17299964,21.073985743100913,40.591218196689134,21.07047696421256,19.350570877187636,37.17113578760592,19.34735736694227,39956.8871343302,21858.811912262492,0.19182687041996702,1.940615498026607,2100841.585334012,603.42979371159
1200.0,4509960.2978008725,19.46777051626174,4509928.376980967,23.012960960605348,44.313843582272355,23.00913034676423,19.38916693270051,37.22511862145296,19.385948681275284,39896.54415495904,21798.46893289133,0.19182687041996702,1.940615498026607,2100841.585334012,603.42979371159
1300.0,4509962.69624009,24.085558421049516,4509930.775021007,24.955802416569593,48.04187384468065,24.951649493065062,19.427776934377125,37.27906630956595,19.424553944582257,39836.20117558788,21738.12595352017,0.19182687041996702,1.940615498026607,2100841.585334012,603.42979371159
1400.0,4509965.289156923,29.07641958910552,4509933.367506408,26.902511511976524,51.77530546200528,26.89803580437951,19.46640063268821,37.33297825787788,19.46317290738486,39775.85819621672,21677.782974149013,0.19182687041996702,1.940615498026607,2100841.585334012,603.42979371159
1500.0,4509968.0769382045,34.44089397779312,4509936.154823956,28.853089623862434,55.51413485479564,28.848290658030386,19.505037796924483,37.38685390853047,19.501805339021594,39715.51521684555,21617.43999477785,0.19182687041996702,1.940615498026607,2100841.585334012,603.42979371159
1600.0,4509971.059970905,40.17952118380655,4509939.137360573,30.807538107217574,59.25835838971282,30.802415409299073,19.54368821553005,37.4406927404632,19.54045102798121,39655.1722374744,21557.09701540669,0.19182687041996702,1.940615498026607,2100841.585334012,603.42979371159
1700.0,4509974.238642128,46.2928404379673,4509942.315503316,32.76585829691999,63.00797238324178,32.76041139335904,19.582351696433925,37.494494269997666,19.579109782234102,39594.82925810324,21496.75403603553,0.19182687041996702,1.940615498026607,2100841.585334012,603.42979371159
1800.0,4509977.613339111,52.78139060039455,4509945.689639375,34.72805150970241,66.76297310546187,34.722279927242425,19.62102806737922,37.548258051416305,19.6177814295615,39534.486278732074,21436.411056664372,0.19182687041996702,1.940615498026607,2100841.585334012,603.42979371159
1900.0,4509981.184449222,59.645710156055635,4509949.260156069,36.69411904615204,70.52335678387493,36.68802231183945,19.65971717625019,37.60198367753594,19.65646581788243,39474.14329936092,21376.06807729321,0.19182687041996702,1.940615498026607,2100841.585334012,603.42979371159
2000.0,4509984.952359958,66.88633721070211,4509953.02744085,38.66406219274288,74.28911960729063,38.65763983393046,19.69841889139678,37.65567078027562,19.695162815578247,39413.80031998976,21315.725097922048,0.19182687041996702,1.940615498026607,2100841.585334012,603.42979371159
2100.0,4509988.917458943,74.50380948719723,4509956.991881294,40.63788222390055,78.06025772976827,40.63113376825037,19.737133101956662,37.70931903121834,19.733872311814572,39353.457340618595,21255.38211855089,0.19182687041996702,1.940615498026607,2100841.585334012,603.42979371159
2200.0,4509993.080133931,82.4986643222404,4509961.153865107,42.61558040409908,81.83676727461457,42.60850537958513,19.77585971817463,37.76292814216686,19.7725942168607,39293.11436124744,21195.03913917973,0.19182687041996702,1.940615498026607,2100841.585334012,603.42979371159
2300.0,4509997.440772798,90.87143866349417,4509965.51378012,44.59715798998967,85.61864433843682,44.58975592490012,19.81459867171917,37.81649786569294,19.811328462406077,39232.77138187627,21134.69615980857,0.19182687041996702,1.940615498026607,2100841.585334012,603.42979371159
2400.0,4510001.999763549,99.62266906711929,4509970.072014288,46.5826162325609,89.40588499525063,46.57488665550001,19.85334991599614,37.87002799567999,19.850075001873943,39172.42840250512,21074.353180437407,0.19182687041996702,1.940615498026607,2100841.585334012,603.42979371159
2500.0,4510006.757494313,108.75289169572325,4509974.828955694,48.571956379330295,93.19848530064169,48.56389881921996,19.892113426459407,37.92351836785898,19.888833810731946,39112.085423133954,21014.01020106625,0.19182687041996702,1.940615498026607,2100841.585334012,603.42979371159
2600.0,4510011.714353341,118.26264231672765,4509979.784992543,50.56517967656673,96.99644129598089,50.55679366264767,19.930889200918305,37.97696886033709,19.927604886799514,39051.74244376279,20953.66722169509,0.19182687041996702,1.940615498026607,2100841.585334012,603.42979371159
2700.0,4510016.8707290115,128.15245630115976,4509984.940513166,52.56228737154356,100.79974901269192,52.55357243337614,19.96967725984183,38.03037939411916,19.966388250552043,38991.39946439164,20893.324242323928,0.19182687041996702,1.940615498026607,2100841.585334012,603.42979371159
2800.0,4510022.227009828,138.42286862287338,4509990.2959060185,54.56328071482198,104.60840447657085,54.55423638228664,20.00847764665946,38.08374993362169,20.005183945421653,38931.056485020476,20832.981262952766,0.19182687041996702,1.940615498026607,2100841.585334012,603.42979371159
2900.0,4510027.783584418,149.07441385820428,4509995.851559682,56.56816096256434,108.42240371215665,56.55878676586168,20.047290428058343,38.13708048717887,20.043992038094316,38870.71350564931,20772.638283581608,0.19182687041996702,1.940615498026607,2100841.585334012,603.42979371159
3000.0,4510033.540841535,160.1076261860652,4510001.607862862,58.57692937887708,112.24174274715203,58.56722484852752,20.08611569427694,38.19037110754082,20.082812618803505,38810.37052627816,20712.29530421045,0.19182687041996702,1.940615498026607,2100841.585334012,603.42979371159
3100.0,4510039.49917006,171.52303938848533,4510007.565204393,60.58958723818282,116.06641761689386,60.579551905025916,20.124953559394918,38.24362189236363,20.12164580161998,38750.02754690699,20651.952324839287,0.19182687041996702,1.940615498026607,2100841.585334012,603.42979371159
3200.0,4510045.658959002,183.3211868515994,4510013.723973238,62.606135827621344,119.89642436887209,62.59576922281467,20.16380416161896,38.296832984690866,20.160491724737625,38689.684567535835,20591.609345468125,0.19182687041996702,1.940615498026607,2100841.585334012,603.42979371159
3300.0,4510052.0205975,195.50260156709103,4510020.084558487,64.62657644947896,123.7317590672966,64.61587810449663,20.202667663564885,38.350004573426666,20.199350550755454,38629.34158816467,20531.266366096967,0.19182687041996702,1.940615498026607,2100841.585334012,603.42979371159
3400.0,4510058.584474822,208.06781613409504,4510026.647349363,66.65091042364597,127.5724177977109,66.63987987027674,20.241544252535352,38.40313689379981,20.23822246695535,38568.99860879351,20470.923386725808,0.19182687041996702,1.940615498026607,2100841.585334012,603.42979371159
3500.0,4510065.35098037,221.01736276156353,4510033.412735223,68.67913909010166,131.41839667165192,68.66777586044665,20.280434140793567,38.45623022781895,20.277107685575658,38508.655629422356,20410.580407354646,0.19182687041996702,1.940615498026607,2100841.585334012,603.42979371159
3600.0,4510072.320503684,234.35177327110017,4510040.381105556,70.71126381142656,135.26969183135486,70.69956743789655,20.31933756583244,38.50928490471843,20.31600644408037,38448.31265005119,20350.237427983484,0.19182687041996702,1.940615498026607,2100841.585334012,603.42979371159
3700.0,4510079.493434438,248.07157910026714,4510047.552849991,72.74728597534141,139.12629945450232,72.73525599065371,20.35825479063945,38.562301301394854,20.354919005423902,38387.96967068003,20289.894448612326,0.19182687041996702,1.940615498026607,2100841.585334012,603.42979371159
3800.0,4510086.870162446,262.1773113063693,4510054.928358297,74.78720699727243,142.9882157590166,74.77484293444738,20.39718610395685,38.61527984283391,20.393845658311292,38327.62669130888,20229.551469241167,0.19182687041996702,1.940615498026607,2100841.585334012,603.42979371159
3900.0,4510094.451077667,276.6695005707195,4510062.508020384,76.8310283229424,146.85543700789435,76.81832971529938,20.436131820537234,38.668221002527424,20.43278671745371,38267.28371193771,20169.208489870005,0.19182687041996702,1.940615498026607,2100841.585334012,603.42979371159
4000.0,4510102.236570206,291.54867720338973,4510070.292226311,78.87875143098714,150.72795951408227,78.86571781214025,20.475092281394332,38.72112530288046,20.47174252381924,38206.94073256655,20108.865510498843,0.19182687041996702,1.940615498026607,2100841.585334012,603.42979371159
4100.0,4510110.227030315,306.8153711484515,4510078.281366284,80.93037783559681,154.60577964539343,80.91700873945007,20.514067854048843,38.773993315608095,20.51071344487867,38146.59775319539,20048.522531127684,0.19182687041996702,1.940615498026607,2100841.585334012,603.42979371159
4200.0,4510118.422848404,322.47011198971006,4510086.475830665,82.98590908918169,158.48889382946254,82.97220404992379,20.553058932769403,38.82682566212197,20.549699874846397,38086.25477382423,19988.179551756526,0.19182687041996702,1.940615498026607,2100841.585334012,603.42979371159
4300.0,4510126.8244150365,338.5134289569361,4510094.876009972,85.04534678506171,162.3772985587396,85.03130533716038,20.592065938808368,38.879623013906276,20.58870223491622,38025.91179445307,19927.836572385364,0.19182687041996702,1.940615498026607,2100841.585334012,603.42979371159
4400.0,4510135.432120938,354.94585093259843,4510103.482294884,87.10869256017945,166.2709903955205,87.09431423837536,20.631089320632395,38.93238609288292,20.627720973491893,37965.56881508191,19867.493593014202,0.19182687041996702,1.940615498026607,2100841.585334012,603.42979371159
4500.0,4510144.246357,371.76790645910194,4510112.295076246,89.17594809783593,170.16996597701382,89.16123243713618,20.670129554147863,38.98511567176592,20.666756566412435,37905.22583571075,19807.150613643043,0.19182687041996702,1.940615498026607,2100841.585334012,603.42979371159
4600.0,4510153.2675142875,388.9801237465335,4510121.314745076,91.24711513044872,174.07422202044253,91.23206166611985,20.70918714292073,39.037812574404676,20.705809517172078,37844.882856339595,19746.807634271885,0.19182687041996702,1.940615498026607,2100841.585334012,603.42979371159
4700.0,4510162.4959840365,406.58303068092005,4510130.541692565,93.3221954423318,177.98375532817954,93.30680370989238,20.748262618391127,39.09047767611621,20.744880357134736,37784.539876968425,19686.464654900723,0.19182687041996702,1.940615498026607,2100841.585334012,603.42979371159
4800.0,4510171.932157668,424.577154833002,4510139.976310086,95.4011908724967,181.89856279291593,95.38546040770946,20.787356540082126,39.143111904005664,20.783969645742786,37724.19689759727,19626.12167552956,0.19182687041996702,1.940615498026607,2100841.585334012,603.42979371159
4900.0,4510181.576426789,442.96302346752464,4510149.6189892,97.48410331747414,185.81864140286075,97.46803365633768,20.826469495803142,39.19571623727575,20.823077970720437,37663.85391822611,19565.778696158402,0.19182687041996702,1.940615498026607,2100841.585334012,603.42979371159
5000.0,4510191.429183199,461.7411635530515,4510159.47012166,99.57093473415594,189.74398824697136,99.55452541289594,20.865602101847397,39.24829170752427,20.862205948271175,37603.510938854946,19505.435716787244,0.19182687041996702,1.940615498026607,2100841.585334012,603.42979371159
5100.0,4510201.490818895,480.9121017723017,4510169.530099417,101.66168714265632,193.6746005202128,101.64493769771633,20.904755003183627,39.30083939902991,20.901354223269422,37543.16795948379,19445.092737416082,0.19182687041996702,1.940615498026607,2100841.585334012,603.42979371159
5200.0,4510211.761726081,500.47636453301544,4510179.799314628,103.75636262919211,197.61047552884537,103.73927259722386,20.94392887364191,39.353360449026056,20.94052346944635,37482.82498011263,19384.74975804492,0.19182687041996702,1.940615498026607,2100841.585334012,603.42979371159
5300.0,4510222.242297173,520.4344779793487,4510190.278159662,105.85496334898136,201.55161069573893,105.83753226683463,20.983124416093407,39.405856047962615,20.97971438956963,37422.48200074147,19324.40677867376,0.19182687041996702,1.940615498026607,2100841.585334012,603.42979371159
5400.0,4510232.932924802,540.7869680038011,4510200.967027108,107.95749152915957,205.49800356571302,107.9397189338716,21.022342362624237,39.45832743975567,21.01892771561724,37362.13902137031,19264.063799302603,0.19182687041996702,1.940615498026607,2100841.585334012,603.42979371159
5500.0,4510243.834001833,561.5343602596795,4510211.86630978,110.06394947171317,209.44965181090117,110.0458349004976,21.061583474703127,39.51077592202493,21.05816420894512,37301.79604199914,19203.72081993144,0.19182687041996702,1.940615498026607,2100841.585334012,603.42979371159
5600.0,4510254.945921359,582.6771801740979,4510222.976400726,112.17433955642937,213.40655323613862,112.15588254666463,21.100848543342675,39.56320284631836,21.0974246604484,37241.45306262799,19143.37784056028,0.19182687041996702,1.940615498026607,2100841.585334012,603.42979371159
5700.0,4510266.269076717,604.2159529615186,4510234.297693237,114.28866424386192,217.3687057843718,114.2698643330793,21.14013838925474,39.61560961832484,21.13670989071679,37181.110083256826,19083.03486118912,0.19182687041996702,1.940615498026607,2100841.585334012,603.42979371159
5800.0,4510277.803861495,626.1512036378346,4510245.830580855,116.40692607831213,221.33610754208857,116.3877828041833,21.179453862999225,39.66799769807393,21.176020750183323,37120.767103885664,19022.691881817962,0.19182687041996702,1.940615498026607,2100841.585334012,603.42979371159
5900.0,4510289.550669539,648.483457034996,4510257.575457378,118.5291276908245,225.30875674476786,118.50964059114857,21.218795845126436,39.72036860012282,21.215358119266728,37060.42412451451,18962.3489024468,0.19182687041996702,1.940615498026607,2100841.585334012,603.42979371159
6000.0,4510301.5098949615,671.213237816183,4510269.532716876,120.6552718021963,229.28665178234738,120.63544041488636,21.25816524631312,39.772723893730515,21.254722908507414,37000.08114514335,18902.005923075638,0.19182687041996702,1.940615498026607,2100841.585334012,603.42979371159
6100.0,4510313.681932153,694.3410704915251,4510281.70275369,122.78536122600049,233.26979120470824,122.76518508906975,21.29756300749209,39.82506520301957,21.294116058697114,36939.738165772185,18841.66294370448,0.19182687041996702,1.940615498026607,2100841.585334012,603.42979371159
6200.0,4510326.067175791,717.8674794343713,4510294.085962452,124.91939887162124,237.25817372717518,124.89887752316862,21.336990099974997,39.87739420712415,21.333538541001623,36879.39518640103,18781.31996433332,0.19182687041996702,1.940615498026607,2100841.585334012,603.42979371159
6300.0,4510338.666020845,741.7929888981093,4510306.682738087,127.0573877473015,241.25179823603088,127.03652072549686,21.376447525568704,39.92971264032548,21.372991357077183,36819.05220702986,18720.97698496216,0.19182687041996702,1.940615498026607,2100841.585334012,603.42979371159
6400.0,4510351.478862596,766.1181230335388,4510319.493475827,129.19933096320196,245.25066379404336,129.17811780627068,21.415936316685006,39.982022292174186,21.412475539180154,36758.70922765871,18660.634005590997,0.19182687041996702,1.940615498026607,2100841.585334012,603.42979371159
6500.0,4510364.506096636,790.843405906796,4510332.518571221,131.3452317344706,249.25476964600503,131.3236719806778,21.455457536443564,40.03432500759935,21.45199215026998,36698.366248287544,18600.29102621984,0.19182687041996702,1.940615498026607,2100841.585334012,603.42979371159
6600.0,4510377.748118888,815.9693615178337,4510345.758420144,133.4950933843222,253.26411522428182,133.47318657195652,21.495012278768183,40.08662268700446,21.491542284105424,36638.02326891638,18539.94804684868,0.19182687041996702,1.940615498026607,2100841.585334012,603.42979371159
6700.0,4510391.20532561,841.4965138194572,4510359.213418808,135.64891934712736,257.2787001543717,135.6266650144841,21.534601668476085,40.13891728634968,21.531127065333866,36577.68028954523,18479.605067477518,0.19182687041996702,1.940615498026607,2100841.585334012,603.42979371159
6800.0,4510404.87811341,867.4253867369151,4510372.883963775,137.80671317151,261.29852426047034,137.7841108568739,21.574226861360774,40.191210817221496,21.570747649574123,36517.337310174065,18419.262088106356,0.19182687041996702,1.940615498026607,2100841.585334012,603.42979371159
6900.0,4510418.766879259,893.7565041880484,4510386.770451969,139.96847852345292,265.3235875710436,139.94552776508036,21.61388904426777,40.24350534688869,21.610405223492243,36456.9943308029,18358.919108735197,0.19182687041996702,1.940615498026607,2100841.585334012,603.42979371159
7000.0,4510432.872020496,920.490390103996,4510400.8732806835,142.1342191894104,269.35389032440474,142.11091952551132,21.65358943516347,40.29580299834458,21.650101004870255,36396.65135143175,18298.57612936404,0.19182687041996702,1.940615498026607,2100841.585334012,603.42979371159
7100.0,4510447.1939348485,947.6275684504586,4510415.1928476,144.30393907942786,273.3894329742952,144.28029004814692,21.693329283197265,40.34810595033656,21.6898362426684,36336.30837206058,18238.233149992877,0.19182687041996702,1.940615498026607,2100841.585334012,603.42979371159
7200.0,4510461.732620872,975.1678063573668,4510429.729151293,146.46760116468502,277.4111962153612,146.44360394938155,21.61011459523303,40.16746208732546,21.60663709507088,36275.965392689424,18177.890170621715,0.19182687041996702,1.940615498026607,2100841.585334012,603.42979371159
7300.0,4510476.487645475,1003.1100529347309,4510444.481758761,148.63265124809683,281.43328306400855,148.60830581216317,21.643287416246846,40.20725612094294,21.639806387657252,36215.62241331826,18117.547191250556,0.19182687041996702,1.940615498026607,2100841.585334012,603.42979371159
7400.0,4510491.459341057,1031.4547070060546,4510459.451002369,150.8010150347964,285.4593355586218,150.77632102655377,21.67625364793825,40.24659619330408,21.672769129956535,36155.2794339471,18057.204211879398,0.19182687041996702,1.940615498026607,2100841.585334012,603.42979371159
7500.0,4510506.648037948,1060.202162854956,4510474.637212411,152.9726716975878,289.48930797679424,152.9476287692892,21.7090098373088,40.28547597189873,21.705521869518826,36094.936454575945,17996.861232508236,0.19182687041996702,1.940615498026607,2100841.585334012,603.42979371159
7600.0,4510522.054064381,1089.3528101613447,4510490.040717086,155.14760006722588,293.5231539692896,155.1222078751103,21.74155260213654,40.323889264972,21.738061224658594,36034.59347520478,17936.518253137074,0.19182687041996702,1.940615498026607,2100841.585334012,603.42979371159
7700.0,4510537.677746454,1118.9070339394518,4510505.661842458,157.32577863965545,297.5608265744142,157.30003684400097,21.77387863411741,40.361830027286075,21.77038388759554,35974.25049583362,17876.175273765915,0.19182687041996702,1.940615498026607,2100841.585334012,603.42979371159
7800.0,4510553.519408099,1148.8652144773278,4510521.500912424,159.5071855835635,301.60227823296276,159.4810938487391,21.805984701974992,40.39929236581194,21.80248662756387,35913.90751646247,17815.832294394757,0.19182687041996702,1.940615498026607,2100841.585334012,603.42979371159
7900.0,4510569.579371048,1179.2277272778617,4510537.558248684,161.69179874824096,305.64746080372987,161.66535674275687,21.837867654535334,40.4362705453455,21.834366293886603,35853.5645370913,17755.489315023595,0.19182687041996702,1.940615498026607,2100841.585334012,603.42979371159
8000.0,4510585.857954803,1209.9949430013808,4510553.834170706,163.87959567175028,309.6963255795802,163.8528030683071,21.869524423767224,40.47275899404868,21.866019819015435,35793.22155772014,17695.146335652433,0.19182687041996702,1.940615498026607,2100841.585334012,603.42979371159
8100.0,4510602.355476603,1241.1672274098835,4510570.328995697,166.0705535893959,313.7488233040693,166.04341006493217,21.900952027784637,40.508752308909216,21.89744422153262,35732.87857834898,17634.803356281274,0.19182687041996702,1.940615498026607,2100841.585334012,603.42979371159
8200.0,4510619.072251398,1272.7449413129632,4510587.043038575,168.26464944249295,317.80490418860643,168.23715467823124,21.932147573811555,40.54424526112006,21.9286366091154,35672.53559897782,17574.460376910116,0.19182687041996702,1.940615498026607,2100841.585334012,603.42979371159
8300.0,4510636.008591817,1304.7284405154733,4510603.976611936,170.46185988743093,321.8645179301523,170.4340135689225,21.963108261105482,40.5792328013713,21.95959418145901,35612.19261960666,17514.117397538954,0.19182687041996702,1.940615498026607,2100841.585334012,603.42979371159
8400.0,4510653.164808139,1337.1180757669904,4510621.130026031,172.66216130502792,325.92761372944176,172.63396312219572,21.99383138384008,40.61371006505553,21.990314233158898,35551.8496402355,17453.77441816779,0.19182687041996702,1.940615498026607,2100841.585334012,603.42979371159
8500.0,4510670.541208271,1369.9141927131236,4510638.503588733,174.86552981017127,329.99414030972287,174.8369794573513,22.024314333943263,40.647672377380175,22.02079415654835,35491.50666086434,17393.431438796633,0.19182687041996702,1.940615498026607,2100841.585334012,603.42979371159
8600.0,4510688.138097716,1403.117131848725,4510656.097605516,177.07194126173997,334.06404593600354,177.04303843772112,22.054554603891567,40.681115258387976,22.051031444492452,35431.163681493184,17333.088459425475,0.19182687041996702,1.940615498026607,2100841.585334012,603.42979371159
8700.0,4510705.955779551,1436.7272284730484,4510673.912379428,179.28137127280462,338.13727843479546,179.25211568086658,22.08454978945594,40.71403442787711,22.081023693133425,35370.820702122015,17272.745480054313,0.19182687041996702,1.940615498026607,2100841.585334012,603.42979371159
8800.0,4510723.994554402,1470.7448126469078,4510691.9482110655,181.49379522109973,342.21378521434593,181.4641865690494,22.114297592400586,40.74642581022389,22.11076860458906,35310.47772275086,17212.40250068315,0.19182687041996702,1.940615498026607,2100841.585334012,603.42979371159
8900.0,4510742.254720425,1505.170209151883,4510710.205398553,183.7091882597638,346.29351328534705,183.67922625996965,22.143795823130674,40.778285539100395,22.140263989600047,35250.1347433797,17152.059521311992,0.19182687041996702,1.940615498026607,2100841.585334012,603.42979371159
9000.0,4510760.736573276,1540.0037374516187,4510728.684237519,185.92752532834174,350.37640928211204,185.89720969776658,22.173042403288097,40.80960996208566,22.169507770125264,35189.791764008536,17091.716541940834,0.19182687041996702,1.940615498026607,2100841.585334012,603.42979371159
9100.0,4510779.440406096,1575.245711655265,4510747.385021078,188.14878116404466,354.4624194842079,188.1181116242764,22.20203536829397,40.840395645168186,22.19849798188398,35129.44878463738,17031.37356256967,0.19182687041996702,1.940615498026607,2100841.585334012,603.42979371159
9200.0,4510798.366509492,1610.8964404831033,4510766.308039808,190.37293031326135,358.551489838533,190.34190659054184,22.230772869835583,40.87063937713548,22.22723277684234,35069.10580526622,16971.03058319851,0.19182687041996702,1.940615498026607,2100841.585334012,603.42979371159
9300.0,4510817.515171514,1646.956227234402,4510785.453581732,192.59994714331583,362.6435659818283,192.5685689685679,22.259253178296017,40.90033817384766,22.25571042564265,35008.76282589506,16910.68760382735,0.19182687041996702,1.940615498026607,2100841.585334012,603.42979371159
9400.0,4510836.886677642,1683.4253697575436,4510804.821932304,194.8298058544654,366.73859326361116,194.7980729633177,22.287474685125694,40.929489282393675,22.283929319974575,34948.4198465239,16850.344624456193,0.19182687041996702,1.940615498026607,2100841.585334012,603.42979371159
9500.0,4510856.481310768,1720.3041604224672,4510824.413374389,197.06248049213303,370.8365167695183,197.03039262494306,22.315435905152206,40.958090185123865,22.311887974884595,34888.07686715273,16790.00164508503,0.19182687041996702,1.940615498026607,2100841.585334012,603.42979371159
9600.0,4510876.29935118,1757.5928860954639,4510844.228188249,199.29794495936778,374.93728134504704,199.2655018612427,22.343135478828977,40.98613860355959,22.33958503102434,34827.73388778158,16729.65866571387,0.19182687041996702,1.940615498026607,2100841.585334012,603.42979371159
9700.0,4510896.341076551,1795.2918281163666,4510864.266651534,201.5361730295275,379.0408316196813,201.503374450343,22.370572174420175,41.0136325021757,22.367019256835164,34767.390908410416,16669.31568634271,0.19182687041996702,1.940615498026607,2100841.585334012,603.42979371159
9800.0,4510916.606761926,1833.4012622781709,4510884.529039261,203.7771383591767,383.14711203138995,203.74398405359358,22.397744890119313,41.04057009205106,22.394189550666454,34707.047929039254,16608.97270697155,0.19182687041996702,1.940615498026607,2100841.585334012,603.42979371159
9900.0,4510937.096679708,1871.9214588091238,4510905.015623811,206.0208145011934,387.25606685148415,205.9873042286722,22.42465265610087,41.06694983438613,22.42109494282692,34646.7049496681,16548.62972760039,0.19182687041996702,1.940615498026607,2100841.585334012,603.42979371159
10000.0,4510957.811099653,1910.8526823573154,4510925.726674915,208.26717491807807,391.3676402098198,208.23330844289134,22.45129463650426,41.092770443886444,22.447734597568243,34586.36197029694,16488.286748229228,0.19182687041996702,1.940615498026607,2100841.585334012,603.42979371159
10100.0,4510978.750288858,1950.195191977808,4510946.662459648,210.51619299545743,395.4817761203323,210.48197008669996,22.477670131345953,41.118030892004704,22.47410781499701,34526.018990925775,16427.94376885807,0.19182687041996702,1.940615498026607,2100841.585334012,603.42979371159
10200.0,4510999.914511756,1989.9492411223343,4510967.8232424185,212.7678420557765,399.5984185068888,212.7332624873731,22.50377857836138,41.14273041004429,22.500214032916237,34465.67601155462,16367.600789486909,0.19182687041996702,1.940615498026607,2100841.585334012,603.42979371159
10300.0,4511021.304030109,2030.1150776315963,4510989.209284967,215.02209537217112,403.71751122944374,214.9871589228824,22.52961955477187,41.16686849211587,22.526052828592118,34405.33303218345,16307.257810115749,0.19182687041996702,1.940615498026607,2100841.585334012,603.42979371159
10400.0,4511042.919103005,2070.692943730194,4511010.820846359,217.278926182514,407.83899811048383,217.24363263593958,22.555192778978068,41.19044489795,22.551623920447184,34344.990052812296,16246.914830744588,0.19182687041996702,1.940615498026607,2100841.585334012,603.42979371159
10500.0,4511064.759986854,2111.6830760242137,4511032.658182984,219.53830770362634,411.9628229617468,219.50265684820593,22.580498112176798,41.21345965556019,22.576927169676914,34284.647073441134,16186.571851373428,0.19182687041996702,1.940615498026607,2100841.585334012,603.42979371159
10600.0,4511086.826935388,2153.085705501499,4511054.721548553,221.8002131456476,416.08892961119955,221.7642047746598,22.605535559900154,41.23591306375445,22.601962581788648,34224.30409406997,16126.228872002268,0.19182687041996702,1.940615498026607,2100841.585334012,603.42979371159
10700.0,4511109.120199659,2194.9010575346338,4511077.011194097,224.06461572655553,420.21726193026024,224.028249638114,22.63030527347623,41.25780569449449,22.626730308062044,34163.96111469882,16065.885892631108,0.19182687041996702,1.940615498026607,2100841.585334012,603.42979371159
10800.0,4511131.640028044,2237.1293518866587,4511099.527367973,226.33148868682838,424.34776386124884,226.29476468387602,22.654807551409306,41.27913839509883,22.651230646929154,34103.618135327655,16005.542913259947,0.19182687041996702,1.940615498026607,2100841.585334012,603.42979371159
10900.0,4511154.386666243,2279.7708027195426,4511122.270315862,228.6008053042415,428.4803794450507,228.5637231945419,22.67904284067846,41.299912290288084,22.675464045272804,34043.27515595649,15945.199933888787,0.19182687041996702,1.940615498026607,2100841.585334012,603.42979371159
11000.0,4511177.360357288,2322.8256186054323,4511145.240280778,230.87253890878978,432.61505284897686,230.83509850491637,22.703011737954775,41.32012878407281,22.69943109964364,33982.93217658534,15884.856954517627,0.19182687041996702,1.940615498026607,2100841.585334012,603.42979371159
11100.0,4511200.561341548,2366.2940025406942,4511168.43750307,233.14666289772794,436.75172839480587,233.1088640170508,22.726714990734415,41.33978956147957,22.72313255739308,33922.58919721417,15824.513975146467,0.19182687041996702,1.940615498026607,2100841.585334012,603.42979371159
11200.0,4511223.989856734,2410.176151962772,4511191.862220431,235.42315075072,440.89035058699005,235.38499321539012,22.750153498386155,41.3588965901125,22.74656931772067,33862.246217843014,15764.170995775306,0.19182687041996702,1.940615498026607,2100841.585334012,603.42979371159
11300.0,4511247.646137911,2454.4722587698707,4511215.514667909,237.70197604508965,445.0308641410104,237.6634596820208,22.773328313116043,41.377452121555656,22.76974243263866,33801.90323847185,15703.828016404146,0.19182687041996702,1.940615498026607,2100841.585334012,603.42979371159
11400.0,4511271.530417506,2499.1825093434823,4511239.395077913,239.98311247116285,449.1732140118636,239.9442371120109,22.796240640841933,41.39545869260314,22.79265310784641,33741.56025910069,15643.485037032986,0.19182687041996702,1.940615498026607,2100841.585334012,603.42979371159
11500.0,4511295.642925321,2544.307084573769,4511263.503680231,242.26653384769378,453.31734542266435,242.22729932883368,22.818891841985476,41.41291912633117,22.815302703522264,33681.217279729535,15583.142057661826,0.19182687041996702,1.940615498026607,2100841.585334012,603.42979371159
11600.0,4511319.98388855,2589.8461598878075,4511287.840702038,244.55221413736575,457.46320389334636,244.51262029986586,22.841283432172023,41.4298365329948,22.837692735023445,33620.87430035837,15522.799078290665,0.19182687041996702,1.940615498026607,2100841.585334012,603.42979371159
11700.0,4511344.553531787,2635.7999052807118,4511312.406367915,246.8401274623579,461.61073526944557,246.80017415195198,22.86341708284445,41.446214310760624,22.859824873499722,33560.53132098721,15462.456098919505,0.19182687041996702,1.940615498026607,2100841.585334012,603.42979371159
11800.0,4511369.352077051,2682.168485349634,4511337.200899863,249.13024811996914,465.75988575094794,249.0899351870257,22.885294621787505,41.46205614626969,22.881700946417784,33500.188341616056,15402.113119548345,0.19182687041996702,1.940615498026607,2100841.585334012,603.42979371159
11900.0,4511394.379743797,2728.9520593306565,4511362.224517323,251.42255059828994,469.9106019211856,251.38187789777925,22.906918033561897,41.477366015029055,22.903322937995245,33439.84536224489,15341.770140177185,0.19182687041996702,1.940615498026607,2100841.585334012,603.42979371159
12000.0,4511419.63674894,2776.150781138571,4511387.477437196,253.71700959191355,474.06283077576387,253.675976983372,22.928289459848745,41.49214818163393,22.924692989545104,33379.50238287373,15281.427160806024,0.19182687041996702,1.940615498026607,2100841.585334012,603.42979371159
12100.0,4511445.123306875,2823.7647994095546,4511412.959873864,256.01360001767716,478.2165197515023,255.97220736516917,22.949411199705573,41.5064071998226,22.94581339973171,33319.15940350257,15221.084181434864,0.19182687041996702,1.940615498026607,2100841.585334012,603.42979371159
12200.0,4511470.839629502,2871.7942575467387,4511438.672039214,258.3122970304241,482.3716167553727,258.2705442025016,22.970285709727886,41.52014791235343,22.966686624732358,33258.81642413141,15160.741202063704,0.19182687041996702,1.940615498026607,2100841.585334012,603.42979371159
12300.0,4511496.785926248,2920.2392937686695,4511464.614142657,260.6130760387782,486.52807019341697,260.5709629084374,22.990915604124012,41.53337545071864,22.987315278312156,33198.47344476025,15100.398222692544,0.19182687041996702,1.940615498026607,2100841.585334012,603.42979371159
12400.0,4511522.962404094,2969.100041160662,4511490.786391164,262.9159127209212,490.6858289996276,262.87343916555704,23.011303654697468,41.546095234684316,23.007702131806415,33138.13046538909,15040.055243321383,0.19182687041996702,1.940615498026607,2100841.585334012,603.42979371159
12500.0,4511549.369267602,3018.376627729035,4511517.188989285,265.2207830403635,494.84484266477415,265.1779489417215,23.031452790737898,41.55831297165926,23.027850114011677,33077.78748601793,14979.712263950223,0.19182687041996702,1.940615498026607,2100841.585334012,603.42979371159
12600.0,4511576.0067189485,3068.0691764582302,4511543.822139184,267.5276632617002,499.00506126515836,267.4844685058261,23.05136609882425,41.570034655899306,23.047762310988908,33017.444506646774,14919.369284579063,0.19182687041996702,1.940615498026607,2100841.585334012,603.42979371159
12700.0,4511602.874957948,3118.1778053707985,4511570.686040665,269.836529966343,503.16643549128133,269.7929744435294,23.071046822534505,41.58126656753734,23.067441965773334,32957.101527275605,14859.026305207903,0.19182687041996702,1.940615498026607,2100841.585334012,603.42979371159
12800.0,4511629.974182093,3168.7026275902494,4511597.780891209,272.14736006821835,507.3289166764054,272.1034436729492,23.09049836206839,41.592015271451096,23.086892477997267,32896.75854790445,14798.683325836742,0.19182687041996702,1.940615498026607,2100841.585334012,603.42979371159
12900.0,4511657.304586583,3219.643751406752,4511625.106886006,274.4601308294238,511.4924568249949,274.41585346031644,23.109724273777438,41.60228761595851,23.106117403420253,32836.41556853329,14738.340346465582,0.19182687041996702,1.940615498026607,2100841.585334012,603.42979371159
13000.0,4511684.866364362,3271.0012803456702,4511652.66421799,276.77481987583275,515.657008641018,276.73018143557755,23.12872826960878,41.61209073135295,23.125120453372983,32776.072589162126,14677.997367094422,0.19182687041996702,1.940615498026607,2100841.585334012,603.42979371159
13100.0,4511712.659706156,3322.775313238924,4511680.453077877,279.09140521263964,519.8225255560942,279.0464056079369,23.147514216458585,41.621432028271,23.143905494110935,32715.729609790968,14617.654387723262,0.19182687041996702,1.940615498026607,2100841.585334012,603.42979371159
13200.0,4511740.68480051,3374.965944299154,4511708.473654204,281.4098652398358,523.9889617574707,281.3645043813305,23.166086135439457,41.63031919590103,23.162476546081805,32655.38663041981,14557.311408352101,0.19182687041996702,1.940615498026607,2100841.585334012,603.42979371159
13300.0,4511768.941833832,3427.573263196678,4511736.726133368,283.73017876760804,528.1562722158113,283.6844565698221,23.18444820105811,41.63876020002628,23.18083778310346,32595.043651048647,14496.968428980941,0.19182687041996702,1.940615498026607,2100841.585334012,603.42979371159
13400.0,4511797.43099043,3480.5973551392112,4511765.210699669,286.05232503165047,532.3244127127821,286.00624141291263,23.20260474031027,41.64676328091542,23.19899353145899,32534.70067167749,14436.62544960978,0.19182687041996702,1.940615498026607,2100841.585334012,603.42979371159
13500.0,4511826.1524525555,3534.0383009543393,4511793.927535353,288.376283708382,536.4933398684183,288.3298385907553,23.220560231687315,41.65433695105088,23.21694826890351,32474.357692306326,14376.28247023862,0.19182687041996702,1.940615498026607,2100841.585334012,603.42979371159
13600.0,4511855.106400454,3587.8961771747136,4511822.8768206565,290.70203493006,540.6630111682563,290.6552282392668,23.2383193041007,41.66148999270637,23.234706623588835,32414.014712935168,14315.93949086746,0.19182687041996702,1.940615498026607,2100841.585334012,603.42979371159
13700.0,4511884.293012408,3642.171056125949,4511852.0587338535,293.0295592997825,544.8333849902159,292.9823909651275,23.255886735722594,41.6682314553711,23.252273372904313,32353.671733564006,14255.5965114963,0.19182687041996702,1.940615498026607,2100841.585334012,603.42979371159
13800.0,4511913.71246478,3696.8630060171936,4511881.473451301,295.3588379063703,549.0044206312174,295.3113078606609,23.27326745274403,41.67457065302329,23.269653442235214,32293.328754192848,14195.25353212514,0.19182687041996702,1.940615498026607,2100841.585334012,603.42979371159
13900.0,4511943.3649320705,3751.972091034352,4511911.121147494,297.68985233912105,553.1760783335186,297.6419605185856,23.290466528053933,41.68051716125968,23.286851903642017,32232.985774821685,14134.91055275398,0.19182687041996702,1.940615498026607,2100841.585334012,603.42979371159
14000.0,4511973.250586963,3807.4983714359214,4511941.001995107,300.0225847024271,557.3483193107583,299.97433104663077,23.30748917983816,41.68608081427953,23.30387397445969,32172.642795450527,14074.56757338282,0.19182687041996702,1.940615498026607,2100841.585334012,603.42979371159
14100.0,4512003.369600378,3863.4419036514205,4511971.116165057,302.35701763024935,561.5211057736898,302.308402082008,23.324340770099173,41.691271701724716,23.32072501581767,32112.299816079365,14014.224594011659,0.19182687041996702,1.940615498026607,2100841.585334012,603.42979371159
14200.0,4512033.722141526,3919.802740382375,4512001.463826547,304.6931343004396,565.6944009555929,304.6441568057313,23.341026803103816,41.69610016539005,23.337410531087848,32051.956836708207,13953.881614640499,0.19182687041996702,1.940615498026607,2100841.585334012,603.42979371159
14300.0,4512064.3083779635,3976.580930705826,4512032.04514713,307.0309184489038,569.8681691373489,306.9815789567779,23.35755292375158,41.70057679578989,23.35393616425326,31991.613857337044,13893.538635269339,0.19182687041996702,1.940615498026607,2100841.585334012,603.42979371159
14400.0,4512095.12847565,4033.776520180333,4512062.86029276,309.37035438359794,574.0423756721667,309.3206528460828,23.37392491587323,41.70471242859972,23.37030769820685,31931.270877965886,13833.195655898178,0.19182687041996702,1.940615498026607,2100841.585334012,603.42979371159
14500.0,4512126.182599003,4091.3895509544254,4512093.90942785,311.7114269983514,578.2169870099457,311.6613633703588,23.3901487004564,41.70851814096661,23.386531052977553,31870.927898594724,13772.852676527018,0.19182687041996702,1.940615498026607,2100841.585334012,603.42979371159
14600.0,4512157.470910962,4149.420061877476,4512125.192715333,314.054121786508,582.3919707212641,314.00369602573676,23.40623033380315,41.7120052476982,23.40261228388806,31810.584919223566,13712.509697155858,0.19182687041996702,1.940615498026607,2100841.585334012,603.42979371159
14700.0,4512188.993573043,4207.8680886129505,4512156.710316723,316.39842485438066,586.5672955209798,316.34763692121714,23.42217600561928,41.715185297329924,23.418557579644517,31750.241939852403,13652.166717784698,0.19182687041996702,1.940615498026607,2100841.585334012,603.42979371159
14800.0,4512220.750745405,4266.733663754005,4512188.4623921765,318.74432293451065,590.7429312914315,318.69317279192796,23.437992037038644,41.718070068076855,23.434373260361184,31689.898960481245,13591.823738413537,0.19182687041996702,1.940615498026607,2100841.585334012,603.42979371159
14900.0,4512252.742586914,4326.016816941371,4512220.449100554,321.09180339872677,594.9188491052306,321.0402910121816,23.453684878583747,41.72067156367283,23.45006577552141,31629.555981110083,13531.480759042377,0.19182687041996702,1.940615498026607,2100841.585334012,603.42979371159
15000.0,4512284.969255205,4385.717574983509,4512252.670599487,323.44085427099714,599.0950212476297,323.38897960832486,23.46926110806429,41.723002009099986,23.465641701876493,31569.213001738925,13471.137779671217,0.19182687041996702,1.940615498026607,2100841.585334012,603.42979371159
15100.0,4512317.430906747,4445.835961978973,4512285.1270454405,325.7914642400679,603.2714212384602,325.73922727137557,23.48472742841773,41.72507384621671,23.48110774128669,31508.870022367762,13410.794800300057,0.19182687041996702,1.940615498026607,2100841.585334012,603.42979371159
15200.0,4512350.127696912,4506.371999440947,4512317.818593786,328.1436226718831,607.4480238536268,328.09102336944085,23.50009066549242,41.72689972928514,23.496470718504668,31448.527042996604,13350.451820928896,0.19182687041996702,1.940615498026607,2100841.585334012,603.42979371159
15300.0,4512383.059780044,4567.325706423909,4512350.745398864,330.49731962178,611.6248051461492,330.44435795991023,23.515357765773427,41.72849252039863,23.511737578901776,31388.184063625442,13290.108841557736,0.19182687041996702,1.940615498026607,2100841.585334012,603.42979371159
15400.0,4512416.227309527,4628.697099652376,4512383.907614056,332.85254584645423,615.8017424667441,332.79922180141955,23.53053579406166,41.72986528482909,23.526915386147547,31327.841084254283,13229.765862186576,0.19182687041996702,1.940615498026607,2100841.585334012,603.42979371159
15500.0,4512449.630437857,4690.486193651683,4512417.305391856,335.2092928156905,619.9788144839341,335.15560636557933,23.545631931095595,41.731031286274586,23.542011319831833,31267.49810488312,13169.422882815416,0.19182687041996702,1.940615498026607,2100841.585334012,603.42979371159
15600.0,4512483.269316711,4752.6930008807485,4512450.938883938,337.5675527238527,624.1560012036796,337.51350384846364,23.56065347113012,41.732003982034264,23.557032673044077,31207.155125511963,13109.079903444255,0.19182687041996702,1.940615498026607,2100841.585334012,603.42979371159
15700.0,4512517.1440970255,4815.3175318667845,4512484.808241237,339.9273185011297,628.3332839885232,339.8729071818539,23.57560781946737,41.73279701810124,23.57198684990453,31146.8121461408,13048.736924073095,0.19182687041996702,1.940615498026607,2100841.585334012,603.42979371159
15800.0,4512551.254929064,4878.359795341888,4512518.913614015,342.2885838245321,632.5106455762399,342.23381004423425,23.590502489947287,41.733424224188084,23.586881363055337,31086.469166769642,12988.393944701935,0.19182687041996702,1.940615498026607,2100841.585334012,603.42979371159
15900.0,4512585.601962497,4941.819798381476,4512553.2551519405,344.6513431286355,636.6880700979849,344.59620687153307,23.605345102394043,41.733899608677675,23.6017238311073,31026.12618739848,12928.050965330774,0.19182687041996702,1.940615498026607,2100841.585334012,603.42979371159
16000.0,4512620.185346478,5005.697546544514,4512587.8330041645,347.0155916160668,640.865543095935,346.96009286760784,23.62014338002566,41.734237353513464,23.616521976049988,30965.783208027322,12867.707985959614,0.19182687041996702,1.940615498026607,2100841.585334012,603.42979371159
16100.0,4512655.005229716,5069.993044015475,4512622.647319397,349.38132526772944,645.0430515404145,349.32546401446893,23.634905146831727,41.73445180903802,23.63128362062984,30905.44022865616,12807.365006588454,0.19182687041996702,1.940615498026607,2100841.585334012,603.42979371159
16200.0,4512690.061760561,5134.706293747991,4512657.6982459845,351.74854085276456,649.2205838465023,351.6923170822392,23.649638324909972,41.734557488763315,23.646016685687304,30845.097249285,12747.022027217294,0.19182687041996702,1.940615498026607,2100841.585334012,603.42979371159
16300.0,4512725.355087077,5199.837297610141,4512692.9859319925,354.1172359382444,653.3981298901141,354.0606496388459,23.664350931782355,41.73456906411055,23.66072918747327,30784.75426991384,12686.679047846133,0.19182687041996702,1.940615498026607,2100841.585334012,603.42979371159
16400.0,4512760.885357129,5265.38605653131,4512728.510525282,356.4874088985954,657.5756810235542,356.4304600594429,23.679051077673478,41.734501359088455,23.675429234927993,30724.41129054268,12626.336068474975,0.19182687041996702,1.940615498026607,2100841.585334012,603.42979371159
16500.0,4512796.652718456,5331.352570650589,4512764.272173591,358.8590589247482,661.7532300905353,358.80174753555883,23.693746962771648,41.734369344947154,23.690125026942614,30664.068311171523,12565.993089103817,0.19182687041996702,1.940615498026607,2100841.585334012,603.42979371159
16600.0,4512832.65731876,5397.736839466644,4512800.271024621,361.23218603301206,665.9307714406599,361.1745120839705,23.708446874462254,41.734188134789164,23.704824849592992,30603.725331800364,12505.650109732656,0.19182687041996702,1.940615498026607,2100841.585334012,603.42979371159
16700.0,4512868.899305783,5464.538861989006,4512836.507226116,363.60679107367196,670.1083009433615,363.54875455529873,23.723159184542027,41.73397297815298,23.719537073354452,30543.382352429206,12445.307130361496,0.19182687041996702,1.940615498026607,2100841.585334012,603.42979371159
16800.0,4512905.378827399,5531.7586368907305,4512872.980925945,365.9828757393055,674.2858160013034,365.92447664232407,23.737892346417162,41.733739255575,23.73427015030035,30483.039373058044,12384.964150990338,0.19182687041996702,1.940615498026607,2100841.585334012,603.42979371159
16900.0,4512942.096031689,5599.396162662366,4512909.69227219,368.36044257281924,678.463315563231,368.3016808880222,23.752654892285456,41.733502473130436,23.749032611284704,30422.696393686885,12324.62117161918,0.19182687041996702,1.940615498026607,2100841.585334012,603.42979371159
17000.0,4512979.051067035,5667.451437767184,4512946.641413231,370.7394949752022,682.6408001362782,370.680370693316,23.76745543030429,41.73327825695604,23.763833063110624,30362.353414315727,12264.278192248019,0.19182687041996702,1.940615498026607,2100841.585334012,603.42979371159
17100.0,4513016.244082199,5735.92446079761,4512983.828497831,373.1200372129956,686.8182717977251,373.0605503245446,23.782302641751414,41.73308234776813,23.77868018569162,30302.010434944565,12203.935212876859,0.19182687041996702,1.940615498026607,2100841.585334012,603.42979371159
17200.0,4513053.675226416,5804.815230632804,4513021.253675221,375.50207442547827,690.9957342062063,375.4422249206476,23.797205278177568,41.732930595373844,23.793582729204616,30241.667455573406,12143.5922335057,0.19182687041996702,1.940615498026607,2100841.585334012,603.42979371159
17300.0,4513091.344649477,5874.1237465973345,4513058.917095195,377.88561263156663,695.1731926123707,377.82540050006435,23.812172158551945,41.73283895317769,23.808549511235995,30181.324476202248,12083.249254134542,0.19182687041996702,1.940615498026607,2100841.585334012,603.42979371159
17400.0,4513129.25250182,5943.85000862089,4513096.818908187,380.2706587364293,699.3506538689915,380.2100839673473,23.82721216640973,41.73282347270021,23.823589413929525,30120.98149683109,12022.906274763382,0.19182687041996702,1.940615498026607,2100841.585334012,603.42979371159
17500.0,4513167.398934618,6013.994017398973,4513134.959265369,382.65722053781604,703.5281264405277,382.5962831194905,23.842334246994866,41.73290029809646,23.838711381129613,30060.63851745993,11962.563295392221,0.19182687041996702,1.940615498026607,2100841.585334012,603.42979371159
17600.0,4513205.784099868,6084.555774554525,4513173.338318738,385.04530673210115,707.7056204121391,384.984006651972,23.857547404407967,41.733085660692446,23.853924415529747,30000.29553808877,11902.220316021063,0.19182687041996702,1.940615498026607,2100841.585334012,603.42979371159
17700.0,4513244.408150483,6155.535282800428,4513211.956221205,387.4349269200417,711.8831474981539,387.3732641645112,23.87286069876179,41.73339587354378,23.869237575828343,29939.95255871761,11841.877336649904,0.19182687041996702,1.940615498026607,2100841.585334012,603.42979371159
17800.0,4513283.271240381,6226.9325461028175,4513250.813126687,389.8260916122511,716.0607210499938,389.76406616654236,23.888283243337504,41.73384732600455,23.884659973885597,29879.609579346452,11781.534357278744,0.19182687041996702,1.940615498026607,2100841.585334012,603.42979371159
17900.0,4513322.373524576,6298.747569845169,4513289.909190197,392.2188122343896,720.238356063557,392.1564240824034,23.903824201756958,41.734456478333904,23.90020077189611,29819.26659997529,11721.191377907584,0.19182687041996702,1.940615498026607,2100841.585334012,603.42979371159
18000.0,4513361.715159274,6370.980360993093,4513329.244567936,394.61310113207134,724.4160691860624,394.5503502562434,23.919492785162745,41.73523985632549,23.915869179569498,29758.92362060413,11660.848398536426,0.19182687041996702,1.940615498026607,2100841.585334012,603.42979371159
18100.0,4513401.296301955,6443.630928259785,4513368.819417387,397.0089715754908,728.593878722359,396.94585795664784,23.935298249415226,41.73621404597659,23.93167445132783,29698.580641232973,11600.505419165267,0.19182687041996702,1.940615498026607,2100841.585334012,603.42979371159
18200.0,4513441.11711148,6516.699282272084,4513408.633897406,399.4064377637693,732.7718046407033,399.3429613809848,23.951249892306258,41.73739568819619,23.947625883519827,29638.237661861815,11540.162439794107,0.19182687041996702,1.940615498026607,2100841.585334012,603.42979371159
18300.0,4513481.177748172,6590.18543573708,4513448.688168314,401.80551482902354,736.9498685780094,401.741675659473,23.967357050790426,41.738801473553835,23.963732811652562,29577.894682490656,11479.819460422947,0.19182687041996702,1.940615498026607,2100841.585334012,603.42979371159
18400.0,4513521.478373914,6664.089403609222,4513488.9823919935,404.2062188401583,741.1280938445756,404.1420168589742,23.98362909823382,41.74044813706884,23.980004607640673,29517.551703119494,11419.476481051788,0.19182687041996702,1.940615498026607,2100841.585334012,603.42979371159
18500.0,4513562.0191522455,6738.411203257869,4513529.516731978,406.608566806385,745.306505428293,406.54400198651143,24.000075441695618,41.742352453068115,23.9964506770884,29457.208723748336,11359.13350168063,0.19182687041996702,1.940615498026607,2100841.585334012,603.42979371159
18600.0,4513602.8002484515,6813.150854635238,4513570.2913535535,409.01257668046975,749.4851299983414,408.9476489925162,24.01670551922392,41.744531230078394,24.013080456585836,29396.865744377177,11298.790522309471,0.19182687041996702,1.940615498026607,2100841.585334012,603.42979371159
18700.0,4513643.821829662,6888.308380444703,4513611.306423844,411.4182673617117,753.6639959083776,411.35297677380714,24.0335287971854,41.74700130578863,24.029903411039065,29336.52276500602,11238.447542938313,0.19182687041996702,1.940615498026607,2100841.585334012,603.42979371159
18800.0,4513685.084064942,6963.883806309376,4513652.562111912,413.8256586986559,757.843133199222,413.7600051763025,24.05055476762182,41.749779542069845,24.046929031027037,29276.17978563486,11178.104563567153,0.19182687041996702,1.940615498026607,2100841.585334012,603.42979371159
18900.0,4513726.587125391,7039.877160940938,4513694.058588854,416.23477149154337,762.0225736010509,416.1687549974699,24.067792945636608,41.7528828200581,24.064166830188633,29215.836806263702,11117.761584195994,0.19182687041996702,1.940615498026607,2100841.585334012,603.42979371159
19000.0,4513768.3311842345,7116.288476308663,4513735.796027891,418.6456274945011,766.2023505350993,418.5792479885161,24.085252866816603,41.756328035309906,24.0816263426448,29155.493826892543,11057.418604824836,0.19182687041996702,1.940615498026607,2100841.585334012,603.42979371159
19100.0,4513810.316416923,7193.1177878085955,4513777.7746044705,421.05824941747585,770.3824991148832,420.9915068563209,24.10294408468387,41.76013209302059,24.099317120450795,29095.15084752138,10997.075625453675,0.19182687041996702,1.940615498026607,2100841.585334012,603.42979371159
19200.0,4513852.543001223,7270.365134432813,4513819.994496354,423.4726609279148,774.5630561469469,423.4055552651175,24.120876168189984,41.76431190332829,24.11724873109087,29034.807868150223,10936.732646082517,0.19182687041996702,1.940615498026607,2100841.585334012,603.42979371159
19300.0,4513895.01111732,7348.03055893875,4513862.455883721,425.8888866521974,778.7440601311439,425.82141783792474,24.13905869924385,41.76888437668695,24.13543075500648,28974.464888779064,10876.389666711359,0.19182687041996702,1.940615498026607,2100841.585334012,603.42979371159
19400.0,4513937.720947905,7426.114108018525,4513905.15894926,428.30695217682194,782.9255512604593,428.239120157733,24.15750127027859,41.77386641931854,24.15387278316356,28914.12190940791,10816.0466873402,0.19182687041996702,1.940615498026607,2100841.585334012,603.42979371159
19500.0,4513980.672678282,7504.615832468225,4513948.103878265,430.7268840493505,787.1075714203807,430.6586887684497,24.17621348186054,41.77927492874976,24.17258441466193,28853.778930036748,10755.703707969042,0.19182687041996702,1.940615498026607,2100841.585334012,603.42979371159
19600.0,4514023.866496451,7583.535787357106,4513991.290858734,433.1487097791169,791.2901641878278,433.08015117560734,24.195204940343956,41.7851267894398,24.191575254390404,28793.435950665586,10695.360728597881,0.19182687041996702,1.940615498026607,2100841.585334012,603.42979371159
19700.0,4514067.302593216,7662.874032196664,4514034.720081464,435.5724578377025,795.473374829647,435.503535846839,24.2144852555627,41.79143886848279,24.21085491071875,28733.09297129443,10635.017749226723,0.19182687041996702,1.940615498026607,2100841.585334012,603.42979371159
19800.0,4514110.981162275,7742.63063110954,4514078.391740145,437.9981576591824,799.6572503006824,437.9288722121253,24.234064038573308,41.79822801141166,24.230432993241255,28672.749991923272,10574.674769855565,0.19182687041996702,1.940615498026607,2100841.585334012,603.42979371159
19900.0,4514154.902400317,7822.8056529982005,4514122.30603146,440.42583964014955,803.8418392414303,440.3561906638181,24.253950899440383,41.805511038086,24.250319110562337,28612.407012552114,10514.331790484404,0.19182687041996702,1.940615498026607,2100841.585334012,603.42979371159
20000.0,4514199.066507118,7903.399171713369,4514166.463155177,442.85553513951805,808.0271919752872,442.78552255644445,24.274155445072605,41.81330473867958,24.270522868133035,28552.06403318095,10453.988811113246,0.19182687041996702,1.940615498026607,2100841.585334012,603.42979371159
20100.0,4514243.47368564,7984.411266222166,4514210.863314251,445.2872764781139,812.2133605054014,445.2169002062974,24.294687277105073,41.82162586975906,24.291053866133584,28491.721053809793,10393.645831742087,0.19182687041996702,1.940615498026607,2100841.585334012,603.42979371159
20200.0,4514288.124142124,8065.842020775908,4514255.506714914,447.72109693805515,816.4003985111367,447.6503568908167,24.315555989832806,41.830491150462784,24.311921697407293,28431.378074438635,10333.302852370929,0.19182687041996702,1.940615498026607,2100841.585334012,603.42979371159
20300.0,4514333.0180861885,8147.691525077538,4514300.393566774,450.15703076192887,820.5883613441589,450.0859268477655,24.336771168196314,41.83991725878108,24.333135945446458,28371.035095067477,10272.95987299977,0.19182687041996702,1.940615498026607,2100841.585334012,603.42979371159
20400.0,4514378.155730922,8229.959874448645,4514345.524082912,452.59511315176803,824.7773060241549,452.5236452742085,24.358342385813422,41.84992082792726,24.354706182424444,28310.692115696318,10212.61689362861,0.19182687041996702,1.940615498026607,2100841.585334012,603.42979371159
20500.0,4514423.537292982,8312.647169996033,4514390.898479976,455.03538026783536,828.9672912341944,454.9635483252953,24.380279203072604,41.86051844282704,24.37664196728938,28250.34913632516,10152.273914257452,0.19182687041996702,1.940615498026607,2100841.585334012,603.42979371159
20600.0,4514469.162992693,8395.753518777823,4514436.516978277,457.47786922721815,833.1583773157446,457.4056731128562,24.402591165271733,41.8717266366967,24.398952843903174,28190.006156954,10091.930934886293,0.19182687041996702,1.940615498026607,2100841.585334012,603.42979371159
20700.0,4514515.033054133,8479.279033969018,4514482.379801886,459.92261810224,837.3506262633488,459.8500577038144,24.42528780081624,41.88356188773553,24.421648339239947,28129.66317758284,10031.587955515133,0.19182687041996702,1.940615498026607,2100841.585334012,603.42979371159
20800.0,4514561.14770524,8563.22383502654,4514528.487178728,462.369665918695,841.5441017189781,462.2967411184201,24.448378619467043,41.896040615914615,24.444737961634285,28069.32019821168,9971.244976143975,0.19182687041996702,1.940615498026607,2100841.585334012,603.42979371159
20900.0,4514607.5071779005,8647.588047853673,4514574.839340677,464.81905265390935,845.7388689660686,464.74576332831333,24.471873110650787,41.909179179884646,24.46823119909172,28008.977218840522,9910.901996772816,0.19182687041996702,1.940615498026607,2100841.585334012,603.42979371159
21000.0,4514654.111708046,8732.371804963901,4514621.436523652,467.27081923463686,849.9349949232528,467.19716525441953,24.49578074181967,41.9229938739795,24.492137517648793,27948.634239469367,9850.559017401658,0.19182687041996702,1.940615498026607,2100841.585334012,603.42979371159
21100.0,4514700.961535749,8817.5752456441,4514668.278967711,469.725007534793,854.1325481377986,469.6509887646843,24.520110956872685,41.93750092533678,24.516466359794574,27888.291260098205,9790.2160380305,0.19182687041996702,1.940615498026607,2100841.585334012,603.42979371159
21200.0,4514748.056905315,8903.198516117067,4514715.366917148,472.181660373034,858.3315987787639,472.1072766716532,24.544873174630677,41.9527164911213,24.541227142945964,27827.948280727043,9729.87305865934,0.19182687041996702,1.940615498026607,2100841.585334012,603.42979371159
21300.0,4514795.398065381,8989.241769703334,4514762.700620584,474.6408215101862,862.5322186298797,474.56607272990146,24.57007678736683,41.9686566558546,24.56642925797842,27767.60530135589,9669.53007928818,0.19182687041996702,1.940615498026607,2100841.585334012,603.42979371159
21400.0,4514842.985269004,9075.705166982283,4514810.280331062,477.1025356465316,866.7344810821716,477.02742163332033,24.59573115940277,41.98533742886794,24.59208206782222,27707.26232198473,9609.187099917022,0.19182687041996702,1.940615498026607,2100841.585334012,603.42979371159
21500.0,4514890.8187737595,9162.588875952488,4514858.106306141,479.5668484189554,870.9384611263316,479.49136901226524,24.62184562575504,42.00277474185201,24.618194906109217,27646.91934261357,9548.844120545862,0.19182687041996702,1.940615498026607,2100841.585334012,603.42979371159
21600.0,4514938.898841835,9249.893072191291,4514906.1788079925,482.03380639796126,875.1442353448505,481.9579614305717,24.648429490840012,42.02098444651682,24.64477707587793,27586.57636324241,9488.501141174704,0.19182687041996702,1.940615498026607,2100841.585334012,603.42979371159
21700.0,4514987.225740118,9337.617939013584,4514954.498103487,484.50345708456024,879.3518819039214,484.427246382445,24.67549202724147,42.039982312369844,24.67183784834133,27526.23338387125,9428.158161803545,0.19182687041996702,1.940615498026607,2100841.585334012,603.42979371159
21800.0,4515035.799740297,9425.763667629757,4515003.064464294,486.97584890703894,883.5614805451269,486.8992722892289,24.703042474535508,42.05978402460205,24.699386461711864,27465.890404500093,9367.815182432387,0.19182687041996702,1.940615498026607,2100841.585334012,603.42979371159
21900.0,4515084.621118945,9514.330457302822,4515051.878166971,489.4510312176132,887.7731125769197,489.37408849606044,24.731090038167466,42.0804051820726,24.72743212007867,27405.547425128934,9307.472203061228,0.19182687041996702,1.940615498026607,2100841.585334012,603.42979371159
22000.0,4515133.69015762,9603.318515504658,4515100.939493054,491.9290542889727,891.9868608659079,491.8517452684147,24.7596438883962,42.10186129541909,24.75598399235193,27345.204445757776,9247.129223690068,0.19182687041996702,1.940615498026607,2100841.585334012,603.42979371159
22100.0,4515183.007142952,9692.72805807139,4515150.248729153,494.4099693107222,896.2028098279557,494.33229378854725,24.78871315928968,42.12416778526453,24.78505121125862,27284.861466386617,9186.78624431891,0.19182687041996702,1.940615498026607,2100841.585334012,603.42979371159
22200.0,4515232.572366733,9782.559309357863,4515199.806167042,496.8938283857261,900.4210454191107,496.81578615183946,24.818306947780364,42.147339980536074,24.8146428723981,27224.51848701546,9126.443264947751,0.19182687041996702,1.940615498026607,2100841.585334012,603.42979371159
22300.0,4515282.386126015,9872.812502391189,4515249.612103749,499.38068452636105,904.6416551263693,499.3022753630517,24.848434312783382,42.17139311690073,24.844768033360364,27164.175507644297,9066.100285576591,0.19182687041996702,1.940615498026607,2100841.585334012,603.42979371159
22400.0,4515332.448723195,9963.487879023389,4515299.66684165,501.8705916506829,908.8647279582893,501.7918153324912,24.87910427436536,42.19634233529567,24.87543571289502,27103.83252827314,9005.757306205433,0.19182687041996702,1.940615498026607,2100841.585334012,603.42979371159
22500.0,4515382.760466106,10054.585690083062,4515349.970688555,504.3636045785142,913.0903544354621,504.28446087210034,24.91032581297166,42.222202680567364,24.906654890138647,27043.48954890198,8945.414326834274,0.19182687041996702,1.940615498026607,2100841.585334012,603.42979371159
22600.0,4515433.321668109,10146.106195526118,4515400.523957801,506.8597790274568,917.3186265808539,506.7802676914702,24.942107868715667,42.24898910022555,24.93843450390419,26983.146569530825,8885.071347463116,0.19182687041996702,1.940615498026607,2100841.585334012,603.42979371159
22700.0,4515484.132648181,10238.049664585515,4515451.32696834,509.35917160883645,921.5496379100271,509.2792923937858,24.974459340721516,42.276716443296394,24.970783452023806,26922.803590159663,8824.728368091957,0.19182687041996702,1.940615498026607,2100841.585334012,603.42979371159
22800.0,4515535.193731005,10330.416375920035,4515502.380044831,511.8618398235845,925.7834834212532,511.78159247170873,25.007389086518813,42.30539945927187,25.003710590743612,26862.4606107885,8764.385388720797,0.19182687041996702,1.940615498026607,2100841.585334012,603.42979371159
22900.0,4515586.505247058,10423.206617762053,4515553.683517723,514.3678420580619,930.020259585525,514.2872263032021,25.04090592150296,42.3350527971801,25.037224734184168,26802.117631417346,8704.042409349639,0.19182687041996702,1.940615498026607,2100841.585334012,603.42979371159
23000.0,4515638.0675327005,10516.420688064305,4515605.237723351,516.8772375798321,934.2600643364812,516.7962531473044,25.075018618442922,42.36569100474317,25.071334653848268,26741.774652046188,8643.69942997848,0.19182687041996702,1.940615498026607,2100841.585334012,603.42979371159
23100.0,4515689.880930263,10610.058894645652,4515657.043004017,519.3900865333877,938.5029970602517,519.3087331398561,25.1097359070465,42.39732852764077,25.10604907818629,26681.43167267503,8583.35645060732,0.19182687041996702,1.940615498026607,2100841.585334012,603.42979371159
23200.0,4515741.945788133,10704.12155533581,4515709.099708081,521.906449935836,942.7491585852354,521.8247272891878,25.145066473577998,42.429979708869936,25.141376692213957,26621.088693303867,8523.013471236161,0.19182687041996702,1.940615498026607,2100841.585334012,603.42979371159
23300.0,4515794.262460846,10798.608998119069,4515761.408190047,524.4263896725495,946.9986511718173,524.34429747177,25.18101896053508,42.46365878821308,25.17732613718915,26560.74571393271,8462.670491865003,0.19182687041996702,1.940615498026607,2100841.585334012,603.42979371159
23400.0,4515846.831309169,10893.521561276973,4515813.968810651,526.9499684927869,951.2515785020389,526.8675064278359,25.217601966371046,42.49837990178928,25.213906010334313,26500.402734561554,8402.327512493845,0.19182687041996702,1.940615498026607,2100841.585334012,603.42979371159
23500.0,4515899.652700183,10988.859593529973,4515866.781936945,529.4772500052886,955.5080456692278,529.3944177569774,25.25482404527826,42.534157081716884,25.25112486461987,26440.059755190392,8341.984533122686,0.19182687041996702,1.940615498026607,2100841.585334012,603.42979371159
23600.0,4515952.727007377,11084.623454178025,4515919.847942385,532.0082986738537,959.7681591675984,531.9250959137231,25.292693707009892,42.571004255846205,25.28899120858598,26379.71677581923,8281.641553751526,0.19182687041996702,1.940615498026607,2100841.585334012,603.42979371159
23700.0,4516006.054610727,11180.813513240173,4515973.167206912,534.5431798129017,964.0320268818314,534.459606203101,25.331219416773916,42.608935247623144,25.327513506236603,26319.373796448075,8221.298574380367,0.19182687041996702,1.940615498026607,2100841.585334012,603.42979371159
23800.0,4516059.635896784,11277.43015159306,4516026.740117044,537.0819595830261,968.2997580766432,536.9980147761925,25.370409595152424,42.64796377599884,25.366700176958723,26259.030817076917,8160.955595009209,0.19182687041996702,1.940615498026607,2100841.585334012,603.42979371159
23900.0,4516113.471258756,11374.473761108422,4516080.567065953,539.6247049865427,972.5714633863524,539.5403886256825,25.41027261809161,42.68810345546733,25.406559595512412,26198.68783770576,8100.61261563805,0.19182687041996702,1.940615498026607,2100841.585334012,603.42979371159
24000.0,4516167.561096594,11471.944744789518,4516134.648453555,542.1714838630395,976.8472548044531,542.0867955814093,25.450816816928914,42.72936779617007,25.447100092057987,26138.344858334596,8040.26963626689,0.19182687041996702,1.940615498026607,2100841.585334012,603.42979371159
24100.0,4516221.905817074,11569.843516906532,4516188.984686588,544.7223648849318,981.1272456732045,544.6373043059215,25.49205047847014,42.77177020409056,25.488329952232988,26078.001878963438,7979.926656895732,0.19182687041996702,1.940615498026607,2100841.585334012,603.42979371159
24200.0,4516276.505833881,11668.170503130928,4516243.576178699,547.2774175530278,985.4115506732434,547.1919842900433,25.533981845118007,42.81532398134139,25.53025741728083,26017.65889959228,7919.583677524573,0.19182687041996702,1.940615498026607,2100841.585334012,603.42979371159
24300.0,4516331.361567692,11766.926140668773,4516298.423350525,549.8367121921091,989.700285813231,549.7509058484568,25.576619115040522,42.86004232652273,25.572890684219075,25957.31592022112,7859.240698153414,0.19182687041996702,1.940615498026607,2100841.585334012,603.42979371159
24400.0,4516386.4734462565,11866.11087839302,4516353.526629777,552.4003199465305,993.9935684195382,552.3141401153026,25.619970442390894,42.90593833517289,25.616237906059354,25896.972940849962,7798.897718782255,0.19182687041996702,1.940615498026607,2100841.585334012,603.42979371159
24500.0,4516441.841904479,11965.725176974767,4516408.886451317,554.9683127758451,998.2915171259821,554.8817590398055,25.66404393756907,42.95302500029328,25.660307192068807,25836.629961478804,7738.554739411096,0.19182687041996702,1.940615498026607,2100841.585334012,603.42979371159
24600.0,4516497.467384502,12065.769509013495,4516464.503257247,557.5407634504564,1002.5942518636173,557.4538353819277,25.70884766752952,43.00131521295554,25.705106608077855,25776.286982107646,7678.211760039938,0.19182687041996702,1.940615498026607,2100841.585334012,603.42979371159
24700.0,4516553.350335785,12166.244359166274,4516520.377496981,560.1177455473053,1006.9018938505936,560.0304427080562,25.754389656125408,43.050821762973314,25.750644176824288,25715.944002736484,7617.8687806687785,0.19182687041996702,1.940615498026607,2100841.585334012,603.42979371159
24800.0,4516609.491215185,12267.15022427598,4516576.509627333,562.6993334455921,1011.2145655820838,562.6116553867264,25.800677884504147,43.10155733966509,25.796927878348782,25655.601023365325,7557.525801297619,0.19182687041996702,1.940615498026607,2100841.585334012,603.42979371159
24900.0,4516665.890487037,12368.487613498492,4516632.900112592,565.2856023225418,1015.5323908202923,565.1975485843877,25.847720291535914,43.153534532674996,25.843965650423304,25595.258043994167,7497.182821926461,0.19182687041996702,1.940615498026607,2100841.585334012,603.42979371159
25000.0,4516722.548623233,12470.257048428897,4516689.549424603,567.8766281492134,1019.8554945845495,567.7881982612141,25.895524774292817,43.2067658328831,25.891765389030223,25534.915064623012,7436.839842555302,0.19182687041996702,1.940615498026607,2100841.585334012,603.42979371159
25100.0,4516779.466103302,12572.459063226717,4516746.458042848,570.47248768636,1024.1840031415006,570.3836811669645,25.944099188548776,43.261263633351504,25.940334948862144,25474.57208525185,7376.496863184143,0.19182687041996702,1.940615498026607,2100841.585334012,603.42979371159
25200.0,4516836.64341449,12675.094204740151,4516803.626454524,573.0732584803407,1028.5180439953938,572.984074836896,25.993451349341267,43.31704023037953,25.989682143883492,25414.229105880688,7316.153883812984,0.19182687041996702,1.940615498026607,2100841.585334012,603.42979371159
25300.0,4516894.081051834,12778.163032629354,4516861.055154619,575.679018859091,1032.8577458784762,575.589457587735,26.043589031555538,43.374107824597424,26.03981474791466,25353.886126509533,7255.810904441825,0.19182687041996702,1.940615498026607,2100841.585334012,603.42979371159
25400.0,4516951.779518244,12881.666119488766,4516918.744645991,578.2898479281537,1037.2032387415038,578.1999085137085,26.09451997054127,43.432478522116256,26.090740495248607,25293.543147138374,7195.467925070667,0.19182687041996702,1.940615498026607,2100841.585334012,603.42979371159
25500.0,4517009.73932458,12985.604050968486,4516976.6954394495,580.905825566773,1041.5546537443693,580.8155074826399,26.14625186278481,43.49216433577536,26.142467081322927,25233.200167767216,7135.124945699507,0.19182687041996702,1.940615498026607,2100841.585334012,603.42979371159
25600.0,4517067.960989728,13089.977425894733,4517034.908053825,583.5270324240589,1045.9121232468585,583.4363351321132,26.198792366593437,43.55317718640897,26.195002163404055,25172.857188396054,7074.781966328348,0.19182687041996702,1.940615498026607,2100841.585334012,603.42979371159
25700.0,4517126.445040676,13194.786856389366,4517093.383016053,586.1535499152209,1050.2757807995363,586.062472865708,26.25214910282891,43.61552890419879,26.24835336132065,25112.514209024896,7014.43898695719,0.19182687041996702,1.940615498026607,2100841.585334012,603.42979371159
25800.0,4517185.192012594,13300.032967988525,4517152.120861246,588.7854602178775,1054.645761134771,588.6940028493098,26.30632965566871,43.6792312300736,26.302528258224758,25052.171229653737,6954.096007586031,0.19182687041996702,1.940615498026607,2100841.585334012,603.42979371159
25900.0,4517244.202448906,13405.716399760362,4517211.1221327735,591.4228462684437,1059.0222001579027,591.3310080074981,26.361341573396004,43.744295817157614,26.357534401381614,24991.82825028258,6893.753028214872,0.19182687041996702,1.940615498026607,2100841.585334012,603.42979371159
26000.0,4517303.476901369,13511.837804421904,4517270.387382333,594.0657917585995,1063.4052349385584,593.9735720200157,26.41719236922677,43.81073423228257,26.413379302996667,24931.48527091142,6833.4100488437125,0.19182687041996702,1.940615498026607,2100841.585334012,603.42979371159
26100.0,4517363.015930145,13618.397848455053,4517329.917170028,596.7143811318426,1067.7950037021221,596.6217793183222,26.473889522160835,43.878557957539726,26.470070441066476,24871.14229154026,6773.067069472554,0.19182687041996702,1.940615498026607,2100841.585334012,603.42979371159
26200.0,4517422.820103879,13725.397212221746,4517389.712064443,599.3686995801282,1072.191645821363,599.2757150822341,26.531440477869452,43.947778391893976,26.52761526026614,24810.799312169103,6712.724090101396,0.19182687041996702,1.940615498026607,2100841.585334012,603.42979371159
26300.0,4517482.8899997715,13832.836590078276,4517449.772642719,602.0288330405991,1076.595301808227,601.9354652366563,26.589852649604776,44.0184068528342,26.5860211728586,24750.45633279794,6652.381110730236,0.19182687041996702,1.940615498026607,2100841.585334012,603.42979371159
26400.0,4517543.226203656,13940.716690488816,4517510.099490623,604.6948681924086,1081.0061133057984,604.6011164484053,26.649133419139282,44.09045457807367,26.645295559634,24690.113353426783,6592.038131359077,0.19182687041996702,1.940615498026607,2100841.585334012,603.42979371159
26500.0,4517603.829310069,14049.038236138129,4517570.69320263,607.3668924536394,1085.4242230804307,607.2727561231284,26.709290137732083,44.16393272729525,26.705445770875762,24629.770374055624,6531.6951519879185,0.19182687041996702,1.940615498026607,2100841.585334012,603.42979371159
26600.0,4517664.699922326,14157.801964043514,4517631.554381989,610.0449939783197,1089.8497750140584,609.9504724023215,26.77033012712051,44.238852383938074,26.766479127352042,24569.42739468447,6471.35217261676,0.19182687041996702,1.940615498026607,2100841.585334012,603.42979371159
26700.0,4517725.838652595,14267.008625665987,4517692.683640802,612.7292616535412,1094.2829140966867,612.6343541604467,26.832260680533857,44.31522455702029,26.828402921329335,24509.084415313308,6411.009193245601,0.19182687041996702,1.940615498026607,2100841.585334012,603.42979371159
26800.0,4517787.246121969,14376.65898702072,4517754.081600095,615.4197850966799,1098.7237864190688,615.324491002154,26.895089063739544,44.393060183015876,26.891224417618446,24448.74143594215,6350.666213874441,0.19182687041996702,1.940615498026607,2100841.585334012,603.42979371159
26900.0,4517848.92296054,14486.753828786761,4517815.74888989,618.1166546527219,1103.1725391655714,618.0209732596081,26.958822516100792,44.472370127748256,26.954950854632045,24388.39845657099,6290.323234503283,0.19182687041996702,1.940615498026607,2100841.585334012,603.42979371159
27000.0,4517910.86980747,14597.293946416039,4517877.686149278,620.8199613916978,1107.6293206072328,620.7238919899233,27.023468251665122,44.55316518833478,27.019589445472917,24328.055477199832,6229.9802551321245,0.19182687041996702,1.940615498026607,2100841.585334012,603.42979371159
27100.0,4517973.087311063,14708.280150241702,4517939.894026493,623.5297971062272,1112.094280095017,623.4333389727079,27.08903346027364,44.635456095164415,27.085147379043175,24267.712497828674,6169.637275760965,0.19182687041996702,1.940615498026607,2100841.585334012,603.42979371159
27200.0,4518035.576128841,14819.713265585779,4518002.373178982,626.2462543091747,1116.567568053269,626.1494067077216,27.155525308683295,44.71925351389439,27.15163182116628,24207.36951845751,6109.294296389806,0.19182687041996702,1.940615498026607,2100841.585334012,603.42979371159
27300.0,4518098.336927612,14931.594132866194,4518065.12427348,628.9694262314206,1121.0493359733712,628.8721884126462,27.222950941721685,44.804568047500354,27.21904991574166,24147.026539086353,6048.951317018647,0.19182687041996702,1.940615498026607,2100841.585334012,603.42979371159
27400.0,4518161.370383543,15043.923607703167,4518128.147986078,631.6994068197478,1125.5397364076061,631.6017780209734,27.29131748345416,44.89141023834462,27.28740878591171,24086.683559715195,5988.608337647489,0.19182687041996702,1.940615498026607,2100841.585334012,603.42979371159
27500.0,4518224.67718223,15156.702561025006,4518191.445002296,634.4362907348466,1130.0389229632294,634.3382701800099,27.360632038358403,44.97979057025269,27.35671553523609,24026.340580344036,5928.26535827633,0.19182687041996702,1.940615498026607,2100841.585334012,603.42979371159
27600.0,4518288.258018773,15269.931879173315,4518255.016017155,637.1801733494394,1134.5470502967523,637.0817602490026,27.430901692542566,45.06971947066332,27.426977248909758,23965.997600972878,5867.92237890517,0.19182687041996702,1.940615498026607,2100841.585334012,603.42979371159
27700.0,4518352.113597844,15383.612464007645,4518318.861735246,639.9311507465274,1139.0642741084405,639.8323442973858,27.50213351495814,45.16120731276425,27.49820099497562,23905.65462160172,5807.579399534012,0.19182687041996702,1.940615498026607,2100841.585334012,603.42979371159
27800.0,4518416.244633758,15497.745233009602,4518382.982870806,642.6893197177596,1143.590751137028,642.5901191031506,27.574334558637496,45.25426441766734,27.570393825561872,23845.31164223056,5747.236420162853,0.19182687041996702,1.940615498026607,2100841.585334012,603.42979371159
27900.0,4518480.651850546,15612.331119386441,4518447.380147781,645.4547777619285,1148.1266391546515,645.355182151341,27.647511861944146,45.34890105660142,27.64356277813208,23784.9686628594,5686.893440791694,0.19182687041996702,1.940615498026607,2100841.585334012,603.42979371159
28000.0,4518545.335982023,15727.371072174165,4518512.054299903,648.22762308359,1152.6720969620053,648.1276316326741,27.7216724498453,45.44512745314007,27.717714876757576,23724.62568348824,5626.550461420535,0.19182687041996702,1.940615498026607,2100841.585334012,603.42979371159
28100.0,4518610.29777186,15842.866056340139,4518577.006070758,651.0079545918128,1157.2272843837206,650.9075664422909,27.7968233351866,45.542953785428054,27.792857133391927,23664.282704117082,5566.207482049376,0.19182687041996702,1.940615498026607,2100841.585334012,603.42979371159
28200.0,4518675.537973654,15958.817052885275,4518642.236213858,653.795871899057,1161.7923622639694,653.6950861786335,27.872971519993975,45.64239018845126,27.868996549172678,23603.939724745924,5505.864502678218,0.19182687041996702,1.940615498026607,2100841.585334012,603.42979371159
28300.0,4518741.057351,16075.22505894577,4518707.745492708,656.5914753201828,1166.3674924622965,656.4902911424554,27.95012399677625,45.7434467563026,27.946140115723708,23543.596745374765,5445.5215233070585,0.19182687041996702,1.940615498026607,2100841.585334012,603.42979371159
28400.0,4518806.856677556,16192.091087894443,4518773.534680878,659.3948658715909,1170.95283784968,659.2932823359621,28.028287749847593,45.84613354447801,28.024294816477457,23483.253766003607,5385.178543935899,0.19182687041996702,1.940615498026607,2100841.585334012,603.42979371159
28500.0,4518872.936737122,16309.416169441694,4518839.604562075,662.2061452704972,1175.548562304824,662.1041614620857,28.1074697566619,45.95046057218856,28.1034676280092,23422.91078663245,5324.835564564741,0.19182687041996702,1.940615498026607,2100841.585334012,603.42979371159
28600.0,4518939.2983237,16427.201349736104,4518905.955930212,665.0254159343408,1180.1548307106812,664.9230309238935,28.187676989152195,46.056437824675875,28.183665521376156,23362.56780726129,5264.492585193582,0.19182687041996702,1.940615498026607,2100841.585334012,603.42979371159
28700.0,4519005.942241572,16545.44769146469,4518972.589589474,667.8527809803279,1184.7718089512125,667.7499938241322,28.26891641509043,46.16407525555848,28.26489546347713,23302.22482789013,5204.149605822423,0.19182687041996702,1.940615498026607,2100841.585334012,603.42979371159
28800.0,4519072.869305364,16664.156273952867,4519039.506354394,670.6883442251118,1189.3996639083787,670.5851539649078,28.351194999445788,46.273382789169986,28.3471644184106,23241.88184851897,5143.806626451264,0.19182687041996702,1.940615498026607,2100841.585334012,603.42979371159
28900.0,4519140.08034012,16783.32819326409,4519106.70704992,673.532210184611,1194.03856345937,673.4286158475046,28.434519705762252,46.38437032292596,28.43047934885209,23181.53886914781,5083.463647080105,0.19182687041996702,1.940615498026607,2100841.585334012,603.42979371159
29000.0,4519207.576181372,16902.964562299258,4519174.192511484,676.3844840739652,1198.6886764740725,676.2804846723404,28.518897497544565,46.49704772969989,28.51484721743989,23121.195889776653,5023.120667708947,0.19182687041996702,1.940615498026607,2100841.585334012,603.42979371159
29100.0,4519275.357675206,17023.066510895875,4519241.963585074,679.245271807631,1203.3501728127746,679.1408663390636,28.60433533964852,46.61142486020118,28.60027498816519,23060.852910405494,4962.777688337787,0.19182687041996702,1.940615498026607,2100841.585334012,603.42979371159
29200.0,4519343.425678336,17143.63518592697,4519310.021127302,682.1146799996178,1208.023223324111,682.0098674467882,28.69084019967825,46.727511545360116,28.68676962776913,23000.509931034336,4902.434708966628,0.19182687041996702,1.940615498026607,2100841.585334012,603.42979371159
29300.0,4519411.781058173,17264.67175139986,4519378.366005477,684.9928159638646,1212.7079998432473,684.8875952944713,28.778419049403666,46.84531759874203,28.774338107160048,22940.166951663177,4842.09172959547,0.19182687041996702,1.940615498026607,2100841.585334012,603.42979371159
29400.0,4519480.424692892,17386.1773885547,4519446.99909767,687.8797877147589,1217.4046751903074,687.7741578814323,28.867078866164295,46.9648528189322,28.862987402817062,22879.82397229202,4781.748750224311,0.19182687041996702,1.940615498026607,2100841.585334012,603.42979371159
29500.0,4519549.357471506,17508.153295962933,4519515.92129279,690.775703967798,1222.1134231690412,690.6696639080135,28.956826634304306,47.08612699196958,28.952724498224956,22819.480992920857,4721.405770853152,0.19182687041996702,1.940615498026607,2100841.585334012,603.42979371159
29600.0,4519618.580293937,17630.600689625575,4519585.133490649,693.6806741403934,1226.8344185657352,693.5742227763856,29.04766934659664,47.20914989375536,29.04355638529805,22759.1380135497,4661.0627914819925,0.19182687041996702,1.940615498026607,2100841.585334012,603.42979371159
29700.0,4519688.094071079,17753.520803071446,4519654.636602036,696.5948083528198,1231.5678371483662,696.4879445914959,29.13961400567986,47.333931292478056,29.135490065816875,22698.79503417854,4600.719812110834,0.19182687041996702,1.940615498026607,2100841.585334012,603.42979371159
29800.0,4519757.899724878,17876.914887455296,4519724.431548784,699.5182174293079,1236.3138556659994,699.4109401621619,29.232667625503268,47.46048095104678,29.22853255287302,22638.45205480738,4540.376832739676,0.19182687041996702,1.940615498026607,2100841.585334012,603.42979371159
29900.0,4519827.998188396,18000.784211655897,4519794.519263843,702.4510128992835,1241.0726518484294,702.3433210023095,29.32683723276965,47.588808629514645,29.322690872311746,22578.109075436223,4480.033853368516,0.19182687041996702,1.940615498026607,2100841.585334012,603.42979371159
30000.0,4519898.390405881,18125.130062374104,4519864.90069135,705.3933069987505,1245.8444044060657,705.2851993323573,29.42212986839681,47.71892408752858,29.417972064193215,22517.766096065065,4419.690873997357,0.19182687041996702,1.940615498026607,2100841.585334012,603.42979371159
30100.0,4519969.077332844,18249.953744230934,4519935.5767867,708.3452126718228,1250.6292930300642,708.2366880807468,29.518552588973975,47.85083708676407,29.514383184248807,22457.423116693906,4359.3478946261985,0.19182687041996702,1.940615498026607,2100841.585334012,603.42979371159
30200.0,4520040.059936123,18375.256579865647,4520006.548516614,711.3068435724007,1255.4274983927035,711.1979008856205,29.6161124682194,47.98455739335569,29.611931305338363,22397.080137322748,4299.00491525504,0.19182687041996702,1.940615498026607,2100841.585334012,603.42979371159
30300.0,4520111.339193958,18501.039910033895,4520077.816859216,714.278314065996,1260.2392021480043,714.1689520966457,29.71481659846299,48.12009478036511,29.710623518932707,22336.73715795159,4238.661935883881,0.19182687041996702,1.940615498026607,2100841.585334012,603.42979371159
30400.0,4520182.9160960615,18627.30509370593,4520149.3828040995,717.2597392317049,1265.064586932598,717.1499567769878,29.81467209210681,48.25745903020389,29.810466936573913,22276.394178580427,4178.318956512721,0.19182687041996702,1.940615498026607,2100841.585334012,603.42979371159
30500.0,4520254.791643689,18754.053508164932,4520221.247352397,720.2512348643287,1269.9038363668392,720.1410307054306,29.91568608311026,48.39665993709308,29.911468691360227,22216.05119920927,4117.975977141563,0.19182687041996702,1.940615498026607,2100841.585334012,603.42979371159
30600.0,4520326.966849714,18881.286549105436,4520293.411516858,723.2529174766433,1274.757135056162,723.1422903786463,30.01786572847104,48.53770730950886,30.01363593942689,22155.70821983811,4057.632997770404,0.19182687041996702,1.940615498026607,2100841.585334012,603.42979371159
30700.0,4520399.442738692,19009.00563073193,4520365.876321918,726.2649043018184,1279.6246685926862,726.1538530136137,30.121218209708594,48.680610972625786,30.116975861429317,22095.365240466952,3997.290018399245,0.19182687041996702,1.940615498026607,2100841.585334012,603.42979371159
30800.0,4520472.2203469435,19137.2121858576,4520438.642803769,729.2873132959857,1284.5066235570666,729.1758365501869,30.22575073436026,48.825380770775794,30.221495664039033,22035.022261095794,3936.9470390280862,0.19182687041996702,1.940615498026607,2100841.585334012,603.42979371159
30900.0,4520545.300722619,19265.907666003306,4520511.712010433,732.3202631409572,1289.403187520589,732.2083596538133,30.33147053747155,48.972026569890176,30.32720258143378,21974.679281724635,3876.6040596569273,0.19182687041996702,1.940615498026607,2100841.585334012,603.42979371159
31000.0,4520618.684925771,19395.09354149675,4520585.0850018365,735.3638732470947,1294.314549047513,735.2515417184026,30.43838488309199,49.12055825994432,30.434103876793102,21914.336302353477,3816.2610802857685,0.19182687041996702,1.940615498026607,2100841.585334012,603.42979371159
31100.0,4520692.374028435,19524.7713015719,4520658.76284988,738.418263756329,1299.24089769766,738.3055028693459,30.546501065782298,49.27098575741558,30.542206843805314,21853.993322982315,3755.9181009146096,0.19182687041996702,1.940615498026607,2100841.585334012,603.42979371159
31200.0,4520766.369114692,19654.942454468684,4520732.746638516,741.4835555453308,1304.1824240292472,741.3703639666863,30.65582641211515,49.42331900772315,30.651518808168113,21793.650343611156,3695.5751215434507,0.19182687041996702,1.940615498026607,2100841.585334012,603.42979371159
31300.0,4520840.671280752,19785.608527533004,4520807.037463817,744.559870228833,1309.139319601967,744.4462466084412,30.766368282189745,49.577567987684716,30.76204712910283,21733.307364239998,3635.232142172292,0.19182687041996702,1.940615498026607,2100841.585334012,603.42979371159
31400.0,4520915.281635021,19916.771067317026,4520881.636434054,747.6473301631053,1314.1117769803147,747.5332731340762,30.878134071136255,49.73374270794865,30.873799200858727,21672.96438486884,3574.889162801133,0.19182687041996702,1.940615498026607,2100841.585334012,603.42979371159
31500.0,4520990.201298178,20048.431639679846,4520956.54466977,750.7460584495803,1319.0999897371598,750.6315666281313,30.991131210642095,49.891853215457374,30.986782454239098,21612.62140549768,3514.546183429974,0.19182687041996702,1.940615498026607,2100841.585334012,603.42979371159
31600.0,4521065.43140325,20180.591829888515,4521031.763303852,753.8561789386337,1324.1041524575628,753.741250924,31.105367170460006,50.05190959587137,31.101004358109044,21552.278426126522,3454.203204058815,0.19182687041996702,1.940615498026607,2100841.585334012,603.42979371159
31700.0,4521140.973095689,20313.253242719467,4521107.29348161,756.9778162335153,1329.1244607428396,756.8624506078613,31.220849459945033,50.213921976036815,31.216472420932277,21491.935446755364,3393.8602246876562,0.19182687041996702,1.940615498026607,2100841.585334012,603.42979371159
31800.0,4521216.827533441,20446.41750256035,4521183.136360848,760.1110956944368,1334.1611112148705,759.9952910227653,31.337585629569745,50.37790052640777,31.333194192286157,21431.592467384206,3333.5172453164973,0.19182687041996702,1.940615498026607,2100841.585334012,603.42979371159
31900.0,4521292.995887028,20580.08625351232,4521259.2931119455,763.2561434428094,1339.2143015206548,763.1398982728721,31.455583272466157,50.5438554635077,31.45117726440335,21371.249488013047,3273.1742659453384,0.19182687041996702,1.940615498026607,2100841.585334012,603.42979371159
32000.0,4521369.479339625,20714.26115949278,4521335.764917928,766.4130863656392,1344.2842303371112,766.2963992278458,31.57485002595307,50.71179705235801,31.570429273699023,21310.906508641885,3212.8312865741796,0.19182687041996702,1.940615498026607,2100841.585334012,603.42979371159
32100.0,4521446.27908713,20848.94390433863,4521412.552974548,769.5820521200756,1349.371097376125,769.4649215274026,31.69539357308095,50.88173560892986,31.690957902315418,21250.563529270727,3152.4883072030207,0.19182687041996702,1.940615498026607,2100841.585334012,603.42979371159
32200.0,4521523.396338248,20984.13619191003,4521489.658490361,772.7631691381148,1354.475103389838,772.6455935860141,31.81722164417181,51.053681502579536,31.812770879661592,21190.220549899568,3092.145327831862,0.19182687041996702,1.940615498026607,2100841.585334012,603.42979371159
32300.0,4521600.832314565,21119.8397461947,4521567.0826868005,775.9565666314596,1359.5964501761878,775.8385445977664,31.94034201837091,51.22764515849701,31.935875983964873,21129.87757052841,3031.802348460703,0.19182687041996702,1.940615498026607,2100841.585334012,603.42979371159
32400.0,4521678.588250629,21256.05631141278,4521644.826798262,779.1623745965347,1364.7353405846889,779.0439045413747,32.06476252519374,51.403637060138415,32.06028104381769,21069.53459115725,2971.459369089544,0.19182687041996702,1.940615498026607,2100841.585334012,603.42979371159
32500.0,4521756.665394026,21392.7876521223,4521722.892072177,782.3807238196587,1369.8919785224632,782.2618041853549,32.190491046094905,51.58166775168903,32.18599393974611,21009.191611786093,2911.116389718385,0.19182687041996702,1.940615498026607,2100841.585334012,603.42979371159
32600.0,4521835.06500546,21530.035553325248,4521801.279769092,785.6117458823729,1375.0665689605141,785.4923750933526,32.31753551601453,51.76174784047916,32.313022605756174,20948.848632414934,2850.773410347226,0.19182687041996702,1.940615498026607,2100841.585334012,603.42979371159
32700.0,4521913.788358835,21667.801820574285,4521879.991162753,788.8555731669285,1380.2593179402465,788.7357496296282,32.44590392496368,51.9438879994602,32.44137503091903,20888.505653043772,2790.4304309760673,0.19182687041996702,1.940615498026607,2100841.585334012,603.42979371159
32800.0,4521992.836741331,21806.08828008012,4521959.02754018,792.1123388619309,1385.470432580235,791.992060964702,32.5756043195843,52.12809896962826,32.57105926093067,20828.162673672614,2730.0874516049084,0.19182687041996702,1.940615498026607,2100841.585334012,603.42979371159
32900.0,4522072.21145349,21944.89677881958,4522038.390201752,795.3821769681435,1390.7001210832361,795.2614430811565,32.70664480473299,52.314391562481205,32.70208339969548,20767.819694301455,2669.7444722337495,0.19182687041996702,1.940615498026607,2100841.585334012,603.42979371159
33000.0,4522151.913809294,22084.22918464439,4522118.080461288,798.6652223044505,1395.9485927434487,798.5440307795989,32.83903354506977,52.50277666247621,32.83445561091483,20707.476714930297,2609.4014928625907,0.19182687041996702,1.940615498026607,2100841.585334012,603.42979371159
33100.0,4522231.945136247,22224.087386390696,4522198.099646127,801.9616105139793,1401.21605795402,801.8399596847831,32.97277876664368,52.693265229473724,32.96818411967242,20647.13373555914,2549.0585134914318,0.19182687041996702,1.940615498026607,2100841.585334012,603.42979371159
33200.0,4522312.306775462,22364.473293989333,4522278.4490972115,805.2714780703848,1406.5027282148012,805.1493662518928,33.107888758497154,52.88586830120564,33.10327721403845,20586.79075618798,2488.715534120273,0.19182687041996702,1.940615498026607,2100841.585334012,603.42979371159
33300.0,4522393.0000817375,22505.388838576913,4522359.130169173,808.5949622842937,1411.8088161403475,808.4723877729853,33.244371874262974,53.080596995722075,33.23974324666636,20526.44777681682,2428.372554749114,0.19182687041996702,1.940615498026607,2100841.585334012,603.42979371159
33400.0,4522474.026423647,22646.835972607696,4522440.144230413,811.9322013099116,1417.134535468169,811.8091623835978,33.38223653379164,53.27746251388291,33.37759063642002,20466.104797445663,2368.029575377955,0.19182687041996702,1.940615498026607,2100841.585334012,603.42979371159
33500.0,4522555.387183622,22788.816669966316,4522521.492663192,815.283334151793,1422.4801010672286,815.1598290695171,33.52149122475627,53.4764761418011,33.516827869978314,20405.761818074505,2307.686596006796,0.19182687041996702,1.940615498026607,2100841.585334012,603.42979371159
33600.0,4522637.0837580385,22931.33292608136,4522603.176863707,818.6485006717751,1427.8457289466908,818.5245276737116,33.662144504289756,53.677649253334025,33.65746350347223,20345.418838703343,2247.3436166356373,0.19182687041996702,1.940615498026607,2100841.585334012,603.42979371159
33700.0,4522719.117557299,23074.38675803983,4522685.198242186,822.0278415960754,1433.2316362649178,821.9033989034298,33.804205000624655,53.88099331257021,33.79950616412437,20285.075859332184,2187.0006372644784,0.19182687041996702,1.940615498026607,2100841.585334012,603.42979371159
33800.0,4522801.490005925,23217.98020470254,4522767.558222971,825.4214985225568,1438.6380413387187,825.2965843374625,33.94768141473691,54.08651987631433,33.94296455189259,20224.732879961026,2126.6576578933195,0.19182687041996702,1.940615498026607,2100841.585334012,603.42979371159
33900.0,4522884.20254264,23362.115326820433,4522850.258244606,828.8296139281568,1444.0651636528482,828.7042264335728,34.09258252199925,54.2942405965795,34.08784744112309,20164.389900589867,2066.3146785221606,0.19182687041996702,1.940615498026607,2100841.585334012,603.42979371159
34000.0,4522967.256620461,23506.794207151845,4522933.2997599235,832.2523311764857,1449.5132238697583,832.1264685360925,34.23891717385763,54.50416722311111,34.23416368222671,20104.04692121871,2005.9716991510018,0.19182687041996702,1.940615498026607,2100841.585334012,603.42979371159
34100.0,4523050.653706784,23652.018950580794,4523016.684236136,835.6897945255929,1454.9824438396033,835.5634548836883,34.386694299495,54.716311605878836,34.38192220334239,20043.70394184755,1945.6287197798429,0.19182687041996702,1.940615498026607,2100841.585334012,603.42979371159
34200.0,4523134.395283479,23797.79168423626,4523100.413154926,839.1421491359033,1460.4730466104977,839.0153306172966,34.535922907530285,54.930685697620866,34.531132012036025,19983.360962476392,1885.285740408684,0.19182687041996702,1.940615498026607,2100841.585334012,603.42979371159
34300.0,4523218.482846975,23944.114557612498,4523184.4880125355,842.6095410783237,1465.9852564390303,842.4822417882292,34.68661208772018,55.147301556383354,34.68180219700192,19923.01798310523,1824.9427610375249,0.19182687041996702,1.940615498026607,2100841.585334012,603.42979371159
34400.0,4523302.917908356,24090.989742690428,4523268.910319855,846.0921173425224,1471.5192988010351,845.9643353664521,34.8387710126581,55.366171348045604,34.83394192976168,19862.67500373407,1764.5997816663657,0.19182687041996702,1.940615498026607,2100841.585334012,603.42979371159
34500.0,4523387.701993448,24238.419434060113,4523353.681602523,849.5900258453812,1477.0754004026178,849.4617592490363,34.9924089395164,55.58730734891033,34.98756046640604,19802.332024362913,1704.2568022952069,0.19182687041996702,1.940615498026607,2100841.585334012,603.42979371159
34600.0,4523472.836642919,24386.405849044346,4523438.803401009,853.1034154396225,1482.6537891914434,852.9746622687841,35.14753521177079,55.810721948253345,35.142667149319145,19741.989044991755,1643.913822924048,0.19182687041996702,1.940615498026607,2100841.585334012,603.42979371159
34700.0,4523558.323412369,24534.95122782339,4523524.2772707185,856.6324359226127,1488.2546943682826,856.5031942030313,35.304159260963026,56.03642765092988,35.29927140894104,19681.646065620596,1583.5708435528888,0.19182687041996702,1.940615498026607,2100841.585334012,603.42979371159
34800.0,4523644.1638724245,24684.057833560866,4523610.104782078,860.177238045343,1493.878346398821,860.0475057826271,35.46229060846566,56.2644370799739,35.45738276553207,19621.303086249434,1523.2278641817297,0.19182687041996702,1.940615498026607,2100841.585334012,603.42979371159
34900.0,4523730.359608835,24833.72795253087,4523696.287520639,863.7379735215892,1499.5249770257315,863.607748701093,35.621938867259054,56.49476297920903,35.61701083094984,19560.96010687828,1462.8848848105708,0.19182687041996702,1.940615498026607,2100841.585334012,603.42979371159
35000.0,4523816.91222257,24983.96389424626,4523782.827087167,867.3147950372526,1505.1948192810123,867.1840756239619,35.783113743743975,56.72741821591017,35.77816531046139,19500.617127507117,1402.541905439412,0.19182687041996702,1.940615498026607,2100841.585334012,603.42979371159
35100.0,4523903.823329918,25134.767991588244,4523869.725097746,870.9078562598827,1510.8881074985914,870.7766401983008,35.94582503954554,56.96241578344002,35.94085600454706,19440.27414813596,1342.1989260682528,0.19182687041996702,1.940615498026607,2100841.585334012,603.42979371159
35200.0,4523991.094562584,25286.1426009372,4523956.983183874,874.5173118483854,1516.6050773272016,874.3855970624169,36.11008265335282,57.199768803936536,36.105092810739755,19379.9311687648,1281.8559466970937,0.19182687041996702,1.940615498026607,2100841.585334012,603.42979371159
35300.0,4524078.727567786,25438.090102304825,4524044.602992562,878.1433174629155,1522.3459657435255,878.0111018557495,36.27589658276875,57.43949053100725,36.27088572547471,19319.588189393642,1221.5129673259348,0.19182687041996702,1.940615498026607,2100841.585334012,603.42979371159
35400.0,4524166.724008364,25590.612899467593,4524132.586186435,881.7860297749592,1528.1110110656145,881.6533112289508,36.44327692618709,57.68159435245971,36.438244845966125,19259.245210022484,1161.169987954776,0.19182687041996702,1.940615498026607,2100841.585334012,603.42979371159
35500.0,4524255.085562869,25743.713420101576,4524220.934443837,885.4456064776039,1533.900452966583,885.3123828541551,36.6122338846728,57.92609379302623,36.60718037208737,19198.90223065132,1100.8270085836168,0.19182687041996702,1.940615498026607,2100841.585334012,603.42979371159
35600.0,4524343.81392568,25897.39411591866,4524309.649458928,889.1222062960027,1539.7145324885823,888.9884754354417,36.78277776388943,58.173002517159006,36.777702608298085,19138.559251280163,1040.4840292124577,0.19182687041996702,1.940615498026607,2100841.585334012,603.42979371159
35700.0,4524432.9108070955,26051.65746280415,4524398.732941791,892.8159889980317,1545.5534920570535,892.6817487194911,36.95491897601811,58.42233433179884,36.94982196556293,19078.216271909005,980.1410498412988,0.19182687041996702,1.940615498026607,2100841.585334012,603.42979371159
35800.0,4524522.377933446,26206.505960955827,4524488.186618539,896.5271154051438,1551.4175754952655,896.3923635064374,37.128668041726385,58.674103189218606,37.12354896332021,19017.873292537846,919.7980704701398,0.19182687041996702,1.940615498026607,2100841.585334012,603.42979371159
35900.0,4524612.217047198,26361.942135024477,4524578.012231413,900.2557474034218,1557.3070280391391,900.12048166092,37.30403559214278,58.928323189864386,37.298894231456146,18957.530313166688,859.4550910989808,0.19182687041996702,1.940615498026607,2100841.585334012,603.42979371159
36000.0,4524702.429907057,26517.968534255913,4524668.2115389,904.0020479548323,1563.22209635236,903.8662661233365,37.481032370862145,59.18500858523798,37.47586851230997,18897.18733379553,799.1121117278218,0.19182687041996702,1.940615498026607,2100841.585334012,603.42979371159
36100.0,4524793.018288084,26674.587732634518,4524758.78631583,907.766181108684,1569.1630285417853,907.6298809212993,37.659669235976835,59.44417378081157,37.654482662704936,18836.84435442437,738.7691323566628,0.19182687041996702,1.940615498026607,2100841.585334012,603.42979371159
36200.0,4524883.983981797,26831.80232902834,4524849.738353496,911.5483120132918,1575.1300741731447,911.4114911812987,37.83995716213599,59.70583333897824,37.834747656007174,18776.50137505321,678.4261529855037,0.19182687041996702,1.940615498026607,2100841.585334012,603.42979371159
36300.0,4524975.328796283,26989.614947335802,4524941.069459757,915.3486069278506,1581.1234842870435,915.2112631405749,38.02190724262746,59.970001982029046,38.01667458420752,18716.15839568205,618.0831736143447,0.19182687041996702,1.940615498026607,2100841.585334012,603.42979371159
36400.0,4525067.054556315,27148.028236633978,4525032.78145915,919.1672332345211,1587.1435114152657,919.0293641592026,38.205530691492264,60.23669459517329,38.20027466003562,18655.815416310892,557.7401942431857,0.19182687041996702,1.940615498026607,2100841.585334012,603.42979371159
36500.0,4525159.163103457,27307.04487132856,4525124.876193007,923.0043594507302,1593.1904095973862,922.8659627323898,38.39083884566533,60.50592622959056,38.38555921910039,18595.472436939734,497.39721487202667,0.19182687041996702,1.940615498026607,2100841.585334012,603.42979371159
36600.0,4525251.656296184,27466.667551305476,4525217.355519568,926.8601552416904,1599.2644343976926,926.7212285029957,38.577843167151805,60.77771210553118,38.57253972206614,18535.129457568575,437.0542355008676,0.19182687041996702,1.940615498026607,2100841.585334012,603.42979371159
36700.0,4525344.536009998,27626.89900208423,4525310.221314091,930.7347914331394,1605.3658429224229,930.595332274269,38.76655524523451,61.052067615456224,38.76122775685968,18474.786478197417,376.71125612970854,0.19182687041996702,1.940615498026607,2100841.585334012,603.42979371159
36800.0,4525437.605845747,27787.461574285528,4525403.277201799,930.6647693158453,1605.8903697456924,930.5252672388561,-0.6151158130910588,5.387885169840111,-0.6155574006385951,18453.854323844585,355.7791017768777,0.19182687041996702,1.940615498026607,2100841.585334012,603.42979371159
36900.0,4525530.669562378,27948.078051258897,4525496.326965971,930.6123588735953,1606.443855726708,930.4728113569679,-0.4404993134450663,5.675008257868939,-0.4409659012591529,18433.612153720114,335.53693165240696,0.19182687041996702,1.940615498026607,2100841.585334012,603.42979371159
37000.0,4525623.728907112,28108.751305942336,4525589.372353577,930.5772823571798,1607.0258433034783,930.4376869192316,-0.26862394587463534,5.9576151941397555,-0.2691151407649688,18413.369983595643,315.2947615279362,0.19182687041996702,1.940615498026607,2100841.585334012,603.42979371159
37100.0,4525716.785599741,28269.48416608802,4525682.415084164,930.5592689561973,1607.6358862583681,930.4196231540948,-0.09942146906840676,6.235817546621448,-0.09993688756186359,18393.127813471172,295.05259140346544,0.19182687041996702,1.940615498026607,2100841.585334012,603.42979371159
37200.0,4525809.841333316,28430.27941537862,4525775.456850539,930.5580545792674,1608.2735493586074,930.4183560080689,0.06717420438303101,6.50972336027861,0.06663493634924933,18372.8856433467,274.8104212789947,0.19182687041996702,1.940615498026607,2100841.585334012,603.42979371159
37300.0,4525902.897774803,28591.13979450841,4525868.499319431,930.5733816426983,1608.9384080106277,930.433627934428,0.2312270905707603,6.779437292126602,0.2306643379442015,18352.64347322223,254.56825115452395,0.19182687041996702,1.940615498026607,2100841.585334012,603.42979371159
37400.0,4525995.95656573,28752.06800223044,4525961.544132133,930.6049988672313,1609.6300479276047,930.4651876899812,0.3927992131430109,7.04506074022396,0.39221333203979647,18332.40130309776,234.32608103005322,0.19182687041996702,1.940615498026607,2100841.585334012,603.42979371159
37500.0,4526089.019322802,28913.06669637112,4526054.592905117,930.6526610824976,1610.3480648096167,930.5127901395576,0.5519506786622213,7.306691966911874,0.5513420166401506,18312.15913297329,214.08391090558248,0.19182687041996702,1.940615498026607,2100841.585334012,603.42979371159
37600.0,4526182.087638506,29074.13849481342,4526147.647230643,930.7161290388475,1611.0920640358581,930.5761960678627,0.7087397486391254,7.564426216621943,0.7081086449605305,18291.916962848816,193.84174078111175,0.19182687041996702,1.940615498026607,2100841.585334012,603.42979371159
37700.0,4526275.16308169,29235.285976449864,4526240.708677335,930.795169226226,1611.8616603683772,930.6551719983792,0.8632229083861827,7.818355828482325,0.8625696942709471,18271.67479272435,173.59957065664102,0.19182687041996702,1.940615498026607,2100841.585334012,603.42979371159
37800.0,4526368.247198133,29396.51168210648,4526333.77879075,930.8895536997853,1612.6564776668326,930.7494900190046,1.015454932871119,8.068570344019733,1.0147799317403443,18251.432622599878,153.3574005321703,0.19182687041996702,1.940615498026607,2100841.585334012,603.42979371159
37900.0,4526461.34151109,29557.818115438717,4526426.859093926,930.9990599119425,1613.4761486137902,930.8589276141331,1.1654889497191316,8.315156610199974,1.164792477429815,18231.190452475406,133.11523040769956,0.19182687041996702,1.940615498026607,2100841.585334012,603.42979371159
38000.0,4526554.447521826,29719.207743800427,4526519.951087912,931.1234705506027,1614.3203144501035,930.9832675029014,1.3133764994858588,8.558198878004887,1.3126588645569957,18210.948282350935,112.87306028322882,0.19182687041996702,1.940615498026607,2100841.585334012,603.42979371159
38100.0,4526647.5667101275,29880.682999086875,4526613.056252282,931.262573383283,1615.1886247199457,931.1222974833348,1.4591675933698909,8.797778896824628,1.4584290972003355,18190.706112226464,92.63089015875809,0.19182687041996702,1.940615498026607,2100841.585334012,603.42979371159
38200.0,4526740.700534807,30042.246278552695,4526706.176045641,931.4161611068855,1616.0807370250805,931.2758102821422,1.6029107684497177,9.033976004800378,1.602151705528188,18170.463942101997,72.38872003428736,0.19182687041996702,1.940615498026607,2100841.585334012,603.42979371159
38300.0,4526833.850434186,30203.89994560573,4526799.311906107,931.584031202881,1616.9963167879828,931.4436034099197,1.744653140608083,9.26686721538795,1.7438737987156419,18150.22177197752,52.14654990981662,0.19182687041996702,1.940615498026607,2100841.585334012,603.42979371159
38400.0,4526927.01782657,30365.646330577627,4526892.465251778,931.7659857976734,1617.9350370234326,931.6254790215353,1.8844404552123066,9.49652730025007,1.8836411156176016,18129.979601853054,31.90437978534588,0.19182687041996702,1.940615498026607,2100841.585334012,603.42979371159
38500.0,4527020.204110702,30527.487731471963,4526985.637481199,931.9618315279296,1618.8965781182314,931.8212437814781,2.0223171356998524,9.72302886872549,2.021498073347445,18109.737431728583,11.662209660875142,0.19182687041996702,1.940615498026607,2100841.585334012,603.42979371159
38600.0,4527113.322450659,30689.301657131316,4527078.741769201,930.4078123874651,1617.3866815672388,930.2673606097214,-15.455181236411736,-14.957114226158692,-15.4538338916484,18098.075222067706,0.0,0.19182687041996702,1.940615498026607,2100841.585334012,603.42979371159
38700.0,4527206.286235527,30850.966006288738,4527171.691515587,928.8706641533963,1615.904940879168,928.7303458945703,-15.288429723233378,-14.678756354950119,-15.287106597598365,18098.075222067706,0.0,0.19182687041996702,1.940615498026607,2100841.585334012,603.42979371159
38800.0,4527299.097132912,31012.48356267278,4527264.488387722,927.3499990180054,1614.4507218964038,927.2098118835393,-15.125501076575496,-14.406650676323943,-15.124201625535028,18098.075222067706,0.0,0.19182687041996702,1.940615498026607,2100841.585334012,603.42979371159
38900.0,4527391.756772189,31173.85704748488,4527357.134014744,925.8454400870547,1613.0234081303156,925.7053817360832,-14.966288077710733,-14.140623594269499,-14.96501177185796,18098.075222067706,0.0,0.19182687041996702,1.940615498026607,2100841.585334012,603.42979371159
39000.0,4527484.266745577,31335.089121135527,4527449.62998864,924.3566210019663,1611.622400151199,924.2166891458303,-14.810687205873442,-13.8805074838138,-14.809433530408054,18098.075222067706,0.0,0.19182687041996702,1.940615498026607,2100841.585334012,603.42979371159
39100.0,4527576.628609165,31496.182384920736,4527541.977865274,922.8831855777845,1610.247115003697,922.7433779785954,-14.6585984843813,-13.626140442611472,-14.65736693861081,18098.075222067706,0.0,0.19182687041996702,1.940615498026607,2100841.585334012,603.42979371159
39200.0,4527668.843883922,31657.139382641253,4527634.179165393,921.4247874561463,1608.89698564645,921.2851019253993,-14.509925334267717,-13.377366054660374,-14.5087154311293,18098.075222067706,0.0,0.19182687041996702,1.940615498026607,2100841.585334012,603.42979371159
39300.0,4527760.914056658,31817.96260216691,4527726.23537559,919.9810897725315,1607.5714604147956,919.841524169766,-14.364574435002329,-13.134033165460174,-14.363385700604304,18098.075222067706,0.0,0.19182687041996702,1.940615498026607,2100841.585334012,603.42979371159
39400.0,4527852.840580956,31978.654476948344,4527818.147949236,918.5517648371023,1606.2700025054075,918.4123170686065,-14.222455591909972,-12.89599566798521,-14.221287565091897,18098.075222067706,0.0,0.19182687041996702,1.940615498026607,2100841.585334012,603.42979371159
39500.0,4527944.624878078,32139.217387478235,4527909.918307387,917.136493828481,1604.992089481821,916.9971618460404,-14.083481609927238,-12.663112298890205,-14.082333841837794,18098.075222067706,0.0,0.19182687041996702,1.940615498026607,2100841.585334012,603.42979371159
39600.0,4528036.268337833,32299.653662704113,4528001.54783965,915.7349664998512,1603.7372127998503,915.595748299538,-13.94756817333306,-12.435246444359544,-13.946440227024834,18098.075222067706,0.0,0.19182687041996702,1.940615498026607,2100841.585334012,603.42979371159
39700.0,4528127.772319424,32459.965581394634,4528093.037905028,914.3468808967996,1602.5048773519602,914.2077745178015,-13.814633731142724,-12.212265955100557,-13.813525181183122,18098.075222067706,0.0,0.19182687041996702,1.940615498026607,2100841.585334012,603.42979371159
39800.0,4528219.138152261,32620.155373461235,4528184.389832739,912.9719430863479,1601.2946010297014,912.832946609836,-13.684599387855783,-11.99404296998045,-13.68350981995333,18098.075222067706,0.0,0.19182687041996702,1.940615498026607,2100841.585334012,603.42979371159
39900.0,4528310.367136751,32780.22522123688,4528275.604922998,911.6098668966553,1600.1059143033708,911.4709784446876,-13.557388799274838,-11.780453747850478,-13.556317809920106,18098.075222067706,0.0,0.19182687041996702,1.940615498026607,2100841.585334012,603.42979371159
40000.0,4528401.460545062,32940.17726071359,4528366.684447788,910.260373666896,1598.938359818097,910.121591401357,-13.432928073110745,-11.571378507096023,-13.431875269231288,18098.075222067706,0.0,0.19182687041996702,1.940615498026607,2100841.585334012,603.42979371159
40100.0,4528492.419621861,33100.01358274042,4528457.629651594,908.9231920068479,1597.7914920056019,908.7845141284213,-13.311145674147078,-11.366701272549376,-13.310110672775696,18098.075222067706,0.0,0.19182687041996702,1.940615498026607,2100841.585334012,603.42979371159
40200.0,4528583.245585028,33259.73623418331,4528548.44175212,907.5980575657461,1596.6648767109189,907.4594823129204,-13.191972333704706,-11.166309729343999,-13.19095476166046,18098.075222067706,0.0,0.19182687041996702,1.940615498026607,2100841.585334012,603.42979371159
40300.0,4528673.939626354,33419.34721904833,4528639.12194098,906.2847128099856,1595.5580908333948,906.146238458091,-13.075340963188328,-10.970095083358823,-13.074340456769695,18098.075222067706,0.0,0.19182687041996702,1.940615498026607,2100841.585334012,603.42979371159
40400.0,4528764.502912206,33578.84849956978,4528729.671384372,904.9829068092735,1594.4707219813301,904.8445316695486,-12.961186571506936,-10.777951927917181,-12.960202776196597,18098.075222067706,0.0,0.19182687041996702,1.940615498026607,2100841.585334012,603.42979371159
40500.0,4528854.93658418,33738.241997264326,4528820.091223724,903.6923950308528,1593.4023681396525,903.5541174495407,-12.849446186166727,-10.589778116414713,-12.848478756347458,18098.075222067706,0.0,0.19182687041996702,1.940615498026607,2100841.585334012,603.42979371159
40600.0,4528945.241759732,33897.52959395259,4528910.382576329,902.4129391414432,1592.3526373500415,902.274757498915,-12.74005877784953,-10.405474640574386,-12.739107376530697,18098.075222067706,0.0,0.19182687041996702,1.940615498026607,2100841.585334012,603.42979371159
40700.0,4529035.419532785,34056.71313274931,4529000.546535948,901.144306816555,1591.3211474029595,901.0062195264607,-12.632965188302178,-10.224945514047192,-12.632029486856368,18098.075222067706,0.0,0.19182687041996702,1.940615498026607,2100841.585334012,603.42979371159
40800.0,4529125.470974323,34215.79441902331,4529090.58417341,899.8862715568571,1590.3075255410665,899.7482770653017,-12.528108061365238,-10.048097661080696,-12.527187739274616,18098.075222067706,0.0,0.19182687041996702,1.940615498026607,2100841.585334012,603.42979371159
40900.0,4529215.397132963,34374.77522132834,4529180.496537177,898.6386125112911,1589.3114081735253,898.5007092960363,-12.425431776995037,-9.874840810021183,-12.424526521606964,18098.075222067706,0.0,0.19182687041996702,1.940615498026607,2100841.585334012,603.42979371159
41000.0,4529305.199035512,34533.65727230588,4529270.284653907,897.4011143066394,1588.3324406007243,897.2633008763289,-12.32488238811171,-9.705087391376603,-12.323991894403253,18098.075222067706,0.0,0.19182687041996702,1.940615498026607,2100841.585334012,603.42979371159
41100.0,4529394.877687509,34692.44226956092,4529359.949528989,896.1735668832742,1587.3702767489763,896.0358417766818,-12.226407560156627,-9.538752440255355,-12.225531530507569,18098.075222067706,0.0,0.19182687041996702,1.940615498026607,2100841.585334012,603.42979371159
41200.0,4529484.434073744,34851.13187651167,4529449.49214707,894.9557653368194,1586.4245789147628,894.8181271221197,-12.12995651320588,-9.375753502930342,-12.129094657179877,18098.075222067706,0.0,0.19182687041996702,1.940615498026607,2100841.585334012,603.42979371159
41300.0,4529573.869158769,35009.72772321419,4529538.913472559,893.7475097654791,1585.495017518124,893.6099570395404,-12.03547996653421,-9.216010547360458,-12.034632000667738,18098.075222067706,0.0,0.19182687041996702,1.940615498026607,2100841.585334012,603.42979371159
41400.0,4529663.183887389,35168.23140716279,4529628.214450124,892.5486051227933,1584.5812708648082,892.4111365104899,-11.942930085489348,-9.059445877440377,-11.942095733088143,18098.075222067706,0.0,0.19182687041996702,1.940615498026607,2100841.585334012,603.42979371159
41500.0,4529752.37918514,35326.644494067026,4529717.396005164,891.3588610755932,1583.6830249168142,891.2214752291385,-11.852260430593006,-8.90598405084734,-11.851439421535629,18098.075222067706,0.0,0.19182687041996702,1.940615498026607,2100841.585334012,603.42979371159
41600.0,4529841.4559587585,35484.96851860622,4529806.45904428,890.1780918669411,1582.7999730709814,890.0407874652402,-11.763425908729467,-8.755551800255635,-11.762617979277778,18098.075222067706,0.0,0.19182687041996702,1.940615498026607,2100841.585334012,603.42979371159
41700.0,4529930.415096625,35643.20498516218,4529895.404455725,889.0061161838512,1581.9318159452912,888.8688919318712,-11.676382726353197,-8.608077957812503,-11.675587618969374,18098.075222067706,0.0,0.19182687041996702,1.940615498026607,2100841.585334012,603.42979371159
41800.0,4530019.257469207,35801.35536853094,4529984.2331098365,887.8427570295911,1581.0782611725679,887.7056116577504,-11.591088344602861,-8.463493382691203,-11.590305807772758,18098.075222067706,0.0,0.19182687041996702,1.940615498026607,2100841.585334012,603.42979371159
41900.0,4530107.983929483,35959.42111461423,4530072.945859467,886.6878416003823,1580.2390232012751,886.5507738639568,-11.507501436236794,-8.321730891584522,-11.50673122429934,18098.075222067706,0.0,0.19182687041996702,1.940615498026607,2100841.585334012,603.42979371159
42000.0,4530196.595313355,36117.40364109138,4530161.543540396,885.5412011663186,1579.413823103122,885.4042098448643,-11.425581844304318,-8.18272519200058,-11.424823717286746,18098.075222067706,0.0,0.19182687041996702,1.940615498026607,2100841.585334012,603.42979371159
42100.0,4530285.092440052,36275.30433807227,4530250.026971731,884.402670956334,1578.6023883872049,884.2657548531265,-11.345290542472984,-8.046412818231788,-11.344544265931615,18098.075222067706,0.0,0.19182687041996702,1.940615498026607,2100841.585334012,603.42979371159
42200.0,4530373.476112518,36433.12456873203,4530338.396956299,883.272090047058,1577.8044528204232,883.1352479885473,-11.266589596940246,-7.9127320698824235,-11.26585494180666,18098.075222067706,0.0,0.19182687041996702,1.940615498026607,2100841.585334012,603.42979371159
42300.0,4530461.747117794,36590.865669928164,4530426.654281023,882.1493012554048,1577.0197562539206,882.0125320906852,-11.189442129846555,-7.781622952819004,-11.188718872278892,18098.075222067706,0.0,0.19182687041996702,1.940615498026607,2100841.585334012,603.42979371159
42400.0,4530549.906227384,36748.52895280044,4530514.799717294,881.0341510347473,1576.2480444553137,880.897453635042,-11.113812284131766,-7.653027122451278,-11.113100205370973,18098.075222067706,0.0,0.19182687041996702,1.940615498026607,2100841.585334012,603.42979371159
42500.0,4530637.954197615,36906.115703354466,4530602.834021327,879.9264893745373,1575.489068946481,879.7898626326969,-11.039665189764094,-7.526887829228716,-11.038964075994915,18098.075222067706,0.0,0.19182687041996702,1.940615498026607,2100841.585334012,603.42979371159
42600.0,4530725.8917699875,37063.627183029166,4530690.757934513,878.8261697032357,1574.742586846695,878.689612533251,-10.966966931284356,-7.403149866260738,-10.966276573500906,18098.075222067706,0.0,0.19182687041996702,1.940615498026607,2100841.585334012,603.42979371159
42700.0,4530813.71967151,37221.06462924893,4530778.572183752,877.7330487944264,1574.0083607208915,877.5965601309535,-10.895684516599339,-7.2817595189526125,-10.89500471047505,18098.075222067706,0.0,0.19182687041996702,1.940615498026607,2100841.585334012,603.42979371159
42800.0,4530901.438615034,37378.42925596079,4530866.2774817925,876.6469866759892,1573.2861584328755,876.5105654738883,-10.825785846977652,-7.162664516583183,-10.825116392739437,18098.075222067706,0.0,0.19182687041996702,1.940615498026607,2100841.585334012,603.42979371159
42900.0,4530989.0492995735,37535.72225415717,4530953.874527542,875.5678465422159,1572.5757530032793,875.4314917761019,-10.757239688189784,-7.045813985729494,-10.756580390496282,18098.075222067706,0.0,0.19182687041996702,1.940615498026607,2100841.585334012,603.42979371159
43000.0,4531076.552410614,37692.94479238463,4531041.364006385,874.4954946687578,1571.8769224720863,874.3592053325631,-10.690015642743358,-6.931158405459259,-10.689366310567056,18098.075222067706,0.0,0.19182687041996702,1.940615498026607,2100841.585334012,603.42979371159
43100.0,4531163.948620421,37850.09801723915,4531128.746590489,873.429800330296,1571.1894497655526,873.2935754368447,-10.6240841231638,-6.818649564210666,-10.623444569676941,18098.075222067706,0.0,0.19182687041996702,1.940615498026607,2100841.585334012,603.42979371159
43200.0,4531251.238588334,38007.18305384827,4531216.022939093,872.3706357208333,1570.5131225673567,872.2344743014271,-10.559416326281744,-6.708240518297896,-10.558786368745823,18098.075222067706,0.0,0.19182687041996702,1.940615498026607,2100841.585334012,603.42979371159
43300.0,4531338.422961053,38164.20100634053,4531303.193698805,871.3178758765101,1569.8477331938238,871.1817769805244,-10.49598420847453,-6.599885551956124,-10.4953636681333,18098.075222067706,0.0,0.19182687041996702,1.940615498026607,2100841.585334012,603.42979371159
43400.0,4531425.502372924,38321.15295830271,4531390.259503873,870.2713986008486,1569.1930784730678,870.1353612953396,-10.433760461828355,-6.4935401388729295,-10.43314916380416,18098.075222067706,0.0,0.19182687041996702,1.940615498026607,2100841.585334012,603.42979371159
43500.0,4531512.477446206,38478.039973225066,4531477.220976465,869.2310843923368,1568.5489596279108,869.095107761659,-10.372718491178514,-6.3891609051371265,-10.372116264371874,18098.075222067706,0.0,0.19182687041996702,1.940615498026607,2100841.585334012,603.42979371159
43600.0,4531599.348791339,38634.863094935165,4531564.0787269315,868.1968163742673,1567.9151821624394,868.0608995197001,-10.312832391989584,-6.286705593543068,-10.312239068981874,18098.075222067706,0.0,0.19182687041996702,1.940615498026607,2100841.585334012,603.42979371159
43700.0,4531686.117007206,38791.623348020425,4531650.833354065,867.1684802267457,1567.2915557520628,867.0326222661304,-10.254076929043864,-6.186133029199951,-10.253492346002998,18098.075222067706,0.0,0.19182687041996702,1.940615498026607,2100841.585334012,603.42979371159
43800.0,4531772.782681382,38948.32173823993,4531737.485445354,866.1459641207924,1566.6778941369503,866.0101641881779,-10.196427515901469,-6.087403086386595,-10.195851512490474,18098.075222067706,0.0,0.19182687041996702,1.940615498026607,2100841.585334012,603.42979371159
43900.0,4531859.346390381,39104.9592529257,4531824.035577226,865.1291586544612,1566.0740150187207,864.993415899759,-10.139860195098725,-5.99047665659755,-10.139292614387088,18098.075222067706,0.0,0.19182687041996702,1.940615498026607,2100841.585334012,603.42979371159
44000.0,4531945.808699897,39261.53686137379,4531910.48431529,864.1179567909016,1565.4797399602712,863.9822703795497,-10.084351619058726,-5.8953156177391906,-10.083792307436443,18098.075222067706,0.0,0.19182687041996702,1.940615498026607,2100841.585334012,603.42979371159
44100.0,4532032.170165032,39418.05551522556,4531996.832214568,863.1122537982966,1564.8948942886298,862.9766229109312,-10.029879031679052,-5.801882804418209,-10.029327838773261,18098.075222067706,0.0,0.19182687041996702,1.940615498026607,2100841.585334012,603.42979371159
44200.0,4532118.431330533,39574.51614883935,4532083.079819722,862.1119471916078,1564.3193070007267,861.976371023744,-9.976420250575387,-5.7101419792894035,-9.975877029169487,18098.075222067706,0.0,0.19182687041996702,1.940615498026607,2100841.585334012,603.42979371159
44300.0,4532204.592731004,39730.91967965285,4532169.22766528,861.1169366760661,1563.752810671981,860.9814144377863,-9.923953649946704,-5.620057805405884,-9.9234182559019,18098.075222067706,0.0,0.19182687041996702,1.940615498026607,2100841.585334012,603.42979371159
44400.0,4532290.65489113,39887.26700853651,4532255.276275846,860.1271240923444,1563.1952413676017,859.991655007994,-9.872458144044208,-5.531595819544367,-9.871930436223364,18098.075222067706,0.0,0.19182687041996702,1.940615498026607,2100841.585334012,603.42979371159
44500.0,4532376.618325882,40043.55902013821,4532341.226166315,859.1424133633553,1562.6464385565102,859.0069966712466,-9.821913171216545,-5.444722406460539,-9.821393011410299,18098.075222067706,0.0,0.19182687041996702,1.940615498026607,2100841.585334012,603.42979371159
44600.0,4532462.483540727,40199.7965832194,4532427.077842079,858.1627104426157,1562.1062450277934,858.0273453947383,-9.772298678502844,-5.35940477402758,-9.771785931357872,18098.075222067706,0.0,0.19182687041996702,1.940615498026607,2100841.585334012,603.42979371159
44700.0,4532548.251031826,40355.98055098308,4532512.831799225,857.1879232641254,1561.5745068095976,857.0526091258646,-9.723595106764156,-5.275610929244982,-9.723089639713546,18098.075222067706,0.0,0.19182687041996702,1.940615498026607,2100841.585334012,603.42979371159
44800.0,4532633.921286231,40512.11176139369,4532598.488524731,856.2179616937082,1561.051073090382,856.0826977435692,-9.675783376320933,-5.193309655063297,-9.675285059516558,18098.075222067706,0.0,0.19182687041996702,1.940615498026607,2100841.585334012,603.42979371159
44900.0,4532719.494782074,40668.19103748936,4532684.04849666,855.2527374817624,1560.5357961424493,855.1175230111022,-9.628844873077803,-5.112470487994843,-9.62835357932466,18098.075222067706,0.0,0.19182687041996702,1.940615498026607,2100841.585334012,603.42979371159
45000.0,4532804.971988756,40824.21918768655,4532769.51218434,854.2921642173771,1560.0285312476767,854.1569985301422,-9.582761435125837,-5.033063696496241,-9.582277039818266,18098.075222067706,0.0,0.19182687041996702,1.940615498026607,2100841.585334012,603.42979371159
45100.0,4532890.353367127,40980.19700607734,4532854.880048552,853.3361572837645,1559.5291366253725,853.201039696235,-9.537515339790172,-4.955060260068364,-9.537037720849895,18098.075222067706,0.0,0.19182687041996702,1.940615498026607,2100841.585334012,603.42979371159
45200.0,4532975.63936966,41136.12527271971,4532940.152541703,852.3846338149654,1559.0374733621866,852.2495636555054,-9.49308929111671,-4.878431849065693,-9.492618328932629,18098.075222067706,0.0,0.19182687041996702,1.940615498026607,2100841.585334012,603.42979371159
45300.0,4533060.830440631,41292.004753920824,4533025.330108002,851.4375126537861,1558.553405344007,851.3024892626001,-9.449466407773281,-4.803150805173788,-9.449001985142985,18098.075222067706,0.0,0.19182687041996702,1.940615498026607,2100841.585334012,603.42979371159
45400.0,4533145.927016282,41447.836202513616,4533110.413183626,850.4947143109239,1558.076799189775,850.3597370398184,-9.406630211357173,-4.729190122543422,-9.406172213430075,18098.075222067706,0.0,0.19182687041996702,1.940615498026607,2100841.585334012,603.42979371159
45500.0,4533230.92952499,41603.62035812689,4533195.402196885,849.5561609252425,1557.6075241871574,849.4212291373937,-9.36456461508438,-4.656523429539708,-9.364112929306458,18098.075222067706,0.0,0.19182687041996702,1.940615498026607,2100841.585334012,603.42979371159
45600.0,4533315.838387421,41759.35794744904,4533280.297568386,848.6217762251604,1557.1454522300107,848.4868892948874,-9.323253912852408,-4.585124971094387,-9.322808428912484,18098.075222067706,0.0,0.19182687041996702,1.940615498026607,2100841.585334012,603.42979371159
45700.0,4533400.654016698,41915.04968448561,4533365.099711187,847.6914854911146,1556.6904577575838,847.5566428036577,-9.282682768661914,-4.51496959163729,-9.282243378439407,18098.075222067706,0.0,0.19182687041996702,1.940615498026607,2100841.585334012,603.42979371159
45800.0,4533485.376818542,42070.69627081087,4533449.80903095,846.7652155190646,1556.242417695398,846.6304164703688,-9.2428362063812,-4.446032718580785,-9.242402803895331,18098.075222067706,0.0,0.19182687041996702,1.940615498026607,2100841.585334012,603.42979371159
45900.0,4533570.007191434,42226.29839581355,4533534.425926094,845.8428945850038,1555.8012113977522,845.7081385815071,-9.203699599841942,-4.378290346338585,-9.203272081202325,18098.075222067706,0.0,0.19182687041996702,1.940615498026607,2100841.585334012,603.42979371159
46000.0,4533654.545526749,42381.85673693693,4533618.950787937,844.9244524104449,1555.3667205918007,844.789738868872,-9.165258663255063,-4.311719020861439,-9.164836926613654,18098.075222067706,0.0,0.19182687041996702,1.940615498026607,2100841.585334012,603.42979371159
46100.0,4533738.99220891,42537.37195991335,4533703.384000843,844.0098201288484,1554.9388293231514,843.8751484760083,-9.127499441931892,-4.246295824664847,-9.12708338743623,18098.075222067706,0.0,0.19182687041996702,1.940615498026607,2100841.585334012,603.42979371159
46200.0,4533823.34761552,42692.84471899344,4533787.725942359,843.098930252964,1554.5174239029382,842.9642999255535,-9.09040830330291,-4.181998362337369,-9.089997833050623,18098.075222067706,0.0,0.19182687041996702,1.940615498026607,2100841.585334012,603.42979371159
46300.0,4533907.612117501,42848.27565717006,4533871.976983351,842.191716643056,1554.102392856319,842.0571270874663,-9.053971928220626,-4.118804746507138,-9.05356694621517,18098.075222067706,0.0,0.19182687041996702,1.940615498026607,2100841.585334012,603.42979371159
46400.0,4533991.786079228,43003.665406397195,4533956.137488138,841.2881144759843,1553.6936268723555,841.1535651481128,-9.018177302536346,-4.056693584250068,-9.017777714643923,18098.075222067706,0.0,0.19182687041996702,1.940615498026607,2100841.585334012,603.42979371159
46500.0,4534075.869858658,43159.0145878039,4534040.2078146245,840.388060215115,1553.291018755229,840.253550580181,-8.983011708942767,-3.995643963927223,-8.982617422850387,18098.075222067706,0.0,0.19182687041996702,1.940615498026607,2100841.585334012,603.42979371159
46600.0,4534159.863807457,43314.3238119034,4534124.188314423,839.4914915810331,1552.894463376754,839.3570211133979,-8.948462719070672,-3.935635442431879,-8.948073644245326,18098.075222067706,0.0,0.19182687041996702,1.940615498026607,2100841.585334012,603.42979371159
46700.0,4534243.768271125,43469.59367879757,4534208.079332981,838.5983475230335,1552.503857630145,838.4639157060243,-8.914518185830886,-3.8766480328321267,-8.9141342334798,18098.075222067706,0.0,0.19182687041996702,1.940615498026607,2100841.585334012,603.42979371159
46800.0,4534327.583589117,43624.8247783768,4534291.881209703,837.7085681913661,1552.1191003850017,837.5741745171042,-8.881166235996133,-3.8186621924011233,-8.88078731902807,18098.075222067706,0.0,0.19182687041996702,1.940615498026607,2100841.585334012,603.42979371159
46900.0,4534411.310094963,43780.01769051541,4534375.594278068,836.8220949102115,1551.7400924434717,836.6877388794435,-8.848395263006312,-3.761658811006556,-8.848021295993874,18098.075222067706,0.0,0.19182687041996702,1.940615498026607,2100841.585334012,603.42979371159
47000.0,4534494.948116382,43935.17298526278,4534459.218865746,835.9388701513637,1551.3667364975554,835.8045512732975,-8.816193919999037,-3.7056191998645818,-8.815824819141952,18098.075222067706,0.0,0.19182687041996702,1.940615498026607,2100841.585334012,603.42979371159
47100.0,4534578.497975396,44090.291223030275,4534542.7552947095,835.0588375086011,1550.9989370875207,834.9245553007447,-8.784551113050487,-3.6505250806324603,-8.784186796139851,18098.075222067706,0.0,0.19182687041996702,1.940615498026607,2100841.585334012,603.42979371159
47200.0,4534661.959988442,44245.37295477397,4534626.2038813485,834.181941672721,1550.6366005613893,834.0476956607254,-8.75345599462192,-3.596358574833014,-8.75309638100536,18098.075222067706,0.0,0.19182687041996702,1.940615498026607,2100841.585334012,603.42979371159
47300.0,4534745.334466482,44400.4187221735,4534709.564936576,833.3081284072213,1550.2796350354663,833.1739181247259,-8.722897957203003,-3.543102193596258,-8.722542967750726,18098.075222067706,0.0,0.19182687041996702,1.940615498026607,2100841.585334012,603.42979371159
47400.0,4534828.621715102,44555.42905780693,4534792.838765936,832.4373445246068,1549.9279503558791,832.3031695130896,-8.692866627149005,-3.4907388277143556,-8.69251618422072,18098.075222067706,0.0,0.19182687041996702,1.940615498026607,2100841.585334012,603.42979371159
47500.0,4534911.822034626,44710.40448532187,4534876.025669703,831.5695378633038,1549.581458061096,831.4353976719335,-8.663351858699858,-3.439251737989263,-8.663005886112543,18098.075222067706,0.0,0.19182687041996702,1.940615498026607,2100841.585334012,603.42979371159
47600.0,4534994.935720209,44865.34551960287,4534959.125942989,830.7046572651626,1549.240071345396,830.5705514506546,-8.63434372817807,-3.3886245458690043,-8.634002151174544,18098.075222067706,0.0,0.19182687041996702,1.940615498026607,2100841.585334012,603.42979371159
47700.0,4535077.963061941,45020.25266693521,4535042.13987584,829.8426525535324,1548.9037050232607,829.708580680008,-8.605832528359198,-3.3388412243623695,-8.605495273577498,18098.075222067706,0.0,0.19182687041996702,1.940615498026607,2100841.585334012,603.42979371159
47800.0,4535160.904344941,45175.12642516516,4535125.067753333,828.9834745118906,1548.5722754946612,828.8494361507387,-8.577808763007777,-3.289886089220257,-8.577475758451293,18098.075222067706,0.0,0.19182687041996702,1.940615498026607,2100841.585334012,603.42979371159
47900.0,4535243.759849454,45329.96728385687,4535207.909855668,828.1270748630102,1548.2457007112143,827.9930695927524,-8.550263141575044,-3.2417437903782598,-8.5499343165834,18098.075222067706,0.0,0.19182687041996702,1.940615498026607,2100841.585334012,603.42979371159
48000.0,4535326.529850946,45484.775724445855,4535290.6664582705,827.2734062486501,1547.9239001431813,827.1394336548083,-8.523186574048818,-3.1943993036439062,-8.522861859269488,18098.075222067706,0.0,0.19182687041996702,1.940615498026607,2100841.585334012,603.42979371159
48100.0,4535409.214620189,45639.55222038923,4535373.337831871,826.4224222097522,1547.606794747286,826.2884818847193,-8.496570165957017,-3.147837922632583,-8.496249493317633,18098.075222067706,0.0,0.19182687041996702,1.940615498026607,2100841.585334012,603.42979371159
48200.0,4535491.814423353,45794.29723731281,4535455.9242426,825.5740771671317,1547.2943069353275,825.4401687100451,-8.470405213512404,-3.1020452509302916,-8.470088516193753,18098.075222067706,0.0,0.19182687041996702,1.940615498026607,2100841.585334012,603.42979371159
48300.0,4535574.329522097,45949.01123315504,4535538.425952074,824.728326402645,1546.9863605435664,824.5944494192623,-8.444683198901025,-3.057007194489008,-8.444370411310707,18098.075222067706,0.0,0.19182687041996702,1.940615498026607,2100841.585334012,603.42979371159
48400.0,4535656.760173646,46103.694658308,4535620.843217483,823.8851260408229,1546.682880802858,823.7512801434007,-8.419395785701429,-3.012709954231834,-8.419086843448158,18098.075222067706,0.0,0.19182687041996702,1.940615498026607,2100841.585334012,603.42979371159
48500.0,4535739.106630882,46258.347955755344,4535703.176291668,823.0444330309541,1546.3837943095173,822.9106178381292,-8.394534814438806,-2.969140018876641,-8.394229654307336,18098.075222067706,0.0,0.19182687041996702,1.940615498026607,2100841.585334012,603.42979371159
48600.0,4535821.3691424215,46412.97156120745,4535785.425423208,822.2062051296084,1546.0890289968881,822.0724202662811,-8.370092298264392,-2.926284157961368,-8.369790858191054,18098.075222067706,0.0,0.19182687041996702,1.940615498026607,2100841.585334012,603.42979371159
48700.0,4535903.547952696,46567.56590323373,4535867.590856496,821.3704008835844,1545.7985141076042,821.2366459808052,-8.346060418755611,-2.884129415063614,-8.345762637804441,18098.075222067706,0.0,0.19182687041996702,1.940615498026607,2100841.585334012,603.42979371159
48800.0,4535985.64330203,46722.13140339217,4535949.672831823,820.536979613272,1545.5121801665136,820.4032543081295,-8.32243152183665,-2.8426631012148373,-8.322137340176088,18098.075222067706,0.0,0.19182687041996702,1.940615498026607,2100841.585334012,603.42979371159
48900.0,4536067.655426719,46876.66847635629,4536031.671585447,819.7059013964175,1545.2299589542567,819.5722053319289,-8.299198113813105,-2.80187278849836,-8.298907472693251,18098.075222067706,0.0,0.19182687041996702,1.940615498026607,2100841.585334012,603.42979371159
49000.0,4536149.584559104,47031.17753003934,4536113.587349673,818.8771270522783,1544.9517834814728,818.7434598772827,-8.276352857517082,-2.761746303825349,-8.276065699247503,18098.075222067706,0.0,0.19182687041996702,1.940615498026607,2100841.585334012,603.42979371159
49100.0,4536231.430927644,47185.65896571612,4536195.420352924,818.0506181261588,1544.6775879636214,817.9169794952124,-8.253888568559695,-2.722271722883921,-8.253604836487748,18098.075222067706,0.0,0.19182687041996702,1.940615498026607,2100841.585334012,603.42979371159
49200.0,4536313.194756985,47340.11317814216,4536277.170819815,817.2263368743158,1544.4073077964003,817.092726447589,-8.231798211687686,-2.683437364256201,-8.23151785017736,18098.075222067706,0.0,0.19182687041996702,1.940615498026607,2100841.585334012,603.42979371159
49300.0,4536394.8762680385,47494.54055567058,4536358.838971222,816.4042462492225,1544.1408795317434,816.2706636923995,-8.210074897239902,-2.645231783696145,-8.209797851651157,18098.075222067706,0.0,0.19182687041996702,1.940615498026607,2100841.585334012,603.42979371159
49400.0,4536476.4756780425,47648.94148036654,4536440.42502435,815.5843098851826,1543.8782408543832,815.4507548693624,-8.188711877702476,-2.6076437685668443,-8.188438094371067,18098.075222067706,0.0,0.19182687041996702,1.940615498026607,2100841.585334012,603.42979371159
49500.0,4536557.993200633,47803.31632811935,4536521.929192803,814.766492084284,1543.6193305589613,814.6329642858842,-8.167702544356704,-2.5706623324267968,-8.167431970574482,18098.075222067706,0.0,0.19182687041996702,1.940615498026607,2100841.585334012,603.42979371159
49600.0,4536639.429045909,47957.665468752326,4536603.351686646,813.9507578026827,1543.364088527674,813.8172569033447,-8.147040424018687,-2.5342767097642627,-8.146773008014344,18098.075222067706,0.0,0.19182687041996702,1.940615498026607,2100841.585334012,603.42979371159
49700.0,4536720.783420497,48111.9892661305,4536684.692712476,813.137072637209,1543.1124557084363,813.0035983237053,-8.126719175868715,-2.4984763508765555,-8.126454866788993,18098.075222067706,0.0,0.19182687041996702,1.940615498026607,2100841.585334012,603.42979371159
49800.0,4536802.056527614,48266.28807826607,4536765.952473477,812.325402812286,1542.8643740935509,812.1919547764292,-8.106732588363958,-2.4632509168830357,-8.106471336255286,18098.075222067706,0.0,0.19182687041996702,1.940615498026607,2100841.585334012,603.42979371159
49900.0,4536883.248567131,48420.56225742183,4536847.131169492,811.5157151671526,1542.6197866988705,811.3822931057063,-8.087074576236386,-2.428590274875992,-8.086816332026933,18098.075222067706,0.0,0.19182687041996702,1.940615498026607,2100841.585334012,603.42979371159
50000.0,4536964.359735634,48574.81215021246,4536928.228997075,810.7079771433828,1542.378637543437,810.5745807579746,-8.067739177569681,-2.394484493198508,-8.06748389305183,18098.075222067706,0.0,0.19182687041996702,1.940615498026607,2100841.585334012,603.42979371159
50100.0,4537045.3902264815,48729.0380977039,4537009.246149555,809.9021567726934,1542.1408716295873,809.7687857697292,-8.04872055095485,-2.360923836849307,-8.048468178768061,18098.075222067706,0.0,0.19182687041996702,1.940615498026607,2100841.585334012,603.42979371159
50200.0,4537126.340229863,48883.24043551066,4537090.182817094,809.0982226650327,1541.906434923513,808.9648767556127,-8.030012972721273,-2.327898763009191,-8.02976346633536,18098.075222067706,0.0,0.19182687041996702,1.940615498026607,2100841.585334012,603.42979371159
50300.0,4537207.209932861,49037.419493891284,4537171.039186744,808.2961439969416,1541.6752743362601,808.1628228967784,-8.01161083424054,-2.2953999166845724,-8.011364147939291,18098.075222067706,0.0,0.19182687041996702,1.940615498026607,2100841.585334012,603.42979371159
50400.0,4537287.999519501,49191.57559784187,4537251.8154425025,807.4958905001814,1541.4473377051602,807.3625939295189,-7.993508639301863,-2.2634181264665845,-7.993264728167063,18098.075222067706,0.0,0.19182687041996702,1.940615498026607,2100841.585334012,603.42979371159
50500.0,4537368.709170809,49345.7090671878,4537332.511765368,806.6974324506203,1541.2225737756785,806.5641601341551,-7.975701001556682,-2.2319444004017126,-7.975459821452474,18098.075222067706,0.0,0.19182687041996702,1.940615498026607,2100841.585334012,603.42979371159
50600.0,4537449.339064865,49499.8202166737,4537413.128333394,805.9007406573725,1541.0009321836712,805.7674923241764,-7.9581826420290565,-2.2009699219681975,-7.95794414958667,18098.075222067706,0.0,0.19182687041996702,1.940615498026607,2100841.585334012,603.42979371159
50700.0,4537529.889376859,49653.90935605156,4537493.665321743,805.1057864521821,1540.7823634380393,804.9725618356259,-7.940948386691342,-2.1704860461577415,-7.940712539294148,18098.075222067706,0.0,0.19182687041996702,1.940615498026607,2100841.585334012,603.42979371159
50800.0,4537610.360279136,49807.976790167195,4537574.122902733,804.3125416790474,1540.5668189037674,804.1793405167267,-7.923993164103241,-2.140484295659505,-7.923759919872148,18098.075222067706,0.0,0.19182687041996702,1.940615498026607,2100841.585334012,603.42979371159
50900.0,4537690.751941253,49962.022819045036,4537654.501245896,803.5209786840774,1540.3542507853422,803.3878007177393,-7.9073120031111666,-2.110956357141062,-7.907081320890342,18098.075222067706,0.0,0.19182687041996702,1.940615498026607,2100841.585334012,603.42979371159
51000.0,4537771.064530026,50116.04773797127,4537734.800518022,802.7310703055757,1540.1446121105362,802.5979152810474,-7.8909000306071935,-2.08189407762552,-7.890671869950092,18098.075222067706,0.0,0.19182687041996702,1.940615498026607,2100841.585334012,603.42979371159
51100.0,4537851.298209579,50270.051837575345,4537815.020883208,801.9427898643459,1539.937856714549,801.8096575314643,-7.874752469344922,-2.05328946096018,-7.874526790500627,18098.075222067706,0.0,0.19182687041996702,1.940615498026607,2100841.585334012,603.42979371159
51200.0,4537931.453141389,50424.03540390997,4537895.16250291,801.1561111542115,1539.7339392244983,801.0230012667545,-7.858864635811733,-2.025134664376236,-7.8586413997116065,18098.075222067706,0.0,0.19182687041996702,1.940615498026607,2100841.585334012,603.42979371159
51300.0,4538011.529484342,50577.99871852952,4537975.225535985,800.3710084327479,1539.532815044249,800.2379207483664,-7.843231938154528,-1.9974219951344758,-7.843011106399133,18098.075222067706,0.0,0.19182687041996702,1.940615498026607,2100841.585334012,603.42979371159
51400.0,4538091.527394766,50731.94205856697,4538055.210138741,799.5874564122167,1539.3344403395756,799.4543906923689,-7.827849874158861,-1.9701439072572524,-7.82763140900519,18098.075222067706,0.0,0.19182687041996702,1.940615498026607,2100841.585334012,603.42979371159
51500.0,4538171.447026486,50885.86569680938,4538135.116464977,798.8054302507018,1539.1387720236455,798.6723862605877,-7.812714029278124,-1.9432929983408191,-7.8124978936270875,18098.075222067706,0.0,0.19182687041996702,1.940615498026607,2100841.585334012,603.42979371159
51600.0,4538251.288530864,51039.76990177188,4538214.944666033,798.0249055434382,1538.945767742817,797.8918830519361,-7.797820074712354,-1.9168620064476702,-7.797606232096552,18098.075222067706,0.0,0.19182687041996702,1.940615498026607,2100841.585334012,603.42979371159
51700.0,4538331.052056843,51193.65493777032,4538294.694890828,797.2458583143319,1538.7553858627457,797.112857093936,-7.783163765536418,-1.8908438070787523,-7.782952180108171,18098.075222067706,0.0,0.19182687041996702,1.940615498026607,2100841.585334012,603.42979371159
51800.0,4538410.73775099,51347.521064992536,4538374.367285907,796.4682650076643,1538.5675854547885,796.3352848344225,-7.768740938873134,-1.8652314102175958,-7.76853157539277,18098.075222067706,0.0,0.19182687041996702,1.940615498026607,2100841.585334012,603.42979371159
51900.0,4538490.345757537,51501.3685395682,4538453.96199548,795.6921024799759,1538.3823262827002,795.5591431334307,-7.754547512112743,-1.8400179574493944,-7.754340335937137,18098.075222067706,0.0,0.19182687041996702,1.940615498026607,2100841.585334012,603.42979371159
52000.0,4538569.87621842,51655.19761363745,4538533.479161461,794.9173479921278,1538.1995687896144,794.7844092552564,-7.740579481176436,-1.8151967191510368,-7.740374458247794,18098.075222067706,0.0,0.19182687041996702,1.940615498026607,2100841.585334012,603.42979371159
52100.0,4538649.329273324,51809.00853541817,4538612.918923513,794.143979201533,1538.0192740853022,794.0110608606897,-7.726832918822799,-1.790761091750314,-7.726630015657685,18098.075222067706,0.0,0.19182687041996702,1.940615498026607,2100841.585334012,603.42979371159
52200.0,4538728.705059718,51962.801549272044,4538692.2814190835,793.3719741545559,1537.8414039337003,793.2390759994148,-7.71330397299536,-1.7667045950511786,-7.713103156673945,18098.075222067706,0.0,0.19182687041996702,1.940615498026607,2100841.585334012,603.42979371159
52300.0,4538808.003712894,52116.57689576933,4538771.566783444,792.6013112790744,1537.6659207407063,792.4684331025742,-7.699988865210991,-1.7430208696249627,-7.6997901033665475,18098.075222067706,0.0,0.19182687041996702,1.940615498026607,2100841.585334012,603.42979371159
52400.0,4538887.225366007,52270.33481175248,4538850.775149729,791.8319693772019,1537.4927875422275,791.6991109754905,-7.686883888987821,-1.719703674265265,-7.686687149796418,18098.075222067706,0.0,0.19182687041996702,1.940615498026607,2100841.585334012,603.42979371159
52500.0,4538966.370150108,52424.07553039856,4538929.90664897,791.0639276181639,1537.3219679924848,790.931088790545,-7.673985408310962,-1.6967468835036679,-7.67379066048139,18098.075222067706,0.0,0.19182687041996702,1.940615498026607,2100841.585334012,603.42979371159
52600.0,4539045.4381941855,52577.79928128048,4539008.961410136,790.2971655313268,1537.153426352561,790.1643460802069,-7.661289856135587,-1.6741444851856713,-7.6610970688994975,18098.075222067706,0.0,0.19182687041996702,1.940615498026607,2100841.585334012,603.42979371159
52700.0,4539124.429625198,52731.50629042715,4539087.939560165,789.5316629993736,1536.9871274791865,789.3988627302105,-7.648793732925786,-1.6518905781041457,-7.648602876028025,18098.075222067706,0.0,0.19182687041996702,1.940615498026607,2100841.585334012,603.42979371159
52800.0,4539203.344568111,52885.19678038245,4539166.841224002,788.7674002516253,1536.8230368137622,788.6346189728768,-7.636493605229652,-1.6299793696914888,-7.636304648918793,18098.075222067706,0.0,0.19182687041996702,1.940615498026607,2100841.585334012,603.42979371159
52900.0,4539282.183145927,53038.870970263226,4539245.666524631,788.004357857502,1536.6611203716075,787.8715953805762,-7.624386104287044,-1.6084051737640013,-7.624199019306142,18098.075222067706,0.0,0.19182687041996702,1.940615498026607,2100841.585334012,603.42979371159
53000.0,4539360.945479725,53192.52907581608,4539324.415583112,787.2425167201217,1536.501344731433,787.1097728593284,-7.612467924671901,-1.5871624083222624,-7.612282682249409,18098.075222067706,0.0,0.19182687041996702,1.940615498026607,2100841.585334012,603.42979371159
53100.0,4539439.631688687,53346.17130947322,4539403.088518612,786.4818580700339,1536.3436770250298,786.3491326425359,-7.600735822965774,-1.5662455934015254,-7.600552394806667,18098.075222067706,0.0,0.19182687041996702,1.940615498026607,2100841.585334012,603.42979371159
53200.0,4539518.241890139,53499.79788040729,4539481.685448436,785.7223634590837,1536.1880849271715,785.5896562848499,-7.589186616463391,-1.5456493489738514,-7.5890049747404555,18098.075222067706,0.0,0.19182687041996702,1.940615498026607,2100841.585334012,603.42979371159
53300.0,4539596.7761995755,53653.40899458514,4539560.20648806,784.9640147544036,1536.0345366457232,784.8313256561626,-7.577817181909639,-1.5253683929011066,-7.577637299254954,18098.075222067706,0.0,0.19182687041996702,1.940615498026607,2100841.585334012,603.42979371159
53400.0,4539675.234730693,53807.00485482065,4539638.651751163,784.206794132531,1535.8830009119526,784.0741229357253,-7.56662445426412,-1.5053975389317558,-7.566446303760712,18098.075222067706,0.0,0.19182687041996702,1.940615498026607,2100841.585334012,603.42979371159
53500.0,4539753.61759542,53960.5856608266,4539717.021349659,783.4506840736465,1535.7334469710402,783.3180306063884,-7.555605425496905,-1.4857316947485544,-7.555428980670567,18098.075222067706,0.0,0.19182687041996702,1.940615498026607,2100841.585334012,603.42979371159
53600.0,4539831.924903952,54114.151609265595,4539795.315393724,782.6956673559326,1535.5858445727806,782.5630314489601,-7.544757143411232,-1.46636586005926,-7.544582378222513,18098.075222067706,0.0,0.19182687041996702,1.940615498026607,2100841.585334012,603.42979371159
53700.0,4539910.156764772,54267.70289380008,4539873.533991824,781.9417270500478,1535.440163962475,781.8091085366813,-7.534076710494144,-1.4472951247325578,-7.533903599330499,18098.075222067706,0.0,0.19182687041996702,1.940615498026607,2100841.585334012,603.42979371159
53800.0,4539988.313284687,54421.23970514142,4539951.67725075,781.1888465137146,1535.2963758720055,781.0562452298146,-7.523561282793789,-1.428514666976861,-7.523389800461886,18098.075222067706,0.0,0.19182687041996702,1.940615498026607,2100841.585334012,603.42979371159
53900.0,4540066.394568854,54574.762231098146,4540029.745275644,780.4370093864184,1535.1544515110902,780.3044251703443,-7.513208068822253,-1.4100197515601611,-7.513038190540439,18098.075222067706,0.0,0.19182687041996702,1.940615498026607,2100841.585334012,603.42979371159
54000.0,4540144.400720808,54728.27065662328,4540107.738170022,779.6861995842148,1535.0143625587157,779.5536322767839,-7.503014328484458,-1.391805728072061,-7.502846029875377,18098.075222067706,0.0,0.19182687041996702,1.940615498026607,2100841.585334012,603.42979371159
54100.0,4540222.331842488,54881.76516386087,4540185.65603581,778.9364012946434,1534.8760811547393,778.8038507390905,-7.492977372031244,-1.3738680292246537,-7.4928106291146,18098.075222067706,0.0,0.19182687041996702,1.940615498026607,2100841.585334012,603.42979371159
54200.0,4540300.188034265,55035.24593219165,4540263.498973363,778.1875989717437,1534.7395798916602,778.0550650136825,-7.483094559036358,-1.3562021691918635,-7.48292934822182,18098.075222067706,0.0,0.19182687041996702,1.940615498026607,2100841.585334012,603.42979371159
54300.0,4540377.969394971,55188.71313827787,4540341.267081496,777.4397773311736,1534.604831806555,777.3072598185573,-7.473363297397639,-1.338803741988047,-7.473199595477897,18098.075222067706,0.0,0.19182687041996702,1.940615498026607,2100841.585334012,603.42979371159
54400.0,4540455.67602192,55342.16695610742,4540418.960457509,776.6929213454258,1534.4718103731727,776.5604201285097,-7.46378104235976,-1.3216684198809294,-7.463618826503705,18098.075222067706,0.0,0.19182687041996702,1.940615498026607,2100841.585334012,603.42979371159
54500.0,4540533.308010936,55495.60755703707,4540496.579197212,775.9470162391411,1534.3404894941882,775.8145311704449,-7.454345295560122,-1.304791951842173,-7.454184543306174,18098.075222067706,0.0,0.19182687041996702,1.940615498026607,2100841.585334012,603.42979371159
54600.0,4540610.865456379,55649.035109834964,4540574.123394949,775.2020474845158,1534.210843493607,775.069578418787,-7.445053604095813,-1.288170162031694,-7.444894293345379,18098.075222067706,0.0,0.19182687041996702,1.940615498026607,2100841.585334012,603.42979371159
54700.0,4540688.348451168,55802.44978072243,4540651.593143626,774.4580007968015,1534.0828471093207,774.32554759098,-7.435903559612064,-1.271798948316774,-7.435745668623117,18098.075222067706,0.0,0.19182687041996702,1.940615498026607,2100841.585334012,603.42979371159
54800.0,4540765.757086806,55955.851733414966,4540728.98853473,773.7148621298952,1533.95647548581,773.5824246430774,-7.426892797411037,-1.2556742808238575,-7.4267363047918264,18098.075222067706,0.0,0.19182687041996702,1.940615498026607,2100841.585334012,603.42979371159
54900.0,4540843.091453401,56109.24112916254,4540806.309658357,772.9726176720173,1533.8317041669886,772.8401957654213,-7.418018995580013,-1.2397922005214665,-7.417863880282905,18098.075222067706,0.0,0.19182687041996702,1.940615498026607,2100841.585334012,603.42979371159
55000.0,4540920.3516396945,56262.618126789195,4540883.556603232,772.2312538414757,1533.7085090891894,772.0988473784075,-7.409279874140331,-1.2241488178368978,-7.409126115455754,18098.075222067706,0.0,0.19182687041996702,1.940615498026607,2100841.585334012,603.42979371159
55100.0,4540997.537733079,56415.98288273195,4540960.729456737,771.4907572825141,1533.586866574286,771.3583661283342,-7.4006731942143,-1.2087403113016095,-7.400520771764819,18098.075222067706,0.0,0.19182687041996702,1.940615498026607,2100841.585334012,603.42979371159
55200.0,4541074.649819623,56569.33555107899,4541037.828304925,770.7511148612432,1533.4667533229488,770.6187388833333,-7.3921967572106695,-1.193562926226545,-7.392045650945182,18098.075222067706,0.0,0.19182687041996702,1.940615498026607,2100841.585334012,603.42979371159
55300.0,4541151.687984092,56722.676283607245,4541114.8532325495,770.0123136616515,1533.3481464080323,769.8799527293825,-7.383848404028967,-1.1786129734080621,-7.383698594216992,18098.075222067706,0.0,0.19182687041996702,1.940615498026607,2100841.585334012,603.42979371159
55400.0,4541228.652309973,56876.00522981926,4541191.804323084,769.2743409816958,1533.2310232680904,769.1419949663955,-7.3756260142804555,-1.1638868278604104,-7.375477481506551,18098.075222067706,0.0,0.19182687041996702,1.940615498026607,2100841.585334012,603.42979371159
55500.0,4541305.542879489,57029.32253697947,4541268.681658739,768.5371843294677,1533.115361701016,768.4048531043902,-7.367527505526616,-1.1493809275765472,-7.367380230684896,18098.075222067706,0.0,0.19182687041996702,1.940615498026607,2100841.585334012,603.42979371159
55600.0,4541382.359773629,57182.62835014978,4541345.485320491,767.8008314194363,1533.0011398578042,767.6685148597311,-7.359550832534685,-1.1350917723165488,-7.359404796823445,18098.075222067706,0.0,0.19182687041996702,1.940615498026607,2100841.585334012,603.42979371159
55700.0,4541459.103072162,57335.92281222462,4541422.215388095,767.0652701687644,1532.8883362364359,766.932968151446,-7.351693986549032,-1.1210159224214125,-7.351549171465475,18098.075222067706,0.0,0.19182687041996702,1.940615498026607,2100841.585334012,603.42979371159
55800.0,4541535.772853656,57489.2060639653,4541498.871940109,766.3304886936959,1532.7769296758765,766.1982010976143,-7.3439549945787075,-1.1071499976530246,-7.343811381913777,18098.075222067706,0.0,0.19182687041996702,1.940615498026607,2100841.585334012,603.42979371159
55900.0,4541612.369195503,57642.47824403383,4541575.4550539125,765.5964753060148,1532.6668993501924,765.4642020118266,-7.336331918700083,-1.093490676058301,-7.33618949053338,18098.075222067706,0.0,0.19182687041996702,1.940615498026607,2100841.585334012,603.42979371159
56000.0,4541688.892173937,57795.739489026164,4541651.964805727,764.8632185095726,1532.5582247627767,764.7309593997121,-7.32882285537567,-1.0800346928597788,-7.328681594070494,18098.075222067706,0.0,0.19182687041996702,1.940615498026607,2100841.585334012,603.42979371159
56100.0,4541765.341864048,57948.989933504796,4541728.401270632,764.130706996883,1532.4508857406875,763.9984619555344,-7.321425934786303,-1.0667788393672777,-7.321285822984759,18098.075222067706,0.0,0.19182687041996702,1.940615498026607,2100841.585334012,603.42979371159
56200.0,4541841.718339807,58102.229710030886,4541804.764522586,763.398929645783,1532.3448624290916,763.2666985588523,-7.314139320178662,-1.0537199619146336,-7.31400034079687,18098.075222067706,0.0,0.19182687041996702,1.940615498026607,2100841.585334012,603.42979371159
56300.0,4541918.021674084,58255.458949195796,4541881.054634446,762.6678755161585,1532.2401352858146,762.5356582712467,-7.306961207226647,-1.040854960818681,-7.306823343450054,18098.075222067706,0.0,0.19182687041996702,1.940615498026607,2100841.585334012,603.42979371159
56400.0,4541994.251938659,58408.67777965208,4541957.271677985,761.9375338467324,1532.1366850759941,761.8053303331087,-7.299889823406377,-1.0281807893601895,-7.299753058685145,18098.075222067706,0.0,0.19182687041996702,1.940615498026607,2100841.585334012,603.42979371159
56500.0,4542070.409204248,58561.88632814394,4542033.415723905,761.2078940519158,1532.0344928668328,761.0757041604912,-7.2929234273846495,-1.0156944527865341,-7.29278774542913,18098.075222067706,0.0,0.19182687041996702,1.940615498026607,2100841.585334012,603.42979371159
56600.0,4542146.493540518,58715.0847195372,4542109.486841862,760.4789457187183,1531.9335400224516,760.34676934202,-7.286060308420058,-1.0033930073346713,-7.285925693196356,18098.075222067706,0.0,0.19182687041996702,1.940615498026607,2100841.585334012,603.42979371159
56700.0,4542222.5050161,58868.27307684872,4542185.485100477,759.7506786037184,1531.8338081988372,759.6185156358646,-7.2792987857778275,-0.9912735592765435,-7.279165221503454,18098.075222067706,0.0,0.19182687041996702,1.940615498026607,2100841.585334012,603.42979371159
56800.0,4542298.44369861,59021.45152127536,4542261.410567356,759.0230826300921,1531.7352793388875,758.8909329667665,-7.272637208155914,-0.979333263982274,-7.272504679295508,18098.075222067706,0.0,0.19182687041996702,1.940615498026607,2100841.585334012,603.42979371159
56900.0,4542374.309654666,59174.6201722224,4542337.263309107,758.296147884697,1531.6379356675461,758.164011423125,-7.266073953124,-0.9675693250044236,-7.2659424443851375,18098.075222067706,0.0,0.19182687041996702,1.940615498026607,2100841.585334012,603.42979371159
57000.0,4542450.102949902,59327.779147331516,4542413.043391353,757.5698646152134,1531.5417596870298,757.4377412541374,-7.259607426574054,-0.9559789931808153,-7.259476922903137,18098.075222067706,0.0,0.19182687041996702,1.940615498026607,2100841.585334012,603.42979371159
57100.0,4542525.8236489855,59480.928562508285,4542488.750878751,756.8442232273386,1531.446734172144,756.7121128669947,-7.253236062182609,-0.9445595657562912,-7.253106548760819,18098.075222067706,0.0,0.19182687041996702,1.940615498026607,2100841.585334012,603.42979371159
57200.0,4542601.47181563,59634.06853194919,4542564.385835005,756.1192142820349,1531.3528421656854,755.9871168241297,-7.246958320884376,-0.9333083855228256,-7.2468297831237205,18098.075222067706,0.0,0.19182687041996702,1.940615498026607,2100841.585334012,603.42979371159
57300.0,4542677.047512614,59787.19916816822,4542639.948322885,755.39482849283,1531.260066973929,755.262743840517,-7.240772690356362,-0.9222228399763792,-7.240645113895783,18098.075222067706,0.0,0.19182687041996702,1.940615498026607,2100841.585334012,603.42979371159
57400.0,4542752.550801796,59940.32058202296,4542715.438404238,754.6710567231677,1531.1683921621996,754.5389847810256,-7.234677684513611,-0.9113003604927828,-7.234551055215169,18098.075222067706,0.0,0.19182687041996702,1.940615498026607,2100841.585334012,603.42979371159
57500.0,4542827.981744126,60093.432882740315,4542790.856140005,753.9478899838089,1531.077801550524,753.8158306578194,-7.228671843014793,-0.9005384215193544,-7.22854614695991,18098.075222067706,0.0,0.19182687041996702,1.940615498026607,2100841.585334012,603.42979371159
57600.0,4542903.340399666,60246.53617794174,4542866.201590239,753.2253194302818,1530.9882792093642,753.0932726278076,-7.222753730778313,-0.889934539783519,-7.222628954264107,18098.075222067706,0.0,0.19182687041996702,1.940615498026607,2100841.585334012,603.42979371159
57700.0,4542978.626827596,60399.630573668095,4542941.47481411,752.5033363603796,1530.8998094554274,752.3713019901428,-7.216921937508507,-0.8794862735177799,-7.216798067044174,18098.075222067706,0.0,0.19182687041996702,1.940615498026607,2100841.585334012,603.42979371159
57800.0,4543053.841086235,60552.716174404035,4543016.675869931,751.7819322117052,1530.812376847554,751.6499101837666,-7.211175077231362,-0.8691912216999513,-7.211052099534633,18098.075222067706,0.0,0.19182687041996702,1.940615498026607,2100841.585334012,603.42979371159
57900.0,4543128.983233054,60705.79308310205,4543091.80481516,751.0610985592616,1530.7259661826808,750.929088785,-7.205511787840329,-0.859047023309863,-7.205389689833994,18098.075222067706,0.0,0.19182687041996702,1.940615498026607,2100841.585334012,603.42979371159
58000.0,4543204.053324687,60858.86140120606,4543166.8617064245,750.3408271130877,1530.6405624918764,750.2088295051796,-7.199930730650843,-0.8490513565999284,-7.19980949945933,18098.075222067706,0.0,0.19182687041996702,1.940615498026607,2100841.585334012,603.42979371159
58100.0,4543279.051416946,61011.921228674626,4543241.846599527,749.6211097159381,1530.5561510364505,749.4891241883374,-7.194430589964547,-0.8392019383815572,-7.194310212910567,18098.075222067706,0.0,0.19182687041996702,1.940615498026607,2100841.585334012,603.42979371159
58200.0,4543353.977564831,61164.972664003806,4543316.75954946,748.9019383410057,1530.4727173041333,748.7699648089244,-7.189010072642195,-0.8294965233255246,-7.188890537243455,18098.075222067706,0.0,0.19182687041996702,1.940615498026607,2100841.585334012,603.42979371159
58300.0,4543428.831822551,61318.0158042496,4543391.600610423,748.1833050896868,1530.3902470053233,748.0513434695755,-7.183667907685022,-0.8199329032759247,-7.183549201650984,18098.075222067706,0.0,0.19182687041996702,1.940615498026607,2100841.585334012,603.42979371159
58400.0,4543503.614243527,61471.05074505,4543466.369835829,747.4652021893876,1530.3087260694037,747.3332523989166,-7.178402845825222,-0.8105089065790185,-7.1782849570539335,18098.075222067706,0.0,0.19182687041996702,1.940615498026607,2100841.585334012,603.42979371159
58500.0,4543578.324880412,61624.07758064677,4543541.067278323,746.7476219913715,1530.228140641126,746.6156839494117,-7.173213659124216,-0.8012223974245364,-7.17309657569919,18098.075222067706,0.0,0.19182687041996702,1.940615498026607,2100841.585334012,603.42979371159
58600.0,4543652.963785098,61777.09640390675,4543615.692989789,746.0305569686456,1530.1484770770571,745.8986305952507,-7.168099140579411,-0.7920712752007629,-7.167982850766567,18098.075222067706,0.0,0.19182687041996702,1.940615498026607,2100841.585334012,603.42979371159
58700.0,4543727.531008732,61930.10730634287,4543690.247021365,745.3139997138865,1530.0697219420917,745.1820849302744,-7.163058103738834,-0.78305347386237,-7.162942595983487,18098.075222067706,0.0,0.19182687041996702,1.940615498026607,2100841.585334012,603.42979371159
58800.0,4543802.026601723,62083.11037813485,4543764.729423455,744.5979429374042,1529.9918620060266,744.4660396659397,-7.158089382323345,-0.7741669613104156,-7.157974645247258,18098.075222067706,0.0,0.19182687041996702,1.940615498026607,2100841.585334012,603.42979371159
58900.0,4543876.450613762,62236.10570814947,4543839.140245739,743.8823794651437,1529.9148842401962,743.7504876293203,-7.153191829856651,-0.7654097387850105,-7.153077852255131,18098.075222067706,0.0,0.19182687041996702,1.940615498026607,2100841.585334012,603.42979371159
59000.0,4543950.803093825,62389.09338396061,4543913.479537186,743.1673022367223,1529.8387758141694,743.0354217611458,-7.148364319302833,-0.7567798402701983,-7.148251090141889,18098.075222067706,0.0,0.19182687041996702,1.940615498026607,2100841.585334012,603.42979371159
59100.0,4544025.084090186,62542.073491868854,4543987.747346065,742.4527043035039,1529.7635240925033,742.3208351138749,-7.143605742710893,-0.7482753319100403,-7.14349325112443,18098.075222067706,0.0,0.19182687041996702,1.940615498026607,2100841.585334012,603.42979371159
59200.0,4544099.293650433,62695.04611692087,4544061.943719955,741.7385788267077,1529.6891166315568,741.6067208498051,-7.138915010866614,-0.7398943114366949,-7.138803246153699,18098.075222067706,0.0,0.19182687041996702,1.940615498026607,2100841.585334012,603.42979371159
59300.0,4544173.431821475,62848.01134292843,4544136.068705757,741.0249190755517,1529.6155411763596,740.8930722392166,-7.134291052951224,-0.7316349076093516,-7.134180004573375,18098.075222067706,0.0,0.19182687041996702,1.940615498026607,2100841.585334012,603.42979371159
59400.0,4544247.4986495515,63000.969252487106,4544210.122349704,740.3117184254302,1529.5427856575368,740.1798826585492,-7.129732816206919,-0.7234952796643566,-7.129622473785461,18098.075222067706,0.0,0.19182687041996702,1.940615498026607,2100841.585334012,603.42979371159
59500.0,4544321.494180246,63153.91992699468,4544284.104697372,739.5989703561236,1529.4708381882888,739.4671455886134,-7.125239265609132,-0.71547361677627,-7.125129618922591,18098.075222067706,0.0,0.19182687041996702,1.940615498026607,2100841.585334012,603.42979371159
59600.0,4544395.418458495,63306.86344666926,4544358.01579369,738.8866684500417,1529.3996870614235,738.7548546128336,-7.120809383545008,-0.7075681375288735,-7.120700422526561,18098.075222067706,0.0,0.19182687041996702,1.940615498026607,2100841.585334012,603.42979371159
59700.0,4544469.271528598,63459.79989056711,4544431.855682953,738.1748063904981,1529.329320746442,738.0430034155222,-7.116442169498706,-0.699777089397331,-7.116333884233656,18098.075222067706,0.0,0.19182687041996702,1.940615498026607,2100841.585334012,603.42979371159
59800.0,4544543.053434228,63612.72933660015,4544505.624408825,737.4633779600161,1529.259727886674,737.3315857801865,-7.1121366397423245,-0.6920987482393762,-7.112029020465647,18098.075222067706,0.0,0.19182687041996702,1.940615498026607,2100841.585334012,603.42979371159
59900.0,4544616.76421844,63765.6518615532,4544579.322014357,736.7523770386649,1529.1908972964654,736.620595587865,-7.107891827033311,-0.6845314177970113,-7.107784864127215,18098.075222067706,0.0,0.19182687041996702,1.940615498026607,2100841.585334012,603.42979371159
60000.0,4544690.403923685,63918.56754110095,4544652.9485419905,736.0417976024262,1529.122817958414,735.9100268154937,-7.103706780317898,-0.6770734292080685,-7.103600464309455,18098.075222067706,0.0,0.19182687041996702,1.940615498026607,2100841.585334012,603.42979371159
60100.0,4544763.972591813,64071.476449824666,4544726.50403357,735.3316337215897,1529.0554790206543,735.1998735343025,-7.099580564439895,-0.6697231405262638,-7.099474885998692,18098.075222067706,0.0,0.19182687041996702,1.940615498026607,2100841.585334012,603.42979371159
60200.0,4544837.4702640865,64224.37866122857,4544799.988530353,734.6218795591777,1528.9888697941888,734.4901299082397,-7.095512259855668,-0.6624789362514395,-7.095407209791515,18098.075222067706,0.0,0.19182687041996702,1.940615498026607,2100841.585334012,603.42979371159
60300.0,4544910.89698119,64377.27424775603,4544873.402073015,733.9125293693982,1528.9229797502674,733.7807901924255,-7.0915009623544325,-0.655339226868343,-7.091396531615092,18098.075222067706,0.0,0.19182687041996702,1.940615498026607,2100841.585334012,603.42979371159
60400.0,4544984.252783237,64530.16328080546,4544946.744701666,733.2035774961246,1528.8577985178108,733.0718487316317,-7.087545782783901,-0.6483024483940526,-7.087441962452883,18098.075222067706,0.0,0.19182687041996702,1.940615498026607,2100841.585334012,603.42979371159
60500.0,4545057.53770978,64683.045830745905,4545020.016455851,732.4950183714042,1528.7933158808803,732.3632999587905,-7.083645846781583,-0.6413670619346473,-7.083542628075951,18098.075222067706,0.0,0.19182687041996702,1.940615498026607,2100841.585334012,603.42979371159
60600.0,4545130.75179982,64835.9219669325,4545093.217374564,731.786846513992,1528.72952177619,731.6551383935287,-7.079800294510926,-0.6345315532496387,-7.079697668779159,18098.075222067706,0.0,0.19182687041996702,1.940615498026607,2100841.585334012,603.42979371159
60700.0,4545203.895091812,64988.79175772158,4545166.347496256,731.0790565279111,1528.6664062906632,730.9473586407279,-7.0760082804030375,-0.6277944323255772,-7.075906239122925,18098.075222067706,0.0,0.19182687041996702,1.940615498026607,2100841.585334012,603.42979371159
60800.0,4545276.967623677,65141.655270485564,4545239.406858842,730.3716431010388,1528.6039596590308,730.2399553891113,-7.072268972902769,-0.6211542329565486,-7.072167507679339,18098.075222067706,0.0,0.19182687041996702,1.940615498026607,2100841.585334012,603.42979371159
60900.0,4545349.969432809,65294.51257162765,4545312.395499709,729.6646010037174,1528.542172261471,729.5329234098544,-7.068581554220311,-0.6146095123337777,-7.068480656783799,18098.075222067706,0.0,0.19182687041996702,1.940615498026607,2100841.585334012,603.42979371159
61000.0,4545422.900556084,65447.36372659624,4545385.313455728,728.9579250873902,1528.4810346212898,728.8262575552216,-7.06494522008709,-0.6081588506421097,-7.064844882290933,18098.075222067706,0.0,0.19182687041996702,1.940615498026607,2100841.585334012,603.42979371159
61100.0,4545495.761029864,65600.2087998991,4545458.160763255,728.2516102832615,1528.420537402642,728.1199527572253,-7.0613591795167485,-0.6018008506648207,-7.061259393335632,18098.075222067706,0.0,0.19182687041996702,1.940615498026607,2100841.585334012,603.42979371159
61200.0,4545568.550890011,65753.04785511739,4545530.937458148,727.5456516009795,1528.3606714082894,727.4140040263105,-7.057822654570354,-0.5955341373951856,-7.057723412098271,18098.075222067706,0.0,0.19182687041996702,1.940615498026607,2100841.585334012,603.42979371159
61300.0,4545641.270171891,65905.88095491935,4545603.643575766,726.8400441273437,1528.3014275774008,726.7084064500616,-7.0543348801264525,-0.5893573576560397,-7.05423617357481,18098.075222067706,0.0,0.19182687041996702,1.940615498026607,2100841.585334012,603.42979371159
61400.0,4545713.918910382,66058.70816107391,4545676.279150982,726.1347830250346,1528.2427969833864,726.0031551919318,-7.0508951036550895,-0.5832691797256474,-7.050796925350845,18098.075222067706,0.0,0.19182687041996702,1.940615498026607,2100841.585334012,603.42979371159
61500.0,4545786.497139883,66211.52953446393,4545748.84421819,725.429863531365,1528.1847708317712,725.2982454899956,-7.047502584996612,-0.5772682929714641,-7.047404927380437,18098.075222067706,0.0,0.19182687041996702,1.940615498026607,2100841.585334012,603.42979371159
61600.0,4545859.004894319,66364.34513509936,4545821.338811309,724.7252809570542,1528.127340458104,724.5936726557228,-7.044156596144273,-0.5713534074899791,-7.044059451768758,18098.075222067706,0.0,0.19182687041996702,1.940615498026607,2100841.585334012,603.42979371159
61700.0,4545931.442207151,66517.1550221301,4545893.762963796,724.0210306850237,1528.0704973259026,723.889432072774,-7.040856421031096,-0.5655232537534706,-7.04075978255897,18098.075222067706,0.0,0.19182687041996702,1.940615498026607,2100841.585334012,603.42979371159
61800.0,4546003.809111381,66669.95925385873,4545966.116708647,723.3171081692132,1528.0142330246324,723.1855191958172,-7.037601355321081,-0.5597765822639819,-7.0375052155234785,18098.075222067706,0.0,0.19182687041996702,1.940615498026607,2100841.585334012,603.42979371159
61900.0,4546076.10563956,66822.757887753,4546038.400078409,722.6135089334181,1527.958539267722,722.4819295493653,-7.0343907062037525,-0.5541121632124735,-7.034295057958498,18098.075222067706,0.0,0.19182687041996702,1.940615498026607,2100841.585334012,603.42979371159
62000.0,4546148.331823796,66975.55098045811,4546110.613105184,721.9102285701471,1527.9034078906102,721.778658726634,-7.031223792193142,-0.5485287861453984,-7.031128628483071,18098.075222067706,0.0,0.19182687041996702,1.940615498026607,2100841.585334012,603.42979371159
62100.0,4546220.487695758,67128.33858780882,4546182.755820638,721.2072627394992,1527.848830848827,721.075702388419,-7.0280999429302495,-0.5430252596368185,-7.02800525684155,18098.075222067706,0.0,0.19182687041996702,1.940615498026607,2100841.585334012,603.42979371159
62200.0,4546292.573286686,67281.12076484135,4546254.828256003,720.5046071680615,1527.7948002161072,720.3730562619933,-7.025018498989337,-0.5376004109668062,-7.02492428370993,18098.075222067706,0.0,0.19182687041996702,1.940615498026607,2100841.585334012,603.42979371159
62300.0,4546364.588627393,67433.89756580518,4546326.83044209,719.8022576478244,1527.7413081825355,719.6707161400237,-7.021978811687889,-0.5322530858058008,-7.0218850605058245,18098.075222067706,0.0,0.19182687041996702,1.940615498026607,2100841.585334012,603.42979371159
62400.0,4546436.533748278,67586.66904417449,4546398.762409292,719.1002100351176,1527.6883470527225,718.9686778795062,-7.018980242899901,-0.5269821479043246,-7.018886949201792,18098.075222067706,0.0,0.19182687041996702,1.940615498026607,2100841.585334012,603.42979371159
62500.0,4546508.408679328,67739.4352526596,4546470.6241875915,718.398460249563,1527.6359092440132,718.2669374007191,-7.016022164873099,-0.5217864787892277,-7.015929322142575,18098.075222067706,0.0,0.19182687041996702,1.940615498026607,2100841.585334012,603.42979371159
62600.0,4546580.213450123,67892.19624321812,4546542.4158065645,717.6970042730466,1527.583987284723,717.5654906861954,-7.013103960049035,-0.5166649774644501,-7.01301156186522,18098.075222067706,0.0,0.19182687041996702,1.940615498026607,2100841.585334012,603.42979371159
62700.0,4546651.948089845,68044.95206706595,4546614.137295389,716.995838148708,1527.5325738124054,716.8643337797118,-7.010225020887092,-0.511616560118307,-7.010133060923114,18098.075222067706,0.0,0.19182687041996702,1.940615498026607,2100841.585334012,603.42979371159
62800.0,4546723.612627284,68197.70277468818,4546685.78868285,716.2949579799471,1527.481661572148,716.1634627852965,-7.007384749691271,-0.5066401598351787,-7.007293221712799,18098.075222067706,0.0,0.19182687041996702,1.940615498026607,2100841.585334012,603.42979371159
62900.0,4546795.207090844,68350.44841584966,4546757.369997348,715.5943599294482,1527.4312434148967,715.4628738662525,-7.0045825584403945,-0.5017347263128141,-7.0044914563041845,18098.075222067706,0.0,0.19182687041996702,1.940615498026607,2100841.585334012,603.42979371159
63000.0,4546866.731508547,68503.18903960561,4546828.881266899,714.894040218221,1527.3813122958088,714.7625632441994,-7.001817868621755,-0.496899225585321,-7.001727186274238,18098.075222067706,0.0,0.19182687041996702,1.940615498026607,2100841.585334012,603.42979371159
63100.0,4546938.185908042,68655.92469431188,4546900.322519149,714.1939951246579,1527.331861272633,714.0625271981306,-6.999090111067207,-0.4921326397499893,-6.998999842543091,18098.075222067706,0.0,0.19182687041996702,1.940615498026607,2100841.585334012,603.42979371159
63200.0,4547009.570316604,68808.65542763515,4546971.693781369,713.4942209836076,1527.2828835041155,713.3627620634868,-6.996398725792933,-0.48743396670026207,-6.996308865213836,18098.075222067706,0.0,0.19182687041996702,1.940615498026607,2100841.585334012,603.42979371159
63300.0,4547080.88476115,68961.38128656299,4547042.995080471,712.7947141854645,1527.234372248435,712.663264231246,-6.993743161841656,-0.482802219862539,-6.993653703414742,18098.075222067706,0.0,0.19182687041996702,1.940615498026607,2100841.585334012,603.42979371159
63400.0,4547152.129268235,69114.10231741366,4547114.226443007,712.0954711752738,1527.1863208616614,711.9640301470286,-6.99112287712815,-0.4782364279385173,-6.991033815144817,18098.075222067706,0.0,0.19182687041996702,1.940615498026607,2100841.585334012,603.42979371159
63500.0,4547223.303864061,69266.8185658459,4547185.387895175,711.3964884518521,1527.1387227962414,711.2650563102177,-6.988537338287305,-0.4737356346515764,-6.988448667121877,18098.075222067706,0.0,0.19182687041996702,1.940615498026607,2100841.585334012,603.42979371159
63600.0,4547294.408574486,69419.53007686841,4547256.4794628285,710.6977625669225,1527.0915715995084,710.5663392730951,-6.985986020525168,-0.4692988984980848,-6.985897734633603,18098.075222067706,0.0,0.19182687041996702,1.940615498026607,2100841.585334012,603.42979371159
63700.0,4547365.443425023,69572.23689484932,4547327.501171476,709.9992901242654,1527.044860912218,709.8678756399913,-6.983468407472636,-0.46492529250303133,-6.983380501391275,18098.075222067706,0.0,0.19182687041996702,1.940615498026607,2100841.585334012,603.42979371159
63800.0,4547436.408440848,69724.93906352547,4547398.453046291,709.3010677788824,1526.9985844671066,709.1696620664507,-6.980983991041819,-0.46061390397998603,-6.980896459386136,18098.075222067706,0.0,0.19182687041996702,1.940615498026607,2100841.585334012,603.42979371159
63900.0,4547507.303646806,69877.63662601147,4547469.335112114,708.6030922361762,1526.952736087475,708.4716952584101,-6.978532271284978,-0.45636383429526634,-6.978445108748365,18098.075222067706,0.0,0.19182687041996702,1.940615498026607,2100841.585334012,603.42979371159
64000.0,4547578.1290674135,70030.32962480877,4547540.14739346,707.9053602511426,1526.907309685794,707.7739719713926,-6.976112756256312,-0.45217419863684716,-6.976025957608877,18098.075222067706,0.0,0.19182687041996702,1.940615498026607,2100841.585334012,603.42979371159
64100.0,4547648.884726868,70183.01810181445,4547610.88991452,707.207868627578,1526.8622992623343,707.0764890097133,-6.973724961875766,-0.4480441257864112,-6.973638521963147,18098.075222067706,0.0,0.19182687041996702,1.940615498026607,2100841.585334012,603.42979371159
64200.0,4547719.570649046,70335.70209832994,4547681.562699168,706.5106142172987,1526.8176989038182,706.3792432257005,-6.971368411795859,-0.44397275789651913,-6.97128232553807,18098.075222067706,0.0,0.19182687041996702,1.940615498026607,2100841.585334012,603.42979371159
64300.0,4547790.186857515,70488.38165506965,4547752.1657709675,705.8135939193747,1526.773502782093,705.6822315189286,-6.969042637270453,-0.43995925027078114,-6.96895689966074,18098.075222067706,0.0,0.19182687041996702,1.940615498026607,2100841.585334012,603.42979371159
64400.0,4547860.733375532,70641.05681216934,4547822.699153173,705.1168046793762,1526.7297051528271,704.9854508354645,-6.966747177026333,-0.43600277114877334,-6.966661783130051,18098.075222067706,0.0,0.19182687041996702,1.940615498026607,2100841.585334012,603.42979371159
64500.0,4547931.210226052,70793.72760919447,4547893.162868735,704.4202434886319,1526.6863003542273,704.2888981671271,-6.964481577136743,-0.43210250149405066,-6.964396522090243,18098.075222067706,0.0,0.19182687041996702,1.940615498026607,2100841.585334012,603.42979371159
64600.0,4548001.617431733,70946.39408514841,4547963.556940308,703.7239073835012,1526.6432828057762,703.5925705507586,-6.962245390897397,-0.4282576347862672,-6.96216066990695,18098.075222067706,0.0,0.19182687041996702,1.940615498026607,2100841.585334012,603.42979371159
64700.0,4548071.955014935,71099.0562784805,4548033.881390249,703.0277934446581,1526.6006470069913,702.8964650675089,-6.960038178704761,-0.4244673768169831,-6.959953787045483,18098.075222067706,0.0,0.19182687041996702,1.940615498026607,2100841.585334012,603.42979371159
64800.0,4548142.2229977315,71251.71422709397,4548104.1362406295,702.3318987963866,1526.5583875362038,702.2005788421311,-6.9578595079363605,-0.42073094548881423,-6.957775440951157,18098.075222067706,0.0,0.19182687041996702,1.940615498026607,2100841.585334012,603.42979371159
64900.0,4548212.42140191,71404.36796835376,4548174.321513232,701.636220605889,1526.5164990493572,701.5049090422898,-6.955708952833442,-0.4170475706184203,-6.955625205931985,18098.075222067706,0.0,0.19182687041996702,1.940615498026607,2100841.585334012,603.42979371159
65000.0,4548282.550248975,71557.01753909427,4548244.437229559,700.9407560826049,1526.4749762788256,700.8094528778805,-6.953586094385544,-0.41341649374263045,-6.953502663043245,18098.075222067706,0.0,0.19182687041996702,1.940615498026607,2100841.585334012,603.42979371159
65100.0,4548352.609560156,71709.6629756269,4548314.483410837,700.2455024775426,1526.4338140322516,700.1142076003606,-6.951490520217297,-0.40983696792820135,-6.951407399974306,18098.075222067706,0.0,0.19182687041996702,1.940615498026607,2100841.585334012,603.42979371159
65200.0,4548422.59935641,71862.30431374749,4548384.460078019,699.5504570826205,1526.3930071914024,699.4191705020913,-6.949421824477204,-0.40630825758485783,-6.949339010937426,18098.075222067706,0.0,0.19182687041996702,1.940615498026607,2100841.585334012,603.42979371159
65300.0,4548492.519658424,72014.94158874376,4548454.367251788,698.8556172300207,1526.3525507110446,698.7243389156911,-6.947379607728308,-0.40282963828139606,-6.947297096558435,18098.075222067706,0.0,0.19182687041996702,1.940615498026607,2100841.585334012,603.42979371159
65400.0,4548562.37048662,72167.57483540251,4548524.204952565,698.1609802915526,1526.3124396178378,698.0297102133997,-6.945363476841025,-0.39940039656537885,-6.945281263769582,18098.075222067706,0.0,0.19182687041996702,1.940615498026607,2100841.585334012,603.42979371159
65500.0,4548632.15186116,72320.20408801673,4548593.973200507,697.4665436780277,1526.2726690092447,697.3352818064527,-6.943373044887667,-0.39601982978554306,-6.943291125704075,18098.075222067706,0.0,0.19182687041996702,1.940615498026607,2100841.585334012,603.42979371159
65600.0,4548701.863801949,72472.82938039266,4548663.672015518,696.7723048386445,1526.233234052461,696.6410511444666,-6.941407931038984,-0.39268724591757426,-6.941326301592634,18098.075222067706,0.0,0.19182687041996702,1.940615498026607,2100841.585334012,603.42979371159
65700.0,4548771.506328637,72625.45074585672,4548733.301417245,696.0782612603837,1526.1941299833604,695.9470157148343,-6.939467760462461,-0.3894019633927466,-6.93938641666181,18098.075222067706,0.0,0.19182687041996702,1.940615498026607,2100841.585334012,603.42979371159
65800.0,4548841.0794606265,72778.06821726229,4548802.861425086,695.3844104674135,1526.1553521054577,695.2531730421301,-6.937552164222559,-0.38616331092976636,-6.937471102034236,18098.075222067706,0.0,0.19182687041996702,1.940615498026607,2100841.585334012,603.42979371159
65900.0,4548910.583217075,72930.68182699644,4548872.352058196,694.6907500205051,1526.116895788888,694.5595206875258,-6.935660779182446,-0.3829706273690067,-6.93557999463037,18098.075222067706,0.0,0.19182687041996702,1.940615498026607,2100841.585334012,603.42979371159
66000.0,4548980.017616896,73083.29160698655,4548941.773335488,693.9972775164573,1526.078756469404,693.866056248215,-6.933793247907862,-0.3798232615103538,-6.9337127370723834,18098.075222067706,0.0,0.19182687041996702,1.940615498026607,2100841.585334012,603.42979371159
66100.0,4549049.382678765,73235.89758870681,4549011.125275631,693.3039905875313,1526.040929647386,693.172777356848,-6.931949218572334,-0.3767205719531842,-6.931868977589379,18098.075222067706,0.0,0.19182687041996702,1.940615498026607,2100841.585334012,603.42979371159
66200.0,4549118.678421122,73388.49980318465,4549080.407897066,692.6108869008942,1526.0034108868717,692.4796816809755,-6.930128344864234,-0.3736619269393915,-6.9300483699244655,18098.075222067706,0.0,0.19182687041996702,1.940615498026607,2100841.585334012,603.42979371159
66300.0,4549187.904862177,73541.09828100704,4549149.621217999,691.9179641580727,1525.9661958145987,691.7867669225025,-6.9283302858954325,-0.37064670419908047,-6.928250573243436,18098.075222067706,0.0,0.19182687041996702,1.940615498026607,2100841.585334012,603.42979371159
66400.0,4549257.06201991,73693.69305232671,4549218.765256406,691.2252200944145,1525.9292801190634,691.0940308171495,-6.926554706111642,-0.3676742907989882,-6.926475252045103,18098.075222067706,0.0,0.19182687041996702,1.940615498026607,2100841.585334012,603.42979371159
66500.0,4549326.149912077,73846.2841468683,4549287.840030042,690.5326524785598,1525.892659549595,690.4014711339246,-6.924801275204157,-0.36474408299324446,-6.924722076073073,18098.075222067706,0.0,0.19182687041996702,1.940615498026607,2100841.585334012,603.42979371159
66600.0,4549395.168556213,73998.8715939344,4549356.84555644,689.8402591119213,1525.8563299154443,689.7090856746025,-6.923069668023385,-0.3618554860770498,-6.922990720229274,18098.075222067706,0.0,0.19182687041996702,1.940615498026607,2100841.585334012,603.42979371159
66700.0,4549464.117969635,74151.45542241144,4549425.781852912,689.1480378281719,1525.820287084886,689.0168722732137,-6.921359564493637,-0.35900791424245876,-6.921280864488771,18098.075222067706,0.0,0.19182687041996702,1.940615498026607,2100841.585334012,603.42979371159
66800.0,4549532.998169444,74304.03566077563,4549494.6489365585,688.4559864927421,1525.7845269843372,688.3248287955408,-6.919670649529576,-0.356200790436873,-6.919592193816217,18098.075222067706,0.0,0.19182687041996702,1.940615498026607,2100841.585334012,603.42979371159
66900.0,4549601.809172528,74456.61233709868,4549563.446824266,687.7641030023248,1525.7490455974878,687.6329531386241,-6.918002612954186,-0.35343354622404843,-6.917924398083836,18098.075222067706,0.0,0.19182687041996702,1.940615498026607,2100841.585334012,603.42979371159
67000.0,4549670.55099557,74609.1854790535,4549632.175532712,687.0723852843882,1525.7138389644465,686.9412432302744,-6.916355149417936,-0.35070562164708474,-6.916277171990609,18098.075222067706,0.0,0.19182687041996702,1.940615498026607,2100841.585334012,603.42979371159
67100.0,4549739.223655043,74761.7551139198,4549700.835078369,686.380831296698,1525.6789031808994,686.2496970285946,-6.914727958319611,-0.34801646509414264,-6.914650214983101,18098.075222067706,0.0,0.19182687041996702,1.940615498026607,2100841.585334012,603.42979371159
67200.0,4549807.82716722,74914.3212685896,4549769.4254775075,685.6894390268455,1525.644234397282,685.558312521509,-6.913120743728336,-0.34536553316614677,-6.913043231177509,18098.075222067706,0.0,0.19182687041996702,1.940615498026607,2100841.585334012,603.42979371159
67300.0,4549876.361548173,75066.88396957266,4549837.9467461975,684.9982064917848,1525.6098288179642,684.8670877263,-6.911533214307039,-0.3427522905468575,-6.911455929283129,18098.075222067706,0.0,0.19182687041996702,1.940615498026607,2100841.585334012,603.42979371159
67400.0,4549944.826813778,75219.44324300185,4549906.398900311,684.3071317373771,1525.575682700449,684.1760206891524,-6.909965083237312,-0.34017620987526387,-6.90988802252723,18098.075222067706,0.0,0.19182687041996702,1.940615498026607,2100841.585334012,603.42979371159
67500.0,4550013.222979716,75371.9991146384,4549974.78195553,683.6162128379426,1525.5417923545833,683.4851094847055,-6.908416068145342,-0.3376367716197041,-6.908339228581,18098.075222067706,0.0,0.19182687041996702,1.940615498026607,2100841.585334012,603.42979371159
67600.0,4550081.550061477,75524.55160987713,4550043.09592734,682.92544789582,1525.50815414178,682.7943522156123,-6.906885891029474,-0.33513346395475463,-6.906809269487113,18098.075222067706,0.0,0.19182687041996702,1.940615498026607,2100841.585334012,603.42979371159
67700.0,4550149.808074364,75677.10075375154,4550111.340831042,682.234835040932,1525.4747644742552,682.103747012106,-6.905374278188674,-0.3326657826395244,-6.905297871588206,18098.075222067706,0.0,0.19182687041996702,1.940615498026607,2100841.585334012,603.42979371159
67800.0,4550217.997033494,75829.64657093884,4550179.51668175,681.5443724303598,1525.441619814274,681.4132920315735,-6.903880960152537,-0.3302332308985809,-6.903804765456898,18098.075222067706,0.0,0.19182687041996702,1.940615498026607,2100841.585334012,603.42979371159
67900.0,4550286.116953798,75982.18908576497,4550247.623494396,680.8540582479226,1525.4087166734114,680.7229854581356,-6.902405671612217,-0.32783531930434384,-6.902329685826731,18098.075222067706,0.0,0.19182687041996702,1.940615498026607,2100841.585334012,603.42979371159
68000.0,4550354.167850031,76134.72832220944,4550315.66128373,680.1638907037654,1525.376051611822,680.0328255022347,-6.90094815135284,-0.3254715656619522,-6.9008723715245885,18098.075222067706,0.0,0.19182687041996702,1.940615498026607,2100841.585334012,603.42979371159
68100.0,4550422.149736768,76287.26430391018,4550383.6300643245,679.473868033953,1525.3436212375236,679.3428104002287,-6.899508142186792,-0.32314149489560884,-6.8994325654039965,18098.075222067706,0.0,0.19182687041996702,1.940615498026607,2100841.585334012,603.42979371159
68200.0,4550490.062628409,76439.7970541683,4550451.52985058,678.7839885000699,1525.3114222056897,678.6529384139914,-6.898085390888426,-0.3208446389372248,-6.898010014279843,18098.075222067706,0.0,0.19182687041996702,1.940615498026607,2100841.585334012,603.42979371159
68300.0,4550557.906539182,76592.32659595273,4550519.360656721,678.094250388828,1525.2794512179553,677.9632078305198,-6.8966796481296875,-0.31858053661661817,-6.896604468864005,18098.075222067706,0.0,0.19182687041996702,1.940615498026607,2100841.585334012,603.42979371159
68400.0,4550625.681483145,76744.85295190489,4550587.122496803,677.4046520116797,1525.2477050217315,677.2736169615474,-6.8952906684169415,-0.3163487335537081,-6.895215683702198,18098.075222067706,0.0,0.19182687041996702,1.940615498026607,2100841.585334012,603.42979371159
68500.0,4550693.387474187,76897.37614434316,4550654.815384715,676.7151917044376,1525.2161804095326,676.5841641431641,-6.89391821002887,-0.3141487820524574,-6.893843417111865,18098.075222067706,0.0,0.19182687041996702,1.940615498026607,2100841.585334012,603.42979371159
68600.0,4550761.024526034,77049.89619526743,4550722.439334178,676.0258678269006,1525.1848742183129,675.8948477354421,-6.8925620349554295,-0.31198024099660115,-6.892487431121159,18098.075222067706,0.0,0.19182687041996702,1.940615498026607,2100841.585334012,603.42979371159
68700.0,4550828.592652246,77202.41312636348,4550789.994358755,675.3366787624851,1525.153783328813,675.2056661220677,-6.891221908837821,-0.309842675747021,-6.891147491408911,18098.075222067706,0.0,0.19182687041996702,1.940615498026607,2100841.585334012,603.42979371159
68800.0,4550896.091866227,77354.92695900731,4550857.480471843,674.6476229178637,1525.1229046649185,674.5166177099791,-6.889897600909588,-0.30773565804105874,-6.889823367245747,18098.075222067706,0.0,0.19182687041996702,1.940615498026607,2100841.585334012,603.42979371159
68900.0,4550963.5221812185,77507.43771426946,4550924.8976866845,673.9586987226082,1525.092235193026,673.8277009290103,-6.888588883938545,-0.3056587658931141,-6.888514831436016,18098.075222067706,0.0,0.19182687041996702,1.940615498026607,2100841.585334012,603.42979371159
69000.0,4551030.883610308,77659.9454129192,4550992.246016365,673.2699046288394,1525.061771921421,673.1389142315409,-6.887295534169924,-0.30361158349735184,-6.887221660260947,18098.075222067706,0.0,0.19182687041996702,1.940615498026607,2100841.585334012,603.42979371159
69100.0,4551098.17616643,77812.45007542869,4551059.525473815,672.581239110882,1525.031511899665,672.4502560921504,-6.886017331270238,-0.3015937011315584,-6.885943633422526,18098.075222067706,0.0,0.19182687041996702,1.940615498026607,2100841.585334012,603.42979371159
69200.0,4551165.399862366,77964.95172197708,4551126.736071818,671.8927006649254,1525.001452217991,671.7617250072797,-6.8847540582723195,-0.29960471506293773,-6.884680533988534,18098.075222067706,0.0,0.19182687041996702,1.940615498026607,2100841.585334012,603.42979371159
69300.0,4551232.554710749,78117.45037245458,4551193.877823003,671.2042878086894,1524.97159000671,671.0733194948966,-6.883505501521157,-0.2976442274552943,-6.883432148338405,18098.075222067706,0.0,0.19182687041996702,1.940615498026607,2100841.585334012,603.42979371159
69400.0,4551299.640724065,78269.94604646637,4551260.950739854,670.5159990810961,1524.941922435625,670.385038094168,-6.882271450620729,-0.2957118462778068,-6.88219826611005,18098.075222067706,0.0,0.19182687041996702,1.940615498026607,2100841.585334012,603.42979371159
69500.0,4551366.657914654,78422.43876333661,4551327.954834711,669.8278330419464,1524.9124467134563,669.6968793651357,-6.88105169838167,-0.29380718521522264,-6.880978680147543,18098.075222067706,0.0,0.19182687041996702,1.940615498026607,2100841.585334012,603.42979371159
69600.0,4551433.606294716,78574.92854211222,4551394.890119769,669.139788271602,1524.8831600872734,669.0088418883995,-6.879846040769872,-0.2919298635796268,-6.8797731864497305,18098.075222067706,0.0,0.19182687041996702,1.940615498026607,2100841.585334012,603.42979371159
69700.0,4551500.485876305,78727.41540156672,4551461.756607084,668.4518633706723,1524.8540598419368,668.3209242648034,-6.878654276855951,-0.29007950622359924,-6.8785815841197,18098.075222067706,0.0,0.19182687041996702,1.940615498026607,2100841.585334012,603.42979371159
69800.0,4551567.29667134,78879.89936020398,4551528.554308571,667.7640569597065,1524.825143299548,667.6331251151279,-6.877476208765563,-0.28825574345485294,-6.877403675315106,18098.075222067706,0.0,0.19182687041996702,1.940615498026607,2100841.585334012,603.42979371159
69900.0,4551634.038691602,79032.38043626197,4551595.28323601,667.0763676788905,1524.796407818909,666.9454430797872,-6.8763116416305206,-0.2864582109521374,-6.876239265199296,18098.075222067706,0.0,0.19182687041996702,1.940615498026607,2100841.585334012,603.42979371159
70000.0,4551700.711948736,79184.85864771628,4551661.943401046,666.3887941877487,1524.7678507949886,666.2578768185308,-6.875160383540817,-0.28468654968272467,-6.875088161893336,18098.075222067706,0.0,0.19182687041996702,1.940615498026607,2100841.585334012,603.42979371159
70100.0,4551767.316454255,79337.33401228383,4551728.534815189,665.7013351648504,1524.7394696583976,665.5704250101502,-6.8740222454973745,-0.2829404058210537,-6.873950176428773,18098.075222067706,0.0,0.19182687041996702,1.940615498026607,2100841.585334012,603.42979371159
70200.0,4551833.852219541,79489.80654742634,4551795.05748982,665.0139893075217,1524.7112618748727,664.88308635219,-6.872897041365668,-0.281219430668852,-6.872825122701258,18098.075222067706,0.0,0.19182687041996702,1.940615498026607,2100841.585334012,603.42979371159
70300.0,4551900.319255846,79642.27627035386,4551861.511436189,664.3267553315603,1524.683224944767,664.1958595606644,-6.871784587830003,-0.2795232805763589,-6.871712817424838,18098.075222067706,0.0,0.19182687041996702,1.940615498026607,2100841.585334012,603.42979371159
70400.0,4551966.717574294,79794.74319802817,4551927.8966654185,663.6396319709568,1524.6553564025498,663.5087433697767,-6.870684704348737,-0.27785161686511695,-6.870613080087178,18098.075222067706,0.0,0.19182687041996702,1.940615498026607,2100841.585334012,603.42979371159
70500.0,4552033.047185885,79947.20734716619,4551994.213188508,662.9526179776186,1524.6276538163124,662.8217365316445,-6.869597213110088,-0.2762041057517353,-6.869525732905384,18098.075222067706,0.0,0.19182687041996702,1.940615498026607,2100841.585334012,603.42979371159
70600.0,4552099.308101494,80099.6687342433,4552060.461016329,662.2657121211003,1524.6001147872832,662.1348378160296,-6.8685219389888,-0.2745804182731182,-6.868450600782665,18098.075222067706,0.0,0.19182687041996702,1.940615498026607,2100841.585334012,603.42979371159
70700.0,4552165.500331873,80252.12737549664,4552126.640159634,661.5789131883357,1524.5727369493488,661.4480460100705,-6.86745870950345,-0.27298023021271783,-6.867387511265652,18098.075222067706,0.0,0.19182687041996702,1.940615498026607,2100841.585334012,603.42979371159
70800.0,4552231.623887655,80404.58328692836,4552192.750629054,660.892219983377,1524.545517968583,660.7613599180206,-6.866407354774553,-0.2714032220281667,-6.866336294502511,18098.075222067706,0.0,0.19182687041996702,1.940615498026607,2100841.585334012,603.42979371159
70900.0,4552297.678779354,80557.03648430882,4552258.792435102,660.2056313271355,1524.5184555427834,660.0747783609904,-6.865367707483257,-0.269849078779882,-6.865296783201643,18098.075222067706,0.0,0.19182687041996702,1.940615498026607,2100841.585334012,603.42979371159
71000.0,4552363.665017366,80709.48698317968,4552324.765588173,659.5191460571283,1524.491547401014,659.3883001766932,-6.864339602830885,-0.26831749006107175,-6.864268812591227,18098.075222067706,0.0,0.19182687041996702,1.940615498026607,2100841.585334012,603.42979371159
71100.0,4552429.582611973,80861.93479885711,4552390.670098545,658.8327630272279,1524.464791303156,658.7019242191948,-6.863322878498939,-0.26680814992854335,-6.863252220379236,18098.075222067706,0.0,0.19182687041996702,1.940615498026607,2100841.585334012,603.42979371159
71200.0,4552495.4315733425,81014.37994643475,4552456.505976386,658.1464811074162,1524.4381850394648,658.0156493586683,-6.862317374609992,-0.2653207568349868,-6.862246846714332,18098.075222067706,0.0,0.19182687041996702,1.940615498026607,2100841.585334012,603.42979371159
71300.0,4552561.211911528,81166.82244078678,4552522.273231749,657.4602991835427,1524.4117264301328,657.3294744811511,-6.86132293368909,-0.26385501356212054,-6.861252534147276,18098.075222067706,0.0,0.19182687041996702,1.940615498026607,2100841.585334012,603.42979371159
71400.0,4552626.923636476,81319.26229657087,4552587.971874579,656.7742161570856,1524.3854133248612,656.6433984883074,-6.860339400625812,-0.262410627154917,-6.860269127592996,18098.075222067706,0.0,0.19182687041996702,1.940615498026607,2100841.585334012,603.42979371159
71500.0,4552692.56675802,81471.69952823114,4552653.601914708,656.0882309449174,1524.359243602436,655.957420297193,-6.859366622637035,-0.26098730885704124,-6.859296474293344,18098.075222067706,0.0,0.19182687041996702,1.940615498026607,2100841.585334012,603.42979371159
71600.0,4552758.141285889,81624.134150001,4552719.163361862,655.4023424790744,1524.3332151703112,655.2715388400248,-6.858404449230199,-0.2595847740471241,-6.858334423780384,18098.075222067706,0.0,0.19182687041996702,1.940615498026607,2100841.585334012,603.42979371159
71700.0,4552823.647229705,81776.56617590603,4552784.656225665,654.7165497065289,1524.3073259641994,654.5857530639535,-6.857452732167308,-0.25820274217625916,-6.857382827840391,18098.075222067706,0.0,0.19182687041996702,1.940615498026607,2100841.585334012,603.42979371159
71800.0,4552889.0845989855,81928.99561976679,4552850.08051563,654.0308515889658,1524.2815739476666,653.9000619308397,-6.856511325429426,-0.25684093670633174,-6.8564415404783485,18098.075222067706,0.0,0.19182687041996702,1.940615498026607,2100841.585334012,603.42979371159
71900.0,4552954.453403144,82081.42249520155,4552915.436241171,653.3452471025623,1524.255957111735,653.2144644170344,-6.855580085181798,-0.25549908504942775,-6.855510417883085,18098.075222067706,0.0,0.19182687041996702,1.940615498026607,2100841.585334012,603.42979371159
72000.0,4553019.753651493,82233.84681562906,4552980.7234116,652.6597352377714,1524.23047347449,652.5289595131617,-6.854658869739617,-0.25417691850826885,-6.854589318393031,18098.075222067706,0.0,0.19182687041996702,1.940615498026607,2100841.585334012,603.42979371159
72100.0,4553084.985353245,82386.2685942712,4553045.942036128,651.9743149991086,1524.2051210806956,651.843546223906,-6.85374753953416,-0.25287417221735137,-6.853678102462378,18098.075222067706,0.0,0.19182687041996702,1.940615498026607,2100841.585334012,603.42979371159
72200.0,4553150.148517515,82538.68784415565,4553111.092123866,651.2889854049417,1524.1798980014119,651.1582235678015,-6.852845957079754,-0.2515905850854008,-6.85277663262803,18098.075222067706,0.0,0.19182687041996702,1.940615498026607,2100841.585334012,603.42979371159
72300.0,4553215.243153316,82691.1045781185,4553176.173683831,650.6037454872843,1524.1548023336227,650.4729905770264,-6.851953986941011,-0.25032589973834324,-6.851884773476864,18098.075222067706,0.0,0.19182687041996702,1.940615498026607,2100841.585334012,603.42979371159
72400.0,4553280.26926957,82843.51880880681,4553241.186724939,649.9185942915923,1524.1298321998654,649.7878462971986,-6.851071495700859,-0.2490798624635808,-6.851002391613752,18098.075222067706,0.0,0.19182687041996702,1.940615498026607,2100841.585334012,603.42979371159
72500.0,4553345.2268751,82995.93054868116,4553306.131256016,649.2335308765638,1524.104985747868,649.1027897871763,-6.8501983519288885,-0.24785222315480265,-6.850129355629914,18098.075222067706,0.0,0.19182687041996702,1.940615498026607,2100841.585334012,603.42979371159
72600.0,4553410.11597864,83148.33981001817,4553371.007285791,648.548554313942,1524.080261150191,648.4178201188604,-6.849334426150336,-0.24664273525789626,-6.849265536071909,18098.075222067706,0.0,0.19182687041996702,1.940615498026607,2100841.585334012,603.42979371159
72700.0,4553474.9365888275,83300.74660491289,4553435.814822904,647.8636636883209,1524.055656603875,647.7329363770007,-6.8484795908155345,-0.24545115571760895,-6.848410805411088,18098.075222067706,0.0,0.19182687041996702,1.940615498026607,2100841.585334012,603.42979371159
72800.0,4553539.688714212,83453.15094528132,4553500.553875901,647.1788580969545,1524.031170330093,647.0481376590047,-6.847633720269902,-0.24427724492514763,-6.847565038013593,18098.075222067706,0.0,0.19182687041996702,1.940615498026607,2100841.585334012,603.42979371159
72900.0,4553604.372363252,83605.55284286279,4553565.22445324,646.4941366495688,1524.006800573809,646.36342307475,-6.846796690724369,-0.2431207666665161,-6.846728110110781,18098.075222067706,0.0,0.19182687041996702,1.940615498026607,2100841.585334012,603.42979371159
73000.0,4553668.987544317,83757.95230922225,4553629.82656329,645.8094984681766,1523.982545603441,645.678791746399,-6.845968380226347,-0.24198148807174957,-6.845899899770201,18098.075222067706,0.0,0.19182687041996702,1.940615498026607,2100841.585334012,603.42979371159
73100.0,4553733.534265691,83910.3493557527,4553694.360214335,645.1249426868952,1523.9584037105285,644.9942428082167,-6.845148668631108,-0.24085917956484787,-6.845080286866973,18098.075222067706,0.0,0.19182687041996702,1.940615498026607,2100841.585334012,603.42979371159
73200.0,4553798.012535572,84062.74399367739,4553758.82541457,644.4404684517675,1523.9343732094062,644.309775406391,-6.844337437573687,-0.2397536148146287,-6.844269153055709,18098.075222067706,0.0,0.19182687041996702,1.940615498026607,2100841.585334012,603.42979371159
73300.0,4553862.422362071,84215.13623405216,4553823.222172107,643.7560749205848,1523.9104524368815,643.6253886988574,-6.843534570441251,-0.23866457068630414,-6.843466381742866,18098.075222067706,0.0,0.19182687041996702,1.940615498026607,2100841.585334012,603.42979371159
73400.0,4553926.763753219,84367.52608776765,4553887.550494973,643.0717612627132,1523.8866397519178,642.9410818551233,-6.84273995234582,-0.23759182719372107,-6.842671858059485,18098.075222067706,0.0,0.19182687041996702,1.940615498026607,2100841.585334012,603.42979371159
73500.0,4553991.036716959,84519.91356555145,4553951.810391113,642.3875266589224,1523.862933535321,642.2568540560986,-6.841953470097594,-0.23653516745257774,-6.8418854688345165,18098.075222067706,0.0,0.19182687041996702,1.940615498026607,2100841.585334012,603.42979371159
73600.0,4554055.241261159,84672.29867797036,4554016.001868392,641.7033703012177,1523.839332189433,641.5727044939262,-6.841175012178547,-0.23549437763411804,-6.841107102568423,18098.075222067706,0.0,0.19182687041996702,1.940615498026607,2100841.585334012,603.42979371159
73700.0,4554119.377393601,84824.68143543245,4554080.124934593,641.0192913926732,1523.815834137827,640.8886323718165,-6.840404468716552,-0.2344692469197477,-6.840336649407306,18098.075222067706,0.0,0.19182687041996702,1.940615498026607,2100841.585334012,603.42979371159
73800.0,4554183.445121992,84977.06184818919,4554144.179597422,640.3352891472691,1523.7924378250102,640.2046369038841,-6.839641731459924,-0.23345956745626945,-6.8395740011174455,18098.075222067706,0.0,0.19182687041996702,1.940615498026607,2100841.585334012,603.42979371159
73900.0,4554247.44445396,85129.43992633755,4554208.165864503,639.6513627897311,1523.7691417161282,639.5207173149869,-6.838886693752325,-0.2324651343118653,-6.838819051060226,18098.075222067706,0.0,0.19182687041996702,1.940615498026607,2100841.585334012,603.42979371159
74000.0,4554311.3753970545,85281.81567982203,4554272.083743388,638.9675115553715,1523.7459442966754,638.8368728405682,-6.83813925050815,-0.23148574543276929,-6.838071694167506,18098.075222067706,0.0,0.19182687041996702,1.940615498026607,2100841.585334012,603.42979371159
74100.0,4554375.23795875,85434.18911843668,4554335.93324155,638.2837346899337,1523.7228440722097,638.1531027265003,-6.83739929818821,-0.2305212016005384,-6.8373318269173184,18098.075222067706,0.0,0.19182687041996702,1.940615498026607,2100841.585334012,603.42979371159
74200.0,4554439.032146446,85586.56025182712,4554399.714366388,637.6000314494386,1523.6998395680707,637.4694062289315,-6.836666734775896,-0.22957130639009515,-6.8365993473100355,18098.075222067706,0.0,0.19182687041996702,1.940615498026607,2100841.585334012,603.42979371159
74300.0,4554502.757967469,85738.92908949245,4554463.427125226,636.9164011000337,1523.676929329103,636.785782614135,-6.8359414597537205,-0.2286358661283921,-6.835874154844907,18098.075222067706,0.0,0.19182687041996702,1.940615498026607,2100841.585334012,603.42979371159
74400.0,4554566.4154290715,85891.29564078723,4554527.071525316,636.2328429178443,1523.6541119193816,636.10223115836,-6.83522337408019,-0.22771468985370918,-6.8351561504969505,18098.075222067706,0.0,0.19182687041996702,1.940615498026607,2100841.585334012,603.42979371159
74500.0,4554630.004538435,86043.65991492338,4554590.647573839,635.5493561888271,1523.631385921945,635.4187511476855,-6.834512380167064,-0.2268075892755438,-6.834445236694198,18098.075222067706,0.0,0.19182687041996702,1.940615498026607,2100841.585334012,603.42979371159
74600.0,4554693.525302668,86196.02192097207,4554654.155277903,634.8659402086256,1523.6087499385278,634.7353418778758,-6.833808381857073,-0.2259143787352998,-6.833741317295425,18098.075222067706,0.0,0.19182687041996702,1.940615498026607,2100841.585334012,603.42979371159
74700.0,4554756.977728812,86348.38166786554,4554717.594644549,634.1825942824286,1523.5862025893014,634.0520026542389,-6.833111284401796,-0.225034875167275,-6.833044297568038,18098.075222067706,0.0,0.19182687041996702,1.940615498026607,2100841.585334012,603.42979371159
74800.0,4554820.361823837,86500.73916439898,4554780.965680746,633.4993177248301,1523.563742512615,633.3687327914862,-6.8324209944401435,-0.22416889806064244,-6.832354084166545,18098.075222067706,0.0,0.19182687041996702,1.940615498026607,2100841.585334012,603.42979371159
74900.0,4554883.677594647,86653.09441923232,4554844.268393397,632.816109859692,1523.5413683647428,632.6855316135955,-6.83173741997699,-0.22331626942170207,-6.831670585111205,18098.075222067706,0.0,0.19182687041996702,1.940615498026607,2100841.585334012,603.42979371159
75000.0,4554946.925048077,86805.44744089199,4554907.502789336,632.1329700200079,1523.5190788196346,632.0023984536749,-6.831060470362232,-0.22247681373687783,-6.830993709767081,18098.075222067706,0.0,0.19182687041996702,1.940615498026607,2100841.585334012,603.42979371159
75100.0,4555010.104190896,86957.79823777269,4554970.668875333,631.4498975477701,1523.4968725686686,631.31933265383,-6.830390056270169,-0.22165035793622684,-6.830323368823433,18098.075222067706,0.0,0.19182687041996702,1.940615498026607,2100841.585334012,603.42979371159
75200.0,4555073.21502981,87110.14681813912,4555033.766658091,630.7668917938385,1523.4747483204092,630.6363335650317,-6.829726089679232,-0.2208367313575857,-6.829659474273439,18098.075222067706,0.0,0.19182687041996702,1.940615498026607,2100841.585334012,603.42979371159
75300.0,4555136.257571457,87262.49319012769,4555096.796144249,630.0839521178101,1523.4527048003683,629.9534005469875,-6.829068483852035,-0.22003576571121003,-6.829001939394251,18098.075222067706,0.0,0.19182687041996702,1.940615498026607,2100841.585334012,603.42979371159
75400.0,4555199.231822414,87414.83736174818,4555159.757340382,629.4010778878929,1523.43074075077,629.2705329680136,-6.828417153315709,-0.2192472950449721,-6.828350678727348,18098.075222067706,0.0,0.19182687041996702,1.940615498026607,2100841.585334012,603.42979371159
75500.0,4555262.137789195,87567.17934088546,4555222.6502530025,628.7182684807794,1523.4088549303174,628.5877302049099,-6.827772013842585,-0.21847115571009668,-6.827705608059196,18098.075222067706,0.0,0.19182687041996702,1.940615498026607,2100841.585334012,603.42979371159
75600.0,4555324.9754782505,87719.51913530103,4555285.474888562,628.0355232815236,1523.3870461139652,627.904991642836,-6.827132982431195,-0.217707186327455,-6.827066644402273,18098.075222067706,0.0,0.19182687041996702,1.940615498026607,2100841.585334012,603.42979371159
75700.0,4555387.744895971,87871.85675263473,4555348.231253451,627.3528416834189,1523.365313092694,627.2223166751896,-6.826499977287536,-0.21695522775433096,-6.82643370597633,18098.075222067706,0.0,0.19182687041996702,1.940615498026607,2100841.585334012,603.42979371159
75800.0,4555450.446048687,88024.19220040628,4555410.919353997,626.6702230878785,1523.3436546732876,626.5397047034872,-6.825872917806684,-0.21621512305174712,-6.825806712189998,18098.075222067706,0.0,0.19182687041996702,1.940615498026607,2100841.585334012,603.42979371159
75900.0,4555513.07894267,88176.52548601685,4555473.539196472,625.9876669043177,1523.3220696781157,625.8571551372455,-6.8252517245546604,-0.21548671745226539,-6.8251855836226705,18098.075222067706,0.0,0.19182687041996702,1.940615498026607,2100841.585334012,603.42979371159
76000.0,4555575.643584129,88328.85661675062,4555536.090787086,625.3051725500371,1523.300556944917,625.1746673938655,-6.824636319250593,-0.21476985832827533,-6.824570242006668,18098.075222067706,0.0,0.19182687041996702,1.940615498026607,2100841.585334012,603.42979371159
76100.0,4555638.139979221,88481.1855997763,4555598.574131993,624.6227394501086,1523.279115326587,624.492240898518,-6.824026624749224,-0.21406439516084175,-6.82396061020973,18098.075222067706,0.0,0.19182687041996702,1.940615498026607,2100841.585334012,603.42979371159
76200.0,4555700.5681340415,88633.51244214867,4555660.989237288,623.9403670372625,1523.2577436909698,623.8098750840312,-6.823422565023566,-0.21337017950888637,-6.823356612217696,18098.075222067706,0.0,0.19182687041996702,1.940615498026607,2100841.585334012,603.42979371159
76300.0,4555762.928054633,88785.83715080998,4555723.336109013,623.2580547517766,1523.23644092065,623.1275693907793,-6.82282406514797,-0.21268706497899625,-6.822758173117562,18098.075222067706,0.0,0.19182687041996702,1.940615498026607,2100841.585334012,603.42979371159
76400.0,4555825.219746978,88938.15973259152,4555785.614753152,622.5758020413671,1523.2152059127511,622.4453232665734,-6.822231051281393,-0.21201490719562338,-6.822165219080762,18098.075222067706,0.0,0.19182687041996702,1.940615498026607,2100841.585334012,603.42979371159
76500.0,4555887.443217008,89090.48019421498,4555847.825175635,621.8936083610803,1523.1940375787342,621.7631361665541,-6.821643450650949,-0.21135356377174822,-6.821577677346706,18098.075222067706,0.0,0.19182687041996702,1.940615498026607,2100841.585334012,603.42979371159
76600.0,4555949.5984706,89242.7985422939,4555909.967382335,621.2114731731874,1523.1729348442009,621.0810075530853,-6.821061191535688,-0.21070289427995148,-6.820995476206572,18098.075222067706,0.0,0.19182687041996702,1.940615498026607,2100841.585334012,603.42979371159
76700.0,4556011.685513576,89395.1147833351,4555972.041379076,620.5293959470798,1523.151896648699,620.3989368956499,-6.820484203250698,-0.21006276022403875,-6.820418544987416,18098.075222067706,0.0,0.19182687041996702,1.940615498026607,2100841.585334012,603.42979371159
76800.0,4556073.704351705,89547.42892374004,4556034.047171628,619.8473761591662,1523.13092194553,619.7169236707466,-6.819912416131387,-0.20943302501095443,-6.819846814036444,18098.075222067706,0.0,0.19182687041996702,1.940615498026607,2100841.585334012,603.42979371159
76900.0,4556135.654990705,89699.74096980617,4556095.9847657075,619.1654132927711,1523.1100097015612,619.0349673617895,-6.819345761518087,-0.2088135539232766,-6.819280214705624,18098.075222067706,0.0,0.19182687041996702,1.940615498026607,2100841.585334012,603.42979371159
77000.0,4556197.537436243,89852.05092772831,4556157.854166981,618.4835068380356,1523.0891588970387,618.3530674590078,-6.818784171740822,-0.20820421409198878,-6.818718679336458,18098.075222067706,0.0,0.19182687041996702,1.940615498026607,2100841.585334012,603.42979371159
77100.0,4556259.351693936,90004.35880359999,4556219.655381063,617.8016562918192,1523.0683685254044,617.6712234593473,-6.818227580104399,-0.20760487446977552,-6.818162141245063,18098.075222067706,0.0,0.19182687041996702,1.940615498026607,2100841.585334012,603.42979371159
77200.0,4556321.097769349,90156.66460341468,4556281.38841352,617.1198611576023,1523.0476375931146,616.9894348663746,-6.817675920873667,-0.20701540580467426,-6.817610534707458,18098.075222067706,0.0,0.19182687041996702,1.940615498026607,2100841.585334012,603.42979371159
77300.0,4556382.775667998,90308.96833306721,4556343.053269867,616.4381209453916,1523.0269651194626,616.307701190181,-6.817129129259044,-0.2064356806141292,-6.817063794945073,18098.075222067706,0.0,0.19182687041996702,1.940615498026607,2100841.585334012,603.42979371159
77400.0,4556444.385395352,90461.26999835491,4556404.649955573,615.7564351716261,1523.0063501364023,615.626021947289,-6.816587141402276,-0.20586557315945497,-6.816521858110508,18098.075222067706,0.0,0.19182687041996702,1.940615498026607,2100841.585334012,603.42979371159
77500.0,4556505.926956831,90613.56960497897,4556466.178476055,615.0748033590847,1522.9857916883752,614.94439666056,-6.816049894362375,-0.20530495942065757,-6.815984661273487,18098.075222067706,0.0,0.19182687041996702,1.940615498026607,2100841.585334012,603.42979371159
77600.0,4556567.400357806,90765.86715854563,4556527.638836687,614.3932250367952,1522.9652888321402,614.2628248591029,-6.815517326101853,-0.20475371707169987,-6.8154521424070875,18098.075222067706,0.0,0.19182687041996702,1.940615498026607,2100841.585334012,603.42979371159
77700.0,4556628.805603605,90918.16266456741,4556589.031042795,613.7116997399443,1522.9448406366048,613.581306078185,-6.814989375473103,-0.20421172545606453,-6.81492424037412,18098.075222067706,0.0,0.19182687041996702,1.940615498026607,2100841.585334012,603.42979371159
77800.0,4556690.142699506,91070.45612846433,4556650.355099656,613.0302270097895,1522.92444618266,612.8998398591432,-6.814465982205063,-0.20367886556277917,-6.814400894913797,18098.075222067706,0.0,0.19182687041996702,1.940615498026607,2100841.585334012,603.42979371159
77900.0,4556751.411650744,91222.74755556507,4556711.6110125035,612.3488063935724,1522.904104563016,612.2184257492972,-6.813947086889995,-0.20315502000269064,-6.813882046628521,18098.075222067706,0.0,0.19182687041996702,1.940615498026607,2100841.585334012,603.42979371159
78000.0,4556812.612462508,91375.03695110821,4556772.7987865275,611.6674374444326,1522.8838148820428,611.5370633018641,-6.813432630970573,-0.20264007298519726,-6.81336763697096,18098.075222067706,0.0,0.19182687041996702,1.940615498026607,2100841.585334012,603.42979371159
78100.0,4556873.745139941,91527.3243202433,4556833.918426871,610.9861197213233,1522.8635762556096,610.8557520758734,-6.812922556727103,-0.20213391029528666,-6.812857608231285,18098.075222067706,0.0,0.19182687041996702,1.940615498026607,2100841.585334012,603.42979371159
78200.0,4556934.809688144,91679.60966803205,4556894.969938636,610.3048527889287,1522.8433878109297,610.1744916360843,-6.812416807264968,-0.20163641927091397,-6.812351903524608,18098.075222067706,0.0,0.19182687041996702,1.940615498026607,2100841.585334012,603.42979371159
78300.0,4556995.806112177,91831.89299944947,4556955.953326877,609.6236362175812,1522.8232486864058,609.4932815529039,-6.811915326502304,-0.20114748878077982,-6.811850466778656,18098.075222067706,0.0,0.19182687041996702,1.940615498026607,2100841.585334012,603.42979371159
78400.0,4557056.734417052,91984.17431938497,4557016.868596611,608.9424695831817,1522.803158031478,608.8121214023064,-6.811418059157804,-0.20066700920236274,-6.811353242721586,18098.075222067706,0.0,0.19182687041996702,1.940615498026607,2100841.585334012,603.42979371159
78500.0,4557117.594607743,92136.45363264342,4557077.715752808,608.2613524671195,1522.7831150064742,608.1310107657536,-6.8109249507387215,-0.20019487240030653,-6.810860176869991,18098.075222067706,0.0,0.19182687041996702,1.940615498026607,2100841.585334012,603.42979371159
78600.0,4557178.386689182,92288.73094394628,4557138.494800401,607.5802844561944,1522.7631187824625,607.4499492301165,-6.8104359475291405,-0.19973097170519488,-6.810371215517163,18098.075222067706,0.0,0.19182687041996702,1.940615498026607,2100841.585334012,603.42979371159
78700.0,4557239.110666258,92441.00625793265,4557199.205744278,606.8992651425392,1522.7431685411052,606.768936387599,-6.80995099657834,-0.1992752018925686,-6.809886305721462,18098.075222067706,0.0,0.19182687041996702,1.940615498026607,2100841.585334012,603.42979371159
78800.0,4557299.7665438205,92593.27957916031,4557259.848589288,606.2182941235441,1522.723263474516,606.0879718356607,-6.80947004568938,-0.19882745916229966,-6.809405395294912,18098.075222067706,0.0,0.19182687041996702,1.940615498026607,2100841.585334012,603.42979371159
78900.0,4557360.354326679,92745.55091210677,4557320.423340241,605.5373710017818,1522.703402785118,605.4070551769432,-6.808993043407853,-0.19838764111824198,-6.8089284327919435,18098.075222067706,0.0,0.19182687041996702,1.940615498026607,2100841.585334012,603.42979371159
79000.0,4557420.874019604,92897.82026117032,4557380.930001907,604.8564953849339,1522.6835856855046,604.726186019196,-6.808519939010824,-0.19795564674824007,-6.808455367498341,18098.075222067706,0.0,0.19182687041996702,1.940615498026607,2100841.585334012,603.42979371159
79100.0,4557481.325627327,93050.08763067095,4557441.368579016,604.1756668857178,1522.6638113983022,604.0453639752037,-6.808050682495925,-0.19753137640437238,-6.807986149420337,18098.075222067706,0.0,0.19182687041996702,1.940615498026607,2100841.585334012,603.42979371159
79200.0,4557541.70915454,93202.35302485147,4557501.7390762605,603.4948851218157,1522.6440791560344,603.3645886627149,-6.807585224570636,-0.19711473178354244,-6.8075207292738975,18098.075222067706,0.0,0.19182687041996702,1.940615498026607,2100841.585334012,603.42979371159
79300.0,4557602.024605897,93354.61644787839,4557562.041498294,602.8141497158044,1522.6243882009887,602.6838597043715,-6.807123516641747,-0.19670561590836716,-6.807059058474182,18098.075222067706,0.0,0.19182687041996702,1.940615498026607,2100841.585334012,603.42979371159
79400.0,4557662.271986016,93506.87790384296,4557622.275849734,602.133460295085,1522.604737785085,602.0031767276391,-6.806665510804916,-0.19630393310827393,-6.806601089125109,18098.075222067706,0.0,0.19182687041996702,1.940615498026607,2100841.585334012,603.42979371159
79500.0,4557722.451299476,93659.13739676209,4557682.442135161,601.4528164918153,1522.5851271697454,601.3225393647393,-6.806211159834464,-0.19590958900095728,-6.806146774009143,18098.075222067706,0.0,0.19182687041996702,1.940615498026607,2100841.585334012,603.42979371159
79600.0,4557782.562550822,93811.39493057928,4557742.540359116,600.7722179428418,1522.5655556257668,600.6419472525818,-6.8057604171733415,-0.1955224904741369,-6.805696066577271,18098.075222067706,0.0,0.19182687041996702,1.940615498026607,2100841.585334012,603.42979371159
79700.0,4557842.605744561,93963.6505091656,4557802.570526108,600.0916642896342,1522.5460224331946,599.9614000326981,-6.805313236923105,-0.19514254566743205,-6.805248920938978,18098.075222067706,0.0,0.19182687041996702,1.940615498026607,2100841.585334012,603.42979371159
79800.0,4557902.580885164,94115.90413632059,4557862.532640608,599.4111551782191,1522.5265268811982,599.2808973511762,-6.804869573834273,-0.19476966395472428,-6.804805291852603,18098.075222067706,0.0,0.19182687041996702,1.940615498026607,2100841.585334012,603.42979371159
79900.0,4557962.48797707,94268.15581577312,4557922.426707052,598.7306902591163,1522.5070682679486,598.6004388585966,-6.804429383296634,-0.19440375592661457,-6.804365134715651,18098.075222067706,0.0,0.19182687041996702,1.940615498026607,2100841.585334012,603.42979371159
80000.0,4558022.327024678,94420.40555118235,4557982.2527298415,598.0502691872747,1522.4876459004981,597.9200242099679,-6.803992621329807,-0.19404473337320477,-6.803928405555352,18098.075222067706,0.0,0.19182687041996702,1.940615498026607,2100841.585334012,603.42979371159
80100.0,4558082.098032357,94572.65334613858,4558042.010713344,597.3698916220105,1522.4682590946602,597.2396530646653,-6.803559244573925,-0.19369250926713558,-6.803495061019352,18098.075222067706,0.0,0.19182687041996702,1.940615498026607,2100841.585334012,603.42979371159
80200.0,4558141.801004441,94724.89920416413,4558101.700661894,596.6895572269451,1522.448907174893,596.5593250863685,-6.803129210280463,-0.1933469977468802,-6.803065058366528,18098.075222067706,0.0,0.19182687041996702,1.940615498026607,2100841.585334012,603.42979371159
80300.0,4558201.435945231,94877.14312871419,4558161.32257979,596.0092656699445,1522.4295894741829,595.8790399430011,-6.802702476303212,-0.19300811410028287,-6.802638355457989,18098.075222067706,0.0,0.19182687041996702,1.940615498026607,2100841.585334012,603.42979371159
80400.0,4558261.002858993,95029.38512317765,4558220.8764713,595.3290166230596,1522.4103053339309,595.1987973066708,-6.802279001089359,-0.19267577474829353,-6.802214910748129,18098.075222067706,0.0,0.19182687041996702,1.940615498026607,2100841.585334012,603.42979371159
80500.0,4558320.501749962,95181.62519087797,4558280.362340657,594.6488097624674,1522.39105410384,594.5185968536108,-6.801858743670777,-0.1923498972290597,-6.8017946832759355,18098.075222067706,0.0,0.19182687041996702,1.940615498026607,2100841.585334012,603.42979371159
80600.0,4558379.9326223405,95333.863335074,4558339.780192065,593.9686447684127,1522.3718351418038,593.8384382641211,-6.8014416636553525,-0.19203040018210063,-6.801377632656318,18098.075222067706,0.0,0.19182687041996702,1.940615498026607,2100841.585334012,603.42979371159
80700.0,4558439.295480301,95486.09955896078,4558399.130029694,593.288521325151,1522.352647813798,593.1583212225122,-6.801027721218547,-0.19171720333286707,-6.800963719071662,18098.075222067706,0.0,0.19182687041996702,1.940615498026607,2100841.585334012,603.42979371159
80800.0,4558498.590327981,95638.33386567034,4558458.411857684,592.6084391208924,1522.3334914937718,592.4782454170481,-6.800616877095012,-0.19141022747741368,-6.800552903263455,18098.075222067706,0.0,0.19182687041996702,1.940615498026607,2100841.585334012,603.42979371159
80900.0,4558557.817169489,95790.56625827252,4558517.625680142,591.9283978477459,1522.314365563542,591.7982105398911,-6.8002090925703635,-0.191109394467363,-6.800145146524051,18098.075222067706,0.0,0.19182687041996702,1.940615498026607,2100841.585334012,603.42979371159
81000.0,4558616.976008904,95942.79673977569,4558576.771501146,591.2483972016647,1522.295269412688,591.1182162870471,-6.799804329473096,-0.19081462719508174,-6.7997404106886,18098.075222067706,0.0,0.19182687041996702,1.940615498026607,2100841.585334012,603.42979371159
81100.0,4558676.066850274,96095.0253131276,4558635.849324744,590.5684368823922,1522.2762024384488,590.4382623583115,-6.799402550166583,-0.19052584957903226,-6.799338658127039,18098.075222067706,0.0,0.19182687041996702,1.940615498026607,2100841.585334012,603.42979371159
81200.0,4558735.089697615,96247.25198121608,4558694.859154953,589.8885165934092,1522.2571640456204,589.7583484572165,-6.799003717541242,-0.19024298654941546,-6.798939851736258,18098.075222067706,0.0,0.19182687041996702,1.940615498026607,2100841.585334012,603.42979371159
81300.0,4558794.044554917,96399.47674686983,4558753.800995761,589.2086360418815,1522.238153646456,589.0784742909785,-6.79860779500679,-0.1899659640339612,-6.798543954932368,18098.075222067706,0.0,0.19182687041996702,1.940615498026607,2100841.585334012,603.42979371159
81400.0,4558852.931426139,96551.69961285913,4558812.674851126,588.528794938608,1522.219170660567,588.3986395704467,-6.7982147464846365,-0.18969470894396007,-6.798150931643078,18098.075222067706,0.0,0.19182687041996702,1.940615498026607,2100841.585334012,603.42979371159
81500.0,4558911.75031521,96703.9205818966,4558871.48072498,587.8489929979705,1522.2002145148247,587.7188440100522,-6.797824536400367,-0.18942914916048498,-6.7977607463002006,18098.075222067706,0.0,0.19182687041996702,1.940615498026607,2100841.585334012,603.42979371159
81600.0,4558970.501226034,96856.1396566379,4558930.218621224,587.1692299378832,1522.1812846432645,587.039087327758,-6.797437129676385,-0.18916921352083113,-6.797373363832271,18098.075222067706,0.0,0.19182687041996702,1.940615498026607,2100841.585334012,603.42979371159
81700.0,4559029.1841624845,97008.35683968243,4558988.888543732,586.4895054797433,1522.1623804869907,586.3593692450098,-6.797052491724619,-0.18891483180514967,-6.796988749657282,18098.075222067706,0.0,0.19182687041996702,1.940615498026607,2100841.585334012,603.42979371159
81800.0,4559087.799128408,97160.57213357407,4559047.49049635,585.8098193483831,1522.1435014940832,585.6796894866873,-6.796670588439368,-0.18866593472325352,-6.796606869675502,18098.075222067706,0.0,0.19182687041996702,1.940615498026607,2100841.585334012,603.42979371159
81900.0,4559146.346127623,97312.78554080185,4559106.0244828975,585.1301712720214,1522.124647119505,585.0000477810562,-6.796291386190258,-0.18842245390167067,-6.796227690262456,18098.075222067706,0.0,0.19182687041996702,1.940615498026607,2100841.585334012,603.42979371159
82000.0,4559204.825163921,97464.99706380063,4559164.490507166,584.4505609822164,1522.1058168250108,584.3204438597214,-6.795914851815294,-0.18818432187083373,-6.795851178261971,18098.075222067706,0.0,0.19182687041996702,1.940615498026607,2100841.585334012,603.42979371159
82100.0,4559263.23624107,97617.2067049518,4559222.88857292,583.7709882138197,1522.087010079058,583.6408774575802,-6.795540952614029,-0.18795147205248613,-6.795477300979341,18098.075222067706,0.0,0.19182687041996702,1.940615498026607,2100841.585334012,603.42979371159
82200.0,4559321.579362806,97769.41446658388,4559281.218683899,583.0914527049298,1522.0682263567176,582.9613483127767,-6.7951696563408115,-0.18772383874725912,-6.795106026174577,18098.075222067706,0.0,0.19182687041996702,1.940615498026607,2100841.585334012,603.42979371159
82300.0,4559379.854532843,97921.6203509733,4559339.480843816,582.4119541968475,1522.0494651395868,582.2818561666563,-6.794800931198198,-0.1875013571224622,-6.794737322055828,18098.075222067706,0.0,0.19182687041996702,1.940615498026607,2100841.585334012,603.42979371159
82400.0,4559438.06175487,98073.82436034491,4559397.675056357,581.7324924340314,1522.030725915704,581.6024007637216,-6.794434745830366,-0.18728396319998364,-6.794371157272791,18098.075222067706,0.0,0.19182687041996702,1.940615498026607,2100841.585334012,603.42979371159
82500.0,4559496.201032547,98226.0264968727,4559455.801325184,581.0530671640535,1522.012008179462,580.9229818515882,-6.794071069316738,-0.1870715938444546,-6.794007500910331,18098.075222067706,0.0,0.19182687041996702,1.940615498026607,2100841.585334012,603.42979371159
82600.0,4559554.272369511,98378.22676268041,4559513.859653935,580.3736781375565,1521.993311431527,580.2435991809422,-6.793709871165606,-0.18686418675150462,-6.793646322482111,18098.075222067706,0.0,0.19182687041996702,1.940615498026607,2100841.585334012,603.42979371159
82700.0,4559612.275769374,98530.42515984217,4559571.85004622,579.694325108211,1521.9746351787533,579.5642525054966,-6.793351121307941,-0.18666168043627338,-6.7932875919244085,18098.075222067706,0.0,0.19182687041996702,1.940615498026607,2100841.585334012,603.42979371159
82800.0,4559670.211235724,98682.6216903831,4559629.772505628,579.015007832674,1521.9559789341038,578.8849415819503,-6.792994790091199,-0.1864640142219878,-6.79293127958991,18098.075222067706,0.0,0.19182687041996702,1.940615498026607,2100841.585334012,603.42979371159
82900.0,4559728.078772125,98834.81635627989,4559687.62703572,578.3357260705466,1521.937342216569,578.2056661699462,-6.792640848273324,-0.18627112822880754,-6.792577356241719,18098.075222067706,0.0,0.19182687041996702,1.940615498026607,2100841.585334012,603.42979371159
83000.0,4559785.878382115,98987.00915946146,4559745.413640037,577.6564795843343,1521.918724551088,577.5264260320306,-6.792289267016758,-0.18608296336276237,-6.792225793047375,18098.075222067706,0.0,0.19182687041996702,1.940615498026607,2100841.585334012,603.42979371159
83100.0,4559843.61006921,99139.20010180952,4559803.132322094,576.9772681394062,1521.9001254684704,576.8472209336131,-6.791940017882589,-0.18589946130488522,-6.791876561572996,18098.075222067706,0.0,0.19182687041996702,1.940615498026607,2100841.585334012,603.42979371159
83200.0,4559901.273836902,99291.38918515913,4559860.783085384,576.2980915039556,1521.8815445053194,576.1680506429271,-6.791593072824781,-0.18572056450049074,-6.791529633777505,18098.075222067706,0.0,0.19182687041996702,1.940615498026607,2100841.585334012,603.42979371159
83300.0,4559958.869688663,99443.5764112993,4559918.365933375,575.618949448961,1521.862981203956,575.4889149309905,-6.791248404184456,-0.18554621614860445,-6.7911849820069214,18098.075222067706,0.0,0.19182687041996702,1.940615498026607,2100841.585334012,603.42979371159
83400.0,4560016.397627938,99595.76178197358,4559975.880869515,574.9398417481477,1521.844435112344,574.8098135715677,-6.79090598468432,-0.18537636019155568,-6.790842578988786,18098.075222067706,0.0,0.19182687041996702,1.940615498026607,2100841.585334012,603.42979371159
83500.0,4560073.857658151,99747.94529888054,4560033.327897227,574.2607681779499,1521.8259057840162,574.1307463411313,-6.790565787423135,-0.18521094130472793,-6.790502397826628,18098.075222067706,0.0,0.19182687041996702,1.940615498026607,2100841.585334012,603.42979371159
83600.0,4560131.249782704,99900.12696367444,4560090.707019914,573.5817285174732,1521.8073927780015,573.4517130188251,-6.790227785870278,-0.18504990488644213,-6.790164411994533,18098.075222067706,0.0,0.19182687041996702,1.940615498026607,2100841.585334012,603.42979371159
83700.0,4560188.574004977,100052.30677796568,4560148.018240955,572.9027225484581,1521.7888956587535,572.7727133864271,-6.789891953860388,-0.1848931970479862,-6.7898285953317865,18098.075222067706,0.0,0.19182687041996702,1.940615498026607,2100841.585334012,603.42979371159
83800.0,4560245.8303283295,100204.4847433214,4560205.261563707,572.2237500552435,1521.7704139960795,572.0937472283134,-6.789558265588121,-0.18474076460381808,-6.789494922037626,18098.075222067706,0.0,0.19182687041996702,1.940615498026607,2100841.585334012,603.42979371159
83900.0,4560303.018756097,100356.66086126595,4560262.436991509,571.5448108247313,1521.75194736507,571.4148143314225,-6.789226695602896,-0.18459255506184855,-6.789163366665997,18098.075222067706,0.0,0.19182687041996702,1.940615498026607,2100841.585334012,603.42979371159
84000.0,4560360.139291597,100508.83513328146,4560319.544527675,570.8659046463505,1521.7334953460313,570.7359144852197,-6.788897218803852,-0.18444851661395056,-6.788833904120503,18098.075222067706,0.0,0.19182687041996702,1.940615498026607,2100841.585334012,603.42979371159
84100.0,4560417.191938122,100661.00756080839,4560376.5841755,570.1870313120232,1521.715057524416,570.057047481663,-6.788569810434755,-0.18430859812652434,-6.78850650964932,18098.075222067706,0.0,0.19182687041996702,1.940615498026607,2100841.585334012,603.42979371159
84200.0,4560474.176698947,100813.17814524594,4560433.555938259,569.5081906161302,1521.6966334907568,569.3782131151681,-6.788244446079056,-0.18417274913123977,-6.788181158840246,18098.075222067706,0.0,0.19182687041996702,1.940615498026607,2100841.585334012,603.42979371159
84300.0,4560531.093577326,100965.34688795265,4560490.459819204,568.8293823554767,1521.678222840601,568.6994111825758,-6.7879211016550105,-0.1840409198159263,-6.7878578276158335,18098.075222067706,0.0,0.19182687041996702,1.940615498026607,2100841.585334012,603.42979371159
84400.0,4560587.942576493,101117.51379024686,4560547.29582157,568.1506063292601,1521.6598251744438,568.0206414831174,-6.787599753410858,-0.1839130610155493,-6.787536492228553,18098.075222067706,0.0,0.19182687041996702,1.940615498026607,2100841.585334012,603.42979371159
84500.0,4560644.72369966,101269.67885340718,4560604.063948569,567.4718623390364,1521.6414400976655,567.3419038183832,-6.787280377920084,-0.18378912420336485,-6.7872171292560814,18098.075222067706,0.0,0.19182687041996702,1.940615498026607,2100841.585334012,603.42979371159
84600.0,4560701.436950022,101421.84207867304,4560660.764203395,566.7931501886882,1521.6230672204674,566.6631979922894,-6.786962952076729,-0.1836690614821459,-6.786899715596579,18098.075222067706,0.0,0.19182687041996702,1.940615498026607,2100841.585334012,603.42979371159
84700.0,4560758.082330753,101574.00346724509,4560717.396589222,566.1144696843928,1521.6047061578092,565.9845238110466,-6.786647453090822,-0.18355282557560218,-6.786584228464154,18098.075222067706,0.0,0.19182687041996702,1.940615498026607,2100841.585334012,603.42979371159
84800.0,4560814.659845008,101726.16302028573,4560773.961109206,565.4358206345911,1521.5863565293478,565.3058810831285,-6.7863338584838235,-0.183440369819867,-6.786270645384283,18098.075222067706,0.0,0.19182687041996702,1.940615498026607,2100841.585334012,603.42979371159
84900.0,4560871.1694959225,101878.32073891957,4560830.457766482,564.7572028499561,1521.568017959376,564.6272696192406,-6.786022146084173,-0.18333164815513286,-6.785958944189381,18098.075222067706,0.0,0.19182687041996702,1.940615498026607,2100841.585334012,603.42979371159
85000.0,4560927.611286614,102030.47662423385,4560886.886564166,564.0786161433632,1521.549690076763,563.9486892322902,-6.785712294022886,-0.18322661511740296,-6.785649103014376,18098.075222067706,0.0,0.19182687041996702,1.940615498026607,2100841.585334012,603.42979371159
85100.0,4560983.985220181,102182.63067727894,4560943.247505358,563.4000603298596,1521.5313725148947,563.2701397373562,-6.785404280729227,-0.18312522583036128,-6.785341100292404,18098.075222067706,0.0,0.19182687041996702,1.940615498026607,2100841.585334012,603.42979371159
85200.0,4561040.2912997035,102334.78289906877,4560999.540593138,562.7215352266346,1521.5130649116156,562.5916209516594,-6.785098084926439,-0.1830274359973487,-6.785034914750519,18098.075222067706,0.0,0.19182687041996702,1.940615498026607,2100841.585334012,603.42979371159
85300.0,4561096.5295282435,102486.93329058128,4561055.765830566,562.0430406529911,1521.4947669091714,561.9131326945331,-6.784793685627551,-0.18293320189348528,-6.784730525405525,18098.075222067706,0.0,0.19182687041996702,1.940615498026607,2100841.585334012,603.42979371159
85400.0,4561152.699908845,102639.08185275884,4561111.9232206885,561.364576430316,1521.476478154152,561.2346747873952,-6.784491062131224,-0.18284248035785003,-6.784427911559795,18098.075222067706,0.0,0.19182687041996702,1.940615498026607,2100841.585334012,603.42979371159
85500.0,4561208.802444535,102791.22858650872,4561168.01276653,560.6861423820524,1521.458198297435,560.5562470537187,-6.784190194017677,-0.1827552287858344,-6.784127052797222,18098.075222067706,0.0,0.19182687041996702,1.940615498026607,2100841.585334012,603.42979371159
85600.0,4561264.837138322,102943.37349270344,4561224.034471099,560.0077383336713,1521.4399269941318,559.8778493190046,-6.78389106114468,-0.18267140512156757,-6.783827928979197,18098.075222067706,0.0,0.19182687041996702,1.940615498026607,2100841.585334012,603.42979371159
85700.0,4561320.803993196,103095.5165721813,4561279.988337388,559.3293641126446,1521.4216639035317,559.1994814107538,-6.783593643643587,-0.18259096785045978,-6.7835305202406575,18098.075222067706,0.0,0.19182687041996702,1.940615498026607,2100841.585334012,603.42979371159
85800.0,4561376.703012133,103247.65782574668,4561335.8743683705,558.6510195484171,1521.4034086890485,558.5211431584406,-6.783297921915438,-0.182513875991846,-6.783234806986165,18098.075222067706,0.0,0.19182687041996702,1.940615498026607,2100841.585334012,603.42979371159
85900.0,4561432.534198089,103399.79725417055,4561391.692567003,557.9727044723804,1521.3851610181684,557.8428343934851,-6.7830038766271175,-0.18244008909174386,-6.782940769886095,18098.075222067706,0.0,0.19182687041996702,1.940615498026607,2100841.585334012,603.42979371159
86000.0,4561488.297554004,103551.93485819081,4561447.442936227,557.2944187178463,1521.3669205623964,557.1645549492274,-6.782711488707578,-0.18236956721571235,-6.782648389872838,18098.075222067706,0.0,0.19182687041996702,1.940615498026607,2100841.585334012,603.42979371159
86100.0,4561543.993082804,103704.07063851271,4561503.125478965,556.6161621200206,1521.3486869972057,556.4863046609015,-6.782420739344098,-0.18230227094180493,-6.782357648137071,18098.075222067706,0.0,0.19182687041996702,1.940615498026607,2100841.585334012,603.42979371159
86200.0,4561599.620787394,103856.20459580925,4561558.740198126,555.9379345159778,1521.3304600019858,555.8080833656095,-6.7821316099786415,-0.18223816135364568,-6.782068526124109,18098.075222067706,0.0,0.19182687041996702,1.940615498026607,2100841.585334012,603.42979371159
86300.0,4561655.180670667,104008.33673072155,4561614.2870966,555.2597357446355,1521.3122392599932,555.1298909022963,-6.7818440823041914,-0.18217720003355334,-6.781781005530239,18098.075222067706,0.0,0.19182687041996702,1.940615498026607,2100841.585334012,603.42979371159
86400.0,4561710.672735498,104160.46704385926,4561669.766177262,554.5815656467295,1521.2940244583015,554.451727111725,-6.781558138261244,-0.18211934905584487,-6.781495068299232,18098.075222067706,0.0,0.19182687041996702,1.940615498026607,2100841.585334012,603.42979371159
86500.0,4561766.096984747,104312.59553580091,4561725.177442973,553.9034240647895,1521.2758152877525,553.7735918364517,-6.781273760034245,-0.182064570980137,-6.781210696618754,18098.075222067706,0.0,0.19182687041996702,1.940615498026607,2100841.585334012,603.42979371159
86600.0,4561821.4534212565,104464.72220709432,4561780.5208965745,553.2253108431148,1521.257611442908,553.0954849208022,-6.780990930048154,-0.18201282884481798,-6.78092787291695,18098.075222067706,0.0,0.19182687041996702,1.940615498026607,2100841.585334012,603.42979371159
86700.0,4561876.742047856,104616.84705825696,4561835.796540896,552.54722582775,1521.2394126220024,552.4174062108472,-6.780709630965061,-0.18196408616059873,-6.780646579859053,18098.075222067706,0.0,0.19182687041996702,1.940615498026607,2100841.585334012,603.42979371159
86800.0,4561931.962867357,104768.97008977625,4561891.004378752,551.869168866462,1521.2212185268954,551.7393555543792,-6.780429845680777,-0.18191830690410718,-6.780366800343975,18098.075222067706,0.0,0.19182687041996702,1.940615498026607,2100841.585334012,603.42979371159
86900.0,4561987.115882559,104921.09130211004,4561946.144412938,551.1911398087166,1521.2030288630265,551.0613328008895,-6.780151557321565,-0.1818754555116342,-6.780088517501044,18098.075222067706,0.0,0.19182687041996702,1.940615498026607,2100841.585334012,603.42979371159
87000.0,4562042.201096244,105073.21069568687,4562001.216646237,550.5131385056553,1521.1848433393684,550.3833378015449,-6.779874749240884,-0.18183549687294612,-6.7798117146867405,18098.075222067706,0.0,0.19182687041996702,1.940615498026607,2100841.585334012,603.42979371159
87100.0,4562097.218511181,105225.32827090634,4562056.221081418,549.8351648100734,1521.1666616683826,549.7053704091654,-6.779599405016137,-0.18179839632515843,-6.779536375481454,18098.075222067706,0.0,0.19182687041996702,1.940615498026607,2100841.585334012,603.42979371159
87200.0,4562152.168130122,105377.4440281395,4562111.1577212345,549.1572185763971,1521.1484835659749,549.0274304782018,-6.779325508445568,-0.18176411964674413,-6.7792624836863755,18098.075222067706,0.0,0.19182687041996702,1.940615498026607,2100841.585334012,603.42979371159
87300.0,4562207.049955807,105529.55796772912,4562166.026568425,548.4792996606622,1521.130308751451,548.349517864714,-6.779053043545094,-0.18173263305158702,-6.778990023320333,18098.075222067706,0.0,0.19182687041996702,1.940615498026607,2100841.585334012,603.42979371159
87400.0,4562261.86399096,105681.67008999013,4562220.827625713,547.8014079204917,1521.112136947474,547.6716324263492,-6.7787819945452465,-0.18170390318312946,-6.778718978616729,18098.075222067706,0.0,0.19182687041996702,1.940615498026607,2100841.585334012,603.42979371159
87500.0,4562316.610238291,105833.78039520983,4562275.560895811,547.1235432150752,1521.0939678800216,546.9937740223206,-6.7785123458881795,-0.18167789710862742,-6.778449334020553,18098.075222067706,0.0,0.19182687041996702,1.940615498026607,2100841.585334012,603.42979371159
87600.0,4562371.288700499,105985.88888364832,4562330.226381414,546.4457054051477,1521.0758012783435,546.3159425133866,-6.778244082224647,-0.18165458231344933,-6.7781810741853565,18098.075222067706,0.0,0.19182687041996702,1.940615498026607,2100841.585334012,603.42979371159
87700.0,4562425.899380264,106137.99555553877,4562384.824085205,545.7678943529687,1521.0576368749203,545.6381377618297,-6.777977188411074,-0.18163392669546805,-6.777914183970335,18098.075222067706,0.0,0.19182687041996702,1.940615498026607,2100841.585334012,603.42979371159
87800.0,4562480.442280256,106290.10041108777,4562439.354009854,545.090109922302,1521.0394744054222,544.9603596314366,-6.777711649506696,-0.18161589855955781,-6.777648648437449,18098.075222067706,0.0,0.19182687041996702,1.940615498026607,2100841.585334012,603.42979371159
87900.0,4562534.917403131,106442.20345047562,4562493.816158014,544.4123519783952,1521.021313608669,544.2826079874776,-6.777447450770658,-0.18160046661212287,-6.777384452848536,18098.075222067706,0.0,0.19182687041996702,1.940615498026607,2100841.585334012,603.42979371159
88000.0,4562589.32475153,106594.30467385666,4562548.210532329,543.7346203879605,1521.0031542265904,543.604882696687,-6.777184577659241,-0.1815875999557411,-6.77712158266254,18098.075222067706,0.0,0.19182687041996702,1.940615498026607,2100841.585334012,603.42979371159
88100.0,4562643.664328082,106746.4040813596,4562602.537135427,543.0569150191544,1520.9849960041854,542.9271836272435,-6.7769230158230895,-0.18157726808386374,-6.77686002353273,18098.075222067706,0.0,0.19182687041996702,1.940615498026607,2100841.585334012,603.42979371159
88200.0,4562697.936135404,106898.50167308775,4562656.795969924,542.3792357415589,1520.966838689485,542.2495106487506,-6.776662751104455,-0.1815694408755923,-6.776599761303956,18098.075222067706,0.0,0.19182687041996702,1.940615498026607,2100841.585334012,603.42979371159
88300.0,4562752.140176096,107050.59744911945,4562710.987038422,541.7015824261621,1520.9486820335133,541.5718636322183,-6.776403769534553,-0.1815640885905371,-6.776340782009988,18098.075222067706,0.0,0.19182687041996702,1.940615498026607,2100841.585334012,603.42979371159
88400.0,4562806.27645275,107202.69140950822,4562765.110343512,541.0239549453399,1520.9305257902488,540.8942424500436,-6.776146057330886,-0.18156118186373665,-6.77608307187086,18098.075222067706,0.0,0.19182687041996702,1.940615498026607,2100841.585334012,603.42979371159
88500.0,4562860.344967942,107354.78355428315,4562819.165887769,540.3463531728372,1520.9123697165887,540.2166469759924,-6.77588960089464,-0.18156069170066177,-6.775826617290252,18098.075222067706,0.0,0.19182687041996702,1.940615498026607,2100841.585334012,603.42979371159
88600.0,4562914.345724237,107506.87388344917,4562873.15367376,539.6687769837496,1520.8942135723112,539.539077085181,-6.775634386808112,-0.18156258947226164,-6.775571404852925,18098.075222067706,0.0,0.19182687041996702,1.940615498026607,2100841.585334012,603.42979371159
88700.0,4562968.278724187,107658.96239698734,4562927.073704035,538.9912262545055,1520.8760571200391,538.8615326540585,-6.775380401832179,-0.18156684691012176,-6.7753174213221925,18098.075222067706,0.0,0.19182687041996702,1.940615498026607,2100841.585334012,603.42979371159
88800.0,4563022.143970332,107811.04909485509,4562980.925981135,538.3137008628485,1520.8579001252044,538.1840135603886,-6.775127632903801,-0.18157343610165216,-6.775064653637415,18098.075222067706,0.0,0.19182687041996702,1.940615498026607,2100841.585334012,603.42979371159
88900.0,4563075.9414652,107963.13397698656,4563034.7105075875,537.6362006878196,1520.8397423560127,537.5065196832326,-6.774876067133565,-0.18158232948536568,-6.774813088911553,18098.075222067706,0.0,0.19182687041996702,1.940615498026607,2100841.585334012,603.42979371159
89000.0,4563129.671211306,108115.21704329284,4563088.427285908,536.9587256097406,1520.8215835834085,536.8290509029317,-6.7746256918032515,-0.18159349984620674,-6.774562714428727,18098.075222067706,0.0,0.19182687041996702,1.940615498026607,2100841.585334012,603.42979371159
89100.0,4563183.333211155,108267.29829366224,4563142.0763186,536.2812755101961,1520.8034235810403,536.1516071010905,-6.774376494363446,-0.18160692031095316,-6.774313517641838,18098.075222067706,0.0,0.19182687041996702,1.940615498026607,2100841.585334012,603.42979371159
89200.0,4563236.927467237,108419.3777279606,4563195.657608157,535.6038502720178,1520.7852621252275,535.4741881605596,-6.774128462431198,-0.18162256434368915,-6.774065486170219,18098.075222067706,0.0,0.19182687041996702,1.940615498026607,2100841.585334012,603.42979371159
89300.0,4563290.453982034,108571.45534603148,4563249.171157057,534.926449779267,1520.7670989949263,534.7967939654199,-6.773881583787704,-0.18164040574133639,-6.7738186077973195,18098.075222067706,0.0,0.19182687041996702,1.940615498026607,2100841.585334012,603.42979371159
89400.0,4563343.912758014,108723.53114769649,4563302.616967771,534.2490739172193,1520.7489339716965,534.1194244009655,-6.773635846375975,-0.181660418629217,-6.773572870468382,18098.075222067706,0.0,0.19182687041996702,1.940615498026607,2100841.585334012,603.42979371159
89500.0,4563397.303797635,108875.60513275552,4563355.995042755,533.5717225723475,1520.7307668396693,533.4420793536881,-6.773391238298651,-0.18168257745674168,-6.773328262288243,18098.075222067706,0.0,0.19182687041996702,1.940615498026607,2100841.585334012,603.42979371159
89600.0,4563450.627103343,109027.67730098701,4563409.305384455,532.8943956323066,1520.712597385515,532.7647587112609,-6.773147747815738,-0.1817068569931038,-6.773084771519078,18098.075222067706,0.0,0.19182687041996702,1.940615498026607,2100841.585334012,603.42979371159
89700.0,4563503.882677572,109179.74765214819,4563462.547995307,532.2170929859175,1520.694425398411,532.0874623625234,-6.77290536334244,-0.18173323232305671,-6.772842386578237,18098.075222067706,0.0,0.19182687041996702,1.940615498026607,2100841.585334012,603.42979371159
89800.0,4563557.070522746,109331.81618597532,4563515.722877733,531.5398145231522,1520.676250670011,531.4101901974655,-6.772664073446976,-0.18176167884273403,-6.772601096036056,18098.075222067706,0.0,0.19182687041996702,1.940615498026607,2100841.585334012,603.42979371159
89900.0,4563610.190641278,109483.88290218395,4563568.830034149,530.8625601351183,1520.6580729944133,530.7329421072124,-6.772423866848487,-0.1817921722555548,-6.772360888613768,18098.075222067706,0.0,0.19182687041996702,1.940615498026607,2100841.585334012,603.42979371159
90000.0,4563663.243035572,109635.94780046918,4563621.869466954,530.1853297140439,1520.6398921681305,530.0557179840099,-6.772184732414928,-0.1818246885681607,-6.772121753181393,18098.075222067706,0.0,0.19182687041996702,1.940615498026607,2100841.585334012,603.42979371159
90100.0,4563716.2277080165,109788.01088050586,4563674.841178541,529.5081231532629,1520.6217079900598,529.3785177212094,-6.771946659161008,-0.18185920408641856,-6.771883678755676,18098.075222067706,0.0,0.19182687041996702,1.940615498026607,2100841.585334012,603.42979371159
90200.0,4563769.144660994,109940.07214194884,4563727.74517129,528.8309403472006,1520.6035202614532,528.7013412132533,-6.771709636246137,-0.18189569541147435,-6.771646654498042,18098.075222067706,0.0,0.19182687041996702,1.940615498026607,2100841.585334012,603.42979371159
90300.0,4563821.993896875,110092.13158443324,4563780.5814475715,528.1537811913591,1520.585328785888,528.0241883556608,-6.77147365297247,-0.18193413943588282,-6.771410669712634,18098.075222067706,0.0,0.19182687041996702,1.940615498026607,2100841.585334012,603.42979371159
90400.0,4563874.775418017,110244.18920757464,4563833.350009746,527.4766455823035,1520.5671333692371,527.3470590450137,-6.771238698782873,-0.18197451333974574,-6.771175713844283,18098.075222067706,0.0,0.19182687041996702,1.940615498026607,2100841.585334012,603.42979371159
90500.0,4563927.489226772,110396.24501096932,4563886.050860162,526.7995334176472,1520.5489338196421,526.6699531789421,-6.771004763259014,-0.182016794586955,-6.770941776476593,18098.075222067706,0.0,0.19182687041996702,1.940615498026607,2100841.585334012,603.42979371159
90600.0,4563980.135325479,110548.29899419448,4563938.68400116,526.122444596039,1520.5307299474837,525.9928706561112,-6.770771836119439,-0.18206096092145155,-6.770708847330027,18098.075222067706,0.0,0.19182687041996702,1.940615498026607,2100841.585334012,603.42979371159
90700.0,4564032.713716467,110700.35115680848,4563991.249435068,525.4453790171489,1520.5125215653545,525.3158113762071,-6.770539907217664,-0.1821069903635483,-6.770476916259992,18098.075222067706,0.0,0.19182687041996702,1.940615498026607,2100841.585334012,603.42979371159
90800.0,4564085.224402054,110852.40149835104,4564043.747164207,524.7683365816548,1520.4943084880313,524.6387752399238,-6.770308966540345,-0.1821548612063167,-6.770245973255009,18098.075222067706,0.0,0.19182687041996702,1.940615498026607,2100841.585334012,603.42979371159
90900.0,4564137.667384551,111004.45001834347,4564096.177190884,524.0913171912296,1520.476090532448,523.96176214895,-6.770079004205407,-0.18220455201199182,-6.770016008434851,18098.075222067706,0.0,0.19182687041996702,1.940615498026607,2100841.585334012,603.42979371159
91000.0,4564190.042666257,111156.49671628888,4564148.539517401,523.4143207485275,1520.4578675176695,523.2847720059558,-6.769850010460243,-0.18225604160845182,-6.769787012048731,18098.075222067706,0.0,0.19182687041996702,1.940615498026607,2100841.585334012,603.42979371159
91100.0,4564242.350249463,111308.5415916724,4564200.834146047,522.7373471571722,1520.439639264864,522.60780471458,-6.7696219756799465,-0.1823093090857461,-6.76955897447354,18098.075222067706,0.0,0.19182687041996702,1.940615498026607,2100841.585334012,603.42979371159
91200.0,4564294.590136448,111460.58464396137,4564253.061079103,522.0603963217428,1520.4214055972782,521.9308601794174,-6.769394890365542,-0.1823643337926623,-6.769331886212082,18098.075222067706,0.0,0.19182687041996702,1.940615498026607,2100841.585334012,603.42979371159
91300.0,4564346.762329483,111612.62587260554,4564305.220318838,521.3834681477628,1520.403166340211,521.2539383060064,-6.76916874514224,-0.18242109533333162,-6.769105737891314,18098.075222067706,0.0,0.19182687041996702,1.940615498026607,2100841.585334012,603.42979371159
91400.0,4564398.86683083,111764.66527703733,4564357.311867516,520.7065625416865,1520.3849213209887,520.5770390008163,-6.768943530757747,-0.18247957356390798,-6.768880520260687,18098.075222067706,0.0,0.19182687041996702,1.940615498026607,2100841.585334012,603.42979371159
91500.0,4564450.903642741,111916.70285667198,4564409.335727387,520.0296794108878,1520.3666703689387,519.9001621712357,-6.768719238080587,-0.182539748589271,-6.768656224190427,18098.075222067706,0.0,0.19182687041996702,1.940615498026607,2100841.585334012,603.42979371159
91600.0,4564502.872767459,112068.73861090773,4564461.291900696,519.3528186636473,1520.348413315366,519.2233077255601,-6.768495858098404,-0.18260160075976725,-6.768432840669874,18098.075222067706,0.0,0.19182687041996702,1.940615498026607,2100841.585334012,603.42979371159
91700.0,4564554.774207217,112220.7725391261,4564513.180389675,518.6759802091415,1520.330149993529,518.54647557298,-6.768273381916381,-0.18266511066803764,-6.7682103608058775,18098.075222067706,0.0,0.19182687041996702,1.940615498026607,2100841.585334012,603.42979371159
91800.0,4564606.60796424,112372.804640692,4564565.00119655,517.9991639574301,1520.3118802386136,517.8696656235696,-6.768051800755585,-0.1827302591458281,-6.767988775821153,18098.075222067706,0.0,0.19182687041996702,1.940615498026607,2100841.585334012,603.42979371159
91900.0,4564658.374040745,112524.83491495396,4564616.7543235365,517.3223698194453,1520.293603887712,517.1928777882753,-6.76783110595139,-0.1827970272608924,-6.767768077052702,18098.075222067706,0.0,0.19182687041996702,1.940615498026607,2100841.585334012,603.42979371159
92000.0,4564710.072438939,112676.86336124431,4564668.4397728415,516.6455977069799,1520.275320779797,516.5161119789037,-6.767611288951925,-0.18286539631392495,-6.767548255950264,18098.075222067706,0.0,0.19182687041996702,1.940615498026607,2100841.585334012,603.42979371159
92100.0,4564761.703161018,112828.88997887938,4564720.057546663,515.9688475326763,1520.2570307557005,515.8393681081111,-6.7673923413165165,-0.1829353478355218,-6.767329304074753,18098.075222067706,0.0,0.19182687041996702,1.940615498026607,2100841.585334012,603.42979371159
92200.0,4564813.266209173,112980.91476715966,4564771.607647191,515.2921192100156,1520.2387336580894,515.1626460893923,-6.76717425471416,-0.18300686358319118,-6.767111213096733,18098.075222067706,0.0,0.19182687041996702,1.940615498026607,2100841.585334012,603.42979371159
92300.0,4564864.761585585,113132.93772537002,4564823.090076606,514.6154126533065,1520.220429331444,514.4859458370694,-6.766957020922039,-0.18307992553841407,-6.766893974794938,18098.075222067706,0.0,0.19182687041996702,1.940615498026607,2100841.585334012,603.42979371159
92400.0,4564916.189292426,113284.95885277985,4564874.504837081,513.9387277776748,1520.202117622035,513.8092672662814,-6.766740631824031,-0.18315451590373,-6.766677581054774,18098.075222067706,0.0,0.19182687041996702,1.940615498026607,2100841.585334012,603.42979371159
92500.0,4564967.549331861,113436.97814864326,4564925.851930779,513.2620644990524,1520.1837983779026,513.1326102929735,-6.766525079409264,-0.18323061709987892,-6.766462023866881,18098.075222067706,0.0,0.19182687041996702,1.940615498026607,2100841.585334012,603.42979371159
92600.0,4565018.841706043,113588.99561219926,4564977.131359857,512.5854227341672,1520.1654714488332,512.4559748338866,-6.7663103557706705,-0.1833082117629677,-6.766247295325687,18098.075222067706,0.0,0.19182687041996702,1.940615498026607,2100841.585334012,603.42979371159
92700.0,4565070.066417121,113741.01124267191,4565028.34312646,511.90880240053264,1520.1471366863395,511.779360806547,-6.766096453103565,-0.18338728274167237,-6.76603338762798,18098.075222067706,0.0,0.19182687041996702,1.940615498026607,2100841.585334012,603.42979371159
92800.0,4565121.2234672345,113893.02503927052,4565079.487232729,511.23220341643764,1520.128793943639,511.1027681292564,-6.765883363704267,-0.18346781309450214,-6.7658202930715365,18098.075222067706,0.0,0.19182687041996702,1.940615498026607,2100841.585334012,603.42979371159
92900.0,4565172.312858514,114045.03700118979,4565130.563680794,510.55562570093645,1520.1104430756327,510.4261967210815,-6.765671079968701,-0.18354978608707162,-6.765608004053719,18098.075222067706,0.0,0.19182687041996702,1.940615498026607,2100841.585334012,603.42979371159
93000.0,4565223.334593081,114197.04712761001,4565181.572472779,509.87906917383873,1520.0920839388848,509.7496465018446,-6.765459594391069,-0.1836331851894344,-6.765396513070151,18098.075222067706,0.0,0.19182687041996702,1.940615498026607,2100841.585334012,603.42979371159
93100.0,4565274.288673052,114349.05541769721,4565232.513610798,509.2025337557,1520.0737163916024,509.0731173921134,-6.765248899562486,-0.18371799407343342,-6.765185812713353,18098.075222067706,0.0,0.19182687041996702,1.940615498026607,2100841.585334012,603.42979371159
93200.0,4565325.175100533,114501.0618706033,4565283.387096958,508.52601936781184,1520.0553402936152,508.39660931319156,-6.765038988169685,-0.1838041966101034,-6.764975895671439,18098.075222067706,0.0,0.19182687041996702,1.940615498026607,2100841.585334012,603.42979371159
93300.0,4565375.993877624,114653.06648546628,4565334.192933359,507.8495259321923,1520.0369555063564,507.72012218710927,-6.7648298529937,-0.18389177686709762,-6.76476675472682,18098.075222067706,0.0,0.19182687041996702,1.940615498026607,2100841.585334012,603.42979371159
93400.0,4565426.745006416,114805.06926141036,4565384.931122092,507.1730533715768,1520.0185618928426,507.04365593661385,-6.764621486908583,-0.18398071910614733,-6.764558382754899,18098.075222067706,0.0,0.19182687041996702,1.940615498026607,2100841.585334012,603.42979371159
93500.0,4565477.428488992,114957.07019754613,4565435.60166524,506.4966016094088,1520.0001593176544,506.3672104851604,-6.764413882880171,-0.1840710077805761,-6.764350772722847,18098.075222067706,0.0,0.19182687041996702,1.940615498026607,2100841.585334012,603.42979371159
93600.0,4565528.044327429,115109.0692929707,4565486.20456488,505.82017056983045,1519.9817476469175,505.6907857569028,-6.764207033964804,-0.1841626275328189,-6.764143917688327,18098.075222067706,0.0,0.19182687041996702,1.940615498026607,2100841.585334012,603.42979371159
93700.0,4565578.592523795,115261.0665467679,4565536.73982308,505.143760177674,1519.9633267482843,505.0143816766847,-6.7640009333081235,-0.18425556319199737,-6.763937810798284,18098.075222067706,0.0,0.19182687041996702,1.940615498026607,2100841.585334012,603.42979371159
93800.0,4565629.07308015,115413.0619580084,4565587.207441901,504.4673703584525,1519.9448964909152,504.33799817003063,-6.7637955741438445,-0.184349799771515,-6.76373244528772,18098.075222067706,0.0,0.19182687041996702,1.940615498026607,2100841.585334012,603.42979371159
93900.0,4565679.4859985495,115565.05552574982,4565637.607423397,503.7910010383515,1519.9264567454597,503.66163516313725,-6.763590949792585,-0.1844453224666962,-6.7635278144785245,18098.075222067706,0.0,0.19182687041996702,1.940615498026607,2100841.585334012,603.42979371159
94000.0,4565729.831281039,115717.04724903696,4565687.9397696145,503.1146521442201,1519.9080073840391,502.98529258286476,-6.76338705366066,-0.1845421166524381,-6.763323911778274,18098.075222067706,0.0,0.19182687041996702,1.940615498026607,2100841.585334012,603.42979371159
94100.0,4565780.108929657,115869.03712690188,4565738.204482592,502.4383236035625,1519.8895482802282,502.3089703567283,-6.763183879238963,-0.18464016788092533,-6.7631207306791,18098.075222067706,0.0,0.19182687041996702,1.940615498026607,2100841.585334012,603.42979371159
94200.0,4565830.318946436,116021.0251583641,4565788.4015643615,501.7620153445296,1519.8710793090374,501.63266841288976,-6.76298142010178,-0.18473946187933854,-6.762918264756519,18098.075222067706,0.0,0.19182687041996702,1.940615498026607,2100841.585334012,603.42979371159
94300.0,4565880.4613334,116173.01134243066,4565838.531016948,501.08572729591083,1519.8526003468967,500.95638668014925,-6.762779669905697,-0.18483998454762327,-6.762716507668327,18098.075222067706,0.0,0.19182687041996702,1.940615498026607,2100841.585334012,603.42979371159
94400.0,4565930.536092566,116324.99567809637,4565888.592842368,500.4094593871259,1519.8341112716366,500.28012508793705,-6.762578622388467,-0.18494172195627026,-6.762515453153471,18098.075222067706,0.0,0.19182687041996702,1.940615498026607,2100841.585334012,603.42979371159
94500.0,4565980.543225946,116476.97816434386,4565938.587042634,499.7332115482167,1519.8156119624728,499.60388356630557,-6.762378271367931,-0.18504466034414377,-6.762315095030979,18098.075222067706,0.0,0.19182687041996702,1.940615498026607,2100841.585334012,603.42979371159
94600.0,4566030.482735543,116628.95880014375,4565988.513619749,499.0569837098393,1519.7971022999884,498.9276620459213,-6.762178610740921,-0.1851487861163156,-6.762115427198852,18098.075222067706,0.0,0.19182687041996702,1.940615498026607,2100841.585334012,603.42979371159
94700.0,4566080.354623352,116780.9375844548,4566038.372575709,498.3807758032563,1519.778582166118,498.251460458057,-6.761979634482221,-0.185254085841953,-6.761916443633025,18098.075222067706,0.0,0.19182687041996702,1.940615498026607,2100841.585334012,603.42979371159
94800.0,4566130.158891365,116932.91451622403,4566088.163912503,497.70458776032893,1519.7600514441308,497.5752787345841,-6.761781336643498,-0.18536054625221768,-6.761718138386306,18098.075222067706,0.0,0.19182687041996702,1.940615498026607,2100841.585334012,603.42979371159
94900.0,4566179.895541564,117084.88959438684,4566137.887632116,497.02841951350945,1519.7415100186151,496.8991168079649,-6.761583711352264,-0.18546815423819565,-6.761520505587337,18098.075222067706,0.0,0.19182687041996702,1.940615498026607,2100841.585334012,603.42979371159
95000.0,4566229.564575925,117236.86281786716,4566187.543736523,496.3522709958336,1519.7229577754624,496.22297461124504,-6.761386752810875,-0.18557689684886391,-6.761323539439582,18098.075222067706,0.0,0.19182687041996702,1.940615498026607,2100841.585334012,603.42979371159
95100.0,4566279.165996417,117388.83418557758,4566237.132227694,495.67614214091316,1519.7043946018512,495.54685207804613,-6.761190455295511,-0.18568676128907555,-6.761127234220323,18098.075222067706,0.0,0.19182687041996702,1.940615498026607,2100841.585334012,603.42979371159
95200.0,4566328.699805005,117540.80369641946,4566286.653107592,495.00003288292874,1519.6858203862319,494.87074914255845,-6.76099481315519,-0.18579773491757484,-6.760931584279664,18098.075222067706,0.0,0.19182687041996702,1.940615498026607,2100841.585334012,603.42979371159
95300.0,4566378.166003645,117692.77134928308,4566336.106378173,494.32394315662236,1519.6672350183112,494.1946657395336,-6.76079982081079,-0.18590980524503747,-6.760736584039555,18098.075222067706,0.0,0.19182687041996702,1.940615498026607,2100841.585334012,603.42979371159
95400.0,4566427.5645942865,117844.73714304775,4566385.4920413885,493.6478728972904,1519.6486383890376,493.5186018042775,-6.7606054727540865,-0.18602295993214255,-6.760542227992833,18098.075222067706,0.0,0.19182687041996702,1.940615498026607,2100841.585334012,603.42979371159
95500.0,4566476.895578872,117996.70107658191,4566434.810099181,492.97182204077666,1519.630030390586,492.84255727264326,-6.760411763546787,-0.1861371867876582,-6.760348510702255,18098.075222067706,0.0,0.19182687041996702,1.940615498026607,2100841.585334012,603.42979371159
95600.0,4566526.158959339,118148.66314874333,4566484.060553487,492.29579052346514,1519.6114109163427,492.16653208102423,-6.76021868781963,-0.18625247376657297,-6.76015542679959,18098.075222067706,0.0,0.19182687041996702,1.940615498026607,2100841.585334012,603.42979371159
95700.0,4566575.354737619,118300.62335837915,4566533.243406239,491.6197782822735,1519.592779860892,491.4905261663472,-6.760026240271425,-0.18636880896822827,-6.759962970984674,18098.075222067706,0.0,0.19182687041996702,1.940615498026607,2100841.585334012,603.42979371159
95800.0,4566624.482915636,118452.581704326,4566582.358659361,490.9437852546461,1519.5741371200004,490.8145394660656,-6.7598344156681485,-0.18648618063448993,-6.759771138024491,18098.075222067706,0.0,0.19182687041996702,1.940615498026607,2100841.585334012,603.42979371159
95900.0,4566673.543495309,118604.5381854102,4566631.406314771,490.2678113785474,1519.5554825906036,490.13857191815276,-6.759643208842065,-0.18660457714794898,-6.759579922752305,18098.075222067706,0.0,0.19182687041996702,1.940615498026607,2100841.585334012,603.42979371159
96000.0,4566722.536478548,118756.49280044778,4566680.38637438,489.59185659245526,1519.536816170792,489.46262346109563,-6.759452614690833,-0.18672398703013476,-6.75938932006676,18098.075222067706,0.0,0.19182687041996702,1.940615498026607,2100841.585334012,603.42979371159
96100.0,4566771.461867262,118908.44554824465,4566729.298840097,488.9159208353547,1519.518137759797,488.78669403388784,-6.7592626281766055,-0.18684439893974797,-6.759199324930986,18098.075222067706,0.0,0.19182687041996702,1.940615498026607,2100841.585334012,603.42979371159
96200.0,4566820.319663348,119060.3964275967,4566778.14371382,488.24000404673126,1519.499447257977,488.1107835760236,-6.759073244325224,-0.18696580167094587,-6.759009932371783,18098.075222067706,0.0,0.19182687041996702,1.940615498026607,2100841.585334012,603.42979371159
96300.0,4566869.109868701,119212.34543728993,4566826.920997443,487.56410616656467,1519.4807445668046,487.43489202749134,-6.758884458225306,-0.1870881841516059,-6.758821137478725,18098.075222067706,0.0,0.19182687041996702,1.940615498026607,2100841.585334012,603.42979371159
96400.0,4566917.832485209,119364.2925761005,4566875.630692854,486.88822713532284,1519.462029588853,486.75901932876735,-6.758696265027454,-0.18721153544165242,-6.758632935403346,18098.075222067706,0.0,0.19182687041996702,1.940615498026607,2100841.585334012,603.42979371159
96500.0,4566966.487514755,119516.23784279493,4566924.272801935,486.21236689395545,1519.443302227783,486.08316542080973,-6.758508659943417,-0.1873358447313892,-6.75844532135833,18098.075222067706,0.0,0.19182687041996702,1.940615498026607,2100841.585334012,603.42979371159
96600.0,4567015.074959213,119668.18123613011,4566972.847326562,485.53652538388803,1519.4245623883296,485.4073302450523,-6.758321638245271,-0.18746110133984792,-6.758258290616671,18098.075222067706,0.0,0.19182687041996702,1.940615498026607,2100841.585334012,603.42979371159
96700.0,4567063.594820454,119820.12275485351,4567021.354268606,484.8607025470159,1519.4058099762897,484.73151374339864,-6.7581351952646225,-0.1875872947131701,-6.758071838510878,18098.075222067706,0.0,0.19182687041996702,1.940615498026607,2100841.585334012,603.42979371159
96800.0,4567112.047100343,119972.06239770318,4567069.793629931,484.1848983256982,1519.3870448985092,484.055715858216,-6.757949326391809,-0.18771441442300246,-6.757885960432187,18098.075222067706,0.0,0.19182687041996702,1.940615498026607,2100841.585334012,603.42979371159
96900.0,4567160.431800738,120124.00016340794,4567118.165412396,483.50911266275233,1519.3682670628707,483.37993653232974,-6.757764027075128,-0.1878424501649219,-6.75770065182978,18098.075222067706,0.0,0.19182687041996702,1.940615498026607,2100841.585334012,603.42979371159
97000.0,4567208.748923493,120275.93605068745,4567166.469617854,482.8333455014478,1519.3494763782812,482.70417570901736,-6.757579292820066,-0.18797139175687155,-6.757515908210019,18098.075222067706,0.0,0.19182687041996702,1.940615498026607,2100841.585334012,603.42979371159
97100.0,4567256.998470454,120427.8700582523,4567214.706248152,482.1575967855009,1519.3306727546599,482.0284333320029,-6.757395119188535,-0.18810122913762503,-6.757331725135677,18098.075222067706,0.0,0.19182687041996702,1.940615498026607,2100841.585334012,603.42979371159
97200.0,4567305.180443463,120579.80218480411,4567262.875305133,481.4818664590688,1519.3118561029257,481.35270934545144,-6.757211501798131,-0.18823195236526935,-6.757148098225206,18098.075222067706,0.0,0.19182687041996702,1.940615498026607,2100841.585334012,603.42979371159
97300.0,4567353.294844356,120731.73242903568,4567310.976790632,480.8061544667442,1519.2930263349863,480.67700369396334,-6.757028436321378,-0.18836355161570162,-6.7569650231519764,18098.075222067706,0.0,0.19182687041996702,1.940615498026607,2100841.585334012,603.42979371159
97400.0,4567401.341674965,120883.660789631,4567359.010706481,480.13046075354987,1519.2741833637256,480.0013163225689,-6.756845918485034,-0.1884960171811589,-6.756782495643576,18098.075222067706,0.0,0.19182687041996702,1.940615498026607,2100841.585334012,603.42979371159
97500.0,4567449.320937114,121035.58726526544,4567406.977054504,479.4547852649332,1519.2553271029929,479.3256471767231,-6.756663944069335,-0.18862933946875163,-6.756600511481066,18098.075222067706,0.0,0.19182687041996702,1.940615498026607,2100841.585334012,603.42979371159
97600.0,4567497.232632623,121187.51185460578,4567454.875836521,478.7791279467609,1519.2364574675905,478.6499962023001,-6.756482508907324,-0.1887635089990324,-6.756419066498304,18098.075222067706,0.0,0.19182687041996702,1.940615498026607,2100841.585334012,603.42979371159
97700.0,4567545.076763307,121339.43455631033,4567502.707054348,478.1034887453138,1519.217574373264,477.97436334558796,-6.7563016088841215,-0.1888985164045678,-6.756238156581213,18098.075222067706,0.0,0.19182687041996702,1.940615498026607,2100841.585334012,603.42979371159
97800.0,4567592.8533309745,121491.35536902903,4567550.470709792,477.42786760728166,1519.1986777366892,477.29874855328376,-6.756121239936253,-0.18903435242854022,-6.756057777667114,18098.075222067706,0.0,0.19182687041996702,1.940615498026607,2100841.585334012,603.42979371159
97900.0,4567640.562337429,121643.27429140352,4567598.166804659,476.7522644797579,1519.1797674754628,476.6231517724882,-6.755941398050974,-0.18917100792336825,-6.755877925744051,18098.075222067706,0.0,0.19182687041996702,1.940615498026607,2100841.585334012,603.42979371159
98000.0,4567688.2037844695,121795.19132206726,4567645.795340746,476.07667931023485,1519.1608435080902,475.9475729507007,-6.7557620792655895,-0.18930847384933494,-6.755698596850102,18098.075222067706,0.0,0.19182687041996702,1.940615498026607,2100841.585334012,603.42979371159
98100.0,4567735.777673888,121947.10645964558,4567693.356319846,475.4011120465986,1519.1419057539763,475.2720120358144,-6.755583279666809,-0.18944674127324887,-6.755519787072745,18098.075222067706,0.0,0.19182687041996702,1.940615498026607,2100841.585334012,603.42979371159
98200.0,4567783.284007474,122099.01970275583,4567740.849743748,474.72556263712414,1519.1229541334133,474.5964689761111,-6.755404995390067,-0.18958580136710196,-6.75534149254817,18098.075222067706,0.0,0.19182687041996702,1.940615498026607,2100841.585334012,603.42979371159
98300.0,4567830.722787009,122250.93105000742,4567788.275614235,474.05003103047045,1519.1039885675714,473.92094372025684,-6.755227222618918,-0.18972564540677586,-6.755163709460686,18098.075222067706,0.0,0.19182687041996702,1.940615498026607,2100841.585334012,603.42979371159
98400.0,4567878.094014271,122402.84050000191,4567835.633933084,473.37451717567586,1519.0850089784878,473.2454362172967,-6.755049957584376,-0.18986626477073099,-6.754986434042044,18098.075222067706,0.0,0.19182687041996702,1.940615498026607,2100841.585334012,603.42979371159
98500.0,4567925.397691034,122554.74805133311,4567882.924702069,472.69902102215315,1519.066015289057,472.5699464166502,-6.7548731965643105,-0.1900076509387401,-6.754809662570844,18098.075222067706,0.0,0.19182687041996702,1.940615498026607,2100841.585334012,603.42979371159
98600.0,4567972.633819064,122706.65370258717,4567930.147922956,472.02354251968507,1519.0470074230207,471.8944742681068,-6.754696935882807,-0.19014979549061953,-6.754633391371894,18098.075222067706,0.0,0.19182687041996702,1.940615498026607,2100841.585334012,603.42979371159
98700.0,4568019.802400124,122858.55745234265,4567977.30359751,471.34808161841966,1519.027985304957,471.21901972182116,-6.754521171909573,-0.1902926901049904,-6.75445761681562,18098.075222067706,0.0,0.19182687041996702,1.940615498026607,2100841.585334012,603.42979371159
98800.0,4568066.9034359725,123010.4592991706,4568024.391727487,470.67263826886574,1519.0089488602719,470.5435827283085,-6.754345901059355,-0.19043632655805237,-6.75428233531747,18098.075222067706,0.0,0.19182687041996702,1.940615498026607,2100841.585334012,603.42979371159
98900.0,4568113.936928362,123162.35924163468,4568071.412314639,469.99721242188843,1518.9898980151884,469.86816323844045,-6.754171119791313,-0.19058069672236236,-6.754107543337306,18098.075222067706,0.0,0.19182687041996702,1.940615498026607,2100841.585334012,603.42979371159
99000.0,4568160.902879039,123314.25727829119,4568118.365360716,469.3218040287047,1518.9708326967382,469.19276120344034,-6.753996824608469,-0.19072579256565023,-6.753933237378834,18098.075222067706,0.0,0.19182687041996702,1.940615498026607,2100841.585334012,603.42979371159
99100.0,4568207.8012897475,123466.15340768917,4568165.250867461,468.6464130408791,1518.9517528327508,468.51737657487905,-6.75382301205711,-0.19087160614962861,-6.753759413989027,18098.075222067706,0.0,0.19182687041996702,1.940615498026607,2100841.585334012,603.42979371159
99200.0,4568254.632162225,123618.0476283705,4568212.068836611,467.97103941031935,1518.9326583518452,467.8420093046706,-6.753649678726238,-0.1910181296288364,-6.75358606975756,18098.075222067706,0.0,0.19182687041996702,1.940615498026607,2100841.585334012,603.42979371159
99300.0,4568301.395498206,123769.93993886995,4568258.819269899,467.2956830892722,1518.9135491834204,467.16665934506796,-6.7534768212470055,-0.1911653552494828,-6.753413201316249,18098.075222067706,0.0,0.19182687041996702,1.940615498026607,2100841.585334012,603.42979371159
99400.0,4568348.091299418,123921.83033771528,4568305.502169055,466.6203440303192,1518.8944252576462,466.4913266486587,-6.753304436292161,-0.1913132753483169,-6.753240805338502,18098.075222067706,0.0,0.19182687041996702,1.940615498026607,2100841.585334012,603.42979371159
99500.0,4568394.719567586,124073.71882342728,4568352.117535803,465.9450221863725,1518.8752865054541,465.81601116836106,-6.753132520575497,-0.19146188235150194,-6.7530688785387625,18098.075222067706,0.0,0.19182687041996702,1.940615498026607,2100841.585334012,603.42979371159
99600.0,4568441.280304427,124225.60539451988,4568398.665371861,465.269717510671,1518.8561328585288,465.1407128574199,-6.752961070851343,-0.19161116877351897,-6.752897417671998,18098.075222067706,0.0,0.19182687041996702,1.940615498026607,2100841.585334012,603.42979371159
99700.0,4568487.773511658,124377.49004950024,4568445.145678945,464.594429956776,1518.836964249299,464.46543166940245,-6.7527900839140065,-0.1917611272160691,-6.752726419533158,18098.075222067706,0.0,0.19182687041996702,1.940615498026607,2100841.585334012,603.42979371159
99800.0,4568534.199190988,124529.37278686877,4568491.558458764,463.91915947856756,1518.8177806109288,463.7901675581946,-6.75261955659726,-0.1919117503669973,-6.752555880956635,18098.075222067706,0.0,0.19182687041996702,1.940615498026607,2100841.585334012,603.42979371159
99900.0,4568580.557344122,124681.25360511924,4568537.903713024,463.24390603024017,1518.7985818773095,463.1149204779967,-6.752449485773842,-0.1920630309992369,-6.752385798815794,18098.075222067706,0.0,0.19182687041996702,1.940615498026607,2100841.585334012,603.42979371159
100000.0,4568626.84797276,124833.13250273887,4568584.181443426,462.5686695662993,1518.779367983051,462.4396903833199,-6.7522798683549174,-0.19221496196974724,-6.752216170022411,18098.075222067706,0.0,0.19182687041996702,1.940615498026607,2100841.585334012,603.42979371159
100100.0,4568673.071078599,124985.00947820833,4568630.391651666,461.8934500415574,1518.7601388634732,461.76447722898234,-6.752110701289617,-0.19236753621849415,-6.752046991526222,18098.075222067706,0.0,0.19182687041996702,1.940615498026607,2100841.585334012,603.42979371159
100200.0,4568719.2266633315,125136.88453000192,4568676.534339435,461.21824741113005,1518.7408944545975,461.0892809701052,-6.751941981564507,-0.1925207467674163,-6.751878260314392,18098.075222067706,0.0,0.19182687041996702,1.940615498026607,2100841.585334012,603.42979371159
100300.0,4568765.314728644,125288.7576565875,4568722.609508422,460.5430616304324,1518.7216346931398,460.41410156210924,-6.751773706203125,-0.1926745867194231,-6.751709973411053,18098.075222067706,0.0,0.19182687041996702,1.940615498026607,2100841.585334012,603.42979371159
100400.0,4568811.335276218,125440.6288564267,4568768.617160308,459.86789265517535,1518.702359516501,459.73893896071075,-6.7516058722654915,-0.1928290492573969,-6.751542127876806,18098.075222067706,0.0,0.19182687041996702,1.940615498026607,2100841.585334012,603.42979371159
100500.0,4568857.288307734,125592.49812797489,4568814.5572967725,459.19274044136205,1518.6830688627601,459.06379312191837,-6.7514384768476345,-0.1929841276432095,-6.751374720808258,18098.075222067706,0.0,0.19182687041996702,1.940615498026607,2100841.585334012,603.42979371159
100600.0,4568903.173824864,125744.3654696813,4568860.42991949,458.5176049452842,1518.663762670666,458.3886640020292,-6.751271517081127,-0.1931398152167569,-6.751207749337557,18098.075222067706,0.0,0.19182687041996702,1.940615498026607,2100841.585334012,603.42979371159
100700.0,4568948.991829279,125896.23087998906,4568906.235030129,457.8424861235186,1518.6444408796299,457.7135515576254,-6.751104990132623,-0.19329610539499692,-6.7510412106319215,18098.075222067706,0.0,0.19182687041996702,1.940615498026607,2100841.585334012,603.42979371159
100800.0,4568994.742322643,126048.09435733527,4568951.9726303555,457.1673839329237,1518.6251034297172,457.0384557455706,-6.7509388932034025,-0.19345299167100707,-6.750875101893187,18098.075222067706,0.0,0.19182687041996702,1.940615498026607,2100841.585334012,603.42979371159
100900.0,4569040.425306618,126199.95590015106,4568997.642721831,456.4922983306361,1518.6057502616402,456.3633765230067,-6.7507732235289275,-0.1936104676130529,-6.750709420357371,18098.075222067706,0.0,0.19182687041996702,1.940615498026607,2100841.585334012,603.42979371159
101000.0,4569086.0407828605,126351.8155068617,4569043.2453062115,455.8172292740672,1518.586381316751,455.6883138473501,-6.750607978378386,-0.19376852686366305,-6.750544163294204,18098.075222067706,0.0,0.19182687041996702,1.940615498026607,2100841.585334012,603.42979371159
101100.0,4569131.588753023,126503.6731758866,4569088.780385151,455.1421767208996,1518.5669965370334,455.0132676762887,-6.750443155054277,-0.19392716313872696,-6.750379328006726,18098.075222067706,0.0,0.19182687041996702,1.940615498026607,2100841.585334012,603.42979371159
101200.0,4569177.069218754,126655.52890563937,4569134.2479602955,454.46714062908427,1518.5475958650964,454.3382379677784,-6.750278750891963,-0.19408637022659342,-6.750214911830829,18098.075222067706,0.0,0.19182687041996702,1.940615498026607,2100841.585334012,603.42979371159
101300.0,4569222.482181696,126807.38269452797,4569179.648033291,453.7921209568369,1518.5281792441658,453.6632246800399,-6.75011476325925,-0.19424614198718715,-6.750050912134852,18098.075222067706,0.0,0.19182687041996702,1.940615498026607,2100841.585334012,603.42979371159
101400.0,4569267.827643491,126959.2345409547,4569224.980605777,453.1171176626348,1518.508746618079,452.98822777155544,-6.749951189555966,-0.19440647235113154,-6.749887326319137,18098.075222067706,0.0,0.19182687041996702,1.940615498026607,2100841.585334012,603.42979371159
101500.0,4569313.105605774,127111.08444331624,4569270.24567939,452.44213070521374,1518.4892979312756,452.3132472010657,-6.74978802721356,-0.19456735531889344,-6.749724151815652,18098.075222067706,0.0,0.19182687041996702,1.940615498026607,2100841.585334012,603.42979371159
101600.0,4569358.316070176,127262.93240000377,4569315.443255761,451.76716004356473,1518.4698331287927,451.6382829275665,-6.749625273694668,-0.19472878495992088,-6.749561386087542,18098.075222067706,0.0,0.19182687041996702,1.940615498026607,2100841.585334012,603.42979371159
101700.0,4569403.459038325,127414.778409403,4569360.573336517,451.09220563693094,1518.4503521562567,450.9633349103059,-6.7494629264927495,-0.1948907554118142,-6.749399026628768,18098.075222067706,0.0,0.19182687041996702,1.940615498026607,2100841.585334012,603.42979371159
101800.0,4569448.534511844,127566.62246989424,4569405.635923283,450.41726744480485,1518.4308549598766,450.288403108781,-6.749300983131655,-0.1950532608794878,-6.74923707096368,18098.075222067706,0.0,0.19182687041996702,1.940615498026607,2100841.585334012,603.42979371159
101900.0,4569493.542492352,127718.46457985241,4569450.631017678,449.7423454269248,1518.411341486438,449.6134874827349,-6.749139441165252,-0.1952162956343537,-6.749075516646633,18098.075222067706,0.0,0.19182687041996702,1.940615498026607,2100841.585334012,603.42979371159
102000.0,4569538.482981467,127870.3047376472,4569495.558621318,449.06743954327254,1518.3918116832958,448.93858799215394,-6.748978298177035,-0.19537985401351288,-6.748914361261609,18098.075222067706,0.0,0.19182687041996702,1.940615498026607,2100841.585334012,603.42979371159
102100.0,4569583.355980798,128022.142941643,4569540.418735813,448.39254975406976,1518.3722654983678,448.26370459726445,-6.748817551779746,-0.19554393041895793,-6.74875360242183,18098.075222067706,0.0,0.19182687041996702,1.940615498026607,2100841.585334012,603.42979371159
102200.0,4569628.161491953,128173.97919019908,4569585.211362773,447.7176760197755,1518.3527028801288,447.58883725853,-6.748657199614999,-0.1957085193167835,-6.748593237769385,18098.075222067706,0.0,0.19182687041996702,1.940615498026607,2100841.585334012,603.42979371159
102300.0,4569672.899516536,128325.81348166955,4569629.936503799,447.04281830108334,1518.3331237776038,446.91398593664866,-6.7484972393529015,-0.19587361523640898,-6.748433264974852,18098.075222067706,0.0,0.19182687041996702,1.940615498026607,2100841.585334012,603.42979371159
102400.0,4569717.570056146,128477.64581440346,4569674.5941604925,446.36797655891826,1518.313528140361,446.23915059254983,-6.748337668691701,-0.19603921276981026,-6.748273681736942,18098.075222067706,0.0,0.19182687041996702,1.940615498026607,2100841.585334012,603.42979371159
102500.0,4569762.173112379,128629.47618674481,4569719.184334449,445.6931507544341,1518.2939159185075,445.5643311873918,-6.748178485357422,-0.1962053065707643,-6.748114485782136,18098.075222067706,0.0,0.19182687041996702,1.940615498026607,2100841.585334012,603.42979371159
102600.0,4569806.708686828,128781.3045970327,4569763.707027259,445.01834084901077,1518.274287062681,444.8895276825588,-6.7480196871035005,-0.19637189135409638,-6.747955674864324,18098.075222067706,0.0,0.19182687041996702,1.940615498026607,2100841.585334012,603.42979371159
102700.0,4569851.176781078,128933.13104360126,4569808.162240514,444.3435468042514,1518.254641524045,444.21474003965835,-6.747861271710447,-0.1965389618949451,-6.747797246764466,18098.075222067706,0.0,0.19182687041996702,1.940615498026607,2100841.585334012,603.42979371159
102800.0,4569895.577396715,129084.9555247798,4569852.549975795,443.66876858197975,1518.2349792542823,443.53996822051846,-6.747703236985475,-0.19670651302802827,-6.74763919929022,18098.075222067706,0.0,0.19182687041996702,1.940615498026607,2100841.585334012,603.42979371159
102900.0,4569939.91053532,129236.77803889281,4569896.870234684,442.9940061442376,1518.2153002055898,442.865212187185,-6.747545580762196,-0.19687453964692844,-6.747481530275634,18098.075222067706,0.0,0.19182687041996702,1.940615498026607,2100841.585334012,603.42979371159
103000.0,4569984.176198469,129388.59858426003,4569941.123018757,442.319259453282,1518.1956043306716,442.19047190191935,-6.747388300900253,-0.19704303670337872,-6.747324237580782,18098.075222067706,0.0,0.19182687041996702,1.940615498026607,2100841.585334012,603.42979371159
103100.0,4570028.374387734,129540.41715919651,4569985.308329588,441.6445284715827,1518.1758915827343,441.51574732719536,-6.7472313952850005,-0.1972119992065619,-6.747167319091447,18098.075222067706,0.0,0.19182687041996702,1.940615498026607,2100841.585334012,603.42979371159
103200.0,4570072.505104685,129692.2337620126,4570029.426168745,440.9698131618198,1518.15616191548,440.8410384256972,-6.74707486182717,-0.197381422222416,-6.7470107727187845,18098.075222067706,0.0,0.19182687041996702,1.940615498026607,2100841.585334012,603.42979371159
103300.0,4570116.568350888,129844.0483910141,4570073.476537795,440.2951134868809,1518.136415283102,440.16634516031655,-6.74691869846255,-0.19755130087295183,-6.746854596399002,18098.075222067706,0.0,0.19182687041996702,1.940615498026607,2100841.585334012,603.42979371159
103400.0,4570160.5641279025,129995.86104450222,4570117.459438298,439.62042940985884,1518.1166516402784,439.4916674941503,-6.7467629031516685,-0.19772163033557888,-6.746698788093042,18098.075222067706,0.0,0.19182687041996702,1.940615498026607,2100841.585334012,603.42979371159
103500.0,4570204.492437288,130147.67172077365,4570161.374871813,438.9457608940493,1518.0968709421668,438.817005390498,-6.746607473879473,-0.1978924058424345,-6.746543345786259,18098.075222067706,0.0,0.19182687041996702,1.940615498026607,2100841.585334012,603.42979371159
103600.0,4570248.353280599,130299.48041812066,4570205.222839894,438.271107902948,1518.077073144399,438.14235881285947,-6.7464524086550295,-0.19806362267973124,-6.746388267488123,18098.075222067706,0.0,0.19182687041996702,1.940615498026607,2100841.585334012,603.42979371159
103700.0,4570292.146659385,130451.28713483107,4570249.003344092,437.5964704002489,1518.0572582030754,437.46772772493233,-6.746297705511192,-0.198235276187099,-6.746233551231888,18098.075222067706,0.0,0.19182687041996702,1.940615498026607,2100841.585334012,603.42979371159
103800.0,4570335.872575195,130603.09186918837,4570292.716385954,436.92184834984124,1518.0374260747597,436.7931120906098,-6.746143362504335,-0.19840736175695278,-6.746079195074324,18098.075222067706,0.0,0.19182687041996702,1.940615498026607,2100841.585334012,603.42979371159
103900.0,4570379.53102957,130754.8946194717,4570336.361967024,436.24724171580755,1518.0175767164737,436.11851187397815,-6.745989377714019,-0.19857987483385123,-6.745925197095382,18098.075222067706,0.0,0.19182687041996702,1.940615498026607,2100841.585334012,603.42979371159
104000.0,4570423.122024051,130906.69538395591,4570379.940088842,435.57265046242117,1517.9977100856927,435.44392703931464,-6.7458357492427234,-0.1987528109138762,-6.745771555397928,18098.075222067706,0.0,0.19182687041996702,1.940615498026607,2100841.585334012,603.42979371159
104100.0,4570466.645560174,131058.49416091168,4570423.450752944,434.8980745541442,1517.9778261403392,434.769357551085,-6.74568247521554,-0.1989261655440123,-6.745618268107435,18098.075222067706,0.0,0.19182687041996702,1.940615498026607,2100841.585334012,603.42979371159
104200.0,4570510.101639472,131210.29094860546,4570466.893960862,434.22351395562504,1517.9579248387788,434.0948033739414,-6.745529553779886,-0.19909993432153716,-6.745465333371698,18098.075222067706,0.0,0.19182687041996702,1.940615498026607,2100841.585334012,603.42979371159
104300.0,4570553.490263474,131362.08574529953,4570510.269714127,433.5489686316962,1517.9380061398151,433.4202644727199,-6.745376983105243,-0.1992741128934237,-6.745312749360573,18098.075222067706,0.0,0.19182687041996702,1.940615498026607,2100841.585334012,603.42979371159
104400.0,4570596.811433706,131513.87854925214,4570553.578014265,432.8744385473722,1517.9180700026839,432.7457408124387,-6.745224761382838,-0.199448696955738,-6.745160514265654,18098.075222067706,0.0,0.19182687041996702,1.940615498026607,2100841.585334012,603.42979371159
104500.0,4570640.0651516905,131665.66935871745,4570596.818862797,432.1999236678475,1517.8981163870494,432.0712323582958,-6.7450728868254055,-0.1996236822530597,-6.745008626300042,18098.075222067706,0.0,0.19182687041996702,1.940615498026607,2100841.585334012,603.42979371159
104600.0,4570683.251418945,131817.45817194562,4570639.992261242,431.5254239584939,1517.878145252999,431.39673907566663,-6.744921357666898,-0.19979906457789845,-6.744857083698047,18098.075222067706,0.0,0.19182687041996702,1.940615498026607,2100841.585334012,603.42979371159
104700.0,4570726.370236986,131969.2449871828,4570683.098211116,430.850939384859,1517.8581565610384,430.72226093010227,-6.744770172162215,-0.19997483977012356,-6.744705884714933,18098.075222067706,0.0,0.19182687041996702,1.940615498026607,2100841.585334012,603.42979371159
104800.0,4570769.421607326,132121.02980267128,4570726.136713931,430.1764699126638,1517.8381502720868,430.0477978873272,-6.744619328586944,-0.20015100371639566,-6.744555027626631,18098.075222067706,0.0,0.19182687041996702,1.940615498026607,2100841.585334012,603.42979371159
104900.0,4570812.405531472,132272.81261664937,4570769.1077711955,429.50201550780076,1517.8181263474723,429.3733499132373,-6.7444688252371074,-0.20032755234961527,-6.744404510729515,18098.075222067706,0.0,0.19182687041996702,1.940615498026607,2100841.585334012,603.42979371159
105000.0,4570855.322010929,132424.59342735165,4570812.0113844145,428.8275761363317,1517.798084748928,428.6989169738977,-6.744318660428885,-0.2005044816483655,-6.7442543323401125,18098.075222067706,0.0,0.19182687041996702,1.940615498026607,2100841.585334012,603.42979371159
105100.0,4570898.171047199,132576.3722330088,4570854.84755509,428.15315176448576,1517.7780254385864,428.0244990355411,-6.744168832498372,-0.20068178763637054,-6.744104490794856,18098.075222067706,0.0,0.19182687041996702,1.940615498026607,2100841.585334012,603.42979371159
105200.0,4570940.9526417805,132728.14903184774,4570897.616284721,427.4787423586576,1517.7579483789755,427.35009606456543,-6.744019339801334,-0.20085946638196095,-6.743954984449851,18098.075222067706,0.0,0.19182687041996702,1.940615498026607,2100841.585334012,603.42979371159
105300.0,4570983.666796168,132879.92382209172,4570940.317574801,426.80434788540526,1517.7378535330142,426.675708027532,-6.74387018071295,-0.2010375139975398,-6.743805811680608,18098.075222067706,0.0,0.19182687041996702,1.940615498026607,2100841.585334012,603.42979371159
105400.0,4571026.313511854,133031.69660196026,4570982.951426823,426.1299683114483,1517.7177408640084,426.00133489116365,-6.743721353627553,-0.20121592663905927,-6.743656970881791,18098.075222067706,0.0,0.19182687041996702,1.940615498026607,2100841.585334012,603.42979371159
105500.0,4571068.892790326,133183.4673696692,4571025.517842274,425.4556036036659,1517.6976103356458,425.32697662234284,-6.743572856958435,-0.20139470050550867,-6.743508460467017,18098.075222067706,0.0,0.19182687041996702,1.940615498026607,2100841.585334012,603.42979371159
105600.0,4571111.404633069,133335.23612343086,4571068.016822641,424.781253729095,1517.677461911992,424.6526331881097,-6.74342468913756,-0.20157383183839625,-6.743360278868568,18098.075222067706,0.0,0.19182687041996702,1.940615498026607,2100841.585334012,603.42979371159
105700.0,4571153.849041565,133487.00286145392,4571110.448369404,424.10691865492845,1517.6572955574866,423.9783045556602,-6.743276848615346,-0.20175331692124954,-6.74321242453719,18098.075222067706,0.0,0.19182687041996702,1.940615498026607,2100841.585334012,603.42979371159
105800.0,4571196.226017293,133638.7675819435,4571152.812484044,423.43259834851307,1517.6371112369386,423.30399069234437,-6.743129333860457,-0.20193315207911927,-6.743064895941853,18098.075222067706,0.0,0.19182687041996702,1.940615498026607,2100841.585334012,603.42979371159
105900.0,4571238.535561726,133790.53028310128,4571195.109168034,422.75829277734795,1517.6169089155228,422.6296915656644,-6.742982143359527,-0.20211333367808154,-6.742917691569508,18098.075222067706,0.0,0.19182687041996702,1.940615498026607,2100841.585334012,603.42979371159
106000.0,4571280.777676338,133942.29096312544,4571237.338422847,422.0840019090826,1517.5966885587748,421.9554071432729,-6.742835275616982,-0.2022938581247589,-6.742770809924887,18098.075222067706,0.0,0.19182687041996702,1.940615498026607,2100841.585334012,603.42979371159
106100.0,4571322.952362597,134094.04962021075,4571279.500249952,421.40972571151525,1517.576450132588,421.2811373929711,-6.742688729154782,-0.20247472186583673,-6.742624249530254,18098.075222067706,0.0,0.19182687041996702,1.940615498026607,2100841.585334012,603.42979371159
106200.0,4571365.059621968,134245.80625254853,4571321.594650814,420.735464152591,1517.5561936032088,420.6068822827072,-6.7425425025122285,-0.20265592138759217,-6.7424780089252145,18098.075222067706,0.0,0.19182687041996702,1.940615498026607,2100841.585334012,603.42979371159
106300.0,4571407.099455914,134397.56085832682,4571363.621626896,420.0612172004003,1517.5359189372334,419.93264178057456,-6.742396594245724,-0.2028374532154253,-6.742332086666464,18098.075222067706,0.0,0.19182687041996702,1.940615498026607,2100841.585334012,603.42979371159
106400.0,4571449.071865894,134549.31343573032,4571405.581179656,419.38698482317693,1517.5156261016034,419.2584158548099,-6.742251002928577,-0.20301931391339864,-6.742186481327608,18098.075222067706,0.0,0.19182687041996702,1.940615498026607,2100841.585334012,603.42979371159
106500.0,4571490.976853363,134701.0639829404,4571447.473310552,418.71276698929665,1517.4953150636018,418.584204473792,-6.742105727150768,-0.20320150008377824,-6.742041191498919,18098.075222067706,0.0,0.19182687041996702,1.940615498026607,2100841.585334012,603.42979371159
106600.0,4571532.814419775,134852.8124981352,4571489.298021034,418.0385636672753,1517.4749857908496,417.9100076060396,-6.741960765518775,-0.20338400836658926,-6.741896215787163,18098.075222067706,0.0,0.19182687041996702,1.940615498026607,2100841.585334012,603.42979371159
106700.0,4571574.584566579,135004.55897948967,4571531.055312555,417.3643748257673,1517.4546382513022,417.2358252202099,-6.7418161166553325,-0.20356683543916504,-6.741751552815359,18098.075222067706,0.0,0.19182687041996702,1.940615498026607,2100841.585334012,603.42979371159
106800.0,4571616.287295222,135156.30342517552,4571572.74518656,416.690200433564,1517.434272413245,416.5616572850972,-6.741671779199251,-0.2037499780157122,-6.741607201222595,18098.075222067706,0.0,0.19182687041996702,1.940615498026607,2100841.585334012,603.42979371159
106900.0,4571657.922607147,135308.04583336134,4571614.367644493,416.01604045959203,1517.4138882452905,415.88750376963094,-6.741527751805215,-0.2039334328468769,-6.741463159663839,18098.075222067706,0.0,0.19182687041996702,1.940615498026607,2100841.585334012,603.42979371159
107000.0,4571699.490503794,135459.78620221256,4571655.922687793,415.34189487291184,1517.3934857163742,415.2133646428743,-6.741384033143573,-0.20411719671931444,-6.741319426809716,18098.075222067706,0.0,0.19182687041996702,1.940615498026607,2100841.585334012,603.42979371159
107100.0,4571740.9909866,135611.52452989155,4571697.4103179,414.667763642716,1517.3730647957511,414.53923987402266,-6.741240621900144,-0.20430126645526595,-6.741176001346314,18098.075222067706,0.0,0.19182687041996702,1.940615498026607,2100841.585334012,603.42979371159
107200.0,4571782.424056999,135763.26081455764,4571738.830536245,413.9936467383278,1517.3526254529925,413.865129432402,-6.7410975167760485,-0.2044856389121458,-6.7410328819750225,18098.075222067706,0.0,0.19182687041996702,1.940615498026607,2100841.585334012,603.42979371159
107300.0,4571823.7897164235,135914.9950543671,4571780.183344263,413.31954412919964,1517.3321676579817,413.1910332874674,-6.7409547164874795,-0.20467031098212224,-6.740890067412302,18098.075222067706,0.0,0.19182687041996702,1.940615498026607,2100841.585334012,603.42979371159
107400.0,4571865.087966301,136066.72724747317,4571821.468743378,412.64545578491146,1517.3116913809115,412.51695140880156,-6.740812219765557,-0.20485527959171698,-6.740747556389536,18098.075222067706,0.0,0.19182687041996702,1.940615498026607,2100841.585334012,603.42979371159
107500.0,4571906.3188080555,136218.4573920262,4571862.686735018,411.9713816751695,1517.2911965922801,411.8428837661133,-6.740670025356114,-0.2050405417013978,-6.7406053476528145,18098.075222067706,0.0,0.19182687041996702,1.940615498026607,2100841.585334012,603.42979371159
107600.0,4571947.4822431095,136370.18548617358,4571903.837320604,411.2973217698045,1517.270683262888,411.16883032923613,-6.740528132019507,-0.20522609430518124,-6.740463439962759,18098.075222067706,0.0,0.19182687041996702,1.940615498026607,2100841.585334012,603.42979371159
107700.0,4571988.578272882,136521.91152805978,4571944.920501556,410.62327603877065,1517.250151363835,410.49479106812674,-6.740386538530478,-0.2054119344302462,-6.7403218320943585,18098.075222067706,0.0,0.19182687041996702,1.940615498026607,2100841.585334012,603.42979371159
107800.0,4572029.606898788,136673.6355158264,4571985.936279289,409.9492444521439,1517.229600866516,409.8207659528636,-6.740245243677922,-0.20559805913653853,-6.740180522836767,18098.075222067706,0.0,0.19182687041996702,1.940615498026607,2100841.585334012,603.42979371159
107900.0,4572070.568122243,136825.3574476122,4572026.884655218,409.27522698012046,1517.2090317426187,409.1467549536456,-6.740104246264761,-0.20578446551639357,-6.7400395109931495,18098.075222067706,0.0,0.19182687041996702,1.940615498026607,2100841.585334012,603.42979371159
108000.0,4572111.461944654,136977.0773215531,4572067.76563075,408.60122359301573,1517.1884439641196,408.4727580407906,-6.7399635451077335,-0.20597115069415697,-6.739898795380495,18098.075222067706,0.0,0.19182687041996702,1.940615498026607,2100841.585334012,603.42979371159
108100.0,4572152.28836743,137128.79513578227,4572108.579207295,407.9272342612627,1517.1678375032816,407.7987751847341,-6.739823139037248,-0.2061581118258102,-6.739758374829453,18098.075222067706,0.0,0.19182687041996702,1.940615498026607,2100841.585334012,603.42979371159
108200.0,4572193.047391973,137280.5108884301,4572149.325386255,407.2532589554106,1517.1472123326498,407.1248063560279,-6.739683026897192,-0.20634534609860292,-6.739618248184155,18098.075222067706,0.0,0.19182687041996702,1.940615498026607,2100841.585334012,603.42979371159
108300.0,4572233.739019687,137432.22457762423,4572190.004169033,406.5792976461237,1517.1265684250498,406.4508515253385,-6.739543207544793,-0.2065328507306892,-6.739478414302062,18098.075222067706,0.0,0.19182687041996702,1.940615498026607,2100841.585334012,603.42979371159
108400.0,4572274.363251968,137583.93620148965,4572230.615557026,405.9053503041797,1517.1059057535833,405.77691066344636,-6.739403679850429,-0.20672062297076735,-6.739338872053793,18098.075222067706,0.0,0.19182687041996702,1.940615498026607,2100841.585334012,603.42979371159
108500.0,4572314.9200902125,137735.6457581486,4572271.159551631,405.23141690046884,1517.085224291626,405.10298374124386,-6.739264442697474,-0.20690866009772288,-6.739199620322952,18098.075222067706,0.0,0.19182687041996702,1.940615498026607,2100841.585334012,603.42979371159
108600.0,4572355.409535812,137887.35324572073,4572311.636154238,404.55749740599225,1517.064524012824,404.42907072973463,-6.739125494982147,-0.20709695942028133,-6.7390606580059895,18098.075222067706,0.0,0.19182687041996702,1.940615498026607,2100841.585334012,603.42979371159
108700.0,4572395.831590157,138039.05866232305,4572352.045366239,403.88359179186085,1517.043804891091,403.75517160003193,-6.738986835613343,-0.20728551827665856,-6.738921984012024,18098.075222067706,0.0,0.19182687041996702,1.940615498026607,2100841.585334012,603.42979371159
108800.0,4572436.186254633,138190.76200606997,4572392.3871890195,403.209700029294,1517.0230669006055,403.08128632335746,-6.738848463512477,-0.20747433403422041,-6.738783597262706,18098.075222067706,0.0,0.19182687041996702,1.940615498026607,2100841.585334012,603.42979371159
108900.0,4572476.473530623,138342.46327507336,4572432.661623964,402.53582208961836,1517.0023100158078,402.40741487104015,-6.738710377613338,-0.20766340408914283,-6.738645496692039,18098.075222067706,0.0,0.19182687041996702,1.940615498026607,2100841.585334012,603.42979371159
109000.0,4572516.69341951,138494.16246744248,4572472.868672454,401.86195794426646,1516.981534211397,401.7335572145149,-6.738572576861933,-0.2078527258660807,-6.738507681246254,18098.075222067706,0.0,0.19182687041996702,1.940615498026607,2100841.585334012,603.42979371159
109100.0,4572556.84592267,138645.85958128414,4572513.008335866,401.1881075647758,1516.9607394623288,401.05971332532147,-6.73843506021633,-0.2080422968178343,-6.738370149883637,18098.075222067706,0.0,0.19182687041996702,1.940615498026607,2100841.585334012,603.42979371159
109200.0,4572596.93104148,138797.55461470262,4572553.080615576,400.5142709227874,1516.9399257438117,400.38588317510306,-6.738297826646517,-0.2082321144250262,-6.738232901574393,18098.075222067706,0.0,0.19182687041996702,1.940615498026607,2100841.585334012,603.42979371159
109300.0,4572636.9487773115,138949.24756579977,4572593.085512958,399.8404479900446,1516.919093031305,399.7120667356054,-6.738160875134264,-0.20842217619578007,-6.738095935300502,18098.075222067706,0.0,0.19182687041996702,1.940615498026607,2100841.585334012,603.42979371159
109400.0,4572676.899131534,139100.93843267494,4572633.02302938,399.1666387383922,1516.898241300516,399.03826397867533,-6.738024204672957,-0.20861247966539956,-6.737959250055565,18098.075222067706,0.0,0.19182687041996702,1.940615498026607,2100841.585334012,603.42979371159
109500.0,4572716.782105514,139252.62721342512,4572672.893166209,398.49284313977483,1516.8773705273968,398.3644748762598,-6.737887814267477,-0.20880302239605777,-6.7378228448446675,18098.075222067706,0.0,0.19182687041996702,1.940615498026607,2100841.585334012,603.42979371159
109600.0,4572756.597700615,139404.31390614487,4572712.695924809,397.8190611662363,1516.856480688142,397.6906994004047,-6.73775170293404,-0.2089938019764844,-6.737686718684238,18098.075222067706,0.0,0.19182687041996702,1.940615498026607,2100841.585334012,603.42979371159
109700.0,4572796.3459182,139555.99850892642,4572752.431306542,397.1452927899181,1516.8355717591862,397.01693752325366,-6.73761586970008,-0.20918481602166225,-6.737550870601908,18098.075222067706,0.0,0.19182687041996702,1.940615498026607,2100841.585334012,603.42979371159
109800.0,4572836.026759625,139707.68101985962,4572792.0993127655,396.4715379830584,1516.8146437172009,396.3431892170471,-6.737480313604096,-0.20937606217252275,-6.737415299636382,18098.075222067706,0.0,0.19182687041996702,1.940615498026607,2100841.585334012,603.42979371159
109900.0,4572875.640226248,139859.361437032,4572831.699944836,395.79779671799105,1516.7936965390925,395.66945445412085,-6.737345033695517,-0.20956753809564632,-6.737280004837288,18098.075222067706,0.0,0.19182687041996702,1.940615498026607,2100841.585334012,603.42979371159
110000.0,4572915.186319419,140011.03975852882,4572871.233204107,395.1240689671444,1516.7727302019996,394.9957332069054,-6.737210029034567,-0.20975924148296832,-6.737144985265051,18098.075222067706,0.0,0.19182687041996702,1.940615498026607,2100841.585334012,603.42979371159
110100.0,4572954.66504049,140162.71598243303,4572910.699091927,394.4503547030402,1516.7517446832899,394.3220254479246,-6.737075298692159,-0.20995117005148933,-6.737010239990775,18098.075222067706,0.0,0.19182687041996702,1.940615498026607,2100841.585334012,603.42979371159
110200.0,4572994.076390808,140314.39010682536,4572950.097609645,393.77665389829264,1516.7307399605586,393.6483311497946,-6.736940841749726,-0.2101433215429826,-6.736875768096088,18098.075222067706,0.0,0.19182687041996702,1.940615498026607,2100841.585334012,603.42979371159
110300.0,4573033.420371718,140466.0621297843,4572989.428758604,393.1029665256072,1516.709716011625,392.974650285223,-6.736806657299111,-0.21033569372371286,-6.736741568673024,18098.075222067706,0.0,0.19182687041996702,1.940615498026607,2100841.585334012,603.42979371159
110400.0,4573072.69698456,140617.73204938608,4573028.692540148,392.4292925577797,1516.6886728145312,392.30098282700754,-6.736672744442454,-0.21052828438415508,-6.736607640823914,18098.075222067706,0.0,0.19182687041996702,1.940615498026607,2100841.585334012,603.42979371159
110500.0,4573111.906230675,140769.39986370486,4573067.888955615,391.7556319676952,1516.6676103475384,391.6273287480353,-6.73653910229204,-0.21072109133871486,-6.736473983661229,18098.075222067706,0.0,0.19182687041996702,1.940615498026607,2100841.585334012,603.42979371159
110600.0,4573151.048111399,140921.06557081256,4573107.018006342,391.08198472832703,1516.6465285891256,390.95368802128166,-6.736405729970195,-0.21091411242545566,-6.736340596307479,18098.075222067706,0.0,0.19182687041996702,1.940615498026607,2100841.585334012,603.42979371159
110700.0,4573190.122628065,141072.72916877893,4573146.079693664,390.4083508127358,1516.6254275179867,390.28006061980915,-6.736272626609153,-0.21110734550582727,-6.736207477895084,18098.075222067706,0.0,0.19182687041996702,1.940615498026607,2100841.585334012,603.42979371159
110800.0,4573229.129782004,141224.39065567168,4573185.07401891,389.73473019406845,1516.6043071130284,389.60644651676654,-6.736139791350941,-0.21130078846439834,-6.736074627566249,18098.075222067706,0.0,0.19182687041996702,1.940615498026607,2100841.585334012,603.42979371159
110900.0,4573268.069574546,141376.05002955638,4573224.00098341,389.0611228455571,1516.5831673533676,388.93284568538803,-6.736007223347262,-0.2114944392085914,-6.73594204447286,18098.075222067706,0.0,0.19182687041996702,1.940615498026607,2100841.585334012,603.42979371159
111000.0,4573306.942007015,141527.70728849652,4573262.860588488,388.38752874051846,1516.5620082183295,388.25925809899206,-6.735874921759373,-0.21168829566842268,-6.735809727776346,18098.075222067706,0.0,0.19182687041996702,1.940615498026607,2100841.585334012,603.42979371159
111100.0,4573345.747080735,141679.36243055353,4573301.65283547,387.71394785235236,1516.540829687445,387.5856837309805,-6.735742885757968,-0.21188235579624276,-6.735677676647581,18098.075222067706,0.0,0.19182687041996702,1.940615498026607,2100841.585334012,603.42979371159
111200.0,4573384.484797025,141831.01545378682,4573340.377725674,387.0403801545413,1516.5196317404489,386.91212255483765,-6.7356111145230715,-0.2120766175664825,-6.735545890266759,18098.075222067706,0.0,0.19182687041996702,1.940615498026607,2100841.585334012,603.42979371159
111300.0,4573423.155157205,141982.66635625376,4573379.035260419,386.36682562064925,1516.4984143572772,386.2385745441293,-6.7354796072439145,-0.2122710789754009,-6.735414367823288,18098.075222067706,0.0,0.19182687041996702,1.940615498026607,2100841.585334012,603.42979371159
111400.0,4573461.758162588,142134.31513600974,4573417.62544102,385.69328422432073,1516.4771775180652,385.5650396725018,-6.735348363118835,-0.21246573804083593,-6.735283108515669,18098.075222067706,0.0,0.19182687041996702,1.940615498026607,2100841.585334012,603.42979371159
111500.0,4573500.293814487,142285.9617911082,4573456.148268791,385.0197559392801,1516.4559212031459,384.8915179136814,-6.73521738135515,-0.2126605928019587,-6.735152111551392,18098.075222067706,0.0,0.19182687041996702,1.940615498026607,2100841.585334012,603.42979371159
111600.0,4573538.762114212,142437.60631960054,4573494.60374504,384.3462407393305,1516.4346453930464,384.21800924147294,-6.735086661169083,-0.2128556413190336,-6.735021376146848,18098.075222067706,0.0,0.19182687041996702,1.940615498026607,2100841.585334012,603.42979371159
111700.0,4573577.16306307,142589.24871953632,4573532.991871075,383.6727385983529,1516.4133500684875,383.54451362975925,-6.734956201785602,-0.21305088167317127,-6.734890901527163,18098.075222067706,0.0,0.19182687041996702,1.940615498026607,2100841.585334012,603.42979371159
111800.0,4573615.496662366,142740.88898896312,4573571.3126482,382.9992494903055,1516.3920352103805,382.87103105250026,-6.734826002438371,-0.21324631196610022,-6.734760686926168,18098.075222067706,0.0,0.19182687041996702,1.940615498026607,2100841.585334012,603.42979371159
111900.0,4573653.762913402,142892.52712592666,4573609.5660777185,382.3257733892226,1516.3707007998257,382.197561483732,-6.734696062369603,-0.21344193031992628,-6.7346307315862335,18098.075222067706,0.0,0.19182687041996702,1.940615498026607,2100841.585334012,603.42979371159
112000.0,4573691.961817477,143044.16312847074,4573647.752160929,381.65231026921396,1516.3493468181098,381.5241048975659,-6.734566380829975,-0.21363773487690368,-6.734501034758199,18098.075222067706,0.0,0.19182687041996702,1.940615498026607,2100841.585334012,603.42979371159
112100.0,4573730.093375888,143195.7969946373,4573685.87089913,380.9788601044637,1516.3279732467047,380.85066126818793,-6.734436957078517,-0.2138337237992061,-6.734371595701253,18098.075222067706,0.0,0.19182687041996702,1.940615498026607,2100841.585334012,603.42979371159
112200.0,4573768.157589929,143347.42872246646,4573723.922293614,380.30542286922974,1516.306580067265,380.17723056985767,-6.734307790382541,-0.21402989526870264,-6.734242413682857,18098.075222067706,0.0,0.19182687041996702,1.940615498026607,2100841.585334012,603.42979371159
112300.0,4573806.154460892,143499.05830999653,4573761.906345674,379.63199853784283,1516.2851672616262,379.5038127769075,-6.734178880017493,-0.21422624748673139,-6.734113487978616,18098.075222067706,0.0,0.19182687041996702,1.940615498026607,2100841.585334012,603.42979371159
112400.0,4573844.083990066,143650.68575526398,4573799.823056598,378.95858708470575,1516.2637348118021,378.830407863742,-6.734050225266893,-0.2144227786738817,-6.733984817872201,18098.075222067706,0.0,0.19182687041996702,1.940615498026607,2100841.585334012,603.42979371159
112500.0,4573881.946178738,143802.3110563035,4573837.672427675,378.2851884842926,1516.2422826999843,378.15701580483676,-6.733921825422214,-0.2146194870697739,-6.7338564026552366,18098.075222067706,0.0,0.19182687041996702,1.940615498026607,2100841.585334012,603.42979371159
112600.0,4573919.741028191,143953.934211148,4573875.454460187,377.6118027111478,1516.2208109085393,377.483636574738,-6.733793679782821,-0.21481637093284867,-6.733728241627236,18098.075222067706,0.0,0.19182687041996702,1.940615498026607,2100841.585334012,603.42979371159
112700.0,4573957.468539706,144105.55521782866,4573913.169155416,376.9384297398856,1516.1993194200063,376.8102701480615,-6.73366578765583,-0.21501342854014915,-6.733600334095463,18098.075222067706,0.0,0.19182687041996702,1.940615498026607,2100841.585334012,603.42979371159
112800.0,4573995.128714564,144257.17407437487,4573950.816514642,376.265069545189,1516.1778082170965,376.13691649949186,-6.733538148356046,-0.21521065818711296,-6.733472679374868,18098.075222067706,0.0,0.19182687041996702,1.940615498026607,2100841.585334012,603.42979371159
112900.0,4574032.721554041,144408.79077881435,4573988.396539141,375.59172210180935,1516.1562772826903,375.46357560378203,-6.733410761205868,-0.2154080581873668,-6.733345276787995,18098.075222067706,0.0,0.19182687041996702,1.940615498026607,2100841.585334012,603.42979371159
113000.0,4574070.2470594095,144560.4053291731,4574025.909230188,374.91838738456516,1516.134726599836,374.7902474357521,-6.733283625535195,-0.215605626872519,-6.7332181256648855,18098.075222067706,0.0,0.19182687041996702,1.940615498026607,2100841.585334012,603.42979371159
113100.0,4574107.705231941,144712.01772347547,4574063.3545890525,374.2450653683417,1516.113156151748,374.116931970289,-6.73315674068132,-0.21580336259195695,-6.733091225342975,18098.075222067706,0.0,0.19182687041996702,1.940615498026607,2100841.585334012,603.42979371159
113200.0,4574145.096072906,144863.62795974407,4574100.732617005,373.5717560280902,1516.0915659218042,373.4436291823453,-6.733030105988871,-0.21600126371264797,-6.73296457516703,18098.075222067706,0.0,0.19182687041996702,1.940615498026607,2100841.585334012,603.42979371159
113300.0,4574182.419583568,145015.2360359999,4574138.043315311,372.89845933882685,1516.0699558935457,372.770339046939,-6.732903720809705,-0.21619932861894134,-6.732838174489045,18098.075222067706,0.0,0.19182687041996702,1.940615498026607,2100841.585334012,603.42979371159
113400.0,4574219.675765194,145166.84195026231,4574175.286685235,372.2251752756325,1516.0483260506742,372.0970615391523,-6.732777584502828,-0.21639755571237299,-6.732712022668164,18098.075222067706,0.0,0.19182687041996702,1.940615498026607,2100841.585334012,603.42979371159
113500.0,4574256.864619044,145318.44570054903,4574212.462728038,371.5519038136517,1516.0266763770499,371.4237966341313,-6.732651696434292,-0.21659594341147068,-6.7325861190705725,18098.075222067706,0.0,0.19182687041996702,1.940615498026607,2100841.585334012,603.42979371159
113600.0,4574293.9861463765,145470.04728487617,4574249.571444981,370.87864492809194,1516.0050068566907,370.750544307085,-6.732526055977146,-0.21679449015156632,-6.732460463069455,18098.075222067706,0.0,0.19182687041996702,1.940615498026607,2100841.585334012,603.42979371159
113700.0,4574331.040348448,145621.6467012583,4574286.612837318,370.2053985942232,1515.9833174737698,370.07730453328486,-6.7324006625113295,-0.21699319438460626,-6.732335054044886,18098.075222067706,0.0,0.19182687041996702,1.940615498026607,2100841.585334012,603.42979371159
113800.0,4574368.027226512,145773.2439477083,4574323.5869063055,369.53216478737704,1515.961608212615,369.40407728806395,-6.73227551542357,-0.21719205457896174,-6.732209891383723,18098.075222067706,0.0,0.19182687041996702,1.940615498026607,2100841.585334012,603.42979371159
113900.0,4574404.946781822,145924.83902223766,4574360.493653193,368.8589434829461,1515.9398790577059,368.73086254681624,-6.732150614107361,-0.21739106921925075,-6.732084974479585,18098.075222067706,0.0,0.19182687041996702,1.940615498026607,2100841.585334012,603.42979371159
114000.0,4574441.799015624,146076.4319228562,4574397.333079231,368.1857346563832,1515.918129993673,368.05766028499613,-6.732025957962825,-0.21759023680615258,-6.731960302732727,18098.075222067706,0.0,0.19182687041996702,1.940615498026607,2100841.585334012,603.42979371159
114100.0,4574478.583929168,146228.02264757224,4574434.105185665,367.5125382832009,1515.8963610052958,367.3844704781176,-6.731901546396659,-0.21778955585622758,-6.7318358755499705,18098.075222067706,0.0,0.19182687041996702,1.940615498026607,2100841.585334012,603.42979371159
114200.0,4574515.301523696,146379.6111943926,4574470.809973741,366.8393543389708,1515.8745720775019,366.71129310175354,-6.731777378822051,-0.21798902490174146,-6.731711692344632,18098.075222067706,0.0,0.19182687041996702,1.940615498026607,2100841.585334012,603.42979371159
114300.0,4574551.95180045,146531.1975613226,4574507.4474447,366.16618279932277,1515.852763195364,366.0381281315354,-6.731653454658623,-0.21818864249049044,-6.731587752536457,18098.075222067706,0.0,0.19182687041996702,1.940615498026607,2100841.585334012,603.42979371159
114400.0,4574588.534760669,146682.78174636603,4574544.01759978,365.4930236399445,1515.8309343441003,365.3649755431522,-6.731529773332315,-0.21838840718562455,-6.7314640555515055,18098.075222067706,0.0,0.19182687041996702,1.940615498026607,2100841.585334012,603.42979371159
114500.0,4574625.05040559,146834.3637475253,4574580.52044022,364.8198768365807,1515.8090855090709,364.69183531234995,-6.731406334275344,-0.21858831756547956,-6.731340600822119,18098.075222067706,0.0,0.19182687041996702,1.940615498026607,2100841.585334012,603.42979371159
114600.0,4574661.498736448,146985.94356280126,4574616.955967254,364.14674236503254,1515.787216675778,364.01870741493127,-6.731283136926111,-0.21878837222340577,-6.731217387786819,18098.075222067706,0.0,0.19182687041996702,1.940615498026607,2100841.585334012,603.42979371159
114700.0,4574697.879754473,147137.52119019337,4574653.324182114,363.4736202011571,1515.7653278298633,363.3455918267546,-6.73116018072915,-0.21898856976760328,-6.731094415890259,18098.075222067706,0.0,0.19182687041996702,1.940615498026607,2100841.585334012,603.42979371159
114800.0,4574734.193460898,147289.09662769968,4574689.625086029,362.80051032086664,1515.7434189571075,362.6724885237336,-6.731037465135025,-0.21918890882095296,-6.730971684583117,18098.075222067706,0.0,0.19182687041996702,1.940615498026607,2100841.585334012,603.42979371159
114900.0,4574770.4398569465,147440.66987331677,4574725.858680227,362.1274127001281,1515.7214900434276,361.99939748183647,-6.730914989600281,-0.21938938802085622,-6.730849193322058,18098.075222067706,0.0,0.19182687041996702,1.940615498026607,2100841.585334012,603.42979371159
115000.0,4574806.618943845,147592.24092503986,4574762.024965933,361.45432731496254,1515.6995410748766,361.32631867708557,-6.730792753587366,-0.2195900060190723,-6.730726941569645,18098.075222067706,0.0,0.19182687041996702,1.940615498026607,2100841.585334012,603.42979371159
115100.0,4574842.730722816,147743.8097808628,4574798.123944369,360.7812541414443,1515.6775720376415,360.65325208555663,-6.730670756564561,-0.21979076148155852,-6.730604928794276,18098.075222067706,0.0,0.19182687041996702,1.940615498026607,2100841.585334012,603.42979371159
115200.0,4574878.775195079,147895.37643877798,4574834.1556167565,360.1081931557008,1515.6555829180422,359.9801976833783,-6.730548998005904,-0.21999165308831303,-6.7304831544700985,18098.075222067706,0.0,0.19182687041996702,1.940615498026607,2100841.585334012,603.42979371159
115300.0,4574914.752361852,148046.94089677653,4574870.119984312,359.43514433391164,1515.6335737025295,359.3071554467316,-6.7304274773911565,-0.22019267953322066,-6.730361618076983,18098.075222067706,0.0,0.19182687041996702,1.940615498026607,2100841.585334012,603.42979371159
115400.0,4574950.66222435,148198.5031528482,4574906.017048251,358.76210765230826,1515.6115443776841,358.6341253518491,-6.730306194205673,-0.22039383952389488,-6.7302403191004005,18098.075222067706,0.0,0.19182687041996702,1.940615498026607,2100841.585334012,603.42979371159
115500.0,4574986.504783786,148350.06320498133,4574941.846809787,358.0890830871732,1515.5894949302158,357.96110737501465,-6.730185147940402,-0.22059513178153034,-6.730119257031405,18098.075222067706,0.0,0.19182687041996702,1.940615498026607,2100841.585334012,603.42979371159
115600.0,4575022.280041371,148501.62105116303,4574977.609270129,357.41607061483967,1515.567425346961,357.2881014925627,-6.730064338091778,-0.22079655504074988,-6.72999843136654,18098.075222067706,0.0,0.19182687041996702,1.940615498026607,2100841.585334012,603.42979371159
115700.0,4575057.987998311,148653.1766893791,4575013.304430488,356.7430702116909,1515.5453356148826,356.6151076808778,-6.729943764161673,-0.22099810804945677,-6.7298778416077845,18098.075222067706,0.0,0.19182687041996702,1.940615498026607,2100841.585334012,603.42979371159
115800.0,4575093.628655815,148804.73011761394,4575048.932292067,356.0700818541598,1515.5232257210675,355.94212591639405,-6.729823425657321,-0.2211997895686868,-6.729757487262482,18098.075222067706,0.0,0.19182687041996702,1.940615498026607,2100841.585334012,603.42979371159
115900.0,4575129.202015083,148956.2813338508,4575084.492856072,355.39710551872815,1515.501095652726,355.26915617559445,-6.729703322091269,-0.22140159837246468,-6.7296373678432815,18098.075222067706,0.0,0.19182687041996702,1.940615498026607,2100841.585334012,603.42979371159
116000.0,4575164.708077318,149107.83033607158,4575119.9861237025,354.7241411819263,1515.4789453971905,354.5961984350106,-6.729583452981315,-0.22160353324766102,-6.729517482868083,18098.075222067706,0.0,0.19182687041996702,1.940615498026607,2100841.585334012,603.42979371159
116100.0,4575200.146843718,149259.3771222569,4575155.412096158,354.0511888203326,1515.456774941914,353.9232526712219,-6.729463817850432,-0.22180559299384806,-6.729397831859964,18098.075222067706,0.0,0.19182687041996702,1.940615498026607,2100841.585334012,603.42979371159
116200.0,4575235.51831548,149410.9216903862,4575190.770774635,353.37824841057267,1515.434584274469,353.25031886085543,-6.72934441622671,-0.22200777642316216,-6.729278414347119,18098.075222067706,0.0,0.19182687041996702,1.940615498026607,2100841.585334012,603.42979371159
116300.0,4575270.822493798,149562.46403843764,4575226.062160327,352.7053199293192,1515.4123733825459,352.5773969805849,-6.729225247643319,-0.22221008236016443,-6.729159229862813,18098.075222067706,0.0,0.19182687041996702,1.940615498026607,2100841.585334012,603.42979371159
116400.0,4575306.059379864,149714.00416438814,4575261.286254427,352.0324033532914,1515.3901422539523,351.9044870071307,-6.729106311638418,-0.22241250964170434,-6.72904027794531,18098.075222067706,0.0,0.19182687041996702,1.940615498026607,2100841.585334012,603.42979371159
116500.0,4575341.228974865,149865.54206621347,4575296.443058125,351.35949865925414,1515.3678908766112,351.2315889172589,-6.728987607755113,-0.2226150571167835,-6.728921558137812,18098.075222067706,0.0,0.19182687041996702,1.940615498026607,2100841.585334012,603.42979371159
116600.0,4575376.33127999,150017.07774188812,4575331.532572607,350.68660582401805,1515.3456192385604,350.5587026877812,-6.728869135541403,-0.2228177236464237,-6.728803069988414,18098.075222067706,0.0,0.19182687041996702,1.940615498026607,2100841.585334012,603.42979371159
116700.0,4575411.3662964245,150168.61118938544,4575366.554799058,350.0137248244385,1515.323327327951,349.8858282955542,-6.728750894550115,-0.22302050810353324,-6.728684813050042,18098.075222067706,0.0,0.19182687041996702,1.940615498026607,2100841.585334012,603.42979371159
116800.0,4575446.3340253495,150320.14240667757,4575401.5097386595,349.34085563741536,1515.301015133046,349.2129657174789,-6.728632884338845,-0.223223409372778,-6.728566786880386,18098.075222067706,0.0,0.19182687041996702,1.940615498026607,2100841.585334012,603.42979371159
116900.0,4575481.234467945,150471.67139173552,4575436.397392593,348.66799823989265,1515.2786826422193,348.5401149305004,-6.728515104469923,-0.22342642635045218,-6.72844899104187,18098.075222067706,0.0,0.19182687041996702,1.940615498026607,2100841.585334012,603.42979371159
117000.0,4575516.067625389,150623.19814252912,4575471.217762037,347.9951526088578,1515.2563298439552,347.86727591160724,-6.728397554510315,-0.22362955794434772,-6.728331425101555,18098.075222067706,0.0,0.19182687041996702,1.940615498026607,2100841.585334012,603.42979371159
117100.0,4575550.833498858,150774.722657027,4575505.970848167,347.3223187213413,1515.233956726846,347.1944486378311,-6.728280234031621,-0.22383280307363407,-6.728214088631134,18098.075222067706,0.0,0.19182687041996702,1.940615498026607,2100841.585334012,603.42979371159
117200.0,4575585.532089524,150926.2449331968,4575540.656652156,346.64949655441626,1515.2115632795915,346.52163308624614,-6.72816314260998,-0.2240361606687284,-6.7280969812068365,18098.075222067706,0.0,0.19182687041996702,1.940615498026607,2100841.585334012,603.42979371159
117300.0,4575620.163398558,151077.7649690049,4575575.275175175,345.976686085198,1515.1891494909985,345.84882923396884,-6.72804627982605,-0.2242396296711765,-6.7279801024094095,18098.075222067706,0.0,0.19182687041996702,1.940615498026607,2100841.585334012,603.42979371159
117400.0,4575654.72742713,151229.2827624166,4575609.826418392,345.3038872908436,1515.1667153499786,345.17603705815725,-6.7279296452649255,-0.22444320903352832,-6.727863451824041,18098.075222067706,0.0,0.19182687041996702,1.940615498026607,2100841.585334012,603.42979371159
117500.0,4575689.224176405,151380.79831139612,4575644.310382975,344.6311001485513,1515.1442608455477,344.50325653601067,-6.727813238516102,-0.22464689771921842,-6.727747029040311,18098.075222067706,0.0,0.19182687041996702,1.940615498026607,2100841.585334012,603.42979371159
117600.0,4575723.653647548,151532.31161390658,4575678.727070088,343.9583246355602,1515.1217859668247,343.83048764476933,-6.7276970591734315,-0.2248506947024488,-6.727630833652159,18098.075222067706,0.0,0.19182687041996702,1.940615498026607,2100841.585334012,603.42979371159
117700.0,4575758.015841719,151683.82266791,4575713.076480892,343.2855607291498,1515.099290703031,343.1577303617138,-6.727581106835046,-0.22505459896806929,-6.7275148652578105,18098.075222067706,0.0,0.19182687041996702,1.940615498026607,2100841.585334012,603.42979371159
117800.0,4575792.310760079,151835.33147136733,4575747.358616547,342.6128084066396,1515.0767750434886,342.4849846641646,-6.727465381103344,-0.22525860951146287,-6.727399123459743,18098.075222067706,0.0,0.19182687041996702,1.940615498026607,2100841.585334012,603.42979371159
117900.0,4575826.538403785,151986.8380222385,4575781.57347821,341.9400676453887,1515.0542389776194,341.8122505294818,-6.727349881584914,-0.22546272533843084,-6.727283607864631,18098.075222067706,0.0,0.19182687041996702,1.940615498026607,2100841.585334012,603.42979371159
118000.0,4575860.698773992,152138.3423184823,4575815.7210670365,341.2673384227952,1515.0316824949443,341.13952793506456,-6.727234607890492,-0.2256669454650782,-6.727168318083298,18098.075222067706,0.0,0.19182687041996702,1.940615498026607,2100841.585334012,603.42979371159
118100.0,4575894.791871853,152289.84435805655,4575849.80138418,340.594620716296,1515.0091055850821,340.46681685835085,-6.727119559634919,-0.22587126891770276,-6.727053253730664,18098.075222067706,0.0,0.19182687041996702,1.940615498026607,2100841.585334012,603.42979371159
118200.0,4575928.817698519,152441.34413891804,4575883.814430791,339.9219145033663,1514.9865082377487,339.79411727681685,-6.727004736437088,-0.2260756947326843,-6.7269384144257085,18098.075222067706,0.0,0.19182687041996702,1.940615498026607,2100841.585334012,603.42979371159
118300.0,4575962.776255136,152592.8416590225,4575917.760208018,339.2492197615192,1514.9638904427554,339.1214291679767,-6.726890137919898,-0.22628022195637462,-6.726823799791412,18098.075222067706,0.0,0.19182687041996702,1.940615498026607,2100841.585334012,603.42979371159
118400.0,4575996.667542852,152744.33691632465,4575951.638717007,338.5765364683054,1514.9412521900088,338.448752509382,-6.72677576371022,-0.2264848496449901,-6.726709409454725,18098.075222067706,0.0,0.19182687041996702,1.940615498026607,2100841.585334012,603.42979371159
118500.0,4576030.491562811,152895.82990877822,4575985.449958901,337.9038646013126,1514.9185934695088,337.7760872786215,-6.72666161343883,-0.22668957686450317,-6.7265952430465,18098.075222067706,0.0,0.19182687041996702,1.940615498026607,2100841.585334012,603.42979371159
118600.0,4576064.248316153,153047.32063433595,4576019.193934843,337.23120413816525,1514.8959142713488,337.10343345332063,-6.726547686740383,-0.22689440269053823,-6.726481300201476,18098.075222067706,0.0,0.19182687041996702,1.940615498026607,2100841.585334012,603.42979371159
118700.0,4576097.937804018,153198.80909094957,4576052.870645971,336.55855505652414,1514.873214585714,336.4307910111412,-6.726433983253353,-0.2270993262082665,-6.726367580558202,18098.075222067706,0.0,0.19182687041996702,1.940615498026607,2100841.585334012,603.42979371159
118800.0,4576131.560027543,153350.29527656984,4576086.480093423,335.8859173340861,1514.850494402881,335.7581599297809,-6.72632050262,-0.22730434651230183,-6.726254083759017,18098.075222067706,0.0,0.19182687041996702,1.940615498026607,2100841.585334012,603.42979371159
118900.0,4576165.114987863,153501.7791891466,4576120.022278335,335.2132909485835,1514.8277537132153,335.08554018697305,-6.726207244486317,-0.22750946270659977,-6.726140809449993,18098.075222067706,0.0,0.19182687041996702,1.940615498026607,2100841.585334012,603.42979371159
119000.0,4576198.60268611,153653.26082662863,4576153.4972018385,334.5406758777839,1514.8049925071728,334.41293176048623,-6.726094208502005,-0.22771467390435654,-6.726027757280904,18098.075222067706,0.0,0.19182687041996702,1.940615498026607,2100841.585334012,603.42979371159
119100.0,4576232.023123415,153804.74018696384,4576186.904865064,333.86807209948967,1514.7822107752968,333.7403346281238,-6.725981394320409,-0.22791997922790835,-6.72591492690517,18098.075222067706,0.0,0.19182687041996702,1.940615498026607,2100841.585334012,603.42979371159
119200.0,4576265.376300906,153956.2172680992,4576220.245269139,333.1954795915378,1514.7594085082185,333.0677487677235,-6.725868801598493,-0.22812537780863398,-6.725802317979828,18098.075222067706,0.0,0.19182687041996702,1.940615498026607,2100841.585334012,603.42979371159
119300.0,4576298.662219709,154107.69206798068,4576253.518415192,332.5228983317993,1514.736585696655,332.39517415715744,-6.725756429996781,-0.2283308687868556,-6.725689930165481,18098.075222067706,0.0,0.19182687041996702,1.940615498026607,2100841.585334012,603.42979371159
119400.0,4576331.880880947,154259.1645845534,4576286.724304345,331.85032829817897,1514.7137423314095,331.72261077433126,-6.725644279179336,-0.22853645131174385,-6.725577763126258,18098.075222067706,0.0,0.19182687041996702,1.940615498026607,2100841.585334012,603.42979371159
119500.0,4576365.032285742,154410.63481576153,4576319.8629377205,331.17776946861505,1514.6908784033692,331.0500585971841,-6.7255323488137035,-0.22874212454122247,-6.725465816529782,18098.075222067706,0.0,0.19182687041996702,1.940615498026607,2100841.585334012,603.42979371159
119600.0,4576398.116435214,154562.10275954835,4576352.934316438,330.5052218210788,1514.6679939035055,330.37751760368815,-6.725420638570881,-0.22894788764187282,-6.72535409004712,18098.075222067706,0.0,0.19182687041996702,1.940615498026607,2100841.585334012,603.42979371159
119700.0,4576431.133330478,154713.5684138562,4576385.938441614,329.8326853335743,1514.6450888228726,329.7049877718484,-6.725309148125275,-0.22915373978884215,-6.725242583352749,18098.075222067706,0.0,0.19182687041996702,1.940615498026607,2100841.585334012,603.42979371159
119800.0,4576464.082972651,154865.0317766266,4576418.875314363,329.1601599841379,1514.6221631526068,329.0324690797021,-6.725197877154673,-0.22935968016575173,-6.725131296124525,18098.075222067706,0.0,0.19182687041996702,1.940615498026607,2100841.585334012,603.42979371159
119900.0,4576496.965362846,155016.49284580012,4576451.7449358,328.48764575083817,1514.5992168839255,328.3599615053186,-6.725086825340176,-0.22956570796460343,-6.72502022804362,18098.075222067706,0.0,0.19182687041996702,1.940615498026607,2100841.585334012,603.42979371159
120000.0,4576529.780502171,155167.95161931647,4576484.547307035,327.81514261177523,1514.5762500081264,327.687465026799,-6.724975992366193,-0.22977182238569305,-6.7249093787945124,18098.075222067706,0.0,0.19182687041996702,1.940615498026607,2100841.585334012,603.42979371159
120100.0,4576562.528391737,155319.40809511454,4576517.282429175,327.1426505450807,1514.5532625165872,327.0149796222757,-6.7248653779203895,-0.2299780226375194,-6.7247987480649325,18098.075222067706,0.0,0.19182687041996702,1.940615498026607,2100841.585334012,603.42979371159
120200.0,4576595.209032648,155470.86227113233,4576549.950303328,326.4701695289172,1514.530254400764,326.3425052699123,-6.724754981693637,-0.23018430793669598,-6.72468833554582,18098.075222067706,0.0,0.19182687041996702,1.940615498026607,2100841.585334012,603.42979371159
120300.0,4576627.82242601,155622.31414530694,4576582.550930597,325.7976995414782,1514.507225652191,325.67004194790303,-6.724644803380018,-0.23039067750786674,-6.724578140931319,18098.075222067706,0.0,0.19182687041996702,1.940615498026607,2100841.585334012,603.42979371159
120400.0,4576660.368572923,155773.76371557472,4576615.084312084,325.12524056098755,1514.4841762624792,324.9975896344726,-6.724534842676729,-0.23059713058361636,-6.724468163918701,18098.075222067706,0.0,0.19182687041996702,1.940615498026607,2100841.585334012,603.42979371159
120500.0,4576692.847474488,155925.21097987113,4576647.55044889,324.4527925656992,1514.4611062233162,324.32514830787585,-6.724425099284106,-0.2308036664043892,-6.7243584042083615,18098.075222067706,0.0,0.19182687041996702,1.940615498026607,2100841.585334012,603.42979371159
120600.0,4576725.259131802,156076.6559361308,4576679.949342111,323.78035553389697,1514.4380155264653,323.6527179463974,-6.724315572905545,-0.23101028421840214,-6.724248861503761,18098.075222067706,0.0,0.19182687041996702,1.940615498026607,2100841.585334012,603.42979371159
120700.0,4576757.60354596,156228.09858228755,4576712.280992844,323.1079294438941,1514.4149041637643,322.98029852835134,-6.724206263247483,-0.23121698328156312,-6.724139535511403,18098.075222067706,0.0,0.19182687041996702,1.940615498026607,2100841.585334012,603.42979371159
120800.0,4576789.880718055,156379.5389162744,4576744.545402181,322.4355142740331,1514.3917721271253,322.30789003208105,-6.724097170019373,-0.23142376285738897,-6.7240304259408,18098.075222067706,0.0,0.19182687041996702,1.940615498026607,2100841.585334012,603.42979371159
120900.0,4576822.090649178,156530.97693602357,4576776.742571214,321.76311000268544,1514.3686194085333,321.6354924359587,-6.723988292933639,-0.23163062221692496,-6.72392153250444,18098.075222067706,0.0,0.19182687041996702,1.940615498026607,2100841.585334012,603.42979371159
121000.0,4576854.233340418,156682.41263946643,4576808.8725010315,321.0907166082511,1514.3454460000464,320.9631057183852,-6.723879631705641,-0.23183756063866287,-6.723812854917746,18098.075222067706,0.0,0.19182687041996702,1.940615498026607,2100841.585334012,603.42979371159
121100.0,4576886.308792861,156833.84602453365,4576840.93519272,320.41833406915845,1514.322251893794,320.2907298577896,-6.72377118605364,-0.2320445774084625,-6.723704392899037,18098.075222067706,0.0,0.19182687041996702,1.940615498026607,2100841.585334012,603.42979371159
121200.0,4576918.317007593,156985.27708915502,4576872.930647364,319.74596236386384,1514.2990370819766,319.6183648326291,-6.723662955698788,-0.23225167181947443,-6.723596146169524,18098.075222067706,0.0,0.19182687041996702,1.940615498026607,2100841.585334012,603.42979371159
121300.0,4576950.257985694,157136.7058312596,4576904.858866046,319.0736014708514,1514.2758015568654,318.94601062138855,-6.72355494036505,-0.23245884317206025,-6.7234881144532395,18098.075222067706,0.0,0.19182687041996702,1.940615498026607,2100841.585334012,603.42979371159
121400.0,4576982.131728247,157288.13224877568,4576936.719849847,318.4012513686326,1514.2525453108008,318.2736672025804,-6.723447139779223,-0.23266609077371797,-6.723380297477033,18098.075222067706,0.0,0.19182687041996702,1.940615498026607,2100841.585334012,603.42979371159
121500.0,4577013.938236327,157439.5563396308,4576968.513599846,317.72891203574625,1514.229268336192,317.60133455474414,-6.723339553670871,-0.23287341393900496,-6.7232726949705315,18098.075222067706,0.0,0.19182687041996702,1.940615498026607,2100841.585334012,603.42979371159
121600.0,4577045.677511012,157590.9781017517,4577000.240117117,317.05658345075807,1514.2059706255168,316.9290126564462,-6.723232181772305,-0.2330808119894638,-6.723165306666099,18098.075222067706,0.0,0.19182687041996702,1.940615498026607,2100841.585334012,603.42979371159
121700.0,4577077.349553375,157742.39753306445,4577031.899402735,316.3842655922603,1514.1826521713203,316.25670148627967,-6.723125023818554,-0.23328828425354856,-6.723058132298828,18098.075222067706,0.0,0.19182687041996702,1.940615498026607,2100841.585334012,603.42979371159
121800.0,4577108.954364487,157893.8146314943,4577063.4914577715,315.7119584388716,1514.1593129662144,315.5844010228639,-6.723018079547333,-0.23349583006655025,-6.722951171606485,18098.075222067706,0.0,0.19182687041996702,1.940615498026607,2100841.585334012,603.42979371159
121900.0,4577140.4919454185,158045.22939496575,4577095.016283296,315.0396619692367,1514.1359530028774,314.9121112448445,-6.7229113486989975,-0.23370344877052504,-6.722844424329485,18098.075222067706,0.0,0.19182687041996702,1.940615498026607,2100841.585334012,603.42979371159
122000.0,4577171.962297237,158196.64182140268,4577126.473880376,314.36737616202623,1514.1125722740524,314.2398321308927,-6.7228048310165445,-0.23391113971422373,-6.72273789021088,18098.075222067706,0.0,0.19182687041996702,1.940615498026607,2100841.585334012,603.42979371159
122100.0,4577203.3654210055,158348.05190872814,4577157.864250077,313.69510099593634,1514.089170772548,313.56756365970546,-6.722698526245555,-0.23411890225301915,-6.722631568996304,18098.075222067706,0.0,0.19182687041996702,1.940615498026607,2100841.585334012,603.42979371159
122200.0,4577234.701317789,158499.45965486453,4577189.187393462,313.0228364496885,1514.0657484912365,312.895305810005,-6.7225924341341825,-0.23432673574883778,-6.722525460433969,18098.075222067706,0.0,0.19182687041996702,1.940615498026607,2100841.585334012,603.42979371159
122300.0,4577265.969988649,158650.8650577335,4577220.443311593,312.35058250202917,1514.042305423054,312.2230585605386,-6.722486554433112,-0.2345346395700895,-6.7224195642746105,18098.075222067706,0.0,0.19182687041996702,1.940615498026607,2100841.585334012,603.42979371159
122400.0,4577297.171434643,158802.268115256,4577251.632005527,311.67833913172973,1514.0188415609991,311.5508218900783,-6.7223808868955395,-0.23474261309159994,-6.7223138802714795,18098.075222067706,0.0,0.19182687041996702,1.940615498026607,2100841.585334012,603.42979371159
122500.0,4577328.305656827,158953.66882535233,4577282.753476323,311.0061063175861,1513.995356898133,310.8785957774206,-6.722275431277149,-0.2349506556945429,-6.722208408180313,18098.075222067706,0.0,0.19182687041996702,1.940615498026607,2100841.585334012,603.42979371159
122600.0,4577359.372656257,159105.06718594205,4577313.807725034,310.33388403841843,1513.971851427578,310.20638020138654,-6.72217018733606,-0.23515876676637207,-6.722103147759286,18098.075222067706,0.0,0.19182687041996702,1.940615498026607,2100841.585334012,603.42979371159
122700.0,4577390.372433985,159256.46319494405,4577344.794752713,309.66167227307096,1513.9483251425177,309.53417514082105,-6.72206515483284,-0.2353669457007571,-6.721998098769011,18098.075222067706,0.0,0.19182687041996702,1.940615498026607,2100841.585334012,603.42979371159
122800.0,4577421.304991061,159407.85685027653,4577375.714560412,308.9894710004118,1513.9247780361957,308.86198057459296,-6.721960333530429,-0.23557519189751588,-6.721893260972485,18098.075222067706,0.0,0.19182687041996702,1.940615498026607,2100841.585334012,603.42979371159
122900.0,4577452.170328533,159559.248149857,4577406.567149177,308.3172801993327,1513.9012101019157,308.1897964815946,-6.7218557231941665,-0.23578350476255266,-6.721788634135096,18098.075222067706,0.0,0.19182687041996702,1.940615498026607,2100841.585334012,603.42979371159
123000.0,4577482.968447449,159710.6370916024,4577437.352520056,307.64509984874854,1513.8776213330405,307.51762284074175,-6.721751323591715,-0.23599188370779148,-6.721684218024557,18098.075222067706,0.0,0.19182687041996702,1.940615498026607,2100841.585334012,603.42979371159
123100.0,4577513.699348851,159862.02367342892,4577468.0706740925,306.97292992759753,1513.854011722991,306.84545963097315,-6.721647134493069,-0.23620032815111439,-6.721580012410911,18098.075222067706,0.0,0.19182687041996702,1.940615498026607,2100841.585334012,603.42979371159
123200.0,4577544.363033782,160013.4078932521,4577498.721612329,306.3007704148407,1513.8303812652462,306.17330683125056,-6.721543155670511,-0.23640883751629865,-6.721476017066491,18098.075222067706,0.0,0.19182687041996702,1.940615498026607,2100841.585334012,603.42979371159
123300.0,4577574.959503281,160164.78974898683,4577529.305335805,305.62862128946176,1513.8067299533427,305.5011644205584,-6.7214393868985916,-0.23661741123295518,-6.7213722317659,18098.075222067706,0.0,0.19182687041996702,1.940615498026607,2100841.585334012,603.42979371159
123400.0,4577605.488758385,160316.16923854742,4577559.8218455585,304.95648253046676,1513.7830577808734,304.8290323779034,-6.72133582795411,-0.23682604873646745,-6.721268656285981,18098.075222067706,0.0,0.19182687041996702,1.940615498026607,2100841.585334012,603.42979371159
123500.0,4577635.950800131,160467.54635984745,4577590.271142625,304.28435411688406,1513.7593647414878,304.15691068231456,-6.721232478616077,-0.2370347494679304,-6.721165290405795,18098.075222067706,0.0,0.19182687041996702,1.940615498026607,2100841.585334012,603.42979371159
123600.0,4577666.345629552,160618.92111079994,4577620.653228039,303.61223602776397,1513.7356508288908,303.4847993128429,-6.7211293386656985,-0.2372435128740913,-6.7210621339065915,18098.075222067706,0.0,0.19182687041996702,1.940615498026607,2100841.585334012,603.42979371159
123700.0,4577696.67324768,160770.29348931726,4577650.968102831,302.94012824217856,1513.7119160368422,302.8126982485611,-6.721026407886347,-0.23745233840729074,-6.720959186571796,18098.075222067706,0.0,0.19182687041996702,1.940615498026607,2100841.585334012,603.42979371159
123800.0,4577726.933655543,160921.66349331115,4577681.215768032,302.2680307392215,1513.6881603591567,302.14060746856353,-6.720923686063546,-0.237661225525404,-6.720856448186973,18098.075222067706,0.0,0.19182687041996702,1.940615498026607,2100841.585334012,603.42979371159
123900.0,4577757.12685417,161073.03112069273,4577711.396224667,301.5959434980077,1513.6643837897022,301.46852695196577,-6.72082117298494,-0.23787017369178337,-6.720753918539814,18098.075222067706,0.0,0.19182687041996702,1.940615498026607,2100841.585334012,603.42979371159
124000.0,4577787.252844585,161224.3963693725,4577741.509473763,300.9238664976734,1513.640586322401,300.79645667790464,-6.720718868440258,-0.23807918237520065,-6.720651597420094,18098.075222067706,0.0,0.19182687041996702,1.940615498026607,2100841.585334012,603.42979371159
124100.0,4577817.311627811,161375.7592372604,4577771.555516344,300.2517997173755,1513.6167679512275,300.12439662553777,-6.720616772221325,-0.23828825104979193,-6.720549484619684,18098.075222067706,0.0,0.19182687041996702,1.940615498026607,2100841.585334012,603.42979371159
124200.0,4577847.303204869,161527.11972226575,4577801.5343534285,299.5797431362918,1513.5929286702087,299.4523467740436,-6.720514884122,-0.2384973791949999,-6.720447579932486,18098.075222067706,0.0,0.19182687041996702,1.940615498026607,2100841.585334012,603.42979371159
124300.0,4577877.227576777,161678.47782229725,4577831.445986037,298.9076967336206,1513.5690684734234,298.78030710262095,-6.720413203938181,-0.23870656629552026,-6.720345883154443,18098.075222067706,0.0,0.19182687041996702,1.940615498026607,2100841.585334012,603.42979371159
124400.0,4577907.084744554,161829.83353526305,4577861.290415187,298.2356604885804,1513.5451873550014,298.10827759048914,-6.720311731467769,-0.238915811841246,-6.720244394083501,18098.075222067706,0.0,0.19182687041996702,1.940615498026607,2100841.585334012,603.42979371159
124500.0,4577936.874709213,161981.18685907067,4577891.067641893,297.5636343804099,1513.5212853091236,297.4362582168874,-6.720210466510646,-0.23912511532721364,-6.720143112519583,18098.075222067706,0.0,0.19182687041996702,1.940615498026607,2100841.585334012,603.42979371159
124600.0,4577966.597471767,162132.5377916271,4577920.7776671685,296.89161838836776,1513.4973623300211,296.76424896107494,-6.720109408868665,-0.2393344762535508,-6.720042038264587,18098.075222067706,0.0,0.19182687041996702,1.940615498026607,2100841.585334012,603.42979371159
124700.0,4577996.253033227,162283.88633083872,4577950.420492022,296.2196124917322,1513.4734184119748,296.09224980233074,-6.720008558345618,-0.23954389412542199,-6.719941171122343,18098.075222067706,0.0,0.19182687041996702,1.940615498026607,2100841.585334012,603.42979371159
124800.0,4578025.841394601,162435.23247461134,4577979.996117464,295.54761666980113,1513.4494535493143,295.4202607199532,-6.719907914747212,-0.23975336845297718,-6.7198405108986075,18098.075222067706,0.0,0.19182687041996702,1.940615498026607,2100841.585334012,603.42979371159
124900.0,4578055.362556896,162586.57622085023,4578009.504544501,294.87563090189167,1513.4254677364186,294.74828169326014,-6.719807477881062,-0.23996289875129986,-6.719740057401028,18098.075222067706,0.0,0.19182687041996702,1.940615498026607,2100841.585334012,603.42979371159
125000.0,4578084.8165211165,162737.9175674601,4578038.945774137,294.2036551673402,1513.4014609677145,294.07631270158845,-6.719707247556647,-0.2401724845403559,-6.719639810439129,18098.075222067706,0.0,0.19182687041996702,1.940615498026607,2100841.585334012,603.42979371159
125100.0,4578114.203288264,162889.25651234508,4578068.319807375,293.5316894455019,1513.3774332376768,293.4043537242941,-6.719607223585323,-0.24038212534494416,-6.719539769824307,18098.075222067706,0.0,0.19182687041996702,1.940615498026607,2100841.585334012,603.42979371159
125200.0,4578143.522859339,163040.59305340875,4578097.626645215,292.8597337157509,1513.3533845408274,292.73240474075163,-6.719507405780258,-0.24059182069464383,-6.719439935369772,18098.075222067706,0.0,0.19182687041996702,1.940615498026607,2100841.585334012,603.42979371159
125300.0,4578172.775235339,163191.92718855417,4578126.866288655,292.1877879574798,1513.3293148717353,292.06046573035434,-6.719407793956464,-0.24080157012376863,-6.719340306890572,18098.075222067706,0.0,0.19182687041996702,1.940615498026607,2100841.585334012,603.42979371159
125400.0,4578201.960417261,163343.25891568384,4578156.038738693,291.5158521500997,1513.3052242250155,291.3885366725138,-6.719308387930726,-0.24101137317131474,-6.719240884203538,18098.075222067706,0.0,0.19182687041996702,1.940615498026607,2100841.585334012,603.42979371159
125500.0,4578231.0784061,163494.58823269972,4578185.143996322,290.8439262730398,1513.281112595329,290.7166175466599,-6.719209187521629,-0.24122122938091492,-6.719141667127286,18098.075222067706,0.0,0.19182687041996702,1.940615498026607,2100841.585334012,603.42979371159
125600.0,4578260.129202846,163645.9151375033,4578214.182062533,290.1720103057475,1513.2569799773823,290.0447083322406,-6.7191101925495005,-0.2414311383007891,-6.719042655482187,18098.075222067706,0.0,0.19182687041996702,1.940615498026607,2100841.585334012,603.42979371159
125700.0,4578289.112808491,163797.23962799544,4578243.1529383175,289.500104227688,1513.2328263659267,289.3728090087217,-6.719011402836409,-0.2416410994836975,-6.718943849090346,18098.075222067706,0.0,0.19182687041996702,1.940615498026607,2100841.585334012,603.42979371159
125800.0,4578318.029224021,163948.56170207655,4578272.056624664,288.8282080183441,1513.2086517557582,288.7009195555866,-6.718912818206149,-0.24185111248689456,-6.718845247775596,18098.075222067706,0.0,0.19182687041996702,1.940615498026607,2100841.585334012,603.42979371159
125900.0,4578346.8784504235,164099.8813576465,4578300.893122558,288.15632165721644,1513.1844561417165,288.02903995233646,-6.718814438484208,-0.24206117687208198,-6.718746851363463,18098.075222067706,0.0,0.19182687041996702,1.940615498026607,2100841.585334012,603.42979371159
126000.0,4578375.660488681,164251.1985926046,4578329.662432983,287.48444512382275,1513.1602395186853,287.3571701784896,-6.718716263497774,-0.24227129220536414,-6.718648659681172,18098.075222067706,0.0,0.19182687041996702,1.940615498026607,2100841.585334012,603.42979371159
126100.0,4578404.375339775,164402.51340484974,4578358.364556921,286.8125783976981,1513.1360018815915,286.6853102135816,-6.718618293075678,-0.24248145805720048,-6.718550672557587,18098.075222067706,0.0,0.19182687041996702,1.940615498026607,2100841.585334012,603.42979371159
126200.0,4578433.023004686,164553.82579228026,4578386.999495352,286.14072145839447,1513.111743225404,286.0134600371651,-6.7185205270484,-0.2426916740023633,-6.71845288982323,18098.075222067706,0.0,0.19182687041996702,1.940615498026607,2100841.585334012,603.42979371159
126300.0,4578461.603484392,164705.135752794,4578415.567249253,285.46887428548087,1513.0874635451353,285.34161962880955,-6.718422965248071,-0.24290193961989315,-6.7183553113102645,18098.075222067706,0.0,0.19182687041996702,1.940615498026607,2100841.585334012,603.42979371159
126400.0,4578490.1167798685,164856.4432842883,4578444.067819602,284.79703685854287,1513.0631628358383,284.6697889681012,-6.718325607508408,-0.2431122544930533,-6.718257936852442,18098.075222067706,0.0,0.19182687041996702,1.940615498026607,2100841.585334012,603.42979371159
126500.0,4578518.562892089,165007.74838466002,4578472.501207371,284.12520915718267,1513.0388410926084,283.9979680346427,-6.718228453664726,-0.24332261820928827,-6.718160766285117,18098.075222067706,0.0,0.19182687041996702,1.940615498026607,2100841.585334012,603.42979371159
126600.0,4578546.941822024,165159.05105180552,4578500.867413533,283.4533911610188,1513.014498310582,283.32615680805327,-6.718131503553931,-0.2435330303601811,-6.718063799445226,18098.075222067706,0.0,0.19182687041996702,1.940615498026607,2100841.585334012,603.42979371159
126700.0,4578575.253570644,165310.3512836207,4578529.166439056,282.7815828496862,1512.9901344849354,282.6543552679682,-6.7180347570144745,-0.24374349054140984,-6.7179670361712605,18098.075222067706,0.0,0.19182687041996702,1.940615498026607,2100841.585334012,603.42979371159
126800.0,4578603.498138917,165461.64907800092,4578557.398284909,282.10978420283556,1512.965749610886,281.98256339403883,-6.7179382138863515,-0.24395399835270612,-6.7178704763032435,18098.075222067706,0.0,0.19182687041996702,1.940615498026607,2100841.585334012,603.42979371159
126900.0,4578631.675527806,165612.94443284112,4578585.562952057,281.4379952001338,1512.9413436836903,281.3107811659326,-6.717841874011089,-0.24416455339781493,-6.717774119682743,18098.075222067706,0.0,0.19182687041996702,1.940615498026607,2100841.585334012,603.42979371159
127000.0,4578659.785738277,165764.23734603575,4578613.660441464,280.7662158212635,1512.9169166986449,280.6390085633326,-6.717745737231716,-0.24437515528445147,-6.717677966152816,18098.075222067706,0.0,0.19182687041996702,1.940615498026607,2100841.585334012,603.42979371159
127100.0,4578687.82877129,165915.52781547877,4578641.69075409,280.0944460459228,1512.892468651085,279.96724556593756,-6.717649803392763,-0.24458580362426308,-6.717582015558027,18098.075222067706,0.0,0.19182687041996702,1.940615498026607,2100841.585334012,603.42979371159
127200.0,4578715.804627806,166066.81583906373,4578669.653890897,279.4226858538254,1512.8679995363843,279.2954921534616,-6.71755407234023,-0.24479649803278716,-6.717486267744411,18098.075222067706,0.0,0.19182687041996702,1.940615498026607,2100841.585334012,603.42979371159
127300.0,4578743.71330878,166218.10141468365,4578697.54985284,278.7509352247003,1512.8435093499554,278.62374830563436,-6.717458543921577,-0.2450072381294125,-6.717390722559457,18098.075222067706,0.0,0.19182687041996702,1.940615498026607,2100841.585334012,603.42979371159
127400.0,4578771.554815169,166369.38454023117,4578725.378640875,278.07919413829165,1512.818998087248,277.9520140022005,-6.717363217985724,-0.24521802353734118,-6.717295379852119,18098.075222067706,0.0,0.19182687041996702,1.940615498026607,2100841.585334012,603.42979371159
127500.0,4578799.329147926,166520.6652135984,4578753.140255957,277.4074625743587,1512.79446574375,277.2802892229197,-6.717268094382997,-0.24542885388354713,-6.717200239472759,18098.075222067706,0.0,0.19182687041996702,1.940615498026607,2100841.585334012,603.42979371159
127600.0,4578827.036308001,166671.94343267707,4578780.834699037,276.73574051267553,1512.7699123149857,276.60857394756664,-6.717173172965156,-0.24563972879874,-6.717105301273163,18098.075222067706,0.0,0.19182687041996702,1.940615498026607,2100841.585334012,603.42979371159
127700.0,4578854.676296344,166823.21919535843,4578808.461971063,276.06402793303107,1512.7453377965169,275.93686815593065,-6.71707845358535,-0.24585064791732666,-6.7170105651065155,18098.075222067706,0.0,0.19182687041996702,1.940615498026607,2100841.585334012,603.42979371159
127800.0,4578882.249113902,166974.49249953325,4578836.022072984,275.39232481522873,1512.720742183941,275.2651718278158,-6.71698393609812,-0.24606161087737394,-6.716916030827387,18098.075222067706,0.0,0.19182687041996702,1.940615498026607,2100841.585334012,603.42979371159
127900.0,4578909.754761621,167125.76334309194,4578863.515005744,274.7206311390865,1512.696125472892,274.59348494304044,-6.716889620359367,-0.24627261732057024,-6.716821698291707,18098.075222067706,0.0,0.19182687041996702,1.940615498026607,2100841.585334012,603.42979371159
128000.0,4578937.193240444,167277.03172392442,4578890.940770287,274.04894688443665,1512.6714876590393,273.92180748143744,-6.716795506226362,-0.24648366689219126,-6.716727567356778,18098.075222067706,0.0,0.19182687041996702,1.940615498026607,2100841.585334012,603.42979371159
128100.0,4578964.564551312,167428.29763992017,4578918.299367554,273.3772720311257,1512.6468287380876,273.2501394228538,-6.716701593557698,-0.24669475924106113,-6.716633637881225,18098.075222067706,0.0,0.19182687041996702,1.940615498026607,2100841.585334012,603.42979371159
128200.0,4578991.868695163,167579.5610889683,4578945.590798484,272.70560655901426,1512.6221487057767,272.5784807471506,-6.716607882213307,-0.24690589401951807,-6.716539909725006,18098.075222067706,0.0,0.19182687041996702,1.940615498026607,2100841.585334012,603.42979371159
128300.0,4579019.105672936,167730.82206895747,4578972.815064015,272.03395044797685,1512.5974475578807,271.9068314342028,-6.716514372054429,-0.24711707088337867,-6.716446382749393,18098.075222067706,0.0,0.19182687041996702,1.940615498026607,2100841.585334012,603.42979371159
128400.0,4579046.275485565,167882.0805777759,4578999.972165082,271.36230367790176,1512.5727252902084,271.23519146389924,-6.7164210629435965,-0.24732828949190205,-6.7163530568169465,18098.075222067706,0.0,0.19182687041996702,1.940615498026607,2100841.585334012,603.42979371159
128500.0,4579073.378133982,168033.33661331137,4579027.062102618,270.69066622869104,1512.547981898602,270.56356081614246,-6.716327954744637,-0.24753954950775664,-6.7162599317915275,18098.075222067706,0.0,0.19182687041996702,1.940615498026607,2100841.585334012,603.42979371159
128600.0,4579100.413619121,168184.59017345135,4579054.084877554,270.01903808026026,1512.5232173789377,269.8919394708485,-6.716235047322637,-0.24775085059698362,-6.716167007538244,18098.075222067706,0.0,0.19182687041996702,1.940615498026607,2100841.585334012,603.42979371159
128700.0,4579127.381941908,168335.84125608276,4579081.040490821,269.3474192125384,1512.4984317271246,269.22032740794685,-6.716142340543949,-0.2479621924289651,-6.716074283923484,18098.075222067706,0.0,0.19182687041996702,1.940615498026607,2100841.585334012,603.42979371159
128800.0,4579154.283103271,168487.08985909223,4579107.928943344,268.67580960546775,1512.4736249391049,268.5487246073803,-6.71604983427617,-0.2481735746763896,-6.715981760814866,18098.075222067706,0.0,0.19182687041996702,1.940615498026607,2100841.585334012,603.42979371159
128900.0,4579181.117104136,168638.33598036593,4579134.75023605,268.00420923900384,1512.448797010853,267.8771310491047,-6.715957528388117,-0.24838499701521766,-6.715889438081239,18098.075222067706,0.0,0.19182687041996702,1.940615498026607,2100841.585334012,603.42979371159
129000.0,4579207.883945426,168789.5796177896,4579161.504369861,267.3326180931152,1512.4239479383762,267.2055467130892,-6.715865422749835,-0.24859645912465134,-6.715797315592674,18098.075222067706,0.0,0.19182687041996702,1.940615498026607,2100841.585334012,603.42979371159
129100.0,4579234.583628061,168940.82076924865,4579188.191345699,266.6610361477832,1512.399077717713,266.5339715793156,-6.715773517232567,-0.2488079606870992,-6.715705393220442,18098.075222067706,0.0,0.19182687041996702,1.940615498026607,2100841.585334012,603.42979371159
129200.0,4579261.216152961,169092.05943262807,4579214.811164483,265.9894633830022,1512.374186344934,265.8624056277788,-6.715681811708743,-0.24901950138814555,-6.715613670836999,18098.075222067706,0.0,0.19182687041996702,1.940615498026607,2100841.585334012,603.42979371159
129300.0,4579287.781521043,169243.29560581243,4579241.363827131,265.3178997787792,1512.349273816141,265.19084883848615,-6.7155903060519915,-0.24923108091651935,-6.715522148315999,18098.075222067706,0.0,0.19182687041996702,1.940615498026607,2100841.585334012,603.42979371159
129400.0,4579314.279733221,169394.52928668595,4579267.849334557,264.6463453151337,1512.3243401274667,264.5193011914577,-6.7154990001370845,-0.24944269896406013,-6.715430825532245,18098.075222067706,0.0,0.19182687041996702,1.940615498026607,2100841.585334012,603.42979371159
129500.0,4579340.71079041,169545.76047313245,4579294.267687674,263.97479997209786,1512.2993852750744,263.84776266672594,-6.71540789383997,-0.24965435522568938,-6.715339702361702,18098.075222067706,0.0,0.19182687041996702,1.940615498026607,2100841.585334012,603.42979371159
129600.0,4579367.074693519,169696.98916303538,4579320.618887394,263.3032637297159,1512.274409255158,263.1762332443357,-6.715316987037718,-0.24986604939937823,-6.715248778681476,18098.075222067706,0.0,0.19182687041996702,1.940615498026607,2100841.585334012,603.42979371159
129700.0,4579393.371443458,169848.21535427778,4579346.902934626,262.6317365680446,1512.2494120639408,262.50471290434405,-6.715226279608538,-0.25007778118611723,-6.715158054369798,18098.075222067706,0.0,0.19182687041996702,1.940615498026607,2100841.585334012,603.42979371159
129800.0,4579419.601041134,169999.43904474235,4579373.119830277,261.9602184671525,1512.2243936976768,261.83320162682014,-6.715135771431768,-0.2502895502898873,-6.715067529306029,18098.075222067706,0.0,0.19182687041996702,1.940615498026607,2100841.585334012,603.42979371159
129900.0,4579445.763487453,170150.66023231138,4579399.269575252,261.2887094071205,1512.1993541526488,261.1616993918452,-6.715045462387829,-0.2505013564176275,-6.714977203370618,18098.075222067706,0.0,0.19182687041996702,1.940615498026607,2100841.585334012,603.42979371159
130000.0,4579471.858783316,170301.8789148668,4579425.352170455,260.6172093680412,1512.1742934251688,260.49020617951237,-6.714955352358259,-0.2507131992792081,-6.714887076445126,18098.075222067706,0.0,0.19182687041996702,1.940615498026607,2100841.585334012,603.42979371159
130100.0,4579497.886929626,170453.0950902902,4579451.367616788,259.94571833001896,1512.149211511578,259.81872196992646,-6.714865441225665,-0.2509250785873996,-6.714797148412187,18098.075222067706,0.0,0.19182687041996702,1.940615498026607,2100841.585334012,603.42979371159
130200.0,4579523.847927281,170604.3087564628,4579477.315915149,259.27423627317,1512.1241084082458,259.14724674320405,-6.714775728873732,-0.2511369940578444,-6.71470741915551,18098.075222067706,0.0,0.19182687041996702,1.940615498026607,2100841.585334012,603.42979371159
130300.0,4579549.741777179,170755.5199112654,4579503.197066436,258.602763177622,1512.0989841115702,258.4757804794733,-6.714686215187207,-0.2513489454090287,-6.714617888559864,18098.075222067706,0.0,0.19182687041996702,1.940615498026607,2100841.585334012,603.42979371159
130400.0,4579575.568480214,170906.72855257854,4579529.011071543,257.9312990235142,1512.0738386179771,257.80432315887384,-6.714596900051882,-0.2515609323622533,-6.714528556511066,18098.075222067706,0.0,0.19182687041996702,1.940615498026607,2100841.585334012,603.42979371159
130500.0,4579601.328037281,171057.93467828233,4579554.757931365,257.2598437909971,1512.0486719239202,257.13287476155665,-6.714507783354599,-0.25177295464160676,-6.714439422895982,18098.075222067706,0.0,0.19182687041996702,1.940615498026607,2100841.585334012,603.42979371159
130600.0,4579627.020449269,171209.13828625652,4579580.437646792,256.58839746023244,1512.0234840258804,256.46143526768395,-6.714418864983208,-0.251985011973936,-6.714350487602485,18098.075222067706,0.0,0.19182687041996702,1.940615498026607,2100841.585334012,603.42979371159
130700.0,4579652.645717069,171360.33937438056,4579606.050218714,255.9169600113933,1511.998274920366,255.79000465742914,-6.714330144826592,-0.2521971040888204,-6.714261750519481,18098.075222067706,0.0,0.19182687041996702,1.940615498026607,2100841.585334012,603.42979371159
130800.0,4579678.203841567,171511.53794053354,4579631.595648019,255.24553142466365,1511.973044603912,255.1185829109767,-6.714241622774638,-0.2524092307185446,-6.714173211536879,18098.075222067706,0.0,0.19182687041996702,1.940615498026607,2100841.585334012,603.42979371159
130900.0,4579703.694823649,171662.7339825942,4579657.073935591,254.57411168023853,1511.9477930730804,254.44717000852205,-6.714153298718228,-0.2526213915980713,-6.714084870545585,18098.075222067706,0.0,0.19182687041996702,1.940615498026607,2100841.585334012,603.42979371159
131000.0,4579729.118664198,171813.9274984409,4579682.485082314,253.90270075832376,1511.9225203244594,253.77576593027146,-6.714065172549222,-0.25283358646501386,-6.7139967274374825,18098.075222067706,0.0,0.19182687041996702,1.940615498026607,2100841.585334012,603.42979371159
131100.0,4579754.475364095,171965.1184859517,4579707.829089071,253.231298639136,1511.8972263546632,253.104370656442,-6.713977244160467,-0.2530458150596121,-6.713908782105439,18098.075222067706,0.0,0.19182687041996702,1.940615498026607,2100841.585334012,603.42979371159
131200.0,4579779.764924219,172116.30694300434,4579733.105956739,252.55990530290254,1511.8719111603318,252.43298416726137,-6.71388951344577,-0.25325807712470505,-6.713821034443286,18098.075222067706,0.0,0.19182687041996702,1.940615498026607,2100841.585334012,603.42979371159
131300.0,4579804.987345448,172267.49286747616,4579758.315686196,251.88852072986123,1511.846574738131,251.76160644296786,-6.713801980299892,-0.25347037240570464,-6.713733484345802,18098.075222067706,0.0,0.19182687041996702,1.940615498026607,2100841.585334012,603.42979371159
131400.0,4579830.142628657,172418.67625724425,4579783.458278319,251.21714490026042,1511.8212170847519,251.0902374638102,-6.713714644618541,-0.25368270065057186,-6.71364613170872,18098.075222067706,0.0,0.19182687041996702,1.940615498026607,2100841.585334012,603.42979371159
131500.0,4579855.230774719,172569.85711018532,4579808.53373398,250.54577779435883,1511.7958381969104,250.41887721004755,-6.713627506298367,-0.2538950616097912,-6.71355897642871,18098.075222067706,0.0,0.19182687041996702,1.940615498026607,2100841.585334012,603.42979371159
131600.0,4579880.251784506,172721.03542417573,4579833.542054051,249.87441939242547,1511.7704380713476,249.7475256619493,-6.71354056523693,-0.25410745503634424,-6.713472018403356,18098.075222067706,0.0,0.19182687041996702,1.940615498026607,2100841.585334012,603.42979371159
131700.0,4579905.2056588875,172872.21119709156,4579858.483239401,249.20306967473954,1511.745016704829,249.0761827997951,-6.713453821332722,-0.254319880685687,-6.713385257531166,18098.075222067706,0.0,0.19182687041996702,1.940615498026607,2100841.585334012,603.42979371159
131800.0,4579930.09239873,173023.38442680857,4579883.357290899,248.53172862159036,1511.7195740941443,248.40484860387465,-6.713367274485128,-0.25453233831572464,-6.71329869371155,18098.075222067706,0.0,0.19182687041996702,1.940615498026607,2100841.585334012,603.42979371159
131900.0,4579954.9120049,173174.55511120215,4579908.164209411,247.86039621327728,1511.6941102361077,247.7335230544877,-6.713280924594447,-0.25474482768678813,-6.713212326844826,18098.075222067706,0.0,0.19182687041996702,1.940615498026607,2100841.585334012,603.42979371159
132000.0,4579979.66447826,173325.72324814743,4579932.903995798,247.18907243010955,1511.6686251275569,247.0622061319439,-6.713194771561851,-0.2549573485616089,-6.713126156832187,18098.075222067706,0.0,0.19182687041996702,1.940615498026607,2100841.585334012,603.42979371159
132100.0,4580004.349819672,173476.8888355192,4579957.576650924,246.51775725240626,1511.6431187653532,246.39089781656273,-6.713108815289394,-0.2551699007052963,-6.713040183575703,18098.075222067706,0.0,0.19182687041996702,1.940615498026607,2100841.585334012,603.42979371159
132200.0,4580028.968029996,173628.05187119194,4579982.1821756475,245.84645066049623,1511.6175911463813,245.71959808867345,-6.7130230556800115,-0.25538248388531554,-6.712954406978337,18098.075222067706,0.0,0.19182687041996702,1.940615498026607,2100841.585334012,603.42979371159
132300.0,4580053.51911009,173779.21235303982,4580006.720570827,245.17515263471802,1511.5920422675492,245.04830692861498,-6.712937492637487,-0.2555950978714617,-6.712868826943885,18098.075222067706,0.0,0.19182687041996702,1.940615498026607,2100841.585334012,603.42979371159
132400.0,4580078.003060808,173930.3702789367,4580031.191837318,244.50386315541968,1511.5664721257876,244.37702431673577,-6.712852126066462,-0.2558077424358388,-6.712783443377012,18098.075222067706,0.0,0.19182687041996702,1.940615498026607,2100841.585334012,603.42979371159
132500.0,4580102.419883005,174081.5256467561,4580055.595975975,243.83258220295883,1511.5408807180502,243.70575023339381,-6.712766955872421,-0.25602041735283754,-6.712698256183222,18098.075222067706,0.0,0.19182687041996702,1.940615498026607,2100841.585334012,603.42979371159
132600.0,4580126.769577533,174232.67845437134,4580079.932987648,243.16130975770244,1511.5152680413128,243.03448465895647,-6.712681981961679,-0.25623312239911117,-6.712613265268846,18098.075222067706,0.0,0.19182687041996702,1.940615498026607,2100841.585334012,603.42979371159
132700.0,4580151.05214524,174383.8286996553,4580104.202873189,242.49004580002682,1511.4896340925734,242.3632275738005,-6.712597204241381,-0.2564458573535552,-6.712528470541053,18098.075222067706,0.0,0.19182687041996702,1.940615498026607,2100841.585334012,603.42979371159
132800.0,4580175.267586975,174534.9763804807,4580128.405633445,241.81879031031755,1511.4639788688523,241.69197895831178,-6.712512622619496,-0.2566586219972844,-6.712443871907824,18098.075222067706,0.0,0.19182687041996702,1.940615498026607,2100841.585334012,603.42979371159
132900.0,4580199.415903584,174686.12149471982,4580152.541269262,241.14754326896934,1511.4383023671915,241.02073879288548,-6.712428237004789,-0.25687141611361175,-6.71235946927795,18098.075222067706,0.0,0.19182687041996702,1.940615498026607,2100841.585334012,603.42979371159
133000.0,4580223.49709591,174837.26404024477,4580176.609781485,240.47630465638602,1511.4126045846542,240.34950705792576,-6.712344047306836,-0.25708423948802617,-6.71227526256102,18098.075222067706,0.0,0.19182687041996702,1.940615498026607,2100841.585334012,603.42979371159
133100.0,4580247.511164796,174988.4040149273,4580200.611170955,239.8050744529804,1511.3868855183255,239.67828373384583,-6.712260053436002,-0.2572970919081724,-6.71219125166742,18098.075222067706,0.0,0.19182687041996702,1.940615498026607,2100841.585334012,603.42979371159
133200.0,4580271.45811108,175139.54141663888,4580224.545438512,239.1338526391742,1511.3611451653112,239.0070688010678,-6.712176255303437,-0.2575099731638292,-6.712107436508317,18098.075222067706,0.0,0.19182687041996702,1.940615498026607,2100841.585334012,603.42979371159
133300.0,4580295.337935602,175290.6762432507,4580248.412584995,238.46263919539803,1511.3353835227383,238.3358622400226,-6.712092652821075,-0.25772288304688923,-6.712023816995662,18098.075222067706,0.0,0.19182687041996702,1.940615498026607,2100841.585334012,603.42979371159
133400.0,4580319.150639198,175441.80849263366,4580272.212611239,237.79143410209122,1511.3096005877544,237.66466403115,-6.712009245901613,-0.25793582135133786,-6.711940393042172,18098.075222067706,0.0,0.19182687041996702,1.940615498026607,2100841.585334012,603.42979371159
133500.0,4580342.8962227,175592.9381626584,4580295.945518079,237.12023733970182,1511.2837963575275,236.99347415489842,-6.711926034458502,-0.25814878787323287,-6.711857164561313,18098.075222067706,0.0,0.19182687041996702,1.940615498026607,2100841.585334012,603.42979371159
133600.0,4580366.574686943,175744.06525119522,4580319.611306347,236.4490488886865,1511.257970829246,236.32229259172485,-6.711843018405958,-0.25836178241068486,-6.711774131467318,18098.075222067706,0.0,0.19182687041996702,1.940615498026607,2100841.585334012,603.42979371159
133700.0,4580390.186032754,175895.1897561142,4580343.209976873,235.77786872951043,1511.2321240001183,235.65111932209487,-6.711760197658937,-0.2585748047638371,-6.711691293675163,18098.075222067706,0.0,0.19182687041996702,1.940615498026607,2100841.585334012,603.42979371159
133800.0,4580413.7302609645,176046.31167528513,4580366.741530487,235.10669684264732,1511.2062558673726,234.97995432648256,-6.711677572133136,-0.2587878547348457,-6.71160865110056,18098.075222067706,0.0,0.19182687041996702,1.940615498026607,2100841.585334012,603.42979371159
133900.0,4580437.207372398,176197.43100657748,4580390.205968014,234.43553320857922,1511.1803664282572,234.3087975853703,-6.711595141744988,-0.2590009321278604,-6.711526203659958,18098.075222067706,0.0,0.19182687041996702,1.940615498026607,2100841.585334012,603.42979371159
134000.0,4580460.61736788,176348.5477478605,4580413.603290278,233.7643778077965,1511.1544556800395,233.63764907924886,-6.711512906411635,-0.2592140367490048,-6.711443951270517,18098.075222067706,0.0,0.19182687041996702,1.940615498026607,2100841.585334012,603.42979371159
134100.0,4580483.960248234,176499.6618970031,4580436.933498103,233.0932306207978,1511.1285236200063,232.96650878861723,-6.71143086605094,-0.25942716840635727,-6.711361893850119,18098.075222067706,0.0,0.19182687041996702,1.940615498026607,2100841.585334012,603.42979371159
134200.0,4580507.236014278,176650.773451874,4580460.1965923095,232.42209162808996,1511.1025702454633,232.29537669398258,-6.711349020581489,-0.25964032690993355,-6.711280031317365,18098.075222067706,0.0,0.19182687041996702,1.940615498026607,2100841.585334012,603.42979371159
134300.0,4580530.444666832,176801.8824103416,4580483.392573715,231.75096081018785,1511.0765955537356,231.62425277586019,-6.711267369922551,-0.2598535120716654,-6.711198363591535,18098.075222067706,0.0,0.19182687041996702,1.940615498026607,2100841.585334012,603.42979371159
134400.0,4580553.586206712,176952.9887702741,4580506.521443137,231.07983814761442,1511.0505995421665,230.95313701477338,-6.7111859139940995,-0.26006672370538436,-6.711116890592623,18098.075222067706,0.0,0.19182687041996702,1.940615498026607,2100841.585334012,603.42979371159
134500.0,4580576.660634733,177104.0925295393,4580529.58320139,230.40872362090064,1511.0245822081183,230.28202939125342,-6.711104652716793,-0.2602799616268026,-6.711035612241302,18098.075222067706,0.0,0.19182687041996702,1.940615498026607,2100841.585334012,603.42979371159
134600.0,4580599.667951707,177255.19368600487,4580552.577849286,229.7376172105853,1510.9985435489712,229.61092988583948,-6.711023586011977,-0.26049322565349525,-6.710954528458936,18098.075222067706,0.0,0.19182687041996702,1.940615498026607,2100841.585334012,603.42979371159
134700.0,4580622.608158445,177406.29223753817,4580575.505387637,229.0665188972151,1510.9724835621234,228.9398384790786,-6.710942713801659,-0.260706515604881,-6.710873639167544,18098.075222067706,0.0,0.19182687041996702,1.940615498026607,2100841.585334012,603.42979371159
134800.0,4580645.481255756,177557.38818200628,4580598.365817251,228.39542866134443,1510.946402244992,228.2687551515255,-6.710862036008523,-0.26091983130220636,-6.710792944289827,18098.075222067706,0.0,0.19182687041996702,1.940615498026607,2100841.585334012,603.42979371159
134900.0,4580668.287244446,177708.48151727606,4580621.159138936,227.72434648353538,1510.9202995950109,227.59767988374273,-6.7107815525559085,-0.2611331725685266,-6.71071244374914,18098.075222067706,0.0,0.19182687041996702,1.940615498026607,2100841.585334012,603.42979371159
135000.0,4580691.02612532,177859.5722412141,4580643.885353495,227.05327234435777,1510.894175609632,226.92661265630034,-6.710701263367816,-0.26134653922869006,-6.710632137469499,18098.075222067706,0.0,0.19182687041996702,1.940615498026607,2100841.585334012,603.42979371159
135100.0,4580713.697899182,178010.66035168673,4580666.544461734,226.38220622438885,1510.8680302863245,226.255553449776,-6.71062116836888,-0.2615599311093182,-6.710552025375552,18098.075222067706,0.0,0.19182687041996702,1.940615498026607,2100841.585334012,603.42979371159
135200.0,4580736.302566832,178161.74584656002,4580689.136464451,225.7111481042135,1510.8418636225751,225.58450224475487,-6.710541267484396,-0.26177334803879204,-6.710472107392609,18098.075222067706,0.0,0.19182687041996702,1.940615498026607,2100841.585334012,603.42979371159
135300.0,4580758.840129069,178312.82872369981,4580711.661362449,225.04009796442395,1510.8156756158874,224.91345902182957,-6.710461560640274,-0.2619867898472322,-6.710392383446599,18098.075222067706,0.0,0.19182687041996702,1.940615498026607,2100841.585334012,603.42979371159
135400.0,4580781.31058669,178463.9089809717,4580734.119156522,224.36905578561988,1510.7894662637818,224.2424237616001,-6.7103820477630585,-0.262200256366484,-6.7103128534640755,18098.075222067706,0.0,0.19182687041996702,1.940615498026607,2100841.585334012,603.42979371159
135500.0,4580803.713940491,178614.986616241,4580756.509847466,223.6980215484082,1510.763235563796,223.57139644467372,-6.710302728779922,-0.2624137474301007,-6.710233517372227,18098.075222067706,0.0,0.19182687041996702,1.940615498026607,2100841.585334012,603.42979371159
135600.0,4580826.050191264,178766.06162737278,4580778.833436075,223.02699523340317,1510.7369835134832,222.90037705166503,-6.710223603618653,-0.2626272628733276,-6.710154375098856,18098.075222067706,0.0,0.19182687041996702,1.940615498026607,2100841.585334012,603.42979371159
135700.0,4580848.319339801,178917.13401223192,4580801.08992314,222.35597682122614,1510.710710110414,222.22936556319573,-6.710144672207642,-0.26284080253308434,-6.7100754265723666,18098.075222067706,0.0,0.19182687041996702,1.940615498026607,2100841.585334012,603.42979371159
135800.0,4580870.521386891,179068.20376868302,4580823.279309451,221.68496629250566,1510.6844153521747,221.55836195989468,-6.71006593447588,-0.2630543662479501,-6.709996671721767,18098.075222067706,0.0,0.19182687041996702,1.940615498026607,2100841.585334012,603.42979371159
135900.0,4580892.656333321,179219.27089459045,4580845.401595795,221.01396362787733,1510.658099236368,220.88736622239784,-6.709987390352967,-0.26326795385814794,-6.709918110476669,18098.075222067706,0.0,0.19182687041996702,1.940615498026607,2100841.585334012,603.42979371159
136000.0,4580914.724179877,179370.3353878183,4580867.456782957,220.34296880798377,1510.6317617606119,220.21637833134815,-6.709909039769094,-0.2634815652055291,-6.709839742767274,18098.075222067706,0.0,0.19182687041996702,1.940615498026607,2100841.585334012,603.42979371159
136100.0,4580936.7249273425,179521.3972462305,4580889.444871722,219.67198181347453,1510.6054029225409,219.5453982673955,-6.709830882655027,-0.26369520013355646,-6.709761568524365,18098.075222067706,0.0,0.19182687041996702,1.940615498026607,2100841.585334012,603.42979371159
136200.0,4580958.6585765,179672.45646769067,4580911.365862871,219.00100262500607,1510.5790227198045,218.8744260111967,-6.70975291894212,-0.26390885848729034,-6.709683587679308,18098.075222067706,0.0,0.19182687041996702,1.940615498026607,2100841.585334012,603.42979371159
136300.0,4580980.525128127,179823.51305006223,4580933.219757183,218.33003122324166,1510.5526211500678,218.20346154341533,-6.709675148562301,-0.26412254011337316,-6.709605800164046,18098.075222067706,0.0,0.19182687041996702,1.940615498026607,2100841.585334012,603.42979371159
136400.0,4581002.324583003,179974.56699120838,4580955.006555438,217.6590675888514,1510.5261982110112,217.5325048447218,-6.709597571448069,-0.26433624486001417,-6.709528205911088,18098.075222067706,0.0,0.19182687041996702,1.940615498026607,2100841.585334012,603.42979371159
136500.0,4581024.056941903,180125.61828899206,4580976.72625841,216.98811170251207,1510.4997539003302,216.86155589579326,-6.709520187532474,-0.26454997257697394,-6.709450804853497,18098.075222067706,0.0,0.19182687041996702,1.940615498026607,2100841.585334012,603.42979371159
136600.0,4581045.722205602,180276.666941276,4580998.378866875,216.31716354490715,1510.4732882157352,216.19061467731348,-6.7094429967491385,-0.2647637231155513,-6.70937359692491,18098.075222067706,0.0,0.19182687041996702,1.940615498026607,2100841.585334012,603.42979371159
136700.0,4581067.32037487,180427.71294592269,4581019.964381603,215.6462230967267,1510.4468011549513,215.51968116997284,-6.70936599903223,-0.2649774963285677,-6.709296582059508,18098.075222067706,0.0,0.19182687041996702,1.940615498026607,2100841.585334012,603.42979371159
136800.0,4581088.851450478,180578.75630079437,4581041.482803365,214.97529033866732,1510.4202927157185,214.84875535446832,-6.7092891943164625,-0.2651912920703522,-6.709219760192016,18098.075222067706,0.0,0.19182687041996702,1.940615498026607,2100841.585334012,603.42979371159
136900.0,4581110.315433193,180729.79700375313,4581062.93413293,214.3043652514322,1510.393762895791,214.17783721150334,-6.709212582537088,-0.26540511019672863,-6.709143131257702,18098.075222067706,0.0,0.19182687041996702,1.940615498026607,2100841.585334012,603.42979371159
137000.0,4581131.712323783,180880.83505266078,4581084.318371063,213.63344781573085,1510.3672116929376,213.5069267217878,-6.709136163629909,-0.2656189505650008,-6.709066695192372,18098.075222067706,0.0,0.19182687041996702,1.940615498026607,2100841.585334012,603.42979371159
137100.0,4581153.04212301,181031.87044537888,4581105.6355185285,212.96253801227925,1510.3406391049414,212.836023866038,-6.709059937531239,-0.2658328130339383,-6.708990451932361,18098.075222067706,0.0,0.19182687041996702,1.940615498026607,2100841.585334012,603.42979371159
137200.0,4581174.304831639,181182.90317976885,4581126.88557609,212.29163582179976,1510.314045129599,212.16512862497657,-6.708983904177926,-0.26604669746376247,-6.708914401414525,18098.075222067706,0.0,0.19182687041996702,1.940615498026607,2100841.585334012,603.42979371159
137300.0,4581195.500450428,181333.93325369182,4581148.068544507,211.62074122502094,1510.2874297647213,211.49424097933243,-6.708908063507344,-0.2662606037161342,-6.708838543576251,18098.075222067706,0.0,0.19182687041996702,1.940615498026607,2100841.585334012,603.42979371159
137400.0,4581216.628980136,181484.96066500875,4581169.184424538,210.9498542026776,1510.2607930081329,210.82336090984074,-6.708832415457375,-0.26647453165413837,-6.7087628783554285,18098.075222067706,0.0,0.19182687041996702,1.940615498026607,2100841.585334012,603.42979371159
137500.0,4581237.69042152,181635.98541158033,4581190.23321694,210.27897473551081,1510.234134857672,210.15248839724282,-6.708756959966409,-0.2666884811422718,-6.708687405690464,18098.075222067706,0.0,0.19182687041996702,1.940615498026607,2100841.585334012,603.42979371159
137600.0,4581258.684775334,181787.00749126708,4581211.214922469,209.60810280426773,1510.2074553111904,209.48162342228616,-6.708681696973353,-0.26690245204642987,-6.708612125520275,18098.075222067706,0.0,0.19182687041996702,1.940615498026607,2100841.585334012,603.42979371159
137700.0,4581279.612042331,181938.0269019293,4581232.129541876,208.93723838970158,1510.1807543665532,208.8107659657243,-6.708606626417606,-0.26711644423389275,-6.708537037784271,18098.075222067706,0.0,0.19182687041996702,1.940615498026607,2100841.585334012,603.42979371159
137800.0,4581300.472223262,182089.04364142704,4581252.977075912,208.26638147257162,1510.1540320216386,208.13991600831685,-6.708531748239057,-0.2673304575733126,-6.708462142422353,18098.075222067706,0.0,0.19182687041996702,1.940615498026607,2100841.585334012,603.42979371159
137900.0,4581321.265318875,182240.0577076202,4581273.757525327,207.59553203364317,1510.1272882743378,207.46907353082935,-6.708457062378099,-0.2675444919347015,-6.708387439374926,18098.075222067706,0.0,0.19182687041996702,1.940615498026607,2100841.585334012,603.42979371159
138000.0,4581341.991329918,182391.06909836843,4581294.470890867,206.92469005368739,1510.1005231225552,206.79823851403333,-6.708382568775603,-0.26775854718941716,-6.708312928582865,18098.075222067706,0.0,0.19182687041996702,1.940615498026607,2100841.585334012,603.42979371159
138100.0,4581362.650257134,182542.07781153117,4581315.117173277,206.25385551348137,1510.0737365642076,206.1274109387062,-6.708308267372926,-0.26797262321015264,-6.70823860998755,18098.075222067706,0.0,0.19182687041996702,1.940615498026607,2100841.585334012,603.42979371159
138200.0,4581383.242101268,182693.08384496765,4581335.696373302,205.58302839380806,1510.046928597225,205.4565907856312,-6.708234158111889,-0.26818671987092063,-6.7081644835308065,18098.075222067706,0.0,0.19182687041996702,1.940615498026607,2100841.585334012,603.42979371159
138300.0,4581403.76686306,182844.08719653692,4581356.208491681,204.91220867545618,1510.0200992195494,204.78577803559733,-6.7081602409348005,-0.2684008370470443,-6.708090549154953,18098.075222067706,0.0,0.19182687041996702,1.940615498026607,2100841.585334012,603.42979371159
138400.0,4581424.224543249,182995.0878640978,4581376.653529155,204.24139633922022,1509.9932484291357,204.1149726693994,-6.708086515784436,-0.26861497461514394,-6.708016806802776,18098.075222067706,0.0,0.19182687041996702,1.940615498026607,2100841.585334012,603.42979371159
138500.0,4581444.615142574,183146.0858455089,4581397.031486461,203.5705913659003,1509.9663762239506,203.44417466783787,-6.708012982604025,-0.2688291324531235,-6.707943256417517,18098.075222067706,0.0,0.19182687041996702,1.940615498026607,2100841.585334012,603.42979371159
138600.0,4581464.938661767,183297.08113862868,4581417.342364334,202.89979373630229,1509.9394826019734,202.77338401171886,-6.707939641337258,-0.26904331044016067,-6.707869897942875,18098.075222067706,0.0,0.19182687041996702,1.940615498026607,2100841.585334012,603.42979371159
138700.0,4581485.195101565,183448.07374131534,4581437.586163507,202.2290034312376,1509.912567561195,202.1026006818541,-6.7078664919282796,-0.2692575084566935,-6.707796731323007,18098.075222067706,0.0,0.19182687041996702,1.940615498026607,2100841.585334012,603.42979371159
138800.0,4581505.384462697,183599.0636514269,4581457.762884713,201.55822043152324,1509.8856310996182,201.43182465906094,-6.70779353432169,-0.26947172638440975,-6.707723756502521,18098.075222067706,0.0,0.19182687041996702,1.940615498026607,2100841.585334012,603.42979371159
138900.0,4581525.506745894,183750.05086682117,4581477.8725286815,200.8874447179817,1509.858673215258,200.76105592416212,-6.707720768462527,-0.26968596410623463,-6.7076509734264675,18098.075222067706,0.0,0.19182687041996702,1.940615498026607,2100841.585334012,603.42979371159
139000.0,4581545.561951883,183901.0353853558,4581497.9150961405,200.21667627144097,1509.8316939061408,200.09029445798598,-6.707648194296277,-0.2699002215063197,-6.707578382040343,18098.075222067706,0.0,0.19182687041996702,1.940615498026607,2100841.585334012,603.42979371159
139100.0,4581565.55008139,184052.01720488816,4581517.890587815,199.5459150727345,1509.8046931703045,199.4195402413662,-6.707575811768856,-0.2701144984700308,-6.70750598229007,18098.075222067706,0.0,0.19182687041996702,1.940615498026607,2100841.585334012,603.42979371159
139200.0,4581585.4711351385,184202.99632327555,4581537.79900443,198.87516110270104,1509.7776710057985,198.7487932551419,-6.707503620826617,-0.27032879488393774,-6.707433774122015,18098.075222067706,0.0,0.19182687041996702,1.940615498026607,2100841.585334012,603.42979371159
139300.0,4581605.325113851,184353.97273837499,4581557.640346707,198.20441434218478,1509.7506274106831,198.0780534801575,-6.707431621416346,-0.27054311063580266,-6.707361757482971,18098.075222067706,0.0,0.19182687041996702,1.940615498026607,2100841.585334012,603.42979371159
139400.0,4581625.112018246,184504.94644804328,4581577.414615366,197.53367477203514,1509.7235623830304,197.40732089726276,-6.707359813485244,-0.27075744561456866,-6.707289932320149,18098.075222067706,0.0,0.19182687041996702,1.940615498026607,2100841.585334012,603.42979371159
139500.0,4581644.831849044,184655.91745013712,4581597.121811125,196.86294237310685,1509.696475920923,196.73659548731268,-6.707288196980945,-0.2709717997103497,-6.707218298581194,18098.075222067706,0.0,0.19182687041996702,1.940615498026607,2100841.585334012,603.42979371159
139600.0,4581664.48460696,184806.88574251294,4581616.761934701,196.1922171262598,1509.6693680224546,196.06587723116746,-6.707216771851484,-0.2711861728144187,-6.7071468562141465,18098.075222067706,0.0,0.19182687041996702,1.940615498026607,2100841.585334012,603.42979371159
139700.0,4581684.0702927075,184957.85132302702,4581636.334986809,195.5214990123591,1509.64223868573,195.3951661096925,-6.707145538045321,-0.271400564819198,-6.7070756051674785,18098.075222067706,0.0,0.19182687041996702,1.940615498026607,2100841.585334012,603.42979371159
139800.0,4581703.588907,185108.81418953542,4581655.84096816,194.850788012275,1509.6150879088643,194.72446210375833,-6.707074495511323,-0.2716149756182481,-6.707004545390067,18098.075222067706,0.0,0.19182687041996702,1.940615498026607,2100841.585334012,603.42979371159
139900.0,4581723.040450547,185259.77433989407,4581675.279879466,194.1800841068828,1509.5879156899834,194.05376519424055,-6.707003644198755,-0.2718294051062571,-6.706933676831188,18098.075222067706,0.0,0.19182687041996702,1.940615498026607,2100841.585334012,603.42979371159
140000.0,4581742.424924057,185410.73177195864,4581694.651721435,193.50938727706287,1509.5607220272236,193.38307536201984,-6.706932984057293,-0.2720438531790307,-6.706862999440521,18098.075222067706,0.0,0.19182687041996702,1.940615498026607,2100841.585334012,603.42979371159
140100.0,4581761.742328238,185561.68648358466,4581713.956494774,192.83869750370062,1509.5335069187315,192.71239258798184,-6.706862515037001,-0.2722583197334813,-6.706792513168141,18098.075222067706,0.0,0.19182687041996702,1.940615498026607,2100841.585334012,603.42979371159
140200.0,4581780.992663792,185712.63847262747,4581733.194200187,192.1680147676864,1509.5062703626643,192.04171685301725,-6.706792237088339,-0.2724728046676188,-6.706722217964521,18098.075222067706,0.0,0.19182687041996702,1.940615498026607,2100841.585334012,603.42979371159
140300.0,4581800.175931425,185863.58773694222,4581752.3648383785,191.49733904991552,1509.4790123571888,191.37104813802162,-6.706722150162165,-0.27268730788053974,-6.706652113780524,18098.075222067706,0.0,0.19182687041996702,1.940615498026607,2100841.585334012,603.42979371159
140400.0,4581819.292131836,186014.53427438388,4581771.468410049,190.82667033128817,1509.4517329004823,190.70038642389545,-6.706652254209712,-0.2729018292724173,-6.7065822005673885,18098.075222067706,0.0,0.19182687041996702,1.940615498026607,2100841.585334012,603.42979371159
140500.0,4581838.341265724,186165.47808280724,4581790.504915896,190.15600859270938,1509.4244319907316,190.02973169154407,-6.706582549182607,-0.2731163687444925,-6.706512478276754,18098.075222067706,0.0,0.19182687041996702,1.940615498026607,2100841.585334012,603.42979371159
140600.0,4581857.323333787,186316.41916006687,4581809.474356619,189.48535381508907,1509.397109626134,189.3590839218776,-6.706513035032845,-0.27333092619906274,-6.7064429468606255,18098.075222067706,0.0,0.19182687041996702,1.940615498026607,2100841.585334012,603.42979371159
140700.0,4581876.238336719,186467.35750401724,4581828.376732912,188.81470597934182,1509.3697658048957,188.68844309581104,-6.706443711712797,-0.273545501539473,-6.706373606271379,18098.075222067706,0.0,0.19182687041996702,1.940615498026607,2100841.585334012,603.42979371159
140800.0,4581895.086275213,186618.2931125126,4581847.212045468,188.14406506638707,1509.342400525233,188.017809194264,-6.70637457917522,-0.2737600946701072,-6.706304456461779,18098.075222067706,0.0,0.19182687041996702,1.940615498026607,2100841.585334012,603.42979371159
140900.0,4581913.867149962,186769.22598340697,4581865.98029498,187.47343105714893,1509.3150137853718,187.3471821981609,-6.706305637373215,-0.2739747054963762,-6.706235497384936,18098.075222067706,0.0,0.19182687041996702,1.940615498026607,2100841.585334012,603.42979371159
141000.0,4581932.580961654,186920.15611455427,4581884.681482137,186.80280393255615,1509.287605583547,186.6765620884308,-6.706236886260273,-0.27418933392471184,-6.7061667289943525,18098.075222067706,0.0,0.19182687041996702,1.940615498026607,2100841.585334012,603.42979371159
141100.0,4581951.227710977,187071.08350380822,4581903.315607627,186.13218367354213,1509.2601759180031,186.00594884600739,-6.706168325790234,-0.27440397986255455,-6.7060981512438715,18098.075222067706,0.0,0.19182687041996702,1.940615498026607,2100841.585334012,603.42979371159
141200.0,4581969.807398617,187222.00814902235,4581921.882672135,185.46157026104487,1509.232724786994,185.3353424518289,-6.706099955917296,-0.27461864321834567,-6.706029764087702,18098.075222067706,0.0,0.19182687041996702,1.940615498026607,2100841.585334012,603.42979371159
141300.0,4581988.320025258,187372.93004805004,4581940.382676345,184.79096367600695,1509.205252188782,184.6647428868382,-6.706031776596013,-0.27483332390151827,-6.705961567480404,18098.075222067706,0.0,0.19182687041996702,1.940615498026607,2100841.585334012,603.42979371159
141400.0,4582006.7655915795,187523.8491987445,4581958.815620939,184.12036389937546,1509.177758121639,183.99415013198268,-6.705963787781292,-0.2750480218224878,-6.705893561376894,18098.075222067706,0.0,0.19182687041996702,1.940615498026607,2100841.585334012,603.42979371159
141500.0,4582025.144098263,187674.76559895868,4581977.181506597,183.44977091210197,1509.1502425838457,183.32356416821418,-6.705895989428395,-0.27526273689264374,-6.705825745732441,18098.075222067706,0.0,0.19182687041996702,1.940615498026607,2100841.585334012,603.42979371159
141600.0,4582043.455545987,187825.6792465455,4581995.480333998,182.77918469514253,1509.1227055736917,182.65298497648902,-6.705828381492912,-0.27547746902433945,-6.705758120502641,18098.075222067706,0.0,0.19182687041996702,1.940615498026607,2100841.585334012,603.42979371159
141700.0,4582061.699935427,187976.59013935764,4582013.712103818,182.10860522945762,1509.0951470894752,181.98241253776797,-6.705760963930789,-0.2756922181308849,-6.705690685643449,18098.075222067706,0.0,0.19182687041996702,1.940615498026607,2100841.585334012,603.42979371159
141800.0,4582079.877267257,188127.49827524755,4582031.87681673,181.43803249601206,1509.0675671295028,181.31184683301612,-6.705693736698309,-0.27590698412653747,-6.705623441111154,18098.075222067706,0.0,0.19182687041996702,1.940615498026607,2100841.585334012,603.42979371159
141900.0,4582097.98754215,188278.40365206762,4582049.9744734075,180.76746647577508,1509.0399656920897,180.64128784320295,-6.705626699752085,-0.27612176692649315,-6.705556386862379,18098.075222067706,0.0,0.19182687041996702,1.940615498026607,2100841.585334012,603.42979371159
142000.0,4582116.030760775,188429.30626767,4582068.0050745215,180.0969071497202,1509.01234277556,179.97073554930228,-6.705559853049066,-0.27633656644687804,-6.705489522854077,18098.075222067706,0.0,0.19182687041996702,1.940615498026607,2100841.585334012,603.42979371159
142100.0,4582134.006923802,188580.2061199067,4582085.96862074,179.42635449882525,1508.9846983782456,179.3001899322922,-6.7054931965465325,-0.27655138260474055,-6.705422849043539,18098.075222067706,0.0,0.19182687041996702,1.940615498026607,2100841.585334012,603.42979371159
142200.0,4582151.916031897,188731.10320662957,4582103.865112729,178.7558085040723,1508.957032498487,178.62965097315507,-6.705426730202091,-0.2767662153180425,-6.705356365388375,18098.075222067706,0.0,0.19182687041996702,1.940615498026607,2100841.585334012,603.42979371159
142300.0,4582169.758085724,188881.99752569027,4582121.694551155,178.08526914644762,1508.9293451346327,177.95911865287744,-6.705360453973668,-0.2769810645056511,-6.705290071846521,18098.075222067706,0.0,0.19182687041996702,1.940615498026607,2100841.585334012,603.42979371159
142400.0,4582187.533085947,189032.88907494032,4582139.45693668,177.41473640694173,1508.9016362850393,177.28859295245005,-6.705294367819512,-0.2771959300873303,-6.705223968376233,18098.075222067706,0.0,0.19182687041996702,1.940615498026607,2100841.585334012,603.42979371159
142500.0,4582205.241033225,189183.77785223105,4582157.152269965,176.7442102665493,1508.8739059480713,176.61807385286784,-6.705228471698187,-0.2774108119837336,-6.70515805493608,18098.075222067706,0.0,0.19182687041996702,1.940615498026607,2100841.585334012,603.42979371159
142600.0,4582222.881928219,189334.66385541364,4582174.78055167,176.07369070626905,1508.8461541221013,175.94756133512985,-6.705162765568577,-0.2776257101163955,-6.705092331484955,18098.075222067706,0.0,0.19182687041996702,1.940615498026607,2100841.585334012,603.42979371159
142700.0,4582240.455771586,189485.54708233912,4582192.341782452,175.40317770710388,1508.8183808055094,175.27705538023923,-6.705097249389874,-0.2778406244077237,-6.705026797982054,18098.075222067706,0.0,0.19182687041996702,1.940615498026607,2100841.585334012,603.42979371159
142800.0,4582257.962563979,189636.42753085835,4582209.835962964,174.73267125006072,1508.7905859966836,174.60655596920319,-6.705031923121586,-0.27805555478099186,-6.7049614543868925,18098.075222067706,0.0,0.19182687041996702,1.940615498026607,2100841.585334012,603.42979371159
142900.0,4582275.402306054,189787.305198822,4582227.263093863,174.06217131615054,1508.7627696940197,173.93606308303293,-6.7049667867235145,-0.2782705011603299,-6.704896300659278,18098.075222067706,0.0,0.19182687041996702,1.940615498026607,2100841.585334012,603.42979371159
143000.0,4582292.77499846,189938.18008408064,4582244.623175798,173.39167788638832,1508.7349318959205,173.26557670274374,-6.704901840155774,-0.278485463470719,-6.704831336759334,18098.075222067706,0.0,0.19182687041996702,1.940615498026607,2100841.585334012,603.42979371159
143100.0,4582310.080641847,190089.05218448464,4582261.916209419,172.72119094179303,1508.707072600797,172.5950968093548,-6.704837083378777,-0.2787004416379819,-6.704766562647476,18098.075222067706,0.0,0.19182687041996702,1.940615498026607,2100841.585334012,603.42979371159
143200.0,4582327.319236863,190239.9214978842,4582279.142195375,172.05071046338753,1508.6791918070667,171.92462338388927,-6.704772516353232,-0.2789154355887764,-6.704701978284422,18098.075222067706,0.0,0.19182687041996702,1.940615498026607,2100841.585334012,603.42979371159
143300.0,4582344.490784154,190390.7880221294,4582296.301134311,171.38023643219864,1508.6512895131552,171.25415640737424,-6.70470813904014,-0.2791304452505872,-6.70463758363118,18098.075222067706,0.0,0.19182687041996702,1.940615498026607,2100841.585334012,603.42979371159
143400.0,4582361.595284364,190541.6517550701,4582313.393026871,170.70976882925706,1508.623365717495,170.58369586084066,-6.704643951400812,-0.2793454705517201,-6.704573378649061,18098.075222067706,0.0,0.19182687041996702,1.940615498026607,2100841.585334012,603.42979371159
143500.0,4582378.632738134,190692.51269455612,4582330.417873696,170.0393076355973,1508.595420418526,169.91324172532333,-6.704579953396827,-0.27956051142129246,-6.704509363299658,18098.075222067706,0.0,0.19182687041996702,1.940615498026607,2100841.585334012,603.42979371159
143600.0,4582395.603146104,190843.370838437,4582347.375675429,169.36885283225777,1508.5674536146942,169.2427939818609,-6.704516144990061,-0.2797755677892274,-6.704445537544847,18098.075222067706,0.0,0.19182687041996702,1.940615498026607,2100841.585334012,603.42979371159
143700.0,4582412.506508913,190994.22618456217,4582364.266432705,168.69840440028065,1508.5394653044536,168.5723526114958,-6.7044525261426715,-0.2799906395862462,-6.704381901346795,18098.075222067706,0.0,0.19182687041996702,1.940615498026607,2100841.585334012,603.42979371159
143800.0,4582429.342827196,191145.07873078095,4582381.090146163,168.02796232071185,1508.5114554862648,167.90191759527423,-6.7043890968171045,-0.2802057267438616,-6.704318454667951,18098.075222067706,0.0,0.19182687041996702,1.940615498026607,2100841.585334012,603.42979371159
143900.0,4582446.112101588,191295.92847494246,4582397.846816435,167.35752657460108,1508.483424158595,167.23148891424614,-6.704325856976086,-0.28042082919437067,-6.70425519747105,18098.075222067706,0.0,0.19182687041996702,1.940615498026607,2100841.585334012,603.42979371159
144000.0,4582462.814332722,191446.77541489564,4582414.536444156,166.68709714300172,1508.4553713199184,166.56106654946518,-6.7042628065826015,-0.28063594687084664,-6.704192129719084,18098.075222067706,0.0,0.19182687041996702,1.940615498026607,2100841.585334012,603.42979371159
144100.0,4582479.449521227,191597.61954848934,4582431.159029956,166.01667400697087,1508.4272969687156,165.8906504819887,-6.704199945599934,-0.28085107970713413,-6.70412925137534,18098.075222067706,0.0,0.19182687041996702,1.940615498026607,2100841.585334012,603.42979371159
144200.0,4582496.017667732,191748.46087357224,4582447.714574463,165.34625714756928,1508.3992011034738,165.22024069287772,-6.704137273991637,-0.2810662276378413,-6.704066562403374,18098.075222067706,0.0,0.19182687041996702,1.940615498026607,2100841.585334012,603.42979371159
144300.0,4582512.518772865,191899.29938799285,4582464.2030783035,164.67584654586128,1508.371083722687,164.54983716319686,-6.704074791721508,-0.2812813905983317,-6.704004062766994,18098.075222067706,0.0,0.19182687041996702,1.940615498026607,2100841.585334012,603.42979371159
144400.0,4582528.952837249,192050.13508959956,4582480.624542103,164.0054421829149,1508.3429448248553,163.87943987401434,-6.704012498753642,-0.28149656852472044,-6.703941752430296,18098.075222067706,0.0,0.19182687041996702,1.940615498026607,2100841.585334012,603.42979371159
144500.0,4582545.319861509,192200.96797624056,4582496.978966486,163.33504403980166,1508.3147844084854,163.209048806402,-6.703950395052378,-0.2817117613538653,-6.703879631357629,18098.075222067706,0.0,0.19182687041996702,1.940615498026607,2100841.585334012,603.42979371159
144600.0,4582561.619846264,192351.79804576392,4582513.266352071,162.6646520975967,1508.28660247209,162.5386639414352,-6.70388848058234,-0.28192696902336156,-6.703817699513619,18098.075222067706,0.0,0.19182687041996702,1.940615498026607,2100841.585334012,603.42979371159
144700.0,4582577.8527921345,192502.6252960176,4582529.48669948,161.99426633737866,1508.2583990141882,161.86828526019283,-6.7038267553083895,-0.28214219147153413,-6.703755956863134,18098.075222067706,0.0,0.19182687041996702,1.940615498026607,2100841.585334012,603.42979371159
144800.0,4582594.018699737,192653.44972484934,4582545.640009329,161.32388674022965,1508.230174033305,161.19791274375729,-6.703765219195655,-0.28235742863743246,-6.70369440337131,18098.075222067706,0.0,0.19182687041996702,1.940615498026607,2100841.585334012,603.42979371159
144900.0,4582610.117569688,192804.27133010677,4582561.726282233,160.6535132872353,1508.201927527972,160.52754637321442,-6.703703872209524,-0.2825726804608234,-6.703633039003536,18098.075222067706,0.0,0.19182687041996702,1.940615498026607,2100841.585334012,603.42979371159
145000.0,4582626.149402599,192955.0901096374,4582577.745518807,159.9831459594847,1508.1736594967263,159.85718612965357,-6.70364271431563,-0.282787946882185,-6.703571863725453,18098.075222067706,0.0,0.19182687041996702,1.940615498026607,2100841.585334012,603.42979371159
145100.0,4582642.114199083,193105.90606128852,4582593.697719662,159.31278473807026,1508.145369938111,159.18683199416748,-6.70358174547987,-0.28300322784270104,-6.703510877502962,18098.075222067706,0.0,0.19182687041996702,1.940615498026607,2100841.585334012,603.42979371159
145200.0,4582658.01195975,193256.71918290737,4582609.582885409,158.6424296040879,1508.117058850675,158.51648394785227,-6.703520965668377,-0.2832185232842534,-6.7034500803022015,18098.075222067706,0.0,0.19182687041996702,1.940615498026607,2100841.585334012,603.42979371159
145300.0,4582673.842685207,193407.52947234098,4582625.401016654,157.9720805386369,1508.0887262329732,157.84614197180744,-6.703460374847534,-0.28343383314941745,-6.703389472089563,18098.075222067706,0.0,0.19182687041996702,1.940615498026607,2100841.585334012,603.42979371159
145400.0,4582689.606376059,193558.33692743623,4582641.152114005,157.30173752281982,1508.060372083566,157.17580604713586,-6.703399972983973,-0.28364915738145474,-6.703329052831677,18098.075222067706,0.0,0.19182687041996702,1.940615498026607,2100841.585334012,603.42979371159
145500.0,4582705.303032912,193709.1415460399,4582656.836178064,156.63140053774262,1508.0319964010198,156.50547615494372,-6.703339760044569,-0.2838644959243081,-6.703268822495427,18098.075222067706,0.0,0.19182687041996702,1.940615498026607,2100841.585334012,603.42979371159
145600.0,4582720.932656367,193859.9433259986,4582672.453209436,155.96106956451453,1508.003599183906,155.8351522763405,-6.703279735996434,-0.284079848722595,-6.703208781047928,18098.075222067706,0.0,0.19182687041996702,1.940615498026607,2100841.585334012,603.42979371159
145700.0,4582736.495247025,194010.74226515883,4582688.003208719,155.29074458424805,1507.975180430802,155.16483439243893,-6.703219900806913,-0.2842952157216015,-6.703148928456533,18098.075222067706,0.0,0.19182687041996702,1.940615498026607,2100841.585334012,603.42979371159
145800.0,4582751.990805483,194161.53836136687,4582703.486176513,154.62042557805893,1507.9467401402903,154.49452248435506,-6.703160254443598,-0.28451059686727737,-6.703089264688835,18098.075222067706,0.0,0.19182687041996702,1.940615498026607,2100841.585334012,603.42979371159
145900.0,4582767.419332339,194312.33161246893,4582718.902113414,153.95011252706618,1507.9182783109588,153.8242165332081,-6.7031007968743115,-0.28472599210622945,-6.703029789712663,18098.075222067706,0.0,0.19182687041996702,1.940615498026607,2100841.585334012,603.42979371159
146000.0,4582782.780828187,194463.12201631107,4582734.251020018,153.279805412392,1507.889794941401,153.15391652012053,-6.703041528067102,-0.28494140138571605,-6.702970503496071,18098.075222067706,0.0,0.19182687041996702,1.940615498026607,2100841.585334012,603.42979371159
146100.0,4582798.075293619,194613.90957073917,4582749.532896916,152.60950421516173,1507.8612900302155,152.48362242621795,-6.702982447990257,-0.2851568246536422,-6.7029114060073525,18098.075222067706,0.0,0.19182687041996702,1.940615498026607,2100841.585334012,603.42979371159
146200.0,4582813.302729227,194764.69427359902,4582764.7477447,151.93920891650396,1507.8327635760058,151.81333423262916,-6.702923556612293,-0.28537226185855286,-6.702852497215023,18098.075222067706,0.0,0.19182687041996702,1.940615498026607,2100841.585334012,603.42979371159
146300.0,4582828.463135598,194915.47612273623,4582779.895563958,151.26891949755034,1507.804215577381,151.1430519204861,-6.70286485390194,-0.28558771294962765,-6.70279377708782,18098.075222067706,0.0,0.19182687041996702,1.940615498026607,2100841.585334012,603.42979371159
146400.0,4582843.556513322,195066.2551159963,4582794.976355279,150.59863593943567,1507.7756460329547,150.4727754709238,-6.702806339828162,-0.28580317787667575,-6.70273524559471,18098.075222067706,0.0,0.19182687041996702,1.940615498026607,2100841.585334012,603.42979371159
146500.0,4582858.582862981,195217.03125122457,4582809.990119247,149.92835822329783,1507.747054941346,149.80250486508038,-6.7027480143601395,-0.2860186565901303,-6.702676902704881,18098.075222067706,0.0,0.19182687041996702,1.940615498026607,2100841.585334012,603.42979371159
146600.0,4582873.54218516,195367.80452626626,4582824.936856446,149.2580863302778,1507.7184423011788,149.13224008409705,-6.702689877467287,-0.2862341490410437,-6.702618748387753,18098.075222067706,0.0,0.19182687041996702,1.940615498026607,2100841.585334012,603.42979371159
146700.0,4582888.434480441,195518.57493896646,4582839.816567457,148.58782024151955,1507.6898081110817,148.46198110911808,-6.7026319291192165,-0.2864496551810804,-6.7025607826129345,18098.075222067706,0.0,0.19182687041996702,1.940615498026607,2100841.585334012,603.42979371159
146800.0,4582903.259749401,195669.3424871701,4582854.62925286,147.91755993817014,1507.661152369688,147.79172792129074,-6.7025741692857785,-0.28666517496251415,-6.702503005350289,18098.075222067706,0.0,0.19182687041996702,1.940615498026607,2100841.585334012,603.42979371159
146900.0,4582918.01799262,195820.10716872197,4582869.374913233,147.24730540137958,1507.632475075636,147.1214805017653,-6.702516597937017,-0.28688070833822005,-6.70244541656986,18098.075222067706,0.0,0.19182687041996702,1.940615498026607,2100841.585334012,603.42979371159
147000.0,4582932.709210673,195970.86898146675,4582884.053549152,146.5770566123009,1507.6037762275687,146.451238831695,-6.702459215043206,-0.287096255261672,-6.702388016241925,18098.075222067706,0.0,0.19182687041996702,1.940615498026607,2100841.585334012,603.42979371159
147100.0,4582947.333404134,196121.62792324898,4582898.665161191,145.90681355209009,1507.5750558241336,145.78100289223613,-6.702402020574821,-0.28731181568693565,-6.702330804336967,18098.075222067706,0.0,0.19182687041996702,1.940615498026607,2100841.585334012,603.42979371159
147200.0,4582961.890573574,196272.38399191303,4582913.209749921,145.23657620190608,1507.5463138639827,145.11077266454782,-6.702345014502545,-0.2875273895686643,-6.702273780825672,18098.075222067706,0.0,0.19182687041996702,1.940615498026607,2100841.585334012,603.42979371159
147300.0,4582976.380719564,196423.13718530317,4582927.687315914,144.56634454291068,1507.5175503457729,144.44054812979218,-6.7022881967972845,-0.287742976862094,-6.702216945678948,18098.075222067706,0.0,0.19182687041996702,1.940615498026607,2100841.585334012,603.42979371159
147400.0,4582990.803842672,196573.88750126353,4582942.0978597365,143.89611855626868,1507.4887652681648,143.77032926913418,-6.7022315674301325,-0.28795857752303733,-6.702160298867891,18098.075222067706,0.0,0.19182687041996702,1.940615498026607,2100841.585334012,603.42979371159
147500.0,4583005.159943464,196724.6349376381,4582956.441381956,143.22589822314768,1507.459958629824,143.1001160637417,-6.702175126372395,-0.28817419150788004,-6.702103840363814,18098.075222067706,0.0,0.19182687041996702,1.940615498026607,2100841.585334012,603.42979371159
147600.0,4583019.4490225045,196875.37949227076,4582970.717883137,142.55568352471818,1507.4311304294206,142.42990849478545,-6.702118873595579,-0.28838981877357545,-6.702047570138227,18098.075222067706,0.0,0.19182687041996702,1.940615498026607,2100841.585334012,603.42979371159
147700.0,4583033.671080356,197026.1211630052,4582984.927363842,141.88547444215348,1507.4022806656283,141.75970654343902,-6.702062809071394,-0.2886054592776394,-6.701991488162843,18098.075222067706,0.0,0.19182687041996702,1.940615498026607,2100841.585334012,603.42979371159
147800.0,4583047.82611758,197176.85994768506,4582999.069824632,141.21527095662975,1507.3734093371252,141.0895101908788,-6.702006932771738,-0.2888211129781455,-6.701935594409565,18098.075222067706,0.0,0.19182687041996702,1.940615498026607,2100841.585334012,603.42979371159
147900.0,4583061.914134733,197327.59584415378,4583013.145266066,140.5450730493259,1507.344516442594,140.41931941828398,-6.701951244668724,-0.2890367798337215,-6.701879888850507,18098.075222067706,0.0,0.19182687041996702,1.940615498026607,2100841.585334012,603.42979371159
148000.0,4583075.935132375,197478.32885025468,4583027.153688701,139.8748807014237,1507.3156019807213,139.7491342068365,-6.701895744734647,-0.2892524598035427,-6.701824371457969,18098.075222067706,0.0,0.19182687041996702,1.940615498026607,2100841.585334012,603.42979371159
148100.0,4583089.889111059,197629.05896383096,4583041.095093092,139.2046938941076,1507.2866659501976,139.07895453772107,-6.701840432941998,-0.2894681528473288,-6.701769042204442,18098.075222067706,0.0,0.19182687041996702,1.940615498026607,2100841.585334012,603.42979371159
148200.0,4583103.776071338,197779.78618272571,4583054.969479793,138.53451260856482,1507.2577083497174,138.4087803921252,-6.70178530926346,-0.2896838589253388,-6.701713901062623,18098.075222067706,0.0,0.19182687041996702,1.940615498026607,2100841.585334012,603.42979371159
148300.0,4583117.596013764,197930.51050478188,4583068.776849354,137.86433682598533,1507.2287291779794,137.73861175123906,-6.70173037367192,-0.28989957799836696,-6.701658948005389,18098.075222067706,0.0,0.19182687041996702,1.940615498026607,2100841.585334012,603.42979371159
148400.0,4583131.348938886,198081.23192784225,4583082.517202325,137.19416652756178,1507.199728433686,137.06844859625554,-6.70167562614043,-0.2901153100277367,-6.701604183005804,18098.075222067706,0.0,0.19182687041996702,1.940615498026607,2100841.585334012,603.42979371159
148500.0,4583145.034847252,198231.9504497495,4583096.190539255,136.52400169448947,1507.1707061155435,136.3982909083702,-6.701621066642246,-0.29033105497529804,-6.701549606037124,18098.075222067706,0.0,0.19182687041996702,1.940615498026607,2100841.585334012,603.42979371159
148600.0,4583158.653739407,198382.66606834618,4583109.796860688,135.85384230796643,1507.1416622222616,135.7281386687813,-6.701566695150803,-0.29054681280342215,-6.70149521707279,18098.075222067706,0.0,0.19182687041996702,1.940615498026607,2100841.585334012,603.42979371159
148700.0,4583172.205615895,198533.37878147472,4583123.33616717,135.1836883491933,1507.1125967525545,135.05799185868972,-6.701512511639728,-0.2907625834749972,-6.701441016086428,18098.075222067706,0.0,0.19182687041996702,1.940615498026607,2100841.585334012,603.42979371159
148800.0,4583185.690477258,198684.08858697742,4583136.808459241,134.51353979937335,1507.0835097051397,134.38785045929896,-6.7014585160828215,-0.29097836695342405,-6.701387003051848,18098.075222067706,0.0,0.19182687041996702,1.940615498026607,2100841.585334012,603.42979371159
148900.0,4583199.108324035,198834.79548269644,4583150.213737441,133.84339663971247,1507.0544010787382,133.71771445181517,-6.701404708454076,-0.29119416320261216,-6.701333177943039,18098.075222067706,0.0,0.19182687041996702,1.940615498026607,2100841.585334012,603.42979371159
149000.0,4583212.459156765,198985.49946647382,4583163.55200231,133.17325885141912,1507.0252708720748,133.04758381744705,-6.701351088727652,-0.2914099721869746,-6.701279540734168,18098.075222067706,0.0,0.19182687041996702,1.940615498026607,2100841.585334012,603.42979371159
149100.0,4583225.742975984,199136.20053615147,4583176.823254383,132.50312641570437,1506.9961190838776,132.3774585374059,-6.701297656877889,-0.29162579387142434,-6.701226091399576,18098.075222067706,0.0,0.19182687041996702,1.940615498026607,2100841.585334012,603.42979371159
149200.0,4583238.959782226,199286.8986895712,4583190.027494195,131.83299931378184,1506.9669457128784,131.70733859290553,-6.701244412879318,-0.2918416282213708,-6.7011728299138005,18098.075222067706,0.0,0.19182687041996702,1.940615498026607,2100841.585334012,603.42979371159
149300.0,4583252.109576024,199437.59392457458,4583203.164722279,131.16287752686765,1506.9377507578124,131.03722396516235,-6.701191356706627,-0.29205747520271397,-6.701119756251529,18098.075222067706,0.0,0.19182687041996702,1.940615498026607,2100841.585334012,603.42979371159
149400.0,4583265.192357908,199588.28623900324,4583216.2349391645,130.4927610361805,1506.908534217418,130.36711463539527,-6.701138488334691,-0.2922733347818425,-6.701066870387642,18098.075222067706,0.0,0.19182687041996702,1.940615498026607,2100841.585334012,603.42979371159
149500.0,4583278.208128407,199738.97563069852,4583229.238145381,129.82264982294154,1506.8792960904373,129.6970105848257,-6.7010858077385524,-0.2924892069256274,-6.701014172297182,18098.075222067706,0.0,0.19182687041996702,1.940615498026607,2100841.585334012,603.42979371159
149600.0,4583291.156888047,199889.6620975017,4583242.174341456,129.15254386837444,1506.8500363756152,129.02691179467755,-6.7010333148934205,-0.2927050916014198,-6.700961661955364,18098.075222067706,0.0,0.19182687041996702,1.940615498026607,2100841.585334012,603.42979371159
149700.0,4583304.038637355,200040.34563725398,4583255.043527914,128.4824431537053,1506.8207550717004,128.35681824617717,-6.700981009774682,-0.29292098877704587,-6.700909339337575,18098.075222067706,0.0,0.19182687041996702,1.940615498026607,2100841.585334012,603.42979371159
149800.0,4583316.853376852,200191.02624779637,4583267.845705279,127.81234766016276,1506.7914521774444,127.68672992055339,-6.7009288923578865,-0.2931368984208036,-6.700857204419368,18098.075222067706,0.0,0.19182687041996702,1.940615498026607,2100841.585334012,603.42979371159
149900.0,4583329.601107061,200341.70392696976,4583280.580874071,127.14225736897781,1506.7621276916018,127.01664679903746,-6.700876962618752,-0.29335282050145844,-6.700805257176464,18098.075222067706,0.0,0.19182687041996702,1.940615498026607,2100841.585334012,603.42979371159
150000.0,4583342.281828499,200492.37867261493,4583293.249034812,126.47217226138389,1506.7327816129305,126.34656886286305,-6.700825220533161,-0.2935687549882398,-6.700753497584751,18098.075222067706,0.0,0.19182687041996702,1.940615498026607,2100841.585334012,603.42979371159
150100.0,4583354.895541686,200643.05048257255,4583305.850188017,125.80209231861686,1506.7034139401915,125.67649609326627,-6.700773666077167,-0.29378470185083727,-6.700701925620281,18098.075222067706,0.0,0.19182687041996702,1.940615498026607,2100841.585334012,603.42979371159
150200.0,4583367.442247135,200793.71935468313,4583318.384334202,125.13201752191493,1506.6740246721488,125.00642847148555,-6.700722299226977,-0.294000661059396,-6.700650541259268,18098.075222067706,0.0,0.19182687041996702,1.940615498026607,2100841.585334012,603.42979371159
150300.0,4583379.9219453605,200944.3852867871,4583330.851473882,124.46194785251872,1506.6446138075692,124.33636597876175,-6.700671119958964,-0.2942166325845138,-6.700599344478083,18098.075222067706,0.0,0.19182687041996702,1.940615498026607,2100841.585334012,603.42979371159
150400.0,4583392.334636875,201095.0482767247,4583343.251607568,123.79188329167118,1506.6151813452223,123.66630859633806,-6.700620128249661,-0.2944326163972374,-6.700548335253262,18098.075222067706,0.0,0.19182687041996702,1.940615498026607,2100841.585334012,603.42979371159
150500.0,4583404.680322189,201245.70832233614,4583355.584735771,123.1218238206176,1506.585727283881,122.99625630546,-6.700569324075757,-0.2946486124690582,-6.7004975135615,18098.075222067706,0.0,0.19182687041996702,1.940615498026607,2100841.585334012,603.42979371159
150600.0,4583416.959001808,201396.36542146147,4583367.8508589985,122.45176942060561,1506.5562516223208,122.32620908737542,-6.7005187074141,-0.2948646207719093,-6.700446879379648,18098.075222067706,0.0,0.19182687041996702,1.940615498026607,2100841.585334012,603.42979371159
150700.0,4583429.170676241,201547.01957194056,4583380.049977757,121.78172007288514,1506.52675435932,121.6561669233345,-6.700468278241705,-0.29508064127816197,-6.700396432684717,18098.075222067706,0.0,0.19182687041996702,1.940615498026607,2100841.585334012,603.42979371159
150800.0,4583441.3153459905,201697.67077161322,4583392.182092551,121.11167575870839,1506.4972354936594,120.98612979458967,-6.700418036535723,-0.2952966739606207,-6.700346173453866,18098.075222067706,0.0,0.19182687041996702,1.940615498026607,2100841.585334012,603.42979371159
150900.0,4583453.39301156,201848.31901831916,4583404.247203884,120.44163645932987,1506.467695024123,120.31609768239568,-6.700367982273469,-0.2955127187925212,-6.70029610166441,18098.075222067706,0.0,0.19182687041996702,1.940615498026607,2100841.585334012,603.42979371159
151000.0,4583465.403673449,201998.96430989788,4583416.245312255,119.77160215600632,1506.438132949497,119.64607056800949,-6.7003181154324105,-0.29572877574752654,-6.700246217293823,18098.075222067706,0.0,0.19182687041996702,1.940615498026607,2100841.585334012,603.42979371159
151100.0,4583477.347332156,202149.60664418884,4583428.176418164,119.10157282999675,1506.4085492685704,118.97604843269036,-6.70026843599017,-0.29594484479972344,-6.700196520319723,18098.075222067706,0.0,0.19182687041996702,1.940615498026607,2100841.585334012,603.42979371159
151200.0,4583489.22398818,202300.24601903133,4583440.040522107,118.4315484625624,1506.3789439801346,118.30603125769974,-6.700218943924514,-0.29616092592361876,-6.700147010719883,18098.075222067706,0.0,0.19182687041996702,1.940615498026607,2100841.585334012,603.42979371159
151300.0,4583501.033642014,202450.88243226457,4583451.83762458,117.7615290349667,1506.349317082984,117.63601902430132,-6.7001696392133585,-0.2963770190941361,-6.700097688472219,18098.075222067706,0.0,0.19182687041996702,1.940615498026607,2100841.585334012,603.42979371159
151400.0,4583512.77629415,202601.5158817276,4583463.567726076,117.0915145284753,1506.319668575915,116.96601171376096,-6.7001205218347675,-0.29659312428661294,-6.700048553554803,18098.075222067706,0.0,0.19182687041996702,1.940615498026607,2100841.585334012,603.42979371159
151500.0,4583524.451945082,202752.14636525937,4583475.230827086,116.42150492435604,1506.2899984577268,116.29600930734675,-6.700071591766958,-0.2968092414767968,-6.699999605945846,18098.075222067706,0.0,0.19182687041996702,1.940615498026607,2100841.585334012,603.42979371159
151600.0,4583536.060595298,202902.77388069872,4583486.8269281,115.75150020387893,1506.2603067272207,115.6260117863289,-6.7000228489882865,-0.2970253706408421,-6.699950845623709,18098.075222067706,0.0,0.19182687041996702,1.940615498026607,2100841.585334012,603.42979371159
151700.0,4583547.602245285,203053.39842588437,4583498.3560296055,115.08150034831613,1506.2305933832004,114.95601913197983,-6.699974293477246,-0.2972415117553064,-6.699902272566892,18098.075222067706,0.0,0.19182687041996702,1.940615498026607,2100841.585334012,603.42979371159
151800.0,4583559.076895529,203204.01999865487,4583509.818132088,114.41150533894194,1506.200858424472,114.28603132557406,-6.699925925212496,-0.2974576647971487,-6.699853886754051,18098.075222067706,0.0,0.19182687041996702,1.940615498026607,2100841.585334012,603.42979371159
151900.0,4583570.484546514,203354.63859684873,4583521.213236031,113.7415151570328,1506.171101849844,113.61604834838826,-6.6998777441728095,-0.2976738297437238,-6.699805688163964,18098.075222067706,0.0,0.19182687041996702,1.940615498026607,2100841.585334012,603.42979371159
152000.0,4583581.825198721,203505.25421830427,4583532.541341918,113.07152978386725,1506.1413236581272,112.94607018170122,-6.699829750337124,-0.29789000657278175,-6.699757676775568,18098.075222067706,0.0,0.19182687041996702,1.940615498026607,2100841.585334012,603.42979371159
152100.0,4583593.098852631,203655.86686085974,4583543.802450228,112.40154920072594,1506.1115238481343,112.27609680679379,-6.699781943684501,-0.2981061952624625,-6.69970985256793,18098.075222067706,0.0,0.19182687041996702,1.940615498026607,2100841.585334012,603.42979371159
152200.0,4583604.305508721,203806.47652235324,4583554.996561439,111.7315733888916,1506.0817024186802,111.60612820494896,-6.699734324194149,-0.2983223957912944,-6.699662215520258,18098.075222067706,0.0,0.19182687041996702,1.940615498026607,2100841.585334012,603.42979371159
152300.0,4583615.445167467,203957.0832006228,4583566.123676027,111.06160232964905,1506.051859368582,110.93616435745176,-6.699686891845417,-0.29853860813819033,-6.699614765611904,18098.075222067706,0.0,0.19182687041996702,1.940615498026607,2100841.585334012,603.42979371159
152400.0,4583626.517829345,204107.68689350624,4583577.183794468,110.39163600428515,1506.0219946966592,110.26620524558929,-6.699639646617779,-0.298754832282444,-6.699567502822339,18098.075222067706,0.0,0.19182687041996702,1.940615498026607,2100841.585334012,603.42979371159
152500.0,4583637.523494826,204258.28759884136,4583588.1769172335,109.72167439408881,1505.992108401733,109.59625085065068,-6.6995925884908525,-0.29897106820372865,-6.6995204271311914,18098.075222067706,0.0,0.19182687041996702,1.940615498026607,2100841.585334012,603.42979371159
152600.0,4583648.462164381,204408.8853144658,4583599.103044795,109.05171748035096,1505.9622004826267,108.92630115392711,-6.699545717444389,-0.2991873158820925,-6.699473538518208,18098.075222067706,0.0,0.19182687041996702,1.940615498026607,2100841.585334012,603.42979371159
152700.0,4583659.333838478,204559.48003821704,4583609.96217762,108.38176524436457,1505.9322709381654,108.25635613671177,-6.6994990334582685,-0.2994035752979565,-6.699426836963275,18098.075222067706,0.0,0.19182687041996702,1.940615498026607,2100841.585334012,603.42979371159
152800.0,4583670.138517585,204710.07176793253,4583620.754316177,107.71181766742463,1505.9023197671766,107.58641578029986,-6.69945253651252,-0.29961984643211176,-6.699380322446415,18098.075222067706,0.0,0.19182687041996702,1.940615498026607,2100841.585334012,603.42979371159
152900.0,4583680.876202166,204860.66050144954,4583631.479460931,107.04187473082806,1505.8723469684892,106.91648006598855,-6.699406226587274,-0.2998361292657151,-6.699333994947769,18098.075222067706,0.0,0.19182687041996702,1.940615498026607,2100841.585334012,603.42979371159
153000.0,4583691.546892685,205011.24623660525,4583642.137612345,106.3719364158738,1505.8423525409341,106.24654897507702,-6.6993601036628165,-0.30005242378028785,-6.69928785444762,18098.075222067706,0.0,0.19182687041996702,1.940615498026607,2100841.585334012,603.42979371159
153100.0,4583702.150589603,205161.8289712367,4583652.72877088,105.70200270386277,1505.8123364833443,105.57662248886639,-6.699314167719553,-0.30026872995771237,-6.699241900926377,18098.075222067706,0.0,0.19182687041996702,1.940615498026607,2100841.585334012,603.42979371159
153200.0,4583712.687293379,205312.40870318087,4583663.252936996,105.03207357609783,1505.7822987945544,104.90670058865976,-6.699268418738025,-0.30048504778022944,-6.699196134364582,18098.075222067706,0.0,0.19182687041996702,1.940615498026607,2100841.585334012,603.42979371159
153300.0,4583723.15700447,205462.98543027454,4583673.71011115,104.36214901388375,1505.7522394734008,104.23678325576213,-6.699222856698886,-0.30070137723043433,-6.699150554742891,18098.075222067706,0.0,0.19182687041996702,1.940615498026607,2100841.585334012,603.42979371159
153400.0,4583733.5597233325,205613.5591503544,4583684.100293798,103.69222899852727,1505.7221585187215,103.56687047148048,-6.699177481582931,-0.30091771829127584,-6.699105162042099,18098.075222067706,0.0,0.19182687041996702,1.940615498026607,2100841.585334012,603.42979371159
153500.0,4583743.895450421,205764.1298612571,4583694.4234853955,103.02231351133702,1505.6920559293562,102.89696221712366,-6.699132293371068,-0.3011340709460518,-6.699059956243119,18098.075222067706,0.0,0.19182687041996702,1.940615498026607,2100841.585334012,603.42979371159
153600.0,4583754.164186185,205914.69756081907,4583704.679686393,102.35240253362355,1505.6619317041464,102.22705847400243,-6.699087292044346,-0.3013504351784084,-6.699014937326997,18098.075222067706,0.0,0.19182687041996702,1.940615498026607,2100841.585334012,603.42979371159
153700.0,4583764.365931077,206065.2622468767,4583714.868897241,101.68249604669927,1505.6317858419352,101.55715922342947,-6.699042477583915,-0.3015668109723348,-6.698970105274889,18098.075222067706,0.0,0.19182687041996702,1.940615498026607,2100841.585334012,603.42979371159
153800.0,4583774.500685544,206215.82391726619,4583724.991118387,101.0125940318785,1505.601618341567,100.88726444671929,-6.698997849971071,-0.30178319831216294,-6.698925460068087,18098.075222067706,0.0,0.19182687041996702,1.940615498026607,2100841.585334012,603.42979371159
153900.0,4583784.568450032,206366.38256982368,4583735.046350279,100.34269647047742,1505.5714292018883,100.2173741251883,-6.698953409187212,-0.30199959718256375,-6.698881001687996,18098.075222067706,0.0,0.19182687041996702,1.940615498026607,2100841.585334012,603.42979371159
154000.0,4583794.569224985,206516.9382023852,4583745.0345933605,99.67280334381404,1505.5412184217466,99.54748824015475,-6.69890915521387,-0.3022160075685446,-6.6988367301161444,18098.075222067706,0.0,0.19182687041996702,1.940615498026607,2100841.585334012,603.42979371159
154100.0,4583804.503010848,206667.49081278665,4583754.9558480745,99.00291463320823,1505.5109859999911,98.87760677293873,-6.698865088032688,-0.3024324294554466,-6.698792645334181,18098.075222067706,0.0,0.19182687041996702,1.940615498026607,2100841.585334012,603.42979371159
154200.0,4583814.369808058,206818.04039886378,4583764.8101148615,98.3330303199817,1505.4807319354725,98.20772970486219,-6.698821207625433,-0.30264886282894266,-6.6987487473238705,18098.075222067706,0.0,0.19182687041996702,1.940615498026607,2100841.585334012,603.42979371159
154300.0,4583824.169617057,206968.58695845227,4583774.597394161,97.66315038545795,1505.4504562270429,97.53785701724884,-6.698777513973992,-0.3028653076750343,-6.698705036067103,18098.075222067706,0.0,0.19182687041996702,1.940615498026607,2100841.585334012,603.42979371159
154400.0,4583833.90243828,207119.1304893877,4583784.31768641,96.9932748109623,1505.4201588735555,96.86798869142424,-6.69873400706036,-0.30308176398004916,-6.6986615115458745,18098.075222067706,0.0,0.19182687041996702,1.940615498026607,2100841.585334012,603.42979371159
154500.0,4583843.568272163,207269.67098950545,4583793.970992044,96.32340357782188,1505.3898398738652,96.19812470871574,-6.698690686866651,-0.3032982317306387,-6.698618173742301,18098.075222067706,0.0,0.19182687041996702,1.940615498026607,2100841.585334012,603.42979371159
154600.0,4583853.16711914,207420.2084566409,4583803.557311496,95.65353666736557,1505.3594992268281,95.52826505045245,-6.698647553375103,-0.3035147109137764,-6.698575022638618,18098.075222067706,0.0,0.19182687041996702,1.940615498026607,2100841.585334012,603.42979371159
154700.0,4583862.69897964,207570.7428886292,4583813.076645197,94.98367406092405,1505.3291369313017,94.85840969796527,-6.6986046065680585,-0.30373120151675403,-6.6985320582171735,18098.075222067706,0.0,0.19182687041996702,1.940615498026607,2100841.585334012,603.42979371159
154800.0,4583872.163854095,207721.27428330548,4583822.528993579,94.31381573982972,1505.2987529861446,94.18855863258686,-6.698561846427981,-0.30394770352718026,-6.6984892804604295,18098.075222067706,0.0,0.19182687041996702,1.940615498026607,2100841.585334012,603.42979371159
154900.0,4583881.561742931,207871.8026385047,4583831.914357066,93.64396168541678,1505.2683473902164,93.51871183565162,-6.698519272937438,-0.3041642169329776,-6.698446689350959,18098.075222067706,0.0,0.19182687041996702,1.940615498026607,2100841.585334012,603.42979371159
155000.0,4583890.8926465735,208022.32795206178,4583841.232736087,92.97411187902115,1505.2379201423785,92.84886928849568,-6.6984768860791215,-0.3043807417223807,-6.698404284871451,18098.075222067706,0.0,0.19182687041996702,1.940615498026607,2100841.585334012,603.42979371159
155100.0,4583900.156565447,208172.85022181142,4583850.484131065,92.30426630198046,1505.2074712414928,92.1790309724569,-6.698434685835811,-0.30459727788393254,-6.698362067004685,18098.075222067706,0.0,0.19182687041996702,1.940615498026607,2100841.585334012,603.42979371159
155200.0,4583909.353499974,208323.36944558827,4583859.668542422,91.63442493563406,1505.1770006864228,91.50919686887488,-6.698392672190429,-0.30481382540648483,-6.698320035733589,18098.075222067706,0.0,0.19182687041996702,1.940615498026607,2100841.585334012,603.42979371159
155300.0,4583918.483450574,208473.88562122686,4583868.785970579,90.964587761323,1505.1465084760332,90.8393669590909,-6.698350845125978,-0.3050303842791926,-6.698278191041163,18098.075222067706,0.0,0.19182687041996702,1.940615498026607,2100841.585334012,603.42979371159
155400.0,4583927.546417666,208624.3987465616,4583877.836415953,90.29475476039005,1505.115994609189,90.16954122444793,-6.6983092046255885,-0.30524695449151423,-6.698236532910538,18098.075222067706,0.0,0.19182687041996702,1.940615498026607,2100841.585334012,603.42979371159
155500.0,4583936.542401665,208774.90881942678,4583886.819878962,89.62492591417964,1505.0854590847573,89.49971964629063,-6.69826775067249,-0.3054635360332078,-6.698195061324948,18098.075222067706,0.0,0.19182687041996702,1.940615498026607,2100841.585334012,603.42979371159
155600.0,4583945.471402986,208925.4158376566,4583895.73636002,88.95510120403787,1505.0549019016053,88.82990220596533,-6.698226483250016,-0.30568012889433,-6.698153776267726,18098.075222067706,0.0,0.19182687041996702,1.940615498026607,2100841.585334012,603.42979371159
155700.0,4583954.333422042,209075.9197990851,4583904.58585954,88.2852806113125,1505.0243230586016,88.16008888482001,-6.698185402341619,-0.30589673306523274,-6.698112677722323,18098.075222067706,0.0,0.19182687041996702,1.940615498026607,2100841.585334012,603.42979371159
155800.0,4583963.128459245,209226.42070154627,4583913.368377933,87.61546411735296,1504.9937225546157,87.49027966420434,-6.69814450793084,-0.3061133485365617,-6.698071765672283,18098.075222067706,0.0,0.19182687041996702,1.940615498026607,2100841.585334012,603.42979371159
155900.0,4583971.856515002,209376.91854287396,4583922.083915609,86.9456517035103,1504.963100388518,86.82047452546958,-6.698103800001338,-0.306329975299254,-6.698031040101264,18098.075222067706,0.0,0.19182687041996702,1.940615498026607,2100841.585334012,603.42979371159
156000.0,4583980.517589722,209527.41332090186,4583930.732472974,86.2758433511372,1504.9324565591796,86.15067344996865,-6.698063278536864,-0.30654661334453603,-6.69799050099302,18098.075222067706,0.0,0.19182687041996702,1.940615498026607,2100841.585334012,603.42979371159
156100.0,4583989.111683808,209677.90503346364,4583939.314050434,85.60603904158796,1504.9017910654732,85.48087641905609,-6.698022943521285,-0.30676326266392145,-6.6979501483314206,18098.075222067706,0.0,0.19182687041996702,1.940615498026607,2100841.585334012,603.42979371159
156200.0,4583997.638797665,209828.39367839278,4583947.828648392,84.93623875621851,1504.8711039062714,84.81108341408802,-6.6979827949385635,-0.30697992324920914,-6.697909982100427,18098.075222067706,0.0,0.19182687041996702,1.940615498026607,2100841.585334012,603.42979371159
156300.0,4584006.0989316935,209978.87925352267,4583956.27626725,84.26644247638636,1504.8403950804482,84.14129441642218,-6.697942832772764,-0.3071965950924802,-6.697870002284102,18098.075222067706,0.0,0.19182687041996702,1.940615498026607,2100841.585334012,603.42979371159
156400.0,4584014.492086293,210129.36175668662,4583964.6569074085,83.59665018345059,1504.809664586878,83.47150940741791,-6.69790305700805,-0.3074132781860973,-6.6978302088666135,18098.075222067706,0.0,0.19182687041996702,1.940615498026607,2100841.585334012,603.42979371159
156500.0,4584022.818261863,210279.84118571776,4583972.970569264,82.9268618587719,1504.7789124244362,82.8017283684361,-6.69786346762869,-0.3076299725227019,-6.697790601832228,18098.075222067706,0.0,0.19182687041996702,1.940615498026607,2100841.585334012,603.42979371159
156600.0,4584031.077458797,210430.31753844916,4583981.217253214,82.25707748371254,1504.748138591999,82.13195128083922,-6.6978240646190494,-0.3078466780952121,-6.697751181165314,18098.075222067706,0.0,0.19182687041996702,1.940615498026607,2100841.585334012,603.42979371159
156700.0,4584039.269677491,210580.7908127138,4583989.396959651,81.5872970396363,1504.717343088443,81.4621781259913,-6.697784847963581,-0.3080633948968203,-6.697711946850324,18098.075222067706,0.0,0.19182687041996702,1.940615498026607,2100841.585334012,603.42979371159
156800.0,4584047.394918336,210731.26100634446,4583997.50968897,80.91752050790853,1504.6865259126455,80.79240888525793,-6.697745817646857,-0.3082801229209928,-6.697672898871833,18098.075222067706,0.0,0.19182687041996702,1.940615498026607,2100841.585334012,603.42979371159
156900.0,4584055.453181722,210881.7281171739,4584005.555441558,80.24774786989614,1504.6556870634847,80.12264354000622,-6.697706973653538,-0.30849686216146643,-6.697634037214495,18098.075222067706,0.0,0.19182687041996702,1.940615498026607,2100841.585334012,603.42979371159
157000.0,4584063.444468039,211032.19214303468,4584013.5342178065,79.57797910696755,1504.6248265398394,79.45288207160483,-6.697668315968372,-0.3087136126122464,-6.6975953618630655,18098.075222067706,0.0,0.19182687041996702,1.940615498026607,2100841.585334012,603.42979371159
157100.0,4584071.368777673,211182.65308175934,4584021.446018101,78.9082142004927,1504.5939443405887,78.78312446142392,-6.697629844576214,-0.3089303742676055,-6.697556872802399,18098.075222067706,0.0,0.19182687041996702,1.940615498026607,2100841.585334012,603.42979371159
157200.0,4584079.226111008,211333.11093118024,4584029.2908428265,78.23845313184303,1504.5630404646124,78.11337069083517,-6.697591559462003,-0.30914714712208086,-6.697518570017433,18098.075222067706,0.0,0.19182687041996702,1.940615498026607,2100841.585334012,603.42979371159
157300.0,4584087.016468427,211483.56568912967,4584037.068692367,77.56869588239152,1504.532114910791,77.44362074121175,-6.697553460610785,-0.3093639311704737,-6.697480453493216,18098.075222067706,0.0,0.19182687041996702,1.940615498026607,2100841.585334012,603.42979371159
157400.0,4584094.739850312,211634.01735343976,4584044.779567102,76.8989424335126,1504.5011676780055,76.77387459392833,-6.697515548007692,-0.3095807264078463,-6.697442523214879,18098.075222067706,0.0,0.19182687041996702,1.940615498026607,2100841.585334012,603.42979371159
157500.0,4584102.39625704,211784.46592194258,4584052.423467412,76.2291927665822,1504.4701987651367,76.10413223036106,-6.697477821637958,-0.30979753282952044,-6.697404779167659,18098.075222067706,0.0,0.19182687041996702,1.940615498026607,2100841.585334012,603.42979371159
157600.0,4584109.98568899,211934.91139247007,4584060.000393674,75.55944686297772,1504.4392081710669,75.43439363188757,-6.69744028148689,-0.310014350431075,-6.6973672213368625,18098.075222067706,0.0,0.19182687041996702,1.940615498026607,2100841.585334012,603.42979371159
157700.0,4584117.5081465375,212085.35376285404,4584067.510346264,74.88970470407803,1504.408195894678,74.76465877988696,-6.6974029275399065,-0.3102311792083453,-6.697329849707906,18098.075222067706,0.0,0.19182687041996702,1.940615498026607,2100841.585334012,603.42979371159
157800.0,4584124.963630055,212235.7930309262,4584074.953325555,74.21996627126343,1504.377161934853,74.09492765573975,-6.697365759782509,-0.31044801915742054,-6.6972926642662935,18098.075222067706,0.0,0.19182687041996702,1.940615498026607,2100841.585334012,603.42979371159
157900.0,4584132.352139915,212386.22919451818,4584082.329331919,73.5502315459157,1504.3461062904744,73.42520024082793,-6.69732877820029,-0.310664870274642,-6.697255664997616,18098.075222067706,0.0,0.19182687041996702,1.940615498026607,2100841.585334012,603.42979371159
158000.0,4584139.673676487,212536.66225146144,4584089.638365726,72.88050050941801,1504.315028960426,72.75547651653494,-6.697291982778935,-0.310881732556602,-6.6972188518875635,18098.075222067706,0.0,0.19182687041996702,1.940615498026607,2100841.585334012,603.42979371159
158100.0,4584146.928240139,212687.09219958738,4584096.880427345,72.21077314315502,1504.2839299435911,72.0857564642456,-6.697255373504207,-0.3110986060001408,-6.697182224921897,18098.075222067706,0.0,0.19182687041996702,1.940615498026607,2100841.585334012,603.42979371159
158200.0,4584154.115831237,212837.51903672723,4584104.055517141,71.54104942851276,1504.252809238854,71.41604006534621,-6.697218950361974,-0.31131549060234615,-6.69714578408648,18098.075222067706,0.0,0.19182687041996702,1.940615498026607,2100841.585334012,603.42979371159
158300.0,4584161.236450146,212987.94276071218,4584111.163635479,70.87132934687868,1504.221666845099,70.74632730122443,-6.6971827133381785,-0.31153238636055114,-6.697109529367265,18098.075222067706,0.0,0.19182687041996702,1.940615498026607,2100841.585334012,603.42979371159
158400.0,4584168.290097227,213138.36336937326,4584118.204782722,70.20161287964164,1504.1905027612104,70.07661815326934,-6.697146662418858,-0.31174929327233253,-6.697073460750281,18098.075222067706,0.0,0.19182687041996702,1.940615498026607,2100841.585334012,603.42979371159
158500.0,4584175.276772842,213288.7808605414,4584125.178959229,69.5319000081919,1504.159316986073,69.40691260287142,-6.697110797590139,-0.311966211335509,-6.69703757822166,18098.075222067706,0.0,0.19182687041996702,1.940615498026607,2100841.585334012,603.42979371159
158600.0,4584182.196477348,213439.1952320474,4584132.086165361,68.86219071392107,1504.1281095185718,68.73721063142251,-6.697075118838218,-0.31218314054813906,-6.697001881767599,18098.075222067706,0.0,0.19182687041996702,1.940615498026607,2100841.585334012,603.42979371159
158700.0,4584189.0492111035,213589.606481722,4584138.9264014745,68.19248497822215,1504.0968803575918,68.06751222031586,-6.697039626149393,-0.31240008090852023,-6.6969663713743905,18098.075222067706,0.0,0.19182687041996702,1.940615498026607,2100841.585334012,603.42979371159
158800.0,4584195.834974462,213740.01460739577,4584145.699667924,67.52278278248954,1504.0656295020185,67.39781735094606,-6.697004319510044,-0.3126170324151875,-6.696931047028422,18098.075222067706,0.0,0.19182687041996702,1.940615498026607,2100841.585334012,603.42979371159
158900.0,4584202.553767777,213890.4196068992,4584152.405965063,66.85308410811895,1504.0343569507372,66.72812600470905,-6.696969198906637,-0.3128339950669111,-6.696895908716155,18098.075222067706,0.0,0.19182687041996702,1.940615498026607,2100841.585334012,603.42979371159
159000.0,4584209.2055914,214040.8214780627,4584159.045293242,66.18338893650747,1504.0030627026335,66.05843816300215,-6.696934264325709,-0.3130509688626944,-6.696860956424128,18098.075222067706,0.0,0.19182687041996702,1.940615498026607,2100841.585334012,603.42979371159
159100.0,4584215.790445681,214191.22021871648,4584165.617652811,65.51369724905351,1503.9717467565931,65.38875380722399,-6.696899515753893,-0.3132679538017738,-6.6968261901389745,18098.075222067706,0.0,0.19182687041996702,1.940615498026607,2100841.585334012,603.42979371159
159200.0,4584222.308330966,214341.61582669072,4584172.123044118,64.84400902715683,1503.9404091115016,64.71907291877456,-6.696864953177898,-0.3134849498836159,-6.696791609847402,18098.075222067706,0.0,0.19182687041996702,1.940615498026607,2100841.585334012,603.42979371159
159300.0,4584228.759247601,214492.00829981544,4584178.56146751,64.17432425221851,1503.9090497662448,64.04939547905516,-6.696830576584518,-0.31370195710791693,-6.696757215536208,18098.075222067706,0.0,0.19182687041996702,1.940615498026607,2100841.585334012,603.42979371159
159400.0,4584235.143195931,214642.39763592058,4584184.932923329,63.50464290564094,1503.8776687197085,63.379721469468414,-6.696796385960629,-0.3139189754746004,-6.696723007192265,18098.075222067706,0.0,0.19182687041996702,1.940615498026607,2100841.585334012,603.42979371159
159500.0,4584241.4601762965,214792.78383283596,4584191.237411918,62.83496496882783,1503.8462659707784,62.71005087141824,-6.696762381293183,-0.3141360049838163,-6.696688984802529,18098.075222067706,0.0,0.19182687041996702,1.940615498026607,2100841.585334012,603.42979371159
159600.0,4584247.710189038,214943.16688839128,4584197.474933617,62.16529042318419,1503.8148415183402,62.040383666309864,-6.696728562569219,-0.3143530456359388,-6.696655148354035,18098.075222067706,0.0,0.19182687041996702,1.940615498026607,2100841.585334012,603.42979371159
159700.0,4584253.893234493,215093.54680041614,4584203.645488764,61.495619250116306,1503.7833953612796,61.37071983554982,-6.696694929775849,-0.3145700974315657,-6.696621497833898,18098.075222067706,0.0,0.19182687041996702,1.940615498026607,2100841.585334012,603.42979371159
159800.0,4584260.009312999,215243.92356674,4584209.749077696,60.82595143103176,1503.7519274984825,60.701059360545905,-6.696661482900265,-0.314787160371516,-6.696588033229308,18098.075222067706,0.0,0.19182687041996702,1.940615498026607,2100841.585334012,603.42979371159
159900.0,4584266.058424891,215394.29718519226,4584215.785700748,60.15628694733942,1503.720437928834,60.0314022227072,-6.696628221929746,-0.3150042344568294,-6.6965547545275435,18098.075222067706,0.0,0.19182687041996702,1.940615498026607,2100841.585334012,603.42979371159
160000.0,4584272.040570499,215544.66765360217,4584221.755358252,59.4866257804494,1503.6889266512196,59.36174840344406,-6.696595146851632,-0.3152213196887639,-6.696521661715948,18098.075222067706,0.0,0.19182687041996702,1.940615498026607,2100841.585334012,603.42979371159
160100.0,4584277.955750156,215695.03496979887,4584227.658050539,58.8169679117731,1503.6573936645245,58.69209788416809,-6.696562257653357,-0.31543841606879547,-6.696488754781954,18098.075222067706,0.0,0.19182687041996702,1.940615498026607,2100841.585334012,603.42979371159
160200.0,4584283.803964191,215845.3991316114,4584233.493777938,58.14731332272315,1503.625838967634,58.022450646292164,-6.696529554322425,-0.3156555235986156,-6.69645603371306,18098.075222067706,0.0,0.19182687041996702,1.940615498026607,2100841.585334012,603.42979371159
160300.0,4584289.58521293,215995.7601368687,4584239.262540777,57.47766199471345,1503.594262559433,57.35280667123039,-6.696497036846415,-0.31587264228013046,-6.696423498496852,18098.075222067706,0.0,0.19182687041996702,1.940615498026607,2100841.585334012,603.42979371159
160400.0,4584295.299496698,216146.11798339954,4584244.964339381,56.808013909159115,1503.5626644388062,56.68316594039812,-6.696464705212986,-0.3160897721154599,-6.6963911491209895,18098.075222067706,0.0,0.19182687041996702,1.940615498026607,2100841.585334012,603.42979371159
160500.0,4584300.9468158195,216296.47266903266,4584250.599174073,56.13836904747651,1503.531044604638,56.013528435211924,-6.6964325594098675,-0.3163069131069348,-6.696358985573196,18098.075222067706,0.0,0.19182687041996702,1.940615498026607,2100841.585334012,603.42979371159
160600.0,4584306.527170614,216446.82419159665,4584256.167045175,55.468727391083206,1503.4994030558128,55.34389413708961,-6.696400599424867,-0.3165240652570972,-6.696327007841282,18098.075222067706,0.0,0.19182687041996702,1.940615498026607,2100841.585334012,603.42979371159
160700.0,4584312.040561403,216597.17254891997,4584261.667953007,54.799088921398,1503.4677397912144,54.67426302745021,-6.696368825245862,-0.31674122856869796,-6.696295215913127,18098.075222067706,0.0,0.19182687041996702,1.940615498026607,2100841.585334012,603.42979371159
160800.0,4584317.4869885035,216747.517738831,4584267.101897886,54.1294536198409,1503.4360548097268,54.004635087713936,-6.696337236860817,-0.31695840304469625,-6.6962636097766906,18098.075222067706,0.0,0.19182687041996702,1.940615498026607,2100841.585334012,603.42979371159
160900.0,4584322.866452232,216897.859759158,4584272.468880129,53.45982146783311,1503.4043481102333,53.33501029930222,-6.69630583425775,-0.317175588688257,-6.696232189419991,18098.075222067706,0.0,0.19182687041996702,1.940615498026607,2100841.585334012,603.42979371159
161000.0,4584328.178952902,217048.19860772908,4584277.76890005,52.790192446797015,1503.3726196916168,52.66538864363768,-6.696274617424766,-0.31739278550275135,-6.696200954831138,18098.075222067706,0.0,0.19182687041996702,1.940615498026607,2100841.585334012,603.42979371159
161100.0,4584333.424490825,217198.5342823723,4584283.001957961,52.12056653815621,1503.3408695527603,51.99577010214412,-6.696243586350029,-0.3176099934917532,-6.696169905998291,18098.075222067706,0.0,0.19182687041996702,1.940615498026607,2100841.585334012,603.42979371159
161200.0,4584338.603066313,217348.8667809156,4584288.168054174,51.450943723335456,1503.309097692546,51.326154656246544,-6.696212741021797,-0.3178272126590408,-6.696139042909708,18098.075222067706,0.0,0.19182687041996702,1.940615498026607,2100841.585334012,603.42979371159
161300.0,4584343.714679673,217499.19610118674,4584293.267188995,50.781323983760686,1503.2773041098558,50.656542287371096,-6.696182081428372,-0.318044443008592,-6.696108365553695,18098.075222067706,0.0,0.19182687041996702,1.940615498026607,2100841.585334012,603.42979371159
161400.0,4584348.759331212,217649.52224101344,4584298.299362733,50.111707300859,1503.2454888035713,49.986932976945106,-6.696151607558154,-0.3182616845445871,-6.6960778739186475,18098.075222067706,0.0,0.19182687041996702,1.940615498026607,2100841.585334012,603.42979371159
161500.0,4584353.737021235,217799.8451982233,4584303.264575692,49.44209365605867,1503.2136517725737,49.317326706397054,-6.696121319399591,-0.31847893727140325,-6.696047567993012,18098.075222067706,0.0,0.19182687041996702,1.940615498026607,2100841.585334012,603.42979371159
161600.0,4584358.647750044,217950.1649706438,4584308.162828175,48.77248303078908,1503.1817930157438,48.64772345715657,-6.696091216941211,-0.3186962011936167,-6.696017447765323,18098.075222067706,0.0,0.19182687041996702,1.940615498026607,2100841.585334012,603.42979371159
161700.0,4584363.4915179415,218100.48155610223,4584312.994120484,48.1028754064808,1503.1499125319617,47.97812321065444,-6.696061300171607,-0.3189134763159996,-6.695987513224167,18098.075222067706,0.0,0.19182687041996702,1.940615498026607,2100841.585334012,603.42979371159
161800.0,4584368.268325225,218250.7949524259,4584317.758452917,47.43327076456551,1503.118010320107,47.30852594832257,-6.696031569079445,-0.31913076264352,-6.695957764358211,18098.075222067706,0.0,0.19182687041996702,1.940615498026607,2100841.585334012,603.42979371159
161900.0,4584372.978172193,218401.10515744195,4584322.455825773,46.76366908647604,1503.0860863790592,46.638931651594,-6.696002023653463,-0.3193480601813403,-6.695928201156193,18098.075222067706,0.0,0.19182687041996702,1.940615498026607,2100841.585334012,603.42979371159
162000.0,4584377.621059141,218551.41216897737,4584327.086239346,46.09407035364632,1503.054140707697,45.9693403019029,-6.695972663882457,-0.31956536893481563,-6.695898823606909,18098.075222067706,0.0,0.19182687041996702,1.940615498026607,2100841.585334012,603.42979371159
162100.0,4584382.196986361,218701.7159848591,4584331.649693931,45.42447454751142,1503.0221733048982,45.29975188068456,-6.695943489755296,-0.3197826889094931,-6.695869631699228,18098.075222067706,0.0,0.19182687041996702,1.940615498026607,2100841.585334012,603.42979371159
162200.0,4584386.7059541475,218852.01660291394,4584336.14618982,44.7548816495075,1502.9901841695407,44.63016636937537,-6.695914501260914,-0.3200000201111107,-6.695840625422082,18098.075222067706,0.0,0.19182687041996702,1.940615498026607,2100841.585334012,603.42979371159
162300.0,4584391.147962788,219002.31402096857,4584340.575727302,44.08529164107185,1502.9581733005016,43.96058374941282,-6.695885698388312,-0.3202173625455961,-6.695811804764474,18098.075222067706,0.0,0.19182687041996702,1.940615498026607,2100841.585334012,603.42979371159
162400.0,4584395.523012572,219152.60823684954,4584344.938306665,43.415704503642814,1502.926140696657,43.29100400223552,-6.695857081126562,-0.32043471621906555,-6.695783169715471,18098.075222067706,0.0,0.19182687041996702,1.940615498026607,2100841.585334012,603.42979371159
162500.0,4584399.831103784,219302.89924838336,4584349.233928197,42.74612021865987,1502.894086356883,42.62142710928314,-6.695828649464794,-0.32065208113782306,-6.695754720264207,18098.075222067706,0.0,0.19182687041996702,1.940615498026607,2100841.585334012,603.42979371159
162600.0,4584404.07223671,219453.18705339634,4584353.462592182,42.07653876756355,1502.8620102800544,41.95185305199645,-6.695800403392204,-0.32086945730835836,-6.6957264563998775,18098.075222067706,0.0,0.19182687041996702,1.940615498026607,2100841.585334012,603.42979371159
162700.0,4584408.246411632,219603.47164971475,4584357.624298901,41.40696013179548,1502.829912465046,41.28228181181729,-6.695772342898061,-0.32108684473734755,-6.695698378111749,18098.075222067706,0.0,0.19182687041996702,1.940615498026607,2100841.585334012,603.42979371159
162800.0,4584412.35362883,219753.7530351647,4584361.719048637,40.737384292798346,1502.7977929107315,40.61271337018858,-6.695744467971687,-0.32130424343164965,-6.695670485389143,18098.075222067706,0.0,0.19182687041996702,1.940615498026607,2100841.585334012,603.42979371159
162900.0,4584416.393888583,219904.0312075722,4584365.746841668,40.067811232015906,1502.7656516159839,39.9431477085543,-6.695716778602474,-0.3215216533983083,-6.695642778221454,18098.075222067706,0.0,0.19182687041996702,1.940615498026607,2100841.585334012,603.42979371159
163000.0,4584420.3671911685,220054.30616476317,4584369.707678271,39.39824093089297,1502.7334885796758,39.27358480835948,-6.695689274779874,-0.3217390746445481,-6.69561525659813,18098.075222067706,0.0,0.19182687041996702,1.940615498026607,2100841.585334012,603.42979371159
163100.0,4584424.273536861,220204.57790456337,4584373.601558722,38.72867337087539,1502.7013038006787,38.60402465105021,-6.6956619564934154,-0.32195650717777613,-6.6955879205087,18098.075222067706,0.0,0.19182687041996702,1.940615498026607,2100841.585334012,603.42979371159
163200.0,4584428.112925934,220354.8464247985,4584377.428483292,38.05910853341009,1502.6690972778638,37.93446721807362,-6.695634823732664,-0.3221739510055782,-6.695560769942729,18098.075222067706,0.0,0.19182687041996702,1.940615498026607,2100841.585334012,603.42979371159
163300.0,4584431.885358658,220505.11172329413,4584381.188452255,37.38954639994501,1502.636869010101,37.26491249087789,-6.695607876487278,-0.32239140613572087,-6.695533804889874,18098.075222067706,0.0,0.19182687041996702,1.940615498026607,2100841.585334012,603.42979371159
163400.0,4584435.590835303,220655.37379787568,4584384.88146588,36.71998695192913,1502.6046189962597,36.59536045091222,-6.695581114746944,-0.32260887257614695,-6.695507025339824,18098.075222067706,0.0,0.19182687041996702,1.940615498026607,2100841.585334012,603.42979371159
163500.0,4584439.229356137,220805.6326463685,4584388.5075244345,36.05043017081246,1502.5723472352086,35.92581107962684,-6.695554538501441,-0.3228263503349783,-6.695480431282354,18098.075222067706,0.0,0.19182687041996702,1.940615498026607,2100841.585334012,603.42979371159
163600.0,4584442.800921425,220955.8882665978,4584392.066628184,35.380876038046026,1502.5400537258151,35.256264358473004,-6.69552814774059,-0.32304383942051185,-6.6954540227072865,18098.075222067706,0.0,0.19182687041996702,1.940615498026607,2100841.585334012,603.42979371159
163700.0,4584446.305531432,221106.14065638868,4584395.558777394,34.711324535081864,1502.5077384669466,34.58672026890297,-6.69550194245427,-0.3232613398412198,-6.6954277996044995,18098.075222067706,0.0,0.19182687041996702,1.940615498026607,2100841.585334012,603.42979371159
163800.0,4584449.743186419,221256.38981356617,4584398.983972325,34.04177564337302,1502.475401457469,33.917178792370024,-6.695475922632438,-0.32347885160574935,-6.695401761963948,18098.075222067706,0.0,0.19182687041996702,1.940615498026607,2100841.585334012,603.42979371159
163900.0,4584453.113886647,221406.63573595512,4584402.342213239,33.37222934437356,1502.4430426962472,33.24763991032844,-6.6954500882650985,-0.3236963747229208,-6.6953759097756365,18098.075222067706,0.0,0.19182687041996702,1.940615498026607,2100841.585334012,603.42979371159
164000.0,4584456.417632374,221556.87842138033,4584405.633500393,32.70268561953852,1502.4106621821456,32.57810360423348,-6.69542443934231,-0.32391390920172647,-6.6953502430296234,18098.075222067706,0.0,0.19182687041996702,1.940615498026607,2100841.585334012,603.42979371159
164100.0,4584459.654423856,221707.1178676664,4584408.857834044,32.033144450323945,1502.3782599140277,31.90856985554143,-6.6953989758542045,-0.3241314550513311,-6.69532476171604,18098.075222067706,0.0,0.19182687041996702,1.940615498026607,2100841.585334012,603.42979371159
164200.0,4584462.824261349,221857.35407263794,4584412.015214448,31.363605818186855,1502.345835890756,31.23903864570952,-6.69537369779096,-0.32434901228106927,-6.695299465825062,18098.075222067706,0.0,0.19182687041996702,1.940615498026607,2100841.585334012,603.42979371159
164300.0,4584465.927145104,222007.58703411935,4584415.105641857,30.694069704585253,1502.313390111192,30.569509956195986,-6.695348605142818,-0.3245665809004458,-6.695274355346932,18098.075222067706,0.0,0.19182687041996702,1.940615498026607,2100841.585334012,603.42979371159
164400.0,4584468.963075373,222157.81674993495,4584418.129116522,30.024536090978113,1502.280922574196,29.89998376846003,-6.695323697900076,-0.3247841609191342,-6.695249430271947,18098.075222067706,0.0,0.19182687041996702,1.940615498026607,2100841.585334012,603.42979371159
164500.0,4584471.932052406,222308.0432179089,4584421.0856386935,29.35500495882538,1502.2484332786278,29.230460063961814,-6.695298976053089,-0.32500175234697626,-6.695224690590463,18098.075222067706,0.0,0.19182687041996702,1.940615498026607,2100841.585334012,603.42979371159
164600.0,4584474.834076447,222458.26643586534,4584423.975208618,28.685476289587957,1502.2159222233458,28.560938824162474,-6.695274439592269,-0.3252193551939805,-6.695200136292885,18098.075222067706,0.0,0.19182687041996702,1.940615498026607,2100841.585334012,603.42979371159
164700.0,4584477.669147745,222608.4864016282,4584426.79782654,28.015950064727704,1502.1833894072079,27.891420030524092,-6.695250088508089,-0.32543696947032236,-6.695175767369692,18098.075222067706,0.0,0.19182687041996702,1.940615498026607,2100841.585334012,603.42979371159
164800.0,4584480.437266541,222758.7031130214,4584429.553492704,27.346426265707432,1502.1508348290704,27.221903664509707,-6.695225922791071,-0.32565459518634227,-6.695151583811401,18098.075222067706,0.0,0.19182687041996702,1.940615498026607,2100841.585334012,603.42979371159
164900.0,4584483.138433077,222908.91656786858,4584432.242207353,26.676904873990896,1502.1182584877888,26.5523897075833,-6.695201942431793,-0.3258722323525455,-6.695127585608591,18098.075222067706,0.0,0.19182687041996702,1.940615498026607,2100841.585334012,603.42979371159
165000.0,4584485.772647595,223059.12676399347,4584434.863970726,26.007385871042793,1502.0856603822178,25.882878141209787,-6.695178147420895,-0.32608988097960107,-6.6951037727519,18098.075222067706,0.0,0.19182687041996702,1.940615498026607,2100841.585334012,603.42979371159
165100.0,4584488.339910331,223209.3336992195,4584437.41878306,25.33786923832875,1502.0530405112106,25.213368946855027,-6.695154537749066,-0.3263075410783411,-6.6950801452320166,18098.075222067706,0.0,0.19182687041996702,1.940615498026607,2100841.585334012,603.42979371159
165200.0,4584490.840221521,223359.53737137016,4584439.906644593,24.66835495731532,1502.0203988736193,24.5438621059858,-6.69513111340705,-0.32652521265976026,-6.695056703039684,18098.075222067706,0.0,0.19182687041996702,1.940615498026607,2100841.585334012,603.42979371159
165300.0,4584493.2735814005,223509.73777826867,4584442.327555559,23.998843009469986,1501.9877354682953,23.87435760006981,-6.695107874385646,-0.3267428957350139,-6.695033446165699,18098.075222067706,0.0,0.19182687041996702,1.940615498026607,2100841.585334012,603.42979371159
165400.0,4584495.6399902,223659.9349177382,4584444.68151619,23.329333376261143,1501.9550502940888,23.204855410575686,-6.695084820675712,-0.3269605903154192,-6.6950103746009235,18098.075222067706,0.0,0.19182687041996702,1.940615498026607,2100841.585334012,603.42979371159
165500.0,4584497.939448152,223810.1287876018,4584446.968526717,22.659826039158098,1501.9223433498485,22.535355518972956,-6.695061952268149,-0.327178296412452,-6.694987488336252,18098.075222067706,0.0,0.19182687041996702,1.940615498026607,2100841.585334012,603.42979371159
165600.0,4584500.171955484,223960.31938568244,4584449.188587369,21.99032097963107,1501.889614634422,21.865857906732067,-6.695039269153917,-0.32739601403774826,-6.694964787362647,18098.075222067706,0.0,0.19182687041996702,1.940615498026607,2100841.585334012,603.42979371159
165700.0,4584502.337512423,224110.50670980292,4584451.341698374,21.32081817915117,1501.8568641466563,21.19636255532436,-6.695016771324029,-0.32761374320310166,-6.694942271671119,18098.075222067706,0.0,0.19182687041996702,1.940615498026607,2100841.585334012,603.42979371159
165800.0,4584504.436119194,224260.69075778598,4584453.4278599555,20.651317619190415,1501.8240918853965,20.526869446222072,-6.694994458769558,-0.32783148392046463,-6.694919941252741,18098.075222067706,0.0,0.19182687041996702,1.940615498026607,2100841.585334012,603.42979371159
165900.0,4584506.467776021,224410.87152745418,4584455.447072337,19.981819281221707,1501.7912978494867,19.857378560898336,-6.6949723314816065,-0.328049236201945,-6.694897796098615,18098.075222067706,0.0,0.19182687041996702,1.940615498026607,2100841.585334012,603.42979371159
166000.0,4584508.432483125,224561.04901663002,4584457.399335741,19.312323146718835,1501.7584820377701,19.187889880827168,-6.694950389451356,-0.32826700005980836,-6.694875836199919,18098.075222067706,0.0,0.19182687041996702,1.940615498026607,2100841.585334012,603.42979371159
166100.0,4584510.330240724,224711.22322313584,4584459.284650386,18.64282919715647,1501.7256444490883,18.518403387483463,-6.694928632670013,-0.32848477550647454,-6.6948540615478604,18098.075222067706,0.0,0.19182687041996702,1.940615498026607,2100841.585334012,603.42979371159
166200.0,4584512.161049036,224861.39414479389,4584461.103016491,17.973337414010157,1501.692785082282,17.848919062342997,-6.694907061128864,-0.32870256255451974,-6.694832472133724,18098.075222067706,0.0,0.19182687041996702,1.940615498026607,2100841.585334012,603.42979371159
166300.0,4584513.9249082785,225011.5617794263,4584462.85443427,17.303847778756314,1501.6599039361902,17.17943688688241,-6.694885674819219,-0.3289203612166728,-6.69481106794882,18098.075222067706,0.0,0.19182687041996702,1.940615498026607,2100841.585334012,603.42979371159
166400.0,4584515.621818664,225161.7261248551,4584464.53890394,16.634360272872218,1501.627001009651,16.50995684257921,-6.694864473732449,-0.3291381715058165,-6.694789848984518,18098.075222067706,0.0,0.19182687041996702,1.940615498026607,2100841.585334012,603.42979371159
166500.0,4584517.251780404,225311.8871789022,4584466.15642571,15.964874877836014,1501.594076301501,15.84047891091177,-6.694843457859983,-0.3293559934349872,-6.694768815232247,18098.075222067706,0.0,0.19182687041996702,1.940615498026607,2100841.585334012,603.42979371159
166600.0,4584518.814793709,225462.04493938934,4584467.706999792,15.295391575126697,1501.5611298105755,15.171003073359312,-6.694822627193289,-0.32957382701737253,-6.694747966683471,18098.075222067706,0.0,0.19182687041996702,1.940615498026607,2100841.585334012,603.42979371159
166700.0,4584520.310858788,225612.1994041382,4584469.190626394,14.625910346224114,1501.5281615357085,14.50152931140191,-6.694801981723875,-0.3297916722663113,-6.694727303329699,18098.075222067706,0.0,0.19182687041996702,1.940615498026607,2100841.585334012,603.42979371159
166800.0,4584521.739975847,225762.35057097033,4584470.607305723,13.956431172608958,1501.4951714757328,13.832057606520486,-6.694781521443328,-0.3300095291952947,-6.694706825162519,18098.075222067706,0.0,0.19182687041996702,1.940615498026607,2100841.585334012,603.42979371159
166900.0,4584523.102145091,225912.49843770714,4584471.957037983,13.286954035762765,1501.4621596294796,13.1625879401968,-6.694761246343259,-0.33022739781796284,-6.694686532173535,18098.075222067706,0.0,0.19182687041996702,1.940615498026607,2100841.585334012,603.42979371159
167000.0,4584524.397366721,226062.64300216996,4584473.239823379,12.617478917167903,1501.429125995779,12.493120293913451,-6.69474115641533,-0.33044527814810565,-6.694666424354414,18098.075222067706,0.0,0.19182687041996702,1.940615498026607,2100841.585334012,603.42979371159
167100.0,4584525.62564094,226212.78426218,4584474.455662109,11.948005798307571,1501.3960705734594,11.823654649153866,-6.694721251651257,-0.33066317019966235,-6.694646501696868,18098.075222067706,0.0,0.19182687041996702,1.940615498026607,2100841.585334012,603.42979371159
167200.0,4584526.786967946,226362.92221555833,4584475.604554375,11.278534660665798,1501.362993361348,11.1541909874023,-6.6947015320427985,-0.33088107398672034,-6.694626764192655,18098.075222067706,0.0,0.19182687041996702,1.940615498026607,2100841.585334012,603.42979371159
167300.0,4584527.8813479375,226513.05686012591,4584476.686500372,10.609065485727431,1501.3298943582704,10.48472929014383,-6.694681997581768,-0.33109898952351496,-6.694607211833587,18098.075222067706,0.0,0.19182687041996702,1.940615498026607,2100841.585334012,603.42979371159
167400.0,4584528.908781108,226663.1881937036,4584477.7015002975,9.939598254978135,1501.2967735630511,9.81526953886435,-6.694662648260019,-0.33131691682442865,-6.6945878446115135,18098.075222067706,0.0,0.19182687041996702,1.940615498026607,2100841.585334012,603.42979371159
167500.0,4584529.869267653,226813.3162141121,4584478.649554344,9.270132949904388,1501.263630974513,9.145811715050565,-6.694643484069443,-0.33153485590399023,-6.69456866251833,18098.075222067706,0.0,0.19182687041996702,1.940615498026607,2100841.585334012,603.42979371159
167600.0,4584530.762807762,226963.44091917202,4584479.530662704,8.600669551993475,1501.2304665914774,8.476355800189989,-6.694624505001997,-0.331752806776875,-6.69454966554599,18098.075222067706,0.0,0.19182687041996702,1.940615498026607,2100841.585334012,603.42979371159
167700.0,4584531.589401626,227113.56230670385,4584480.344825568,7.931208042733484,1501.197280412764,7.806901775770939,-6.6946057110496735,-0.3319707694579038,-6.694530853686485,18098.075222067706,0.0,0.19182687041996702,1.940615498026607,2100841.585334012,603.42979371159
167800.0,4584532.349049433,227263.680374528,4584481.092043122,7.261748403613302,1501.1640724371916,7.13744962328253,-6.694587102204511,-0.3321887439620421,-6.694512226931853,18098.075222067706,0.0,0.19182687041996702,1.940615498026607,2100841.585334012,603.42979371159
167900.0,4584533.041751369,227413.7951204647,4584481.772315554,6.592290616122607,1501.1308426635771,6.46799932421467,-6.694568678458591,-0.33240673030439977,-6.694493785274172,18098.075222067706,0.0,0.19182687041996702,1.940615498026607,2100841.585334012,603.42979371159
168000.0,4584533.667507618,227563.90654233407,4584482.385643048,5.922834661751871,1501.0975910907357,5.798550860058059,-6.694550439804048,-0.3326247285002309,-6.694475528705578,18098.075222067706,0.0,0.19182687041996702,1.940615498026607,2100841.585334012,603.42979371159
168100.0,4584534.226318362,227714.01463795616,4584482.9320257865,5.253380521992347,1501.0643177174813,5.1291042123041795,-6.694532386233045,-0.3328427385649323,-6.694457457218232,18098.075222067706,0.0,0.19182687041996702,1.940615498026607,2100841.585334012,603.42979371159
168200.0,4584534.718183782,227864.11940515085,4584483.411463951,4.58392817833607,1501.0310225426265,4.459659362445296,-6.694514517737812,-0.33306076051404454,-6.694439570804363,18098.075222067706,0.0,0.19182687041996702,1.940615498026607,2100841.585334012,603.42979371159
168300.0,4584535.143104057,228014.22084173793,4584483.823957719,3.9144776122758507,1500.9977055649817,3.7902162919744495,-6.694496834310599,-0.3332787943632493,-6.694421869456219,18098.075222067706,0.0,0.19182687041996702,1.940615498026607,2100841.585334012,603.42979371159
168400.0,4584535.501079363,228164.31894553706,4584484.169507268,3.245028805305272,1500.9643667833566,3.120774982385451,-6.694479335943724,-0.33349684012837166,-6.694404353166117,18098.075222067706,0.0,0.19182687041996702,1.940615498026607,2100841.585334012,603.42979371159
168500.0,4584535.792109876,228314.41371436778,4584484.448112774,2.5755817389186833,1500.9310061965584,2.4513354151728803,-6.6944620226295255,-0.3337148978253763,-6.694387021926393,18098.075222067706,0.0,0.19182687041996702,1.940615498026607,2100841.585334012,603.42979371159
168600.0,4584536.0161957685,228464.50514604952,4584484.659774409,1.906136394611198,1500.8976238033933,1.7818975718320804,-6.694444894360395,-0.33393296747036966,-6.694369875729438,18098.075222067706,0.0,0.19182687041996702,1.940615498026607,2100841.585334012,603.42979371159
168700.0,4584536.173337212,228614.59323840155,4584484.804492345,1.2366927538786876,1500.8642196026656,1.1124614338591527,-6.694427951128769,-0.33415104907959864,-6.69435291456769,18098.075222067706,0.0,0.19182687041996702,1.940615498026607,2100841.585334012,603.42979371159
168800.0,4584536.2635343755,228764.6779892431,4584484.8822667515,0.5672507982177779,1500.830793593178,0.4430269827509532,-6.694411192927129,-0.3343691426694501,-6.694336138433624,18098.075222067706,0.0,0.19182687041996702,1.940615498026607,2100841.585334012,603.42979371159
168900.0,4584536.286787427,228914.7593963932,4584484.8930977965,-0.10218949087415474,1500.7973457737316,-0.22640579999491173,-6.694394619747986,-0.3345872482564497,-6.694319547319754,18098.075222067706,0.0,0.19182687041996702,1.940615498026607,2100841.585334012,603.42979371159
169000.0,4584536.243096532,229064.8374576708,4584484.836985646,-0.7716281318989879,1500.7638761431263,-0.8958369328800894,-6.694378231583899,-0.33480536585726234,-6.6943031412186365,18098.075222067706,0.0,0.19182687041996702,1.940615498026607,2100841.585334012,603.42979371159
169100.0,4584536.132461855,229214.91217089474,4584484.713930464,-1.4410651433578572,1500.7303847001592,-1.5652664344054847,-6.694362028427479,-0.33502349548869226,-6.694286920122881,18098.075222067706,0.0,0.19182687041996702,1.940615498026607,2100841.585334012,603.42979371159
169200.0,4584535.954883558,229364.9835338837,4584484.523932413,-2.11050054375116,1500.6968714436268,-2.234694323071265,-6.694346010271359,-0.33524163716768063,-6.6942708840251175,18098.075222067706,0.0,0.19182687041996702,1.940615498026607,2100841.585334012,603.42979371159
169300.0,4584535.7103618,229515.0515444563,4584484.266991653,-2.7799343515785617,1500.6633363723236,-2.904120617376864,-6.694330177108229,-0.3354597909113071,-6.694255032918037,18098.075222067706,0.0,0.19182687041996702,1.940615498026607,2100841.585334012,603.42979371159
169400.0,4584535.39889674,229665.116200431,4584483.943108342,-3.449366585338996,1500.6297794850418,-3.5735453358209854,-6.694314528930805,-0.3356779567367881,-6.6942393667943545,18098.075222067706,0.0,0.19182687041996702,1.940615498026607,2100841.585334012,603.42979371159
169500.0,4584535.020488534,229815.1774996261,4584483.552282637,-4.118797263530672,1500.5962007805729,-4.242968496901607,-6.694299065731861,-0.3358961346614776,-6.6942238856468395,18098.075222067706,0.0,0.19182687041996702,1.940615498026607,2100841.585334012,603.42979371159
169600.0,4584534.575137338,229965.23543985983,4584483.094514693,-4.788226404651077,1500.5626002577058,-4.912390119115986,-6.6942837875041965,-0.3361143247028655,-6.694208589468294,18098.075222067706,0.0,0.19182687041996702,1.940615498026607,2100841.585334012,603.42979371159
169700.0,4584534.062843303,230115.2900189503,4584482.569804664,-5.457654027196981,1500.5289779152279,-5.5818102209606595,-6.694268694240652,-0.3363325268785775,-6.694193478251555,18098.075222067706,0.0,0.19182687041996702,1.940615498026607,2100841.585334012,603.42979371159
169800.0,4584533.483606582,230265.3412347155,4584481.978152699,-6.12708014966444,1500.495333751925,-6.251228820931453,-6.694253785934112,-0.33655074120637557,-6.694178551989506,18098.075222067706,0.0,0.19182687041996702,1.940615498026607,2100841.585334012,603.42979371159
169900.0,4584532.837427323,230415.38908497329,4584481.319558948,-6.796504790548801,1500.461667766581,-6.920645937523481,-6.694239062577499,-0.33676896770415676,-6.694163810675065,18098.075222067706,0.0,0.19182687041996702,1.940615498026607,2100841.585334012,603.42979371159
170000.0,4584532.124305673,230565.4335675414,4584480.59402356,-7.465927968344704,1500.427979957978,-7.590061589231151,-6.694224524163777,-0.3369872063899532,-6.694149254301198,18098.075222067706,0.0,0.19182687041996702,1.940615498026607,2100841.585334012,603.42979371159
170100.0,4584531.344241777,230715.4746802374,4584479.801546679,-8.135349701546087,1500.3942703248963,-8.259475794548171,-6.694210170685937,-0.33720545728193135,-6.6941348828608955,18098.075222067706,0.0,0.19182687041996702,1.940615498026607,2100841.585334012,603.42979371159
170200.0,4584530.497235781,230865.51242087886,4584478.942128449,-8.804770008646189,1500.3605388661142,-8.92888857196755,-6.694196002137024,-0.33742372039839225,-6.694120696347198,18098.075222067706,0.0,0.19182687041996702,1.940615498026607,2100841.585334012,603.42979371159
170300.0,4584529.583287823,231015.5467872831,4584478.015769011,-9.474188908137558,1500.3267855804086,-9.5982999399816,-6.694182018510105,-0.3376419957577701,-6.694106694753174,18098.075222067706,0.0,0.19182687041996702,1.940615498026607,2100841.585334012,603.42979371159
170400.0,4584528.602398045,231165.57777726735,4584477.022468507,-10.143606418512048,1500.293010466554,-10.267709917081943,-6.6941682197983,-0.33786028337863355,-6.69409287807194,18098.075222067706,0.0,0.19182687041996702,1.940615498026607,2100841.585334012,603.42979371159
170500.0,4584527.554566585,231315.60538864875,4584475.962227074,-10.813022558260826,1500.2592135233235,-10.937118521759517,-6.69415460599475,-0.33807858327968354,-6.694079246296634,18098.075222067706,0.0,0.19182687041996702,1.940615498026607,2100841.585334012,603.42979371159
170600.0,4584526.439793579,231465.6296192443,4584474.835044849,-11.482437345874379,1500.225394749488,-11.606525772504574,-6.6941411770926535,-0.3382968954797551,-6.694065799420455,18098.075222067706,0.0,0.19182687041996702,1.940615498026607,2100841.585334012,603.42979371159
170700.0,4584525.258079161,231615.65046687092,4584473.640921964,-12.151850799842512,1500.1915541438168,-12.275931687806686,-6.694127933085222,-0.33851521999781453,-6.694052537436614,18098.075222067706,0.0,0.19182687041996702,1.940615498026607,2100841.585334012,603.42979371159
170800.0,4584524.009423463,231765.6679293453,4584472.379858554,-12.821262938654353,1500.1576917050772,-12.94533628615475,-6.694114873965721,-0.3387335568529612,-6.694039460338374,18098.075222067706,0.0,0.19182687041996702,1.940615498026607,2100841.585334012,603.42979371159
170900.0,4584522.693826616,231915.68200448412,4584471.05185475,-13.490673780798362,1500.1238074320345,-13.614739586036992,-6.694101999727444,-0.338951906064426,-6.694026568119028,18098.075222067706,0.0,0.19182687041996702,1.940615498026607,2100841.585334012,603.42979371159
171000.0,4584521.311288749,232065.69269010387,4584469.65691068,-14.160083344762327,1500.0899013234518,-14.284141605940963,-6.694089310363718,-0.3391702676515716,-6.694013860771901,18098.075222067706,0.0,0.19182687041996702,1.940615498026607,2100841.585334012,603.42979371159
171100.0,4584519.8618099885,232215.69998402093,4584468.195026471,-14.82949164903337,1500.055973378091,-14.953542364353558,-6.694076805867914,-0.33938864163389204,-6.694001338290359,18098.075222067706,0.0,0.19182687041996702,1.940615498026607,2100841.585334012,603.42979371159
171200.0,4584518.34539046,232365.70388405156,4584466.666202249,-15.498898712097954,1500.0220235947113,-15.622941879761001,-6.694064486233434,-0.3396070280310129,-6.693989000667806,18098.075222067706,0.0,0.19182687041996702,1.940615498026607,2100841.585334012,603.42979371159
171300.0,4584516.762030287,232515.7043880119,4584465.070438136,-16.16830455244188,1499.9880519720703,-16.292340170648867,-6.694052351453718,-0.3398254268626903,-6.69397684789768,18098.075222067706,0.0,0.19182687041996702,1.940615498026607,2100841.585334012,603.42979371159
171400.0,4584515.111729589,232665.70149371793,4584463.407734255,-16.837709188550303,1499.9540585089235,-16.96173725550207,-6.694040401522231,-0.3400438381488104,-6.693964879973443,18098.075222067706,0.0,0.19182687041996702,1.940615498026607,2100841.585334012,603.42979371159
171500.0,4584513.394488488,232815.6951989856,4584461.678090725,-17.507112638907717,1499.9200432040245,-17.63113315280487,-6.694028636432476,-0.34026226190939013,-6.693953096888598,18098.075222067706,0.0,0.19182687041996702,1.940615498026607,2100841.585334012,603.42979371159
171600.0,4584511.6103071,232965.68550163065,4584459.881507664,-18.176514921997974,1499.886006056125,-18.30052788104089,-6.694017056178001,-0.3404806981645769,-6.693941498636691,18098.075222067706,0.0,0.19182687041996702,1.940615498026607,2100841.585334012,603.42979371159
171700.0,4584509.759185541,233115.6723994687,4584458.0179851875,-18.84591605630428,1499.8519470639744,-18.969921458693094,-6.694005660752373,-0.34069914693464715,-6.693930085211287,18098.075222067706,0.0,0.19182687041996702,1.940615498026607,2100841.585334012,603.42979371159
171800.0,4584507.841123926,233265.65589031525,4584456.08752341,-19.515316060309196,1499.8178662263203,-19.639313904243817,-6.693994450149202,-0.34091760824000755,-6.693918856605993,18098.075222067706,0.0,0.19182687041996702,1.940615498026607,2100841.585334012,603.42979371159
171900.0,4584505.856122367,233415.63597198573,4584454.090122444,-20.184714952494655,1499.783763541908,-20.308705236174752,-6.693983424362125,-0.34113608210119356,-6.693907812814446,18098.075222067706,0.0,0.19182687041996702,1.940615498026607,2100841.585334012,603.42979371159
172000.0,4584503.804180973,233565.61264229537,4584452.025782399,-20.854112751341948,1499.749639009481,-20.978095472966956,-6.693972583384819,-0.34135456853887053,-6.693896953830322,18098.075222067706,0.0,0.19182687041996702,1.940615498026607,2100841.585334012,603.42979371159
172100.0,4584501.685299853,233715.5858990593,4584449.894503385,-21.523509475331736,1499.7154926277803,-21.647484633100856,-6.693961927210986,-0.3415730675738321,-6.69388627964732,18098.075222067706,0.0,0.19182687041996702,1.940615498026607,2100841.585334012,603.42979371159
172200.0,4584499.499479113,233865.55574009256,4584447.696285508,-22.192905142944053,1499.6813243955455,-22.31687273505625,-6.6939514558343625,-0.3417915792270007,-6.693875790259175,18098.075222067706,0.0,0.19182687041996702,1.940615498026607,2100841.585334012,603.42979371159
172300.0,4584497.246718858,234015.52216321003,4584445.431128873,-22.862299772658307,1499.6471343115136,-22.986259797312314,-6.6939411692487205,-0.34201010351942773,-6.693865485659658,18098.075222067706,0.0,0.19182687041996702,1.940615498026607,2100841.585334012,603.42979371159
172400.0,4584494.927019192,234165.48516622643,4584443.099033582,-23.53169338295329,1499.6129223744197,-23.6556458383476,-6.693931067447863,-0.34222864047229284,-6.693855365842571,18098.075222067706,0.0,0.19182687041996702,1.940615498026607,2100841.585334012,603.42979371159
172500.0,4584492.540380215,234315.44474695643,4584440.699999738,-24.201085992307167,1499.5786885829964,-24.32503087664004,-6.693921150425615,-0.3424471901069029,-6.693845430801733,18098.075222067706,0.0,0.19182687041996702,1.940615498026607,2100841.585334012,603.42979371159
172600.0,4584490.086802026,234465.40090321453,4584438.234027439,-24.870477619197494,1499.5444329359748,-24.994414930666952,-6.693911418175853,-0.34266575244469466,-6.693835680531023,18098.075222067706,0.0,0.19182687041996702,1.940615498026607,2100841.585334012,603.42979371159
172700.0,4584487.566284724,234615.35363281507,4584435.701116784,-25.539868282101217,1499.5101554320834,-25.663798018905045,-6.6939018706924625,-0.34288432750723075,-6.693826115024323,18098.075222067706,0.0,0.19182687041996702,1.940615498026607,2100841.585334012,603.42979371159
172800.0,4584484.978828401,234765.30293357233,4584433.101267867,-26.209257999494664,1499.4758560700484,-26.333180159830416,-6.693892507969369,-0.3431029153162027,-6.693816734275559,18098.075222067706,0.0,0.19182687041996702,1.940615498026607,2100841.585334012,603.42979371159
172900.0,4584482.324433154,234915.24880330043,4584430.434480783,-26.878646789853565,1499.4415348485943,-27.002561371918553,-6.693883330000532,-0.34332151589342913,-6.693807538278687,18098.075222067706,0.0,0.19182687041996702,1.940615498026607,2100841.585334012,603.42979371159
173000.0,4584479.603099074,235065.19123981337,4584427.700755623,-27.548034671653046,1499.4071917664432,-27.671941673644348,-6.693874336779936,-0.3435401292608559,-6.693798527027689,18098.075222067706,0.0,0.19182687041996702,1.940615498026607,2100841.585334012,603.42979371159
173100.0,4584476.81482625,235215.130240925,4584424.900092478,-28.217421663367627,1499.3728268223151,-28.341321083482086,-6.6938655283016,-0.34375875544055684,-6.693789700516584,18098.075222067706,0.0,0.19182687041996702,1.940615498026607,2100841.585334012,603.42979371159
173200.0,4584473.9596147705,235365.06580444906,4584422.032491435,-28.88680778347124,1499.3384400149273,-29.01069961990546,-6.693856904559563,-0.3439773944547317,-6.6937810587394075,18098.075222067706,0.0,0.19182687041996702,1.940615498026607,2100841.585334012,603.42979371159
173300.0,4584471.037464722,235514.99792819915,4584419.097952582,-29.55619305043722,1499.3040313429956,-29.680077301387566,-6.693848465547906,-0.34419604632570827,-6.693772601690239,18098.075222067706,0.0,0.19182687041996702,1.940615498026607,2100841.585334012,603.42979371159
173400.0,4584468.048376189,235664.9266099888,4584416.096476003,-30.225577482738306,1499.2696008052328,-30.34945414640091,-6.693840211260724,-0.3444147110759404,-6.693764329363173,18098.075222067706,0.0,0.19182687041996702,1.940615498026607,2100841.585334012,603.42979371159
173500.0,4584464.992349253,235814.8518476313,4584413.02806178,-30.894961098846654,1499.2351484003502,-31.018830173417406,-6.693832141692157,-0.34463338872800936,-6.693756241752346,18098.075222067706,0.0,0.19182687041996702,1.940615498026607,2100841.585334012,603.42979371159
173600.0,4584461.869383995,235964.77363893992,4584409.892709995,-31.56434391723383,1499.2006741270563,-31.68820540090839,-6.693824256836364,-0.3448520793046231,-6.6937483388519174,18098.075222067706,0.0,0.19182687041996702,1.940615498026607,2100841.585334012,603.42979371159
173700.0,4584458.679480495,236114.69198172772,4584406.690420725,-32.233725956370826,1499.1661779840576,-32.35757984734461,-6.693816556687533,-0.34507078282861536,-6.693740620656071,18098.075222067706,0.0,0.19182687041996702,1.940615498026607,2100841.585334012,603.42979371159
173800.0,4584455.422638829,236264.6068738077,4584403.42119405,-32.90310723472805,1499.1316599700583,-33.026953531196234,-6.693809041239877,-0.3452894993229467,-6.693733087159019,18098.075222067706,0.0,0.19182687041996702,1.940615498026607,2100841.585334012,603.42979371159
173900.0,4584452.098859073,236414.51831299267,4584400.085030044,-33.57248777077532,1499.09712008376,-33.69632647093285,-6.693801710487643,-0.34550822881070464,-6.693725738355007,18098.075222067706,0.0,0.19182687041996702,1.940615498026607,2100841.585334012,603.42979371159
174000.0,4584448.708141299,236564.42629709534,4584396.681928781,-34.2418675829819,1499.0625583238623,-34.36569868502348,-6.693794564425103,-0.3457269713151023,-6.693718574238303,18098.075222067706,0.0,0.19182687041996702,1.940615498026607,2100841.585334012,603.42979371159
174100.0,4584445.2504855795,236714.3308239283,4584393.2118903315,-34.91124668981647,1499.0279746890624,-35.03507019193657,-6.693787603046551,-0.3459457268594794,-6.693711594803202,18098.075222067706,0.0,0.19182687041996702,1.940615498026607,2100841.585334012,603.42979371159
174200.0,4584441.725891984,236864.23189130396,4584389.674914766,-35.58062510974715,1498.993369178055,-35.70444101013999,-6.6937808263463126,-0.3461644954673015,-6.693704800044027,18098.075222067706,0.0,0.19182687041996702,1.940615498026607,2100841.585334012,603.42979371159
174300.0,4584438.13436058,237014.12949703465,4584386.071002152,-36.25000286124149,1498.9587417895327,-36.37381115810105,-6.6937742343187425,-0.3463832771621611,-6.693698189955128,18098.075222067706,0.0,0.19182687041996702,1.940615498026607,2100841.585334012,603.42979371159
174400.0,4584434.475891434,237164.02363893256,4584382.400152556,-36.91937996276647,1498.9240925221857,-37.0431806542865,-6.693767826958221,-0.346602071967776,-6.693691764530886,18098.075222067706,0.0,0.19182687041996702,1.940615498026607,2100841.585334012,603.42979371159
174500.0,4584430.750484609,237313.91431480975,4584378.662366042,-37.588756432788514,1498.8894213747014,-37.71254951716253,-6.6937616042591435,-0.3468208799079902,-6.6936855237656925,18098.075222067706,0.0,0.19182687041996702,1.940615498026607,2100841.585334012,603.42979371159
174600.0,4584426.958140168,237463.8015224781,4584374.857642673,-38.25813228977349,1498.8547283457654,-38.38191776519476,-6.693755566215941,-0.347039701006774,-6.693679467653982,18098.075222067706,0.0,0.19182687041996702,1.940615498026607,2100841.585334012,603.42979371159
174700.0,4584423.098858171,237613.68525974947,4584370.985982509,-38.92750755218671,1498.8200134340605,-39.05128541684826,-6.69374971282307,-0.3472585352882237,-6.6936735961902025,18098.075222067706,0.0,0.19182687041996702,1.940615498026607,2100841.585334012,603.42979371159
174800.0,4584419.172638677,237763.56552443546,4584367.047385609,-39.59688223849293,1498.7852766382673,-39.72065249058755,-6.693744044075007,-0.3474773827765613,-6.693667909368831,18098.075222067706,0.0,0.19182687041996702,1.940615498026607,2100841.585334012,603.42979371159
174900.0,4584415.179481742,237913.4423143476,4584363.041852029,-40.26625636715636,1498.750517957064,-40.39001900487659,-6.6937385599662615,-0.34769624349613515,-6.693662407184374,18098.075222067706,0.0,0.19182687041996702,1.940615498026607,2100841.585334012,603.42979371159
175000.0,4584411.119387422,238063.3156272973,4584358.969381825,-40.935629956640646,1498.7157373891262,-41.059384978178805,-6.693733260491357,-0.34791511747141907,-6.693657089631356,18098.075222067706,0.0,0.19182687041996702,1.940615498026607,2100841.585334012,603.42979371159
175100.0,4584406.992355769,238213.18546109583,4584354.829975051,-41.60500302540891,1498.680934933127,-41.72875042895706,-6.6937281456448465,-0.34813400472701334,-6.693651956704326,18098.075222067706,0.0,0.19182687041996702,1.940615498026607,2100841.585334012,603.42979371159
175200.0,4584402.798386834,238363.05181355428,4584350.623631757,-42.274375591923715,1498.6461105877372,-42.39811537567369,-6.693723215421306,-0.34835290528764384,-6.693647008397858,18098.075222067706,0.0,0.19182687041996702,1.940615498026607,2100841.585334012,603.42979371159
175300.0,4584398.537480666,238512.91468248368,4584346.350351992,-42.94374767464709,1498.611264351625,-43.067479836790476,-6.6937184698153365,-0.348571819178163,-6.69364224470655,18098.075222067706,0.0,0.19182687041996702,1.940615498026607,2100841.585334012,603.42979371159
175400.0,4584394.209637314,238662.77406569486,4584342.010135805,-43.61311929204052,1498.5763962234564,-43.73684383076866,-6.693713908821562,-0.34879074642354885,-6.693637665625027,18098.075222067706,0.0,0.19182687041996702,1.940615498026607,2100841.585334012,603.42979371159
175500.0,4584389.814856823,238812.62996099857,4584337.602983241,-44.282490462564965,1498.5415062018944,-44.40620737606896,-6.693709532434626,-0.3490096870489054,-6.693633271147928,18098.075222067706,0.0,0.19182687041996702,1.940615498026607,2100841.585334012,603.42979371159
175600.0,4584385.353139236,238962.4823662054,4584333.128894344,-44.95186120468083,1498.5065942856,-45.07557049115155,-6.693705340649208,-0.3492286410794638,-6.693629061269929,18098.075222067706,0.0,0.19182687041996702,1.940615498026607,2100841.585334012,603.42979371159
175700.0,4584380.824484595,239112.33127912582,4584328.587869156,-45.621231536848015,1498.471660473231,-45.744933194476076,-6.693701333459989,-0.34944760854057966,-6.693625035985714,18098.075222067706,0.0,0.19182687041996702,1.940615498026607,2100841.585334012,603.42979371159
175800.0,4584376.228892941,239262.17669757013,4584323.979907718,-46.29060147752586,1498.4367047634432,-46.414295504501645,-6.693697510861687,-0.34966658945773615,-6.693621195289994,18098.075222067706,0.0,0.19182687041996702,1.940615498026607,2100841.585334012,603.42979371159
175900.0,4584371.566364312,239412.01861934856,4584319.305010067,-46.959971045173205,1498.40172715489,-47.083657439686846,-6.693693872849035,-0.3498855838565419,-6.693617539177502,18098.075222067706,0.0,0.19182687041996702,1.940615498026607,2100841.585334012,603.42979371159
176000.0,4584366.836898743,239561.85704227112,4584314.563176242,-47.62934025824835,1498.3667276462218,-47.753019018489745,-6.693690419416793,-0.35010459176273256,-6.693614067642996,18098.075222067706,0.0,0.19182687041996702,1.940615498026607,2100841.585334012,603.42979371159
176100.0,4584362.040496271,239711.69196414776,4584309.754406275,-48.29870913520907,1498.3317062360863,-48.42238025936787,-6.693687150559743,-0.35032361320217,-6.693610780681256,18098.075222067706,0.0,0.19182687041996702,1.940615498026607,2100841.585334012,603.42979371159
176200.0,4584357.177156927,239861.52338278826,4584304.8787002005,-48.96807769451263,1498.2966629231294,-49.09174118077824,-6.693684066272682,-0.35054264820084235,-6.6936076782870755,18098.075222067706,0.0,0.19182687041996702,1.940615498026607,2100841.585334012,603.42979371159
176300.0,4584352.246880742,240011.35129600225,4584299.936058049,-49.637445954615764,1498.2615977059934,-49.76110180117736,-6.693681166550431,-0.3507616967848647,-6.693604760455274,18098.075222067706,0.0,0.19182687041996702,1.940615498026607,2100841.585334012,603.42979371159
176400.0,4584347.249667745,240161.17570159928,4584294.92647985,-50.3068139339747,1498.2265105833187,-50.4304621390212,-6.693678451387831,-0.35098075898047826,-6.693602027180692,18098.075222067706,0.0,0.19182687041996702,1.940615498026607,2100841.585334012,603.42979371159
176500.0,4584342.185517964,240310.9965973887,4584289.84996563,-50.976181651045145,1498.1914015537427,-51.09982221276523,-6.693675920779748,-0.3511998348140518,-6.693599478458191,18098.075222067706,0.0,0.19182687041996702,1.940615498026607,2100841.585334012,603.42979371159
176600.0,4584337.054431424,240460.81398117976,4584284.706515416,-51.6455491242823,1498.1562706159004,-51.76918204086441,-6.693673574721058,-0.35141892431208044,-6.693597114282645,18098.075222067706,0.0,0.19182687041996702,1.940615498026607,2100841.585334012,603.42979371159
176700.0,4584331.856408147,240610.62785078157,4584279.49612923,-52.314916372140836,1498.121117768424,-52.43854164177316,-6.693671413206662,-0.35163802750118633,-6.693594934648955,18098.075222067706,0.0,0.19182687041996702,1.940615498026607,2100841.585334012,603.42979371159
176800.0,4584326.591448156,240760.4382040031,4584274.218807094,-52.984283413074934,1498.085943009943,-53.107901033945424,-6.693669436231488,-0.35185714440811955,-6.693592939552045,18098.075222067706,0.0,0.19182687041996702,1.940615498026607,2100841.585334012,603.42979371159
176900.0,4584321.259551471,240910.24503865314,4584268.874549028,-53.65365026553827,1498.0507463390843,-53.777260235834625,-6.6936676437904685,-0.35207627505975625,-6.693591128986844,18098.075222067706,0.0,0.19182687041996702,1.940615498026607,2100841.585334012,603.42979371159
177000.0,4584315.860718109,241060.04835254044,4584263.463355052,-54.323016947983994,1498.015527754472,-54.44661926589368,-6.693666035878563,-0.35229541948310095,-6.693589502948314,18098.075222067706,0.0,0.19182687041996702,1.940615498026607,2100841.585334012,603.42979371159
177100.0,4584310.394948086,241209.84814347353,4584257.985225181,-54.99238347886478,1497.9802872547277,-55.11597814257501,-6.69366461249075,-0.35251457770528544,-6.69358806143143,18098.075222067706,0.0,0.19182687041996702,1.940615498026607,2100841.585334012,603.42979371159
177200.0,4584304.862241417,241359.64440926083,4584252.440159429,-55.66174987663278,1497.94502483847,-55.78533688433052,-6.693663373622027,-0.3527337497535692,-6.693586804431185,18098.075222067706,0.0,0.19182687041996702,1.940615498026607,2100841.585334012,603.42979371159
177300.0,4584299.262598114,241509.43714771062,4584246.828157809,-56.33111615973966,1497.909740504315,-56.45469550961163,-6.693662319267406,-0.3529529356553397,-6.693585731942588,18098.075222067706,0.0,0.19182687041996702,1.940615498026607,2100841.585334012,603.42979371159
177400.0,4584293.596018188,241659.22635663106,4584241.149220331,-57.000482346636566,1497.8744342508762,-57.12405403686926,-6.693661449421916,-0.3531721354381124,-6.693584843960668,18098.075222067706,0.0,0.19182687041996702,1.940615498026607,2100841.585334012,603.42979371159
177500.0,4584287.862501647,241809.0120338301,4584235.403347004,-57.66984845577418,1497.8391060767638,-57.793412484553826,-6.693660764080607,-0.353391349129531,-6.693584140480471,18098.075222067706,0.0,0.19182687041996702,1.940615498026607,2100841.585334012,603.42979371159
177600.0,4584282.062048499,241958.79417711566,4584229.590537836,-58.33921450560266,1497.8037559805857,-58.462770871115254,-6.693660263238544,-0.3536105767573678,-6.69358362149706,18098.075222067706,0.0,0.19182687041996702,1.940615498026607,2100841.585334012,603.42979371159
177700.0,4584276.194658747,242108.57278429545,4584223.710792831,-59.0085805145717,1497.768383960947,-59.13212921500297,-6.693659946890809,-0.3538298183495234,-6.6935832870055165,18098.075222067706,0.0,0.19182687041996702,1.940615498026607,2100841.585334012,603.42979371159
177800.0,4584270.260332396,242258.34785317702,4584217.764111994,-59.67794650113047,1497.7329900164495,-59.801487534665924,-6.693659815032499,-0.35404907393402757,-6.693583137000936,18098.075222067706,0.0,0.19182687041996702,1.940615498026607,2100841.585334012,603.42979371159
177900.0,4584264.259069447,242408.11938156784,4584211.750495325,-60.347312483727684,1497.697574145693,-60.470845848552564,-6.693659867658731,-0.3542683435390387,-6.693583171478428,18098.075222067706,0.0,0.19182687041996702,1.940615498026607,2100841.585334012,603.42979371159
178000.0,4584258.1908698995,242557.88736727522,4584205.669942824,-61.01667848081154,1497.6621363472734,-61.14020417511085,-6.693660104764633,-0.35448762719284477,-6.693583390433124,18098.075222067706,0.0,0.19182687041996702,1.940615498026607,2100841.585334012,603.42979371159
178100.0,4584252.055733751,242707.6518081063,4584199.522454489,-61.686044510829774,1497.626676619785,-61.80956253278827,-6.693660526345355,-0.35470692492386324,-6.693583793860168,18098.075222067706,0.0,0.19182687041996702,1.940615498026607,2100841.585334012,603.42979371159
178200.0,4584245.853660996,242857.41270186816,4584193.308030316,-62.35541059222962,1497.5911949618185,-62.478920940031806,-6.693661132396057,-0.35492623676064106,-6.693584381754718,18098.075222067706,0.0,0.19182687041996702,1.940615498026607,2100841.585334012,603.42979371159
178300.0,4584239.58465163,243007.17004636762,4584187.026670299,-63.02477674345783,1497.5556913719618,-63.14827941528797,-6.693661922911912,-0.35514556273185494,-6.693585154111947,18098.075222067706,0.0,0.19182687041996702,1.940615498026607,2100841.585334012,603.42979371159
178400.0,4584233.248705645,243156.92383941144,4584180.67837443,-63.69414298296068,1497.5201658488,-63.817637977002796,-6.693662897888113,-0.355364902866312,-6.6935861109270425,18098.075222067706,0.0,0.19182687041996702,1.940615498026607,2100841.585334012,603.42979371159
178500.0,4584226.84582303,243306.67407880622,4584174.2631427,-64.36350932918397,1497.4846183909153,-64.48699664362182,-6.693664057319872,-0.3555842571929502,-6.693587252195218,18098.075222067706,0.0,0.19182687041996702,1.940615498026607,2100841.585334012,603.42979371159
178600.0,4584220.376003775,243456.4207623584,4584167.780975098,-65.03287580057301,1497.4490489968873,-65.15635543359012,-6.693665401202399,-0.3558036257408371,-6.693588577911679,18098.075222067706,0.0,0.19182687041996702,1.940615498026607,2100841.585334012,603.42979371159
178700.0,4584213.839247866,243606.16388787434,4584161.231871609,-65.70224241557264,1497.4134576652923,-65.82571436535228,-6.693666929530934,-0.35602300853917224,-6.693590088071664,18098.075222067706,0.0,0.19182687041996702,1.940615498026607,2100841.585334012,603.42979371159
178800.0,4584207.2355552865,243755.90345316016,4584154.615832219,-66.37160919262723,1497.3778443947035,-66.49507345735242,-6.693668642300721,-0.3562424056172857,-6.693591782670411,18098.075222067706,0.0,0.19182687041996702,1.940615498026607,2100841.585334012,603.42979371159
178900.0,4584200.564926021,243905.63945602192,4584147.932856911,-67.04097615018067,1497.3422091836917,-67.16443272803417,-6.693670539507022,-0.35646181700463936,-6.693593661703183,18098.075222067706,0.0,0.19182687041996702,1.940615498026607,2100841.585334012,603.42979371159
179000.0,4584193.82736005,244055.3718942655,4584141.182945667,-67.71034330667636,1497.3065520308246,-67.8337921958407,-6.693672621145106,-0.3566812427308266,-6.693595725165248,18098.075222067706,0.0,0.19182687041996702,1.940615498026607,2100841.585334012,603.42979371159
179100.0,4584187.022857352,244205.10076569664,4584134.366098465,-68.37971068055727,1497.2708729346666,-68.50315187921471,-6.693674887210258,-0.3569006828255729,-6.693597973051886,18098.075222067706,0.0,0.19182687041996702,1.940615498026607,2100841.585334012,603.42979371159
179200.0,4584180.151417905,244354.82606812095,4584127.482315283,-69.04907829026584,1497.2351718937796,-69.17251179659841,-6.693677337697785,-0.3571201373187371,-6.6936004053584,18098.075222067706,0.0,0.19182687041996702,1.940615498026607,2100841.585334012,603.42979371159
179300.0,4584173.2130416855,244504.54779934385,4584120.531596097,-69.71844615424408,1497.199448906722,-69.84187196643356,-6.6936799726029905,-0.3573396062403092,-6.693603022080092,18098.075222067706,0.0,0.19182687041996702,1.940615498026607,2100841.585334012,603.42979371159
179400.0,4584166.207728665,244654.2659571707,4584113.513940881,-70.38781429093353,1497.1637039720495,-70.51123240716144,-6.693682791921188,-0.3575590896204128,-6.693605823212279,18098.075222067706,0.0,0.19182687041996702,1.940615498026607,2100841.585334012,603.42979371159
179500.0,4584159.135478817,244803.98053940662,4584106.429349606,-71.05718271877527,1497.1279370883149,-71.18059313722287,-6.693685795647727,-0.35777858748930547,-6.6936088087503,18098.075222067706,0.0,0.19182687041996702,1.940615498026607,2100841.585334012,603.42979371159
179600.0,4584151.9962921105,244953.69154385666,4584099.277822243,-71.72655145620988,1497.0921482540678,-71.8499541750582,-6.69368898377794,-0.35799809987737746,-6.693611978689487,18098.075222067706,0.0,0.19182687041996702,1.940615498026607,2100841.585334012,603.42979371159
179700.0,4584144.7901685145,245103.3989683257,4584092.05935876,-72.3959205216775,1497.0563374678545,-72.51931553910731,-6.693692356307181,-0.35821762681515346,-6.693615333025194,18098.075222067706,0.0,0.19182687041996702,1.940615498026607,2100841.585334012,603.42979371159
179800.0,4584137.517107994,245253.10281061844,4584084.7739591235,-73.06528993361779,1497.0205047282188,-73.18867724780964,-6.69369591323082,-0.35843716833329275,-6.69361887175279,18098.075222067706,0.0,0.19182687041996702,1.940615498026607,2100841.585334012,603.42979371159
179900.0,4584130.177110516,245402.8030685395,4584077.421623298,-73.73465971046998,1496.984650033701,-73.85803931960412,-6.693699654544227,-0.3586567244625887,-6.6936225948676356,18098.075222067706,0.0,0.19182687041996702,1.940615498026607,2100841.585334012,603.42979371159
180000.0,4584122.77017604,245552.4997398933,4584070.002351247,-74.40402987067282,1496.9487733828382,-74.52740177292925,-6.69370358024279,-0.35887629523397035,-6.693626502365121,18098.075222067706,0.0,0.19182687041996702,1.940615498026607,2100841.585334012,603.42979371159
180100.0,4584115.296304529,245702.19282248415,4584062.51614293,-75.07340043266457,1496.912874774165,-75.19676462622307,-6.6937076903219035,-0.359095880678502,-6.693630594240638,18098.075222067706,0.0,0.19182687041996702,1.940615498026607,2100841.585334012,603.42979371159
180200.0,4584107.755495939,245851.88231411617,4584054.962998307,-75.74277141488307,1496.8769542062123,-75.86612789792315,-6.693711984776963,-0.3593154808273833,-6.6936348704895785,18098.075222067706,0.0,0.19182687041996702,1.940615498026607,2100841.585334012,603.42979371159
180300.0,4584100.1477502305,246001.56821259338,4584047.342917336,-76.41214283576568,1496.8410116775083,-76.5354916064666,-6.6937164636033915,-0.3595350957119511,-6.693639331107366,18098.075222067706,0.0,0.19182687041996702,1.940615498026607,2100841.585334012,603.42979371159
180400.0,4584092.473067357,246151.2505157196,4584039.655899971,-77.0815147137493,1496.8050471865777,-77.2048557702901,-6.693721126796598,-0.3597547253636773,-6.693643976089401,18098.075222067706,0.0,0.19182687041996702,1.940615498026607,2100841.585334012,603.42979371159
180500.0,4584084.731447272,246300.92922129857,4584031.901946166,-77.7508870672704,1496.7690607319423,-77.87422040782981,-6.693725974352027,-0.35997436981417325,-6.69364880543113,18098.075222067706,0.0,0.19182687041996702,1.940615498026607,2100841.585334012,603.42979371159
180600.0,4584076.922889927,246450.60432713383,4584024.081055872,-78.42025991476496,1496.7330523121207,-78.5435855375215,-6.693731006265097,-0.3601940290951848,-6.693653819127969,18098.075222067706,0.0,0.19182687041996702,1.940615498026607,2100841.585334012,603.42979371159
180700.0,4584069.047395272,246600.2758310288,4584016.193229041,-79.08963327466851,1496.697021925628,-79.21295117780042,-6.693736222531261,-0.3604137032385977,-6.693659017175367,18098.075222067706,0.0,0.19182687041996702,1.940615498026607,2100841.585334012,603.42979371159
180800.0,4584061.104963255,246749.9437307867,4584008.238465619,-79.75900716541615,1496.6609695709765,-79.88231734710143,-6.6937416231459705,-0.3606333922764353,-6.69366439956877,18098.075222067706,0.0,0.19182687041996702,1.940615498026607,2100841.585334012,603.42979371159
180900.0,4584053.095593821,246899.60802421067,4584000.216765554,-80.4283816054425,1496.6248952466751,-80.5516840638589,-6.69374720810468,-0.3608530962408597,-6.693669966303636,18098.075222067706,0.0,0.19182687041996702,1.940615498026607,2100841.585334012,603.42979371159
181000.0,4584045.019286915,247049.26870910366,4583992.1281287875,-81.09775661318173,1496.5887989512296,-81.22105134650673,-6.6937529774028555,-0.361072815164172,-6.693675717375425,18098.075222067706,0.0,0.19182687041996702,1.940615498026607,2100841.585334012,603.42979371159
181100.0,4584036.876042479,247198.9257832685,4583983.972555265,-81.76713220706756,1496.5526806831424,-81.8904192134784,-6.693758931035967,-0.36129254907881303,-6.693681652779604,18098.075222067706,0.0,0.19182687041996702,1.940615498026607,2100841.585334012,603.42979371159
181200.0,4584028.665860454,247348.57924450783,4583975.750044925,-82.43650840553326,1496.5165404409129,-82.5597876832069,-6.693765068999491,-0.36151229801736356,-6.6936877725116455,18098.075222067706,0.0,0.19182687041996702,1.940615498026607,2100841.585334012,603.42979371159
181300.0,4584020.388740777,247498.22909062417,4583967.460597708,-83.10588522701165,1496.480378223037,-83.22915677412483,-6.693771391288908,-0.3617320620125452,-6.6936940765670325,18098.075222067706,0.0,0.19182687041996702,1.940615498026607,2100841.585334012,603.42979371159
181400.0,4584012.044683387,247647.87531941987,4583959.10421355,-83.77526268993509,1496.4441940280074,-83.89852650466428,-6.693777897899705,-0.3619518410972199,-6.693700564941244,18098.075222067706,0.0,0.19182687041996702,1.940615498026607,2100841.585334012,603.42979371159
181500.0,4584003.633688217,247797.51792869714,4583950.680892386,-84.44464081273549,1496.4079878543134,-84.56789689325689,-6.6937845888273735,-0.36217163530439206,-6.693707237629773,18098.075222067706,0.0,0.19182687041996702,1.940615498026607,2100841.585334012,603.42979371159
181600.0,4583995.155755201,247947.15691625804,4583942.190634149,-85.1140196138443,1496.3717597004413,-85.23726795833389,-6.69379146406741,-0.36239144466720696,-6.6937140946281115,18098.075222067706,0.0,0.19182687041996702,1.940615498026607,2100841.585334012,603.42979371159
181700.0,4583986.610884271,248096.7922799045,4583933.633438772,-85.78339911169256,1496.3355095648737,-85.90663971832602,-6.69379852361532,-0.3626112692189536,-6.69372113593176,18098.075222067706,0.0,0.19182687041996702,1.940615498026607,2100841.585334012,603.42979371159
181800.0,4583977.999075355,248246.42401743826,4583925.009306182,-86.45277932471082,1496.29923744609,-86.5760121916636,-6.693805767466596,-0.36283110899306237,-6.693728361536212,18098.075222067706,0.0,0.19182687041996702,1.940615498026607,2100841.585334012,603.42979371159
181900.0,4583969.320328382,248396.0521266609,4583916.318236309,-87.12216027132918,1496.2629433425666,-87.24538539677647,-6.693813195616756,-0.3630509640231088,-6.693735771436977,18098.075222067706,0.0,0.19182687041996702,1.940615498026607,2100841.585334012,603.42979371159
182000.0,4583960.574643276,248545.6766053739,4583907.560229078,-87.79154196997732,1496.2266272527759,-87.91475935209405,-6.693820808061305,-0.36327083434281127,-6.693743365629563,18098.075222067706,0.0,0.19182687041996702,1.940615498026607,2100841.585334012,603.42979371159
182100.0,4583951.762019962,248695.29745137854,4583898.735284413,-88.46092443908444,1496.1902891751872,-88.58413407604529,-6.6938286047957565,-0.36349071998603333,-6.693751144109479,18098.075222067706,0.0,0.19182687041996702,1.940615498026607,2100841.585334012,603.42979371159
182200.0,4583942.882458362,248844.91466247596,4583889.843402237,-89.13030769707932,1496.1539291082668,-89.2535095870587,-6.693836585815625,-0.3637106209867831,-6.693759106872237,18098.075222067706,0.0,0.19182687041996702,1.940615498026607,2100841.585334012,603.42979371159
182300.0,4583933.935958396,248994.52823646716,4583880.884582469,-89.79969176239027,1496.1175470504768,-89.92288590356235,-6.69384475111643,-0.3639305373792151,-6.693767253913355,18098.075222067706,0.0,0.19182687041996702,1.940615498026607,2100841.585334012,603.42979371159
182400.0,4583924.922519982,249144.13817115297,4583871.858825029,-90.46907665344516,1496.0811430002766,-90.59226304398383,-6.693853100693691,-0.36415046919762983,-6.693775585228346,18098.075222067706,0.0,0.19182687041996702,1.940615498026607,2100841.585334012,603.42979371159
182500.0,4583915.842143036,249293.74446433407,4583862.766129833,-91.13846238867141,1496.0447169561219,-91.26164102675033,-6.693861634542929,-0.36437041647647406,-6.693784100812733,18098.075222067706,0.0,0.19182687041996702,1.940615498026607,2100841.585334012,603.42979371159
182600.0,4583906.694827475,249443.347113811,4583853.606496795,-91.807848986496,1496.0082689164649,-91.93101987028854,-6.693870352659663,-0.3645903792503422,-6.693792800662026,18098.075222067706,0.0,0.19182687041996702,1.940615498026607,2100841.585334012,603.42979371159
182700.0,4583897.48057321,249592.94611738413,4583844.379925829,-92.47723646534544,1495.9717988797543,-92.60039959302475,-6.693879255039413,-0.3648103575539767,-6.693801684771745,18098.075222067706,0.0,0.19182687041996702,1.940615498026607,2100841.585334012,603.42979371159
182800.0,4583888.199380152,249742.54147285366,4583835.086416846,-93.14662484364582,1495.9353068444352,-93.26978021338476,-6.693888341677704,-0.36503035142226903,-6.693810753137414,18098.075222067706,0.0,0.19182687041996702,1.940615498026607,2100841.585334012,603.42979371159
182900.0,4583878.85124821,249892.13317801966,4583825.725969756,-93.81601413982278,1495.8987928089498,-93.93916174979395,-6.693897612570057,-0.3652503608902587,-6.69382000575455,18098.075222067706,0.0,0.19182687041996702,1.940615498026607,2100841.585334012,603.42979371159
183000.0,4583869.436177293,250041.72123068204,4583816.298584465,-94.48540437230149,1495.8622567717362,-94.60854422067725,-6.693907067711993,-0.36547038599313597,-6.693829442618671,18098.075222067706,0.0,0.19182687041996702,1.940615498026607,2100841.585334012,603.42979371159
183100.0,4583859.954167305,250191.30562864055,4583806.80426088,-95.15479555950668,1495.8256987312288,-95.27792764445911,-6.693916707099033,-0.3656904267662411,-6.693839063725294,18098.075222067706,0.0,0.19182687041996702,1.940615498026607,2100841.585334012,603.42979371159
183200.0,4583850.405218149,250340.88636969478,4583797.242998904,-95.82418771986265,1495.7891186858592,-95.94731203956357,-6.6939265307266975,-0.3659104832450653,-6.693848869069938,18098.075222067706,0.0,0.19182687041996702,1.940615498026607,2100841.585334012,603.42979371159
183300.0,4583840.789329727,250490.46345164417,4583787.614798439,-96.49358087179323,1495.752516634055,-96.61669742441421,-6.693936538590501,-0.3661305554652517,-6.693858858648115,18098.075222067706,0.0,0.19182687041996702,1.940615498026607,2100841.585334012,603.42979371159
183400.0,4583831.106501941,250640.036872288,4583777.919659385,-97.1629750337218,1495.7158925742401,-97.28608381743416,-6.693946730685954,-0.36635064346259494,-6.693869032455331,18098.075222067706,0.0,0.19182687041996702,1.940615498026607,2100841.585334012,603.42979371159
183500.0,4583821.3567346865,250789.60662942537,4583768.157581641,-97.83237022407133,1495.6792465048352,-97.9554712370461,-6.693957107008576,-0.36657074727304384,-6.693879390487103,18098.075222067706,0.0,0.19182687041996702,1.940615498026607,2100841.585334012,603.42979371159
183600.0,4583811.5400278615,250939.17272085525,4583758.328565103,-98.50176646126428,1495.6425784242572,-98.62485970167225,-6.693967667553877,-0.3667908669327002,-6.693889932738938,18098.075222067706,0.0,0.19182687041996702,1.940615498026607,2100841.585334012,603.42979371159
183700.0,4583801.656381359,251088.73514437646,4583748.432609665,-99.17116376372272,1495.6058883309192,-99.2942492297344,-6.693978412317362,-0.36701100247782026,-6.693900659206339,18098.075222067706,0.0,0.19182687041996702,1.940615498026607,2100841.585334012,603.42979371159
183800.0,4583791.705795073,251238.29389778763,4583738.469715221,-99.84056214986822,1495.569176223231,-99.9636398396539,-6.6939893412945315,-0.3672311539448148,-6.693911569884803,18098.075222067706,0.0,0.19182687041996702,1.940615498026607,2100841.585334012,603.42979371159
183900.0,4583781.6882688925,251387.84897888725,4583728.439881661,-100.50996163812194,1495.5324420995983,-100.6330315498516,-6.694000454480885,-0.36745132137025094,-6.693922664769828,18098.075222067706,0.0,0.19182687041996702,1.940615498026607,2100841.585334012,603.42979371159
184000.0,4583771.603802708,251537.40038547365,4583718.343108874,-101.17936224690456,1495.4956859584236,-101.30242437874793,-6.694011751871921,-0.367671504790852,-6.693933943856907,18098.075222067706,0.0,0.19182687041996702,1.940615498026607,2100841.585334012,603.42979371159
184100.0,4583761.452396406,251686.94811534497,4583708.179396748,-101.84876399463633,1495.4589077981057,-101.9718183447629,-6.694023233463125,-0.36789170424349804,-6.6939454071415225,18098.075222067706,0.0,0.19182687041996702,1.940615498026607,2100841.585334012,603.42979371159
184200.0,4583751.234049871,251836.49216629926,4583697.948745167,-102.51816689973704,1495.4221076170393,-102.641213466316,-6.6940348992499885,-0.3681119197652278,-6.693957054619165,18098.075222067706,0.0,0.19182687041996702,1.940615498026607,2100841.585334012,603.42979371159
184300.0,4583740.948762987,251986.03253613433,4583687.651154015,-103.18757098062603,1495.3852854136157,-103.31060976182634,-6.69404674922798,-0.36833215139323733,-6.693968886285297,18098.075222067706,0.0,0.19182687041996702,1.940615498026607,2100841.585334012,603.42979371159
184400.0,4583730.596535635,252135.56922264787,4583677.286623174,-103.85697625572219,1495.3484411862225,-103.98000724971253,-6.694058783392578,-0.36855239916488325,-6.693980902135397,18098.075222067706,0.0,0.19182687041996702,1.940615498026607,2100841.585334012,603.42979371159
184500.0,4583720.177367696,252285.1022236374,4583666.855152525,-104.52638274344395,1495.3115749332435,-104.64940594839274,-6.6940710017392515,-0.3687726631176817,-6.69399310216493,18098.075222067706,0.0,0.19182687041996702,1.940615498026607,2100841.585334012,603.42979371159
184600.0,4583709.691259046,252434.63153690027,4583656.356741944,-105.19579046220929,1495.2746866530586,-105.31880587628469,-6.694083404263454,-0.3689929432893093,-6.694005486369345,18098.075222067706,0.0,0.19182687041996702,1.940615498026607,2100841.585334012,603.42979371159
184700.0,4583699.138209562,252584.1571602337,4583645.791391308,-105.86519943043574,1495.2377763440438,-105.98820705180562,-6.694095990960643,-0.36921323971760495,-6.694018054744097,18098.075222067706,0.0,0.19182687041996702,1.940615498026607,2100841.585334012,603.42979371159
184800.0,4583688.518219118,252733.67909143472,4583635.159100492,-106.53460966654036,1495.2008440045718,-106.65760949337236,-6.694108761826258,-0.36943355244056947,-6.694030807284625,18098.075222067706,0.0,0.19182687041996702,1.940615498026607,2100841.585334012,603.42979371159
184900.0,4583677.831287586,252883.19732830022,4583624.459869367,-107.20402118893978,1495.1638896330112,-107.32701321940125,-6.694121716855737,-0.3696538814963669,-6.694043743986361,18098.075222067706,0.0,0.19182687041996702,1.940615498026607,2100841.585334012,603.42979371159
185000.0,4583667.077414837,253032.71186862688,4583613.693697805,-107.87343401605015,1495.1269132277268,-107.99641824830819,-6.694134856044512,-0.3698742269233258,-6.694056864844733,18098.075222067706,0.0,0.19182687041996702,1.940615498026607,2100841.585334012,603.42979371159
185100.0,4583656.2566007385,253182.22271021127,4583602.860585674,-108.54284816628717,1495.0899147870796,-108.6658245985086,-6.6941481793880016,-0.3700945887599389,-6.694070169855162,18098.075222067706,0.0,0.19182687041996702,1.940615498026607,2100841.585334012,603.42979371159
185200.0,4583645.368845158,253331.72985084975,4583591.96053284,-109.21226365806609,1495.0528943094266,-109.33523228841747,-6.694161686881615,-0.3703149670448648,-6.694083659013047,18098.075222067706,0.0,0.19182687041996702,1.940615498026607,2100841.585334012,603.42979371159
185300.0,4583634.414147961,253481.23328833852,4583580.99353917,-109.88168050980168,1495.015851793121,-110.00464133644931,-6.6941753785207485,-0.3705353618169283,-6.694097332313786,18098.075222067706,0.0,0.19182687041996702,1.940615498026607,2100841.585334012,603.42979371159
185400.0,4583623.39250901,253630.73302047368,4583569.959604527,-110.55109873990827,1494.9787872365123,-110.67405176101818,-6.694189254300788,-0.37075577311512153,-6.69411118975276,18098.075222067706,0.0,0.19182687041996702,1.940615498026607,2100841.585334012,603.42979371159
185500.0,4583612.303928166,253780.2290450511,4583558.858728771,-111.22051836679971,1494.9417006379458,-111.34346358053766,-6.6942033142171224,-0.37097620097860534,-6.694125231325354,18098.075222067706,0.0,0.19182687041996702,1.940615498026607,2100841.585334012,603.42979371159
185600.0,4583601.148405288,253929.72135986647,4583547.690911763,-111.8899394088894,1494.904591995763,-112.01287681342089,-6.694217558265117,-0.37119664544670916,-6.694139457026929,18098.075222067706,0.0,0.19182687041996702,1.940615498026607,2100841.585334012,603.42979371159
185700.0,4583589.925940236,254079.2099627154,4583536.456153361,-112.55936188459029,1494.8674613083015,-112.68229147808053,-6.69423198644012,-0.37141710655893184,-6.694153866852832,18098.075222067706,0.0,0.19182687041996702,1.940615498026607,2100841.585334012,603.42979371159
185800.0,4583578.636532864,254228.69485139323,4583525.15445342,-113.22878581231484,1494.830308573895,-113.35170759292878,-6.694246598737487,-0.37163758435494426,-6.694168460798417,18098.075222067706,0.0,0.19182687041996702,1.940615498026607,2100841.585334012,603.42979371159
185900.0,4583567.280183025,254378.1760236952,4583513.785811794,-113.89821121047504,1494.793133790873,-114.02112517637737,-6.6942613951525445,-0.3718580788745879,-6.6941832388590035,18098.075222067706,0.0,0.19182687041996702,1.940615498026607,2100841.585334012,603.42979371159
186000.0,4583555.856890572,254527.6534774164,4583502.350228336,-114.56763809748244,1494.7559369575613,-114.69054424683758,-6.694276375680606,-0.3720785901578768,-6.694198201029905,18098.075222067706,0.0,0.19182687041996702,1.940615498026607,2100841.585334012,603.42979371159
186100.0,4583544.366655355,254677.12721035167,4583490.847702895,-115.23706649174811,1494.7187180722813,-115.3599648227202,-6.694291540316986,-0.3722991182449993,-6.69421334730643,18098.075222067706,0.0,0.19182687041996702,1.940615498026607,2100841.585334012,603.42979371159
186200.0,4583532.809477223,254826.59722029575,4583479.278235321,-115.90649641168262,1494.6814771333507,-116.02938692243556,-6.694306889056971,-0.3725196631763175,-6.694228677683862,18098.075222067706,0.0,0.19182687041996702,1.940615498026607,2100841.585334012,603.42979371159
186300.0,4583521.185356022,254976.06350504316,4583467.64182546,-116.57592787569612,1494.644214139083,-116.69881056439351,-6.694322421895838,-0.37274022499236914,-6.694244192157478,18098.075222067706,0.0,0.19182687041996702,1.940615498026607,2100841.585334012,603.42979371159
186400.0,4583509.494291596,255125.52606238832,4583455.938473157,-117.24536090219826,1494.6069290877879,-117.36823576700344,-6.694338138828855,-0.3729608037338683,-6.694259890722537,18098.075222067706,0.0,0.19182687041996702,1.940615498026607,2100841.585334012,603.42979371159
186500.0,4583497.736283788,255274.98489012543,4583444.168178254,-117.9147955095982,1494.5696219777706,-118.03766254867425,-6.694354039851261,-0.37318139944170625,-6.69427577337428,18098.075222067706,0.0,0.19182687041996702,1.940615498026607,2100841.585334012,603.42979371159
186600.0,4583485.911332441,255424.43998604853,4583432.330940593,-118.58423171630467,1494.5322928073326,-118.70709092781436,-6.6943701249582945,-0.3734020121569525,-6.69429184010794,18098.075222067706,0.0,0.19182687041996702,1.940615498026607,2100841.585334012,603.42979371159
186700.0,4583474.019437391,255573.8913479515,4583420.426760014,-119.25366954072587,1494.494941574771,-119.37652092283174,-6.69438639414517,-0.3736226419208558,-6.694308090918729,18098.075222067706,0.0,0.19182687041996702,1.940615498026607,2100841.585334012,603.42979371159
186800.0,4583462.060598478,255723.338973628,4583408.455636354,-119.92310900126954,1494.4575682783789,-120.04595255213385,-6.69440284740708,-0.3738432887748449,-6.694324525801832,18098.075222067706,0.0,0.19182687041996702,1.940615498026607,2100841.585334012,603.42979371159
186900.0,4583450.034815536,255872.78286087164,4583396.417569448,-120.59255011634295,1494.420172916445,-120.71538583412769,-6.694419484739214,-0.3740639527605306,-6.694341144752441,18098.075222067706,0.0,0.19182687041996702,1.940615498026607,2100841.585334012,603.42979371159
187000.0,4583437.942088399,256022.22300747572,4583384.3125591315,-121.2619929043529,1494.3827554872541,-121.38482078721977,-6.694436306136727,-0.3742846339197047,-6.694357947765704,18098.075222067706,0.0,0.19182687041996702,1.940615498026607,2100841.585334012,603.42979371159
187100.0,4583425.782416899,256171.65941123344,4583372.140605235,-121.93143738370566,1494.345315989087,-122.05425742981609,-6.694453311594773,-0.37450533229434374,-6.694374934836772,18098.075222067706,0.0,0.19182687041996702,1.940615498026607,2100841.585334012,603.42979371159
187200.0,4583413.555800865,256321.09206993785,4583359.901707589,-122.60088357280704,1494.30785442022,-122.72369578032222,-6.6944705011084755,-0.3747260479266074,-6.694392105960766,18098.075222067706,0.0,0.19182687041996702,1.940615498026607,2100841.585334012,603.42979371159
187300.0,4583401.262240127,256470.52098138173,4583347.595866022,-123.27033149006238,1494.270370778925,-123.39313585714318,-6.694487874672941,-0.3749467808588412,-6.694409461132788,18098.075222067706,0.0,0.19182687041996702,1.940615498026607,2100841.585334012,603.42979371159
187400.0,4583388.9017345095,256619.9461433578,4583335.223080359,-123.9397811538765,1494.2328650634702,-124.06257767868354,-6.694505432283258,-0.37516753113357737,-6.694427000347924,18098.075222067706,0.0,0.19182687041996702,1.940615498026607,2100841.585334012,603.42979371159
187500.0,4583376.474283838,256769.36755365855,4583322.783350427,-124.60923258265373,1494.1953372721189,-124.73202126334736,-6.694523173934497,-0.3753882987935353,-6.694444723601241,18098.075222067706,0.0,0.19182687041996702,1.940615498026607,2100841.585334012,603.42979371159
187600.0,4583363.9798879335,256918.7852100763,4583310.276676047,-125.27868579479792,1494.1577874031304,-125.40146662953822,-6.694541099621705,-0.37560908388162334,-6.694462630887781,18098.075222067706,0.0,0.19182687041996702,1.940615498026607,2100841.585334012,603.42979371159
187700.0,4583351.418546618,257068.19911040322,4583297.70305704,-125.94814080871244,1494.12021545476,-126.0709137956592,-6.694559209339903,-0.3758298864409389,-6.694480722202563,18098.075222067706,0.0,0.19182687041996702,1.940615498026607,2100841.585334012,603.42979371159
187800.0,4583338.7902597105,257217.60925243123,4583285.0624932265,-126.6175976428001,1494.0826214252584,-126.74036278011285,-6.694577503084105,-0.3760507065147713,-6.694498997540596,18098.075222067706,0.0,0.19182687041996702,1.940615498026607,2100841.585334012,603.42979371159
187900.0,4583326.095027028,257367.01563395216,4583272.354984423,-127.28705631546329,1494.0450053128718,-127.40981360130125,-6.6945959808492805,-0.37627154414660036,-6.694517456896849,18098.075222067706,0.0,0.19182687041996702,1.940615498026607,2100841.585334012,603.42979371159
188000.0,4583313.332848385,257516.41825275763,4583259.580530445,-127.95651684510383,1494.0073671158423,-128.07926627762598,-6.694614642630399,-0.3764923993801007,-6.694536100266286,18098.075222067706,0.0,0.19182687041996702,1.940615498026607,2100841.585334012,603.42979371159
188100.0,4583300.503723596,257665.8171066391,4583246.739131105,-128.62597925012307,1493.9697068324076,-128.7487208274881,-6.694633488422396,-0.37671327225914014,-6.694554927643836,18098.075222067706,0.0,0.19182687041996702,1.940615498026607,2100841.585334012,603.42979371159
188200.0,4583287.607652472,257815.21219338782,4583233.830786216,-129.29544354892184,1493.932024460801,-129.41817726928818,-6.694652518220176,-0.3769341628277815,-6.694573939024402,18098.075222067706,0.0,0.19182687041996702,1.940615498026607,2100841.585334012,603.42979371159
188300.0,4583274.644634823,257964.60351079493,4583220.855495588,-129.96490975990045,1493.894319999251,-130.08763562142624,-6.694671732018635,-0.37715507113028585,-6.69459313440288,18098.075222067706,0.0,0.19182687041996702,1.940615498026607,2100841.585334012,603.42979371159
188400.0,4583261.614670456,258113.99105665128,4583207.813259028,-130.63437790145875,1493.856593445982,-130.75709590230184,-6.694691129812634,-0.3773759972111106,-6.694612513774124,18098.075222067706,0.0,0.19182687041996702,1.940615498026607,2100841.585334012,603.42979371159
188500.0,4583248.517759178,258263.37482874768,4583194.704076342,-131.303847991996,1493.8188447992145,-131.426558130314,-6.69471071159701,-0.3775969411149126,-6.694632077132965,18098.075222067706,0.0,0.19182687041996702,1.940615498026607,2100841.585334012,603.42979371159
188600.0,4583235.353900792,258412.75482487463,4583181.527947336,-131.973320049911,1493.7810740571636,-132.09602232386118,-6.694730477366572,-0.3778179028865487,-6.694651824474214,18098.075222067706,0.0,0.19182687041996702,1.940615498026607,2100841.585334012,603.42979371159
188700.0,4583222.123095102,258562.13104282256,4583168.284871812,-132.642794093602,1493.7432812180402,-132.7654885013414,-6.694750427116106,-0.37803888257107776,-6.694671755792649,18098.075222067706,0.0,0.19182687041996702,1.940615498026607,2100841.585334012,603.42979371159
188800.0,4583208.825341906,258711.50348038162,4583154.97484957,-133.3122701414667,1493.7054662800508,-133.4349566811521,-6.694770560840373,-0.37825988021376084,-6.694691871083028,18098.075222067706,0.0,0.19182687041996702,1.940615498026607,2100841.585334012,603.42979371159
188900.0,4583195.460641006,258860.87213534187,4583141.597880408,-133.98174821190239,1493.6676292413974,-134.10442688169022,-6.694790878534098,-0.3784808958600629,-6.694712170340074,18098.075222067706,0.0,0.19182687041996702,1.940615498026607,2100841.585334012,603.42979371159
189000.0,4583182.028992197,259010.23700549314,4583128.153964125,-134.65122832330567,1493.6297701002773,-134.77389912135214,-6.694811380191988,-0.37870192955565446,-6.6947326535584875,18098.075222067706,0.0,0.19182687041996702,1.940615498026607,2100841.585334012,603.42979371159
189100.0,4583168.530395273,259159.59808862512,4583114.643100515,-135.32071049407273,1493.591888854883,-135.44337341853378,-6.69483206580871,-0.37892298134641234,-6.694753320732935,18098.075222067706,0.0,0.19182687041996702,1.940615498026607,2100841.585334012,603.42979371159
189200.0,4583154.964850029,259308.95538252726,4583101.065289372,-135.9901947425992,1493.5539855034033,-136.11284979163042,-6.6948529353789095,-0.3791440512784208,-6.694774171858055,18098.075222067706,0.0,0.19182687041996702,1.940615498026607,2100841.585334012,603.42979371159
189300.0,4583141.332356255,259458.30888498886,4583087.420530487,-136.65968108728012,1493.5160600440213,-136.7823282590369,-6.6948739888972035,-0.379365139397974,-6.694795206928462,18098.075222067706,0.0,0.19182687041996702,1.940615498026607,2100841.585334012,603.42979371159
189400.0,4583127.63291374,259607.65859379907,4583073.708823649,-137.32916954651006,1493.4781124749159,-137.45180883914745,-6.69489522635817,-0.37958624575157607,-6.6948164259387335,18098.075222067706,0.0,0.19182687041996702,1.940615498026607,2100841.585334012,603.42979371159
189500.0,4583113.866522274,259757.0045067468,4583059.930168647,-137.998660138683,1493.4401427942614,-138.12129155035578,-6.694916647756361,-0.37980737038594237,-6.694837828883411,18098.075222067706,0.0,0.19182687041996702,1.940615498026607,2100841.585334012,603.42979371159
189600.0,4583100.033181641,259906.34662162082,4583046.084565267,-138.66815288219237,1493.4021510002276,-138.79077641105508,-6.694938253086301,-0.3800285133480025,-6.69485941575702,18098.075222067706,0.0,0.19182687041996702,1.940615498026607,2100841.585334012,603.42979371159
189700.0,4583086.132891625,260055.68493620967,4583032.172013293,-139.3376477954311,1493.3641370909793,-139.46026343963797,-6.694960042342465,-0.38024967468489906,-6.694881186554032,18098.075222067706,0.0,0.19182687041996702,1.940615498026607,2100841.585334012,603.42979371159
189800.0,4583072.165652009,260205.01944830175,4583018.192512507,-140.00714489679154,1493.3261010646765,-140.12975265449649,-6.6949820155193205,-0.3804708544439923,-6.694903141268909,18098.075222067706,0.0,0.19182687041996702,1.940615498026607,2100841.585334012,603.42979371159
189900.0,4583058.131462572,260354.3501556853,4583004.146062689,-140.67664420466548,1493.2880429194747,-140.79924407402214,-6.695004172611279,-0.38069205267285816,-6.694925279896058,18098.075222067706,0.0,0.19182687041996702,1.940615498026607,2100841.585334012,603.42979371159
190000.0,4583044.030323094,260503.6770561483,4582990.032663618,-141.34614573744412,1493.2499626535246,-141.46873771660592,-6.695026513612728,-0.3809132694192918,-6.6949476024298615,18098.075222067706,0.0,0.19182687041996702,1.940615498026607,2100841.585334012,603.42979371159
190100.0,4583029.86223335,260653.0001474786,4582975.852315071,-142.01564951351816,1493.2118602649718,-142.13823360063816,-6.695049038518022,-0.3811345047313093,-6.694970108864675,18098.075222067706,0.0,0.19182687041996702,1.940615498026607,2100841.585334012,603.42979371159
190200.0,4583015.627193116,260802.3194274638,4582961.605016823,-142.68515555127766,1493.1737357519578,-142.8077317445087,-6.695071747321476,-0.38135575865714694,-6.694992799194805,18098.075222067706,0.0,0.19182687041996702,1.940615498026607,2100841.585334012,603.42979371159
190300.0,4583001.325202163,260951.63489389143,4582947.290768647,-143.3546638691122,1493.1355891126184,-143.47723216660677,-6.695094640017367,-0.3815770312452646,-6.6950156734145265,18098.075222067706,0.0,0.19182687041996702,1.940615498026607,2100841.585334012,603.42979371159
190400.0,4582986.956260265,261100.94654454873,4582932.909570313,-144.0241744854107,1493.097420345085,-144.14673488532105,-6.695117716599937,-0.38179832254434637,-6.695038731518075,18098.075222067706,0.0,0.19182687041996702,1.940615498026607,2100841.585334012,603.42979371159
190500.0,4582972.520367189,261250.2543772228,4582918.461421592,-144.69368741856155,1493.0592294474843,-144.81623991903965,-6.695140977063393,-0.38201963260330274,-6.695061973499655,18098.075222067706,0.0,0.19182687041996702,1.940615498026607,2100841.585334012,603.42979371159
190600.0,4582958.017522704,261399.5583897005,4582903.946322251,-145.36320268695255,1493.0210164179375,-145.48574728615006,-6.695164421401902,-0.3822409614712713,-6.695085399353431,18098.075222067706,0.0,0.19182687041996702,1.940615498026607,2100841.585334012,603.42979371159
190700.0,4582943.447726574,261548.8585797686,4582889.364272056,-146.0327203089709,1492.9827812545614,-146.1552570050392,-6.695188049609595,-0.3824623091976188,-6.695109009073528,18098.075222067706,0.0,0.19182687041996702,1.940615498026607,2100841.585334012,603.42979371159
190800.0,4582928.8109785635,261698.15494521358,4582874.715270771,-146.70224030300324,1492.9445239554677,-146.82476909409343,-6.69521186168055,-0.3826836758319416,-6.69513280265402,18098.075222067706,0.0,0.19182687041996702,1.940615498026607,2100841.585334012,603.42979371159
190900.0,4582914.107278434,261847.44748382177,4582859.999318157,-147.3717626874356,1492.906244518763,-147.49428357169847,-6.695235857608821,-0.3829050614240693,-6.69515678008896,18098.075222067706,0.0,0.19182687041996702,1.940615498026607,2100841.585334012,603.42979371159
191000.0,4582899.336625946,261996.73619337933,4582845.216413976,-148.04128748065338,1492.8679429425492,-148.1638004562395,-6.695260037388415,-0.3831264660240645,-6.695180941372349,18098.075222067706,0.0,0.19182687041996702,1.940615498026607,2100841.585334012,603.42979371159
191100.0,4582884.499020857,262146.0210716722,4582830.366557985,-148.71081470104144,1492.829619224923,-148.83331976610103,-6.695284401013305,-0.3833478896822254,-6.695205286498152,18098.075222067706,0.0,0.19182687041996702,1.940615498026607,2100841.585334012,603.42979371159
191200.0,4582869.594462924,262295.3021164862,4582815.449749941,-149.38034436698402,1492.7912733639757,-149.50284151966702,-6.695308948477404,-0.3835693324490858,-6.695229815460285,18098.075222067706,0.0,0.19182687041996702,1.940615498026607,2100841.585334012,603.42979371159
191300.0,4582854.6229519015,262444.5793256068,4582800.465989599,-150.0498764968647,1492.7529053577944,-150.17236573532077,-6.695333679774599,-0.3837907943754192,-6.695254528252624,18098.075222067706,0.0,0.19182687041996702,1.940615498026607,2100841.585334012,603.42979371159
191400.0,4582839.584487542,262593.8526968195,4582785.415276712,-150.7194111090665,1492.7145152044602,-150.84189243144502,-6.695358594898723,-0.3840122755122385,-6.695279424869006,18098.075222067706,0.0,0.19182687041996702,1.940615498026607,2100841.585334012,603.42979371159
191500.0,4582824.479069596,262743.12222790945,4582770.29761103,-151.3889482219718,1492.6761029020497,-151.51142162642185,-6.695383693843576,-0.38423377591079844,-6.695304505303216,18098.075222067706,0.0,0.19182687041996702,1.940615498026607,2100841.585334012,603.42979371159
191600.0,4582809.306697814,262892.38791666157,4582755.1129923025,-152.05848785396236,1492.6376684486343,-152.18095333863272,-6.695408976602899,-0.38445529562259634,-6.695329769548998,18098.075222067706,0.0,0.19182687041996702,1.940615498026607,2100841.585334012,603.42979371159
191700.0,4582794.067371941,263041.6497608607,4582739.8614202775,-152.7280300234193,1492.5992118422798,-152.85048758645848,-6.695434443170397,-0.38467683469937586,-6.695355217600054,18098.075222067706,0.0,0.19182687041996702,1.940615498026607,2100841.585334012,603.42979371159
191800.0,4582778.761091724,263190.9077582915,4582724.542894701,-153.39757474872314,1492.5607330810471,-153.52002438827935,-6.6954600935397215,-0.3848983931931259,-6.695380849450027,18098.075222067706,0.0,0.19182687041996702,1.940615498026607,2100841.585334012,603.42979371159
191900.0,4582763.387856905,263340.16190673836,4582709.157415315,-154.06712204825376,1492.5222321629922,-154.1895637624749,-6.695485927704483,-0.38511997115608465,-6.695406665092525,18098.075222067706,0.0,0.19182687041996702,1.940615498026607,2100841.585334012,603.42979371159
192000.0,4582747.947667228,263489.4122039855,4582693.704981862,-154.73667194039035,1492.4837090861652,-154.85910572742407,-6.695511945658249,-0.3853415686407405,-6.69543266452111,18098.075222067706,0.0,0.19182687041996702,1.940615498026607,2100841.585334012,603.42979371159
192100.0,4582732.44052243,263638.6586478169,4582678.185594082,-155.4062244435115,1492.4451638486114,-155.5286503015051,-6.695538147394523,-0.3855631856998329,-6.695458847729282,18098.075222067706,0.0,0.19182687041996702,1.940615498026607,2100841.585334012,603.42979371159
192200.0,4582716.866422252,263787.9012360165,4582662.599251714,-156.0757795759951,1492.406596448371,-156.19819750309568,-6.695564532906767,-0.38578482238635536,-6.695485214710499,18098.075222067706,0.0,0.19182687041996702,1.940615498026607,2100841.585334012,603.42979371159
192300.0,4582701.225366428,263937.1399663678,4582646.945954493,-156.7453373562185,1492.368006883478,-156.86774735057276,-6.695591102188397,-0.38600647875355715,-6.695511765458173,18098.075222067706,0.0,0.19182687041996702,1.940615498026607,2100841.585334012,603.42979371159
192400.0,4582685.517354692,264086.3748366543,4582631.225702154,-157.41489780255822,1492.3293951519622,-157.53729986231264,-6.695617855232774,-0.3862281548549442,-6.695538499965659,18098.075222067706,0.0,0.19182687041996702,1.940615498026607,2100841.585334012,603.42979371159
192500.0,4582669.742386778,264235.6058446592,4582615.438494431,-158.08446093339023,1492.2907612518475,-158.20685505669098,-6.695644792033202,-0.3864498507442817,-6.695565418226259,18098.075222067706,0.0,0.19182687041996702,1.940615498026607,2100841.585334012,603.42979371159
192600.0,4582653.900462415,264384.8329881656,4582599.584331053,-158.7540267670898,1492.252105181152,-158.87641295208277,-6.695671912582943,-0.3866715664755956,-6.69559252023323,18098.075222067706,0.0,0.19182687041996702,1.940615498026607,2100841.585334012,603.42979371159
192700.0,4582637.991581334,264534.05626495637,4582583.66321175,-159.42359532203156,1492.2134269378892,-159.5459735668623,-6.695699216875196,-0.38689330210317446,-6.6956198059797645,18098.075222067706,0.0,0.19182687041996702,1.940615498026607,2100841.585334012,603.42979371159
192800.0,4582622.015743259,264683.27567281405,4582567.675136249,-160.09316661658937,1492.1747265200663,-160.21553691940315,-6.695726704903117,-0.38711505768157217,-6.695647275459016,18098.075222067706,0.0,0.19182687041996702,1.940615498026607,2100841.585334012,603.42979371159
192900.0,4582605.972947918,264832.49120952113,4582551.620104275,-160.76274066913646,1492.1360039256858,-160.88510302807828,-6.69575437665979,-0.38733683326560747,-6.695674928664062,18098.075222067706,0.0,0.19182687041996702,1.940615498026607,2100841.585334012,603.42979371159
193000.0,4582589.863195033,264981.7028728599,4582535.498115551,-161.4323174980454,1492.0972591527445,-161.5546719112599,-6.695782232138263,-0.3875586289103696,-6.695702765587949,18098.075222067706,0.0,0.19182687041996702,1.940615498026607,2100841.585334012,603.42979371159
193100.0,4582573.686484325,265130.91066061234,4582519.309169799,-162.10189712168795,1492.0584921992333,-162.2242435873196,-6.6958102713315135,-0.38778044467121636,-6.695730786223651,18098.075222067706,0.0,0.19182687041996702,1.940615498026607,2100841.585334012,603.42979371159
193200.0,4582557.442815514,265280.11457056034,4582503.0532667395,-162.7714795584353,1492.019703063138,-162.89381807462814,-6.695838494232465,-0.3880022806037785,-6.695758990564079,18098.075222067706,0.0,0.19182687041996702,1.940615498026607,2100841.585334012,603.42979371159
193300.0,4582541.132188318,265429.3146004855,4582486.73040609,-163.4410648266578,1491.9808917424384,-163.56339539155567,-6.695866900833987,-0.3882241367639611,-6.695787378602107,18098.075222067706,0.0,0.19182687041996702,1.940615498026607,2100841.585334012,603.42979371159
193400.0,4582524.754602454,265578.51074816927,4582470.340587566,-164.1106529447252,1491.942058235109,-164.2329755564716,-6.695895491128884,-0.38844601320794514,-6.695815950330529,18098.075222067706,0.0,0.19182687041996702,1.940615498026607,2100841.585334012,603.42979371159
193500.0,4582508.310057634,265727.7030113929,4582453.883810882,-164.78024393100645,1491.9032025391186,-164.90255858774455,-6.695924265109905,-0.3886679099921899,-6.69584470574209,18098.075222067706,0.0,0.19182687041996702,1.940615498026607,2100841.585334012,603.42979371159
193600.0,4582491.798553571,265876.8913879374,4582437.360075752,-165.4498378038698,1491.8643246524305,-165.57214450374252,-6.695953222769733,-0.38888982717343495,-6.695873644829471,18098.075222067706,0.0,0.19182687041996702,1.940615498026607,2100841.585334012,603.42979371159
193700.0,4582475.220089976,266026.0758755836,4582420.769381885,-166.11943458168278,1491.825424573002,-166.24173332283272,-6.695982364101002,-0.38911176480870274,-6.6959027675853005,18098.075222067706,0.0,0.19182687041996702,1.940615498026607,2100841.585334012,603.42979371159
193800.0,4582458.574666557,266175.2564721122,4582404.11172899,-166.78903428281214,1491.786502298785,-166.9113250633816,-6.696011689096265,-0.38933372295529883,-6.69593207400213,18098.075222067706,0.0,0.19182687041996702,1.940615498026607,2100841.585334012,603.42979371159
193900.0,4582441.862283021,266324.4331753035,4582387.387116775,-167.45863692562392,1491.7475578277254,-167.58091974375492,-6.696041197748026,-0.3895557016708161,-6.69596156407245,18098.075222067706,0.0,0.19182687041996702,1.940615498026607,2100841.585334012,603.42979371159
194000.0,4582425.082939073,266473.6059829378,4582370.595544944,-168.12824252848338,1491.7085911577633,-168.25051738231764,-6.6960708900487145,-0.38977770101313547,-6.695991237788693,18098.075222067706,0.0,0.19182687041996702,1.940615498026607,2100841.585334012,603.42979371159
194100.0,4582408.2366344165,266622.774892795,4582353.737013199,-168.79785110975504,1491.6696022868332,-168.92011799743395,-6.696100765990705,-0.3899997210404292,-6.696021095143225,18098.075222067706,0.0,0.19182687041996702,1.940615498026607,2100841.585334012,603.42979371159
194200.0,4582391.323368751,266771.939902655,4582336.811521244,-169.46746268780265,1491.6305912128637,-169.5897216074673,-6.696130825566304,-0.39022176181116225,-6.696051136128349,18098.075222067706,0.0,0.19182687041996702,1.940615498026607,2100841.585334012,603.42979371159
194300.0,4582374.343141778,266921.1010102974,4582319.819068777,-170.13707728098916,1491.5915579337775,-170.2593282307804,-6.69616106876774,-0.3904438233840937,-6.696081360736291,18098.075222067706,0.0,0.19182687041996702,1.940615498026607,2100841.585334012,603.42979371159
194400.0,4582357.295953195,267070.25821350154,4582302.759655497,-170.80669490767679,1491.5525024474914,-170.92893788573508,-6.6961914955871915,-0.39066590581828103,-6.696111768959219,18098.075222067706,0.0,0.19182687041996702,1.940615498026607,2100841.585334012,603.42979371159
194500.0,4582340.181802696,267219.4115100466,4582285.633281099,-171.47631558622692,1491.5134247519163,-171.59855059069247,-6.696222106016744,-0.3908880091730796,-6.696142360789217,18098.075222067706,0.0,0.19182687041996702,1.940615498026607,2100841.585334012,603.42979371159
194600.0,4582323.000689975,267368.5608977115,4582268.439945277,-172.14593933500018,1491.4743248449574,-172.2681663640129,-6.696252900048445,-0.39111013350814866,-6.69617313621833,18098.075222067706,0.0,0.19182687041996702,1.940615498026607,2100841.585334012,603.42979371159
194700.0,4582305.752614725,267517.7063742751,4582251.179647723,-172.8155661723564,1491.4352027245134,-172.93778522405586,-6.69628387767424,-0.39133227888344896,-6.696204095238496,18098.075222067706,0.0,0.19182687041996702,1.940615498026607,2100841.585334012,603.42979371159
194800.0,4582288.437576637,267666.8479375159,4582233.852388129,-173.48519611665455,1491.3960583884773,-173.60740718918004,-6.696315038886021,-0.39155444535924877,-6.696235237841601,18098.075222067706,0.0,0.19182687041996702,1.940615498026607,2100841.585334012,603.42979371159
194900.0,4582271.055575398,267815.9855852122,4582216.458166181,-174.15482918625284,1491.3568918347362,-174.27703227774333,-6.696346383675606,-0.39177663299612486,-6.696266564019459,18098.075222067706,0.0,0.19182687041996702,1.940615498026607,2100841.585334012,603.42979371159
195000.0,4582253.606610695,267965.11931514216,4582198.996981568,-174.82446539950865,1491.3177030611707,-174.9466605081028,-6.696377912034738,-0.39199884185496453,-6.696298073763808,18098.075222067706,0.0,0.19182687041996702,1.940615498026607,2100841.585334012,603.42979371159
195100.0,4582236.090682212,268114.2491250837,4582181.468833974,-175.4941047747785,1491.2784920656557,-175.6162918986147,-6.696409623955076,-0.3922210719969677,-6.696329767066303,18098.075222067706,0.0,0.19182687041996702,1.940615498026607,2100841.585334012,603.42979371159
195200.0,4582218.507789633,268263.3750128145,4582163.873723082,-176.1637473304181,1491.2392588460598,-176.2859264676344,-6.696441519428217,-0.39244332348365063,-6.696361643918537,18098.075222067706,0.0,0.19182687041996702,1.940615498026607,2100841.585334012,603.42979371159
195300.0,4582200.857932639,268412.496976112,4582146.211648574,-176.83339308478227,1491.2000034002454,-176.95556423351644,-6.696473598445669,-0.3926655963768468,-6.696393704312011,18098.075222067706,0.0,0.19182687041996702,1.940615498026607,2100841.585334012,603.42979371159
195400.0,4582183.141110909,268561.6150127536,4582128.482610129,-177.50304205622507,1491.1607257260687,-177.62520521461454,-6.696505860998883,-0.3928878907387111,-6.696425948238169,18098.075222067706,0.0,0.19182687041996702,1.940615498026607,2100841.585334012,603.42979371159
195500.0,4582165.357324121,268710.7291205162,4582110.686607423,-178.17269426309963,1491.12142582138,-178.29484942928153,-6.696538307079208,-0.39311020663171986,-6.696458375688357,18098.075222067706,0.0,0.19182687041996702,1.940615498026607,2100841.585334012,603.42979371159
195600.0,4582147.5065719485,268859.83929717675,4582092.823640134,-178.8423497237582,1491.0821036840227,-178.9644968958694,-6.696570936677922,-0.39333254411867524,-6.696490986653849,18098.075222067706,0.0,0.19182687041996702,1.940615498026607,2100841.585334012,603.42979371159
195700.0,4582129.588854067,269008.94554051186,4582074.893707935,-179.5120084565522,1491.0427593118345,-179.6341476327292,-6.696603749786224,-0.39355490326270726,-6.696523781125837,18098.075222067706,0.0,0.19182687041996702,1.940615498026607,2100841.585334012,603.42979371159
195800.0,4582111.604170147,269158.0478482979,4582056.896810498,-180.18167047983212,1491.0033927026464,-180.30380165821114,-6.696636746395235,-0.39377728412727614,-6.69655675909544,18098.075222067706,0.0,0.19182687041996702,1.940615498026607,2100841.585334012,603.42979371159
195900.0,4582093.552519861,269307.1462183111,4582038.8329474935,-180.85133581194762,1490.964003854283,-180.97345899066457,-6.696669926495987,-0.3939996867761746,-6.696589920553677,18098.075222067706,0.0,0.19182687041996702,1.940615498026607,2100841.585334012,603.42979371159
196000.0,4582075.433902875,269456.2406483274,4582020.70211859,-181.5210044712474,1490.924592764563,-181.64311964843787,-6.696703290079427,-0.3942221112735309,-6.6966232654915006,18098.075222067706,0.0,0.19182687041996702,1.940615498026607,2100841.585334012,603.42979371159
196100.0,4582057.248318855,269605.3311361226,4582002.504323453,-182.1906764760793,1490.885159431298,-182.31278364987855,-6.696736837136417,-0.39444455768381076,-6.696656793899761,18098.075222067706,0.0,0.19182687041996702,1.940615498026607,2100841.585334012,603.42979371159
196200.0,4582038.995767467,269754.4176794721,4581984.239561748,-182.86035184479016,1490.8457038522936,-182.9824510133332,-6.696770567657749,-0.3946670260718215,-6.696690505769243,18098.075222067706,0.0,0.19182687041996702,1.940615498026607,2100841.585334012,603.42979371159
196300.0,4582020.6762483725,269903.5002761514,4581965.907833138,-183.530030595726,1490.806226025349,-183.65212175714746,-6.696804481634103,-0.3948895165027124,-6.696724401090627,18098.075222067706,0.0,0.19182687041996702,1.940615498026607,2100841.585334012,603.42979371159
196400.0,4582002.289761234,270052.57892393554,4581947.509137283,-184.19971274723184,1490.7667259482562,-184.32179589966606,-6.696838579056085,-0.39511202904197934,-6.696758479854509,18098.075222067706,0.0,0.19182687041996702,1.940615498026607,2100841.585334012,603.42979371159
196500.0,4581983.83630571,270201.65362059936,4581929.0434738435,-184.86939831765176,1490.7272036188015,-184.9914734592328,-6.6968728599142135,-0.3953345637554665,-6.6967927420514055,18098.075222067706,0.0,0.19182687041996702,1.940615498026607,2100841.585334012,603.42979371159
196600.0,4581965.315881456,270350.7243639175,4581910.510842477,-185.5390873253289,1490.6876590347638,-185.66115445419047,-6.696907324198906,-0.39555712070936894,-6.696827187671726,18098.075222067706,0.0,0.19182687041996702,1.940615498026607,2100841.585334012,603.42979371159
196700.0,4581946.72848813,270499.7911516644,4581891.911242838,-186.20877978860543,1490.648092193916,-186.33083890288094,-6.6969419719004994,-0.3957796999702362,-6.696861816705803,18098.075222067706,0.0,0.19182687041996702,1.940615498026607,2100841.585334012,603.42979371159
196800.0,4581928.074125383,270648.8539816143,4581873.244674581,-186.87847572582257,1490.608503094024,-187.0005268236451,-6.696976803009235,-0.3960023016049747,-6.696896629143873,18098.075222067706,0.0,0.19182687041996702,1.940615498026607,2100841.585334012,603.42979371159
196900.0,4581909.352792868,270797.9128515411,4581854.511137357,-187.54817515532054,1490.5688917328469,-187.67021823482284,-6.697011817515249,-0.3962249256808494,-6.696931624976067,18098.075222067706,0.0,0.19182687041996702,1.940615498026607,2100841.585334012,603.42979371159
197000.0,4581890.564490235,270946.9677592187,4581835.710630816,-188.21787809543855,1490.5292581081374,-188.3399131547531,-6.697047015408604,-0.39644757226548877,-6.696966804192435,18098.075222067706,0.0,0.19182687041996702,1.940615498026607,2100841.585334012,603.42979371159
197100.0,4581871.709217132,271096.0187024206,4581816.843154608,-188.88758456451484,1490.489602217641,-189.0096116017738,-6.697082396679245,-0.39667024142688617,-6.697002166782928,18098.075222067706,0.0,0.19182687041996702,1.940615498026607,2100841.585334012,603.42979371159
197200.0,4581852.786973204,271245.06567892,4581797.908708378,-189.55729458088663,1490.449924059097,-189.6793135942218,-6.697117961317032,-0.39689293323340263,-6.697037712737393,18098.075222067706,0.0,0.19182687041996702,1.940615498026607,2100841.585334012,603.42979371159
197300.0,4581833.797758097,271394.1086864901,4581778.90729177,-190.22700816289014,1490.4102236302372,-190.34901915043307,-6.697153709311722,-0.3971156477537704,-6.697073442045584,18098.075222067706,0.0,0.19182687041996702,1.940615498026607,2100841.585334012,603.42979371159
197400.0,4581814.7415714525,271543.14772290364,4581759.838904428,-190.89672532886053,1490.3705009287867,-191.01872828874238,-6.697189640652974,-0.3973383850570958,-6.697109354697154,18098.075222067706,0.0,0.19182687041996702,1.940615498026607,2100841.585334012,603.42979371159
197500.0,4581795.618412911,271692.1827859333,4581740.703545992,-191.56644609713194,1490.330755952464,-191.68844102748358,-6.697225755330344,-0.39756114521286195,-6.697145450681651,18098.075222067706,0.0,0.19182687041996702,1.940615498026607,2100841.585334012,603.42979371159
197600.0,4581776.428282112,271841.2138733515,4581721.501216101,-192.23617048603745,1490.29098869898,-192.35815738498945,-6.697262053333286,-0.39778392829093195,-6.697181729988531,18098.075222067706,0.0,0.19182687041996702,1.940615498026607,2100841.585334012,603.42979371159
197700.0,4581757.171178692,271990.24098293047,4581702.231914394,-192.9058985139091,1490.2511991660394,-193.02787737959167,-6.697298534651152,-0.3980067343615516,-6.697218192607129,18098.075222067706,0.0,0.19182687041996702,1.940615498026607,2100841.585334012,603.42979371159
197800.0,4581737.847102287,272139.26411244203,4581682.895640504,-193.57563019907784,1490.211387351339,-193.6976010296209,-6.697335199273187,-0.39822956349535266,-6.697254838526691,18098.075222067706,0.0,0.19182687041996702,1.940615498026607,2100841.585334012,603.42979371159
197900.0,4581718.45605253,272288.2832596579,4581663.4923940655,-194.24536555987353,1490.171553252569,-194.3673283534067,-6.697372047188526,-0.398452415763356,-6.697291667736345,18098.075222067706,0.0,0.19182687041996702,1.940615498026607,2100841.585334012,603.42979371159
198000.0,4581698.998029051,272437.2984223496,4581644.02217471,-194.91510461462497,1490.1316968674128,-195.03705936927747,-6.697409078386207,-0.398675291236975,-6.697328680225126,18098.075222067706,0.0,0.19182687041996702,1.940615498026607,2100841.585334012,603.42979371159
198100.0,4581679.473031483,272586.30959828844,4581624.484982068,-195.5848473816598,1490.0918181935458,-195.70679409556064,-6.697446292855155,-0.3988981899880179,-6.697365875981948,18098.075222067706,0.0,0.19182687041996702,1.940615498026607,2100841.585334012,603.42979371159
198200.0,4581659.881059451,272735.3167852453,4581604.880815767,-196.25459387930465,1490.0519172286367,-196.37653255058243,-6.6974836905841775,-0.39912111208869117,-6.6974032549956135,18098.075222067706,0.0,0.19182687041996702,1.940615498026607,2100841.585334012,603.42979371159
198300.0,4581640.222112582,272884.3199809911,4581585.209675433,-196.92434412588494,1490.0119939703472,-197.04627475266795,-6.697521271561977,-0.3993440576116036,-6.697440817254821,18098.075222067706,0.0,0.19182687041996702,1.940615498026607,2100841.585334012,603.42979371159
198400.0,4581620.4961905,273033.31918329623,4581565.471560691,-197.59409813972496,1489.9720484163313,-197.7160207201412,-6.697559035777146,-0.3995670266297685,-6.697478562748159,18098.075222067706,0.0,0.19182687041996702,1.940615498026607,2100841.585334012,603.42979371159
198500.0,4581600.703292828,273182.3143899311,4581545.666471163,-198.2638559391479,1489.9320805642358,-198.385770471325,-6.697596983218156,-0.3997900192166072,-6.6975164914640875,18098.075222067706,0.0,0.19182687041996702,1.940615498026607,2100841.585334012,603.42979371159
198600.0,4581580.843419186,273331.3055986657,4581525.79440647,-198.93361754247573,1489.8920904116999,-199.05552402454106,-6.697635113873366,-0.4000130354459526,-6.697554603390965,18098.075222067706,0.0,0.19182687041996702,1.940615498026607,2100841.585334012,603.42979371159
198700.0,4581560.916569192,273480.29280727,4581505.855366231,-199.6033829680293,1489.852077956356,-199.72528139810984,-6.69767342773102,-0.4002360753920527,-6.697592898517026,18098.075222067706,0.0,0.19182687041996702,1.940615498026607,2100841.585334012,603.42979371159
198800.0,4581540.922742464,273629.2760135135,4581485.849350062,-200.27315223412828,1489.8120431958284,-200.3950426103507,-6.697711924779242,-0.4004591391295732,-6.697631376830389,18098.075222067706,0.0,0.19182687041996702,1.940615498026607,2100841.585334012,603.42979371159
198900.0,4581520.861938616,273778.2552151656,4581465.77635758,-200.9429253590911,1489.7719861277344,-201.06480767958178,-6.697750605006034,-0.40068222673360154,-6.69767003831905,18098.075222067706,0.0,0.19182687041996702,1.940615498026607,2100841.585334012,603.42979371159
199000.0,4581500.734157262,273927.2304099954,4581445.636388397,-201.61270236123502,1489.7319067496835,-201.73457662411997,-6.69778946839928,-0.40090533827964997,-6.697708882970888,18098.075222067706,0.0,0.19182687041996702,1.940615498026607,2100841.585334012,603.42979371159
199100.0,4581480.539398014,274076.2015957718,4581425.429442125,-202.28248325887608,1489.6918050592778,-202.40434946228098,-6.697828514946738,-0.40112847384365896,-6.6977479107736535,18098.075222067706,0.0,0.19182687041996702,1.940615498026607,2100841.585334012,603.42979371159
199200.0,4581460.27766048,274225.16877026344,4581405.155518374,-202.9522680703291,1489.6516810541116,-203.0741262123793,-6.697867744636048,-0.40135163350200176,-6.697787121714981,18098.075222067706,0.0,0.19182687041996702,1.940615498026607,2100841.585334012,603.42979371159
199300.0,4581439.948944269,274374.1319312387,4581384.814616752,-203.62205681390762,1489.6115347317716,-203.74390689272818,-6.69790715745472,-0.40157481733148603,-6.697826515782372,18098.075222067706,0.0,0.19182687041996702,1.940615498026607,2100841.585334012,603.42979371159
199400.0,4581419.553248986,274523.0910764658,4581364.406736864,-204.29184950792393,1489.571366089837,-204.41369152163955,-6.697946753390138,-0.4017980254093591,-6.697866092963206,18098.075222067706,0.0,0.19182687041996702,1.940615498026607,2100841.585334012,603.42979371159
199500.0,4581399.090574235,274672.0462037126,4581343.931878315,-204.9616461706891,1489.531175125879,-205.08348011742416,-6.697986532429553,-0.40202125781331044,-6.69790585324473,18098.075222067706,0.0,0.19182687041996702,1.940615498026607,2100841.585334012,603.42979371159
199600.0,4581378.560919618,274820.9973107468,4581323.390040708,-205.63144682051288,1489.4909618374609,-205.7532726983914,-6.698026494560093,-0.40224451462147603,-6.6979457966140625,18098.075222067706,0.0,0.19182687041996702,1.940615498026607,2100841.585334012,603.42979371159
199700.0,4581357.964284737,274969.94439533586,4581302.781223642,-206.30125147570374,1489.4507262221384,-206.42306928284947,-6.698066639768759,-0.40246779591244225,-6.697985923058198,18098.075222067706,0.0,0.19182687041996702,1.940615498026607,2100841.585334012,603.42979371159
199800.0,4581337.300669189,275118.88745524694,4581282.105426717,-206.97106015456882,1489.4104682774596,-207.09286988910512,-6.698106968042397,-0.4026911017652474,-6.6980262325639774,18098.075222067706,0.0,0.19182687041996702,1.940615498026607,2100841.585334012,603.42979371159
199900.0,4581316.570072571,275267.82648824697,4581261.362649529,-207.64087287541395,1489.370188000964,-207.76267453546387,-6.698147479367745,-0.40291443225938894,-6.698066725118131,18098.075222067706,0.0,0.19182687041996702,1.940615498026607,2100841.585334012,603.42979371159
200000.0,4581295.772494478,275416.76149210264,4581240.552891674,-208.31068965654364,1489.3298853901836,-208.4324832402299,-6.698188173731387,-0.40313778747482437,-6.698107400707238,18098.075222067706,0.0,0.19182687041996702,1.940615498026607,2100841.585334012,603.42979371159
200100.0,4581274.907934504,275565.6924645804,4581219.676152745,-208.98051051626106,1489.2895604426421,-209.10229602170605,-6.698229051119772,-0.40336116749197615,-6.6981482593177395,18098.075222067706,0.0,0.19182687041996702,1.940615498026607,2100841.585334012,603.42979371159
200200.0,4581253.976392238,275714.6194034465,4581198.732432334,-209.65033547286797,1489.2492131558556,-209.77211289819374,-6.698270111519218,-0.4035845723917363,-6.698189300935947,18098.075222067706,0.0,0.19182687041996702,1.940615498026607,2100841.585334012,603.42979371159
200300.0,4581232.977867272,275863.54230646684,4581177.721730029,-210.3201645446648,1489.2088435273317,-210.44193388799306,-6.698311354915896,-0.40380800225546876,-6.698230525548027,18098.075222067706,0.0,0.19182687041996702,1.940615498026607,2100841.585334012,603.42979371159
200400.0,4581211.912359191,276012.46117140714,4581156.644045419,-210.9899977499506,1489.1684515545699,-211.11175900940268,-6.698352781295832,-0.4040314571650141,-6.6982719331399965,18098.075222067706,0.0,0.19182687041996702,1.940615498026607,2100841.585334012,603.42979371159
200500.0,4581190.779867583,276161.37599603285,4581135.499378089,-211.65983510702296,1489.1280372350611,-211.78158828071992,-6.698394390644916,-0.4042549372026938,-6.698313523697738,18098.075222067706,0.0,0.19182687041996702,1.940615498026607,2100841.585334012,603.42979371159
200600.0,4581169.580392031,276310.28677810915,4581114.287727623,-212.32967663417807,1489.0876005662888,-212.4514217202406,-6.698436182948877,-0.4044784424513131,-6.698355297206975,18098.075222067706,0.0,0.19182687041996702,1.940615498026607,2100841.585334012,603.42979371159
200700.0,4581148.313932117,276459.19351540104,4581093.009093605,-212.99952234971073,1489.0471415457275,-213.1212593462592,-6.698478158193315,-0.40470197299416677,-6.6983972536533,18098.075222067706,0.0,0.19182687041996702,1.940615498026607,2100841.585334012,603.42979371159
200800.0,4581126.980487421,276608.0962056732,4581071.663475614,-213.66937227191426,1489.0066601708438,-213.79110117706867,-6.698520316363663,-0.4049255289150413,-6.698439393022141,18098.075222067706,0.0,0.19182687041996702,1.940615498026607,2100841.585334012,603.42979371159
200900.0,4581105.580057522,276756.99484669,4581050.250873229,-214.3392264190805,1488.9661564390956,-214.46094723096056,-6.698562657445218,-0.4051491102982209,-6.6984817152987866,18098.075222067706,0.0,0.19182687041996702,1.940615498026607,2100841.585334012,603.42979371159
201000.0,4581084.112641997,276905.8894362157,4581028.771286026,-215.00908480949983,1488.9256303479324,-215.13079752622488,-6.698605181423112,-0.4053727172284898,-6.698524220468359,18098.075222067706,0.0,0.19182687041996702,1.940615498026607,2100841.585334012,603.42979371159
201100.0,4581062.578240419,277054.7799720142,4581007.224713581,-215.67894746146115,1488.8850818947953,-215.80065208115016,-6.698647888282334,-0.40559634979113823,-6.698566908515847,18098.075222067706,0.0,0.19182687041996702,1.940615498026607,2100841.585334012,603.42979371159
201200.0,4581040.976852362,277203.66645184916,4580985.611155467,-216.34881439325184,1488.844511077117,-216.47051091402346,-6.6986907780077,-0.40582000807196456,-6.698609779426058,18098.075222067706,0.0,0.19182687041996702,1.940615498026607,2100841.585334012,603.42979371159
201300.0,4581019.308477397,277352.548873484,4580963.930611256,-217.01868562315772,1488.803917892321,-217.1403740431303,-6.698733850583893,-0.4060436921572825,-6.6986528331836634,18098.075222067706,0.0,0.19182687041996702,1.940615498026607,2100841.585334012,603.42979371159
201400.0,4580997.573115094,277501.42723468196,4580942.183080515,-217.68856116946313,1488.7633023378226,-217.8102414867546,-6.698777105995407,-0.40626740213392176,-6.6986960697731535,18098.075222067706,0.0,0.19182687041996702,1.940615498026607,2100841.585334012,603.42979371159
201500.0,4580975.770765019,277650.30153320584,4580920.368562814,-218.3584410504508,1488.7226644110283,-218.4801132631788,-6.698820544226597,-0.40649113808923626,-6.698739489178877,18098.075222067706,0.0,0.19182687041996702,1.940615498026607,2100841.585334012,603.42979371159
201600.0,4580953.901426738,277799.1717668183,4580898.4870577175,-219.02832528440192,1488.6820041093358,-219.14998939068371,-6.698864165261642,-0.4067149001111052,-6.698783091385002,18098.075222067706,0.0,0.19182687041996702,1.940615498026607,2100841.585334012,603.42979371159
201700.0,4580931.965099816,277948.0379332818,4580876.53856479,-219.69821388959605,1488.6413214301342,-219.8198698875486,-6.698907969084557,-0.4069386882879398,-6.6988268763755405,18098.075222067706,0.0,0.19182687041996702,1.940615498026607,2100841.585334012,603.42979371159
201800.0,4580909.961783814,278096.90003035835,4580854.523083594,-220.3681068843112,1488.6006163708034,-220.4897547720511,-6.698951955679197,-0.40716250270868654,-6.698870844134336,18098.075222067706,0.0,0.19182687041996702,1.940615498026607,2100841.585334012,603.42979371159
201900.0,4580887.891478293,278245.7580558098,4580832.440613689,-221.03800428682374,1488.5598889287146,-221.1596440624672,-6.698996125029244,-0.4073863434628327,-6.698914994645068,18098.075222067706,0.0,0.19182687041996702,1.940615498026607,2100841.585334012,603.42979371159
202000.0,4580865.754182809,278394.61200739787,4580810.291154634,-221.70790611540835,1488.51913910123,-221.8295377770713,-6.699040477118199,-0.4076102106404093,-6.698959327891227,18098.075222067706,0.0,0.19182687041996702,1.940615498026607,2100841.585334012,603.42979371159
202100.0,4580843.549896921,278543.4618828838,4580788.074705985,-222.3778123883381,1488.4783668857026,-222.49943593413607,-6.699085011929403,-0.407834104331998,-6.699003843856146,18098.075222067706,0.0,0.19182687041996702,1.940615498026607,2100841.585334012,603.42979371159
202200.0,4580821.278620183,278692.30768002867,4580765.791267298,-223.0477231238844,1488.4375722794766,-223.16933855193258,-6.6991297294460175,-0.408058024628734,-6.6990485425229815,18098.075222067706,0.0,0.19182687041996702,1.940615498026607,2100841.585334012,603.42979371159
202300.0,4580798.9403521465,278841.1493965933,4580743.440838126,-223.7176383403169,1488.396755279887,-223.83924564873016,-6.699174629651028,-0.4082819716223111,-6.69909342387471,18098.075222067706,0.0,0.19182687041996702,1.940615498026607,2100841.585334012,603.42979371159
202400.0,4580776.535092364,278989.98703033815,4580721.023418019,-224.38755805590364,1488.3559158842593,-224.50915724279645,-6.699219712527234,-0.4085059454049869,-6.699138487894125,18098.075222067706,0.0,0.19182687041996702,1.940615498026607,2100841.585334012,603.42979371159
202500.0,4580754.062840384,279138.8205790235,4580698.539006527,-225.05748228891082,1488.31505408991,-225.17907335239732,-6.6992649780572595,-0.4087299460695873,-6.6991837345638405,18098.075222067706,0.0,0.19182687041996702,1.940615498026607,2100841.585334012,603.42979371159
202600.0,4580731.523595755,279287.6500404094,4580675.987603197,-225.72741105760298,1488.2741698941463,-225.84899399579697,-6.699310426223553,-0.4089539737095121,-6.699229163866298,18098.075222067706,0.0,0.19182687041996702,1.940615498026607,2100841.585334012,603.42979371159
202700.0,4580708.917358021,279436.47541225556,4580653.369207576,-226.39734438024283,1488.233263294266,-226.51891919125777,-6.6993560570083535,-0.4091780284187377,-6.699274775783731,18098.075222067706,0.0,0.19182687041996702,1.940615498026607,2100841.585334012,603.42979371159
202800.0,4580686.244126727,279585.29669232137,4580630.683819206,-227.06728227509134,1488.1923342875573,-227.1888489570403,-6.699401870393748,-0.40940211029182577,-6.699320570298218,18098.075222067706,0.0,0.19182687041996702,1.940615498026607,2100841.585334012,603.42979371159
202900.0,4580663.503901414,279734.1138783661,4580607.931437631,-227.73722476040766,1488.1513828712991,-227.85878331140339,-6.699447866361606,-0.4096262194239246,-6.699366547391618,18098.075222067706,0.0,0.19182687041996702,1.940615498026607,2100841.585334012,603.42979371159
203000.0,4580640.6966816215,279882.92696814856,4580585.11206239,-228.40717185444913,1488.1104090427607,-228.52872227260397,-6.699494044893615,-0.4098503559107759,-6.699412707045612,18098.075222067706,0.0,0.19182687041996702,1.940615498026607,2100841.585334012,603.42979371159
203100.0,4580617.822466888,280031.7359594275,4580562.225693022,-229.07712357547123,1488.069412799202,-229.19866585889724,-6.6995404059712635,-0.4100745198487197,-6.699459049241682,18098.075222067706,0.0,0.19182687041996702,1.940615498026607,2100841.585334012,603.42979371159
203200.0,4580594.881256752,280180.54084996117,4580539.272329063,-229.7470799417276,1488.0283941378727,-229.86861408853645,-6.699586949575859,-0.41029871133469975,-6.699505573961128,18098.075222067706,0.0,0.19182687041996702,1.940615498026607,2100841.585334012,603.42979371159
203300.0,4580571.873050745,280329.3416375077,4580516.251970049,-230.41704097147002,1487.9873530560135,-230.53856697977295,-6.699633675688489,-0.4105229304662678,-6.69955228118503,18098.075222067706,0.0,0.19182687041996702,1.940615498026607,2100841.585334012,603.42979371159
203400.0,4580548.797848401,280478.13831982494,4580493.164615512,-231.08700668294827,1487.9462895508548,-231.20852455085628,-6.699680584290058,-0.4107471773415901,-6.699599170894283,18098.075222067706,0.0,0.19182687041996702,1.940615498026607,2100841.585334012,603.42979371159
203500.0,4580525.655649251,280626.93089467037,4580470.0102649825,-231.75697709441033,1487.9052036196172,-231.878486820034,-6.699727675361266,-0.4109714520594522,-6.699646243069578,18098.075222067706,0.0,0.19182687041996702,1.940615498026607,2100841.585334012,603.42979371159
203600.0,4580502.446452824,280775.71935980127,4580446.78891799,-232.4269522241022,1487.8640952595115,-232.54845380555173,-6.6997749488826,-0.41119575471926334,-6.6996934976913955,18098.075222067706,0.0,0.19182687041996702,1.940615498026607,2100841.585334012,603.42979371159
203700.0,4580479.170258648,280924.50371297455,4580423.5005740635,-233.09693209026787,1487.8229644677385,-233.21842552565317,-6.699822404834346,-0.41142008542106356,-6.6997409347400145,18098.075222067706,0.0,0.19182687041996702,1.940615498026607,2100841.585334012,603.42979371159
203800.0,4580455.827066247,281073.283951947,4580400.145232727,-233.7669167111494,1487.781811241489,-233.88840199857998,-6.699870043196585,-0.41164444426552804,-6.699788554195503,18098.075222067706,0.0,0.19182687041996702,1.940615498026607,2100841.585334012,603.42979371159
203900.0,4580432.416875146,281222.06007447495,4580376.722893504,-234.43690610498686,1487.740635577944,-234.55838324257184,-6.699917863949173,-0.4118688313539725,-6.699836356037714,18098.075222067706,0.0,0.19182687041996702,1.940615498026607,2100841.585334012,603.42979371159
204000.0,4580408.939684867,281370.83207831456,4580353.233555919,-235.10690029001825,1487.6994374742735,-235.2283692758664,-6.699965867071758,-0.4120932467883593,-6.699884340246284,18098.075222067706,0.0,0.19182687041996702,1.940615498026607,2100841.585334012,603.42979371159
204100.0,4580385.395494929,281519.5999612217,4580329.677219489,-235.77689928447953,1487.658216927638,-235.8983601166993,-6.7000140525437795,-0.4123176906713036,-6.699932506800645,18098.075222067706,0.0,0.19182687041996702,1.940615498026607,2100841.585334012,603.42979371159
204200.0,4580361.784304849,281668.3637209519,4580306.053883734,-236.44690310660462,1487.6169739351876,-236.56835578330404,-6.7000624203444525,-0.41254216310607794,-6.699980855680005,18098.075222067706,0.0,0.19182687041996702,1.940615498026607,2100841.585334012,603.42979371159
204300.0,4580338.106114145,281817.12335526047,4580282.363548171,-237.11691177462535,1487.5757084940617,-237.2383562939121,-6.700110970452764,-0.41276666419661795,-6.700029386863344,18098.075222067706,0.0,0.19182687041996702,1.940615498026607,2100841.585334012,603.42979371159
204400.0,4580314.360922332,281965.87886190234,4580258.606212313,-237.7869253067714,1487.5344206013897,-237.9083616667528,-6.700159702847493,-0.4129911940475294,-6.700078100329425,18098.075222067706,0.0,0.19182687041996702,1.940615498026607,2100841.585334012,603.42979371159
204500.0,4580290.548728921,282114.63023863226,4580234.781875675,-238.45694372127033,1487.49311025429,-238.57837192005334,-6.700208617507169,-0.413215752764092,-6.700126996056775,18098.075222067706,0.0,0.19182687041996702,1.940615498026607,2100841.585334012,603.42979371159
204600.0,4580266.669533424,282263.37748320465,4580210.890537766,-239.1269670363476,1487.451777449871,-239.24838707203878,-6.700257714410118,-0.41344034045226835,-6.7001760740237115,18098.075222067706,0.0,0.19182687041996702,1.940615498026607,2100841.585334012,603.42979371159
204700.0,4580242.72333535,282412.1205933736,4580186.932198096,-239.7969952702264,1487.4104221852303,-239.918407140932,-6.7003069935344195,-0.4136649572187068,-6.700225334208303,18098.075222067706,0.0,0.19182687041996702,1.940615498026607,2100841.585334012,603.42979371159
204800.0,4580218.710134205,282560.85956689296,4580162.906856173,-240.46702844112778,1487.3690444574545,-240.58843214495363,-6.700356454857921,-0.41388960317074897,-6.700274776588392,18098.075222067706,0.0,0.19182687041996702,1.940615498026607,2100841.585334012,603.42979371159
204900.0,4580194.629929496,282709.59440151625,4580138.814511502,-241.13706656727055,1487.3276442636197,-241.2584621023221,-6.700406098358242,-0.4141142784164362,-6.700324401141585,18098.075222067706,0.0,0.19182687041996702,1.940615498026607,2100841.585334012,603.42979371159
205000.0,4580170.482720726,282858.3250949967,4580114.655163587,-241.80710966687124,1487.2862216007911,-241.92849703125364,-6.700455924012747,-0.41433898306451417,-6.700374207845239,18098.075222067706,0.0,0.19182687041996702,1.940615498026607,2100841.585334012,603.42979371159
205100.0,4580146.268507397,283007.0516450873,4580090.42881193,-242.47715775814413,1487.244776466023,-242.5985369499621,-6.700505931798582,-0.41456371722444163,-6.700424196676492,18098.075222067706,0.0,0.19182687041996702,1.940615498026607,2100841.585334012,603.42979371159
205200.0,4580121.987289008,283155.77404954075,4580066.13545603,-243.14721085930123,1487.2033088563587,-243.26858187665908,-6.700556121692622,-0.4147884810063933,-6.700474367612208,18098.075222067706,0.0,0.19182687041996702,1.940615498026607,2100841.585334012,603.42979371159
205300.0,4580097.639065057,283304.49230610934,4580041.775095387,-243.81726898855214,1487.1618187688305,-243.9386318295539,-6.700606493671516,-0.4150132745212695,-6.70052472062903,18098.075222067706,0.0,0.19182687041996702,1.940615498026607,2100841.585334012,603.42979371159
205400.0,4580073.223835042,283453.2064125452,4580017.347729497,-244.48733216410423,1487.1203062004595,-244.60868682685347,-6.700657047711654,-0.4152380978807006,-6.7005752557033365,18098.075222067706,0.0,0.19182687041996702,1.940615498026607,2100841.585334012,603.42979371159
205500.0,4580048.741598455,283601.91636659997,4579992.853357853,-245.1574004041624,1487.0787711482558,-245.27874688676235,-6.700707783789177,-0.4154629511970535,-6.700625972811262,18098.075222067706,0.0,0.19182687041996702,1.940615498026607,2100841.585334012,603.42979371159
205600.0,4580024.192354791,283750.6221660252,4579968.29197995,-245.82747372692916,1487.0372136092178,-245.9488120274827,-6.700758701879969,-0.4156878345834392,-6.700676871928677,18098.075222067706,0.0,0.19182687041996702,1.940615498026607,2100841.585334012,603.42979371159
205700.0,4579999.576103539,283899.32380857214,4579943.663595278,-246.49755215060466,1486.9956335803329,-246.61888226721425,-6.7008098019596565,-0.41591274815371854,-6.700727953031203,18098.075222067706,0.0,0.19182687041996702,1.940615498026607,2100841.585334012,603.42979371159
205800.0,4579974.89284419,284048.0212919915,4579918.968203326,-247.16763569338656,1486.9540310585771,-247.28895762415428,-6.700861084003604,-0.416137692022509,-6.700779216094191,18098.075222067706,0.0,0.19182687041996702,1.940615498026607,2100841.585334012,603.42979371159
205900.0,4579950.14257623,284196.714614034,4579894.2058035815,-247.83772437347002,1486.9124060409147,-247.9590381164976,-6.700912547986908,-0.4163626663051913,-6.7008306610927315,18098.075222067706,0.0,0.19182687041996702,1.940615498026607,2100841.585334012,603.42979371159
206000.0,4579925.325299144,284345.40377244976,4579869.376395531,-248.50781820904774,1486.8707585242985,-248.6291237624365,-6.700964193884415,-0.4165876711179175,-6.700882288001661,18098.075222067706,0.0,0.19182687041996702,1.940615498026607,2100841.585334012,603.42979371159
206100.0,4579900.441012416,284494.0887649888,4579844.479978657,-249.17791721830986,1486.8290885056697,-249.29921458016076,-6.70101602167068,-0.41681270657761504,-6.700934096795522,18098.075222067706,0.0,0.19182687041996702,1.940615498026607,2100841.585334012,603.42979371159
206200.0,4579875.489715528,284642.76958940073,4579819.516552443,-249.84802141944397,1486.7873959819576,-249.9693105878576,-6.701068031320001,-0.41703777280199683,-6.7009860874486105,18098.075222067706,0.0,0.19182687041996702,1.940615498026607,2100841.585334012,603.42979371159
206300.0,4579850.471407958,284791.4462434349,4579794.486116366,-250.51813083063507,1486.74568095008,-250.6394118037116,-6.7011202228063995,-0.4172628699095665,-6.701038259934932,18098.075222067706,0.0,0.19182687041996702,1.940615498026607,2100841.585334012,603.42979371159
206400.0,4579825.386089187,284940.11872484034,4579769.388669908,-251.1882454700656,1486.7039434069425,-251.3095182459048,-6.701172596103607,-0.41748799801962483,-6.701090614228209,18098.075222067706,0.0,0.19182687041996702,1.940615498026607,2100841.585334012,603.42979371159
206500.0,4579800.23375869,285088.7870313658,4579744.224212543,-251.85836535591528,1486.6621833494387,-251.97962993261658,-6.701225151185087,-0.41771315725227864,-6.701143150301896,18098.075222067706,0.0,0.19182687041996702,1.940615498026607,2100841.585334012,603.42979371159
206600.0,4579775.01441594,285237.45116075967,4579718.992743746,-252.5284905063612,1486.6204007744504,-252.64974688202363,-6.701277888024012,-0.4179383477284472,-6.701195868129157,18098.075222067706,0.0,0.19182687041996702,1.940615498026607,2100841.585334012,603.42979371159
206700.0,4579749.728060412,285386.11111077,4579693.694262991,-253.19862093957778,1486.5785956788475,-253.31986911229995,-6.701330806593267,-0.4181635695698688,-6.7012487676828645,18098.075222067706,0.0,0.19182687041996702,1.940615498026607,2100841.585334012,603.42979371159
206800.0,4579724.374691576,285534.76687914465,4579668.328769747,-253.86875667373664,1486.536768059487,-253.98999664161684,-6.701383906865442,-0.41838882289910856,-6.7013018489356,18098.075222067706,0.0,0.19182687041996702,1.940615498026607,2100841.585334012,603.42979371159
206900.0,4579698.9543089,285683.418463631,4579642.896263485,-254.5388977270067,1486.494917913214,-254.6601294881428,-6.7014371888128474,-0.4186141078395675,-6.7013551118596615,18098.075222067706,0.0,0.19182687041996702,1.940615498026607,2100841.585334012,603.42979371159
207000.0,4579673.466911852,285832.0658619763,4579617.396743671,-255.20904411755413,1486.4530452368613,-255.33026767004355,-6.701490652407481,-0.4188394245154871,-6.70140855642704,18098.075222067706,0.0,0.19182687041996702,1.940615498026607,2100841.585334012,603.42979371159
207100.0,4579647.912499898,285980.7090719273,4579591.830209772,-255.87919586354218,1486.4111500272488,-256.000411205482,-6.70154429762104,-0.41906477305195794,-6.701462182609424,18098.075222067706,0.0,0.19182687041996702,1.940615498026607,2100841.585334012,603.42979371159
207200.0,4579622.291072501,286129.34809123055,4579566.196661251,-256.54935298313137,1486.3692322811846,-256.6705601126183,-6.701598124424935,-0.4192901535749295,-6.701515990378206,18098.075222067706,0.0,0.19182687041996702,1.940615498026607,2100841.585334012,603.42979371159
207300.0,4579596.602629122,286277.9829176322,4579540.496097569,-257.21951549447925,1486.3272919954634,-257.3407144096096,-6.701652132790248,-0.4195155662112146,-6.701569979704469,18098.075222067706,0.0,0.19182687041996702,1.940615498026607,2100841.585334012,603.42979371159
207400.0,4579570.847169222,286426.6135488782,4579514.728518188,-257.88968341574054,1486.2853291668675,-258.01087411461015,-6.701706322687769,-0.4197410110884992,-6.701624150558981,18098.075222067706,0.0,0.19182687041996702,1.940615498026607,2100841.585334012,603.42979371159
207500.0,4579545.024692259,286575.239982714,4579488.8939225655,-258.5598567650669,1486.2433437921666,-258.68103924577133,-6.701760694087959,-0.4199664883353496,-6.701678502912203,18098.075222067706,0.0,0.19182687041996702,1.940615498026607,2100841.585334012,603.42979371159
207600.0,4579519.135197688,286723.86221688497,4579462.992310158,-259.23003556060723,1486.2013358681172,-259.3512098212415,-6.701815246960973,-0.42019199808122093,-6.701733036734273,18098.075222067706,0.0,0.19182687041996702,1.940615498026607,2100841.585334012,603.42979371159
207700.0,4579493.178684965,286872.4802491359,4579437.02368042,-259.90021982050723,1486.1593053914628,-260.0213858591661,-6.701869981276637,-0.42041754045646385,-6.701787751995009,18098.075222067706,0.0,0.19182687041996702,1.940615498026607,2100841.585334012,603.42979371159
207800.0,4579467.155153542,287021.0940772114,4579410.988032804,-260.5704095629097,1486.117252358934,-260.6915673776875,-6.701924897004457,-0.42064311559233464,-6.701842648663905,18098.075222067706,0.0,0.19182687041996702,1.940615498026607,2100841.585334012,603.42979371159
207900.0,4579441.06460287,287169.7036988557,4579384.885366761,-261.2406048059542,1486.075176767248,-261.36175439494485,-6.701979994113619,-0.4208687236210022,-6.701897726710136,18098.075222067706,0.0,0.19182687041996702,1.940615498026607,2100841.585334012,603.42979371159
208000.0,4579414.907032397,287318.30911181273,4579358.715681741,-261.9108055677774,1486.033078613109,-262.0319469290744,-6.702035272572959,-0.42109436467555567,-6.70195298610253,18098.075222067706,0.0,0.19182687041996702,1.940615498026607,2100841.585334012,603.42979371159
208100.0,4579388.682441571,287466.9103138261,4579332.478977191,-262.58101186651277,1485.9909578932077,-262.7021449982092,-6.702090732350999,-0.42132003889001474,-6.702008426809597,18098.075222067706,0.0,0.19182687041996702,1.940615498026607,2100841.585334012,603.42979371159
208200.0,4579362.390829838,287615.5073026391,4579306.175252557,-263.2512237202905,1485.9488146042213,-263.3723486204791,-6.702146373415904,-0.42154574639933584,-6.702064048799489,18098.075222067706,0.0,0.19182687041996702,1.940615498026607,2100841.585334012,603.42979371159
208300.0,4579336.032196641,287764.10007599456,4579279.804507282,-263.9214411472378,1485.9066487428136,-264.04255781401076,-6.702202195735511,-0.42177148733942266,-6.702119852040032,18098.075222067706,0.0,0.19182687041996702,1.940615498026607,2100841.585334012,603.42979371159
208400.0,4579309.606541422,287912.6886316351,4579253.366740808,-264.5916641654784,1485.8644603056346,-264.71277259692766,-6.7022581992773045,-0.4219972618471332,-6.7021758364987,18098.075222067706,0.0,0.19182687041996702,1.940615498026607,2100841.585334012,603.42979371159
208500.0,4579283.113863621,288061.272967303,4579226.861952576,-265.2618927931329,1485.8222492893206,-265.38299298735,-6.702314384008415,-0.4222230700602894,-6.702232002142615,18098.075222067706,0.0,0.19182687041996702,1.940615498026607,2100841.585334012,603.42979371159
208600.0,4579256.5541626755,288209.8530807402,4579200.290142023,-265.93212704831865,1485.7800156904943,-266.0532190033946,-6.702370749895627,-0.42244891211768604,-6.702288348938548,18098.075222067706,0.0,0.19182687041996702,1.940615498026607,2100841.585334012,603.42979371159
208700.0,4579229.927438023,288358.42896968825,4579173.651308587,-266.6023669491495,1485.7377595057642,-266.72345066317496,-6.702427296905367,-0.4226747881590989,-6.702344876852914,18098.075222067706,0.0,0.19182687041996702,1.940615498026607,2100841.585334012,603.42979371159
208800.0,4579203.233689097,288507.0006318884,4579146.945451702,-267.272612513736,1485.695480731725,-267.3936879848013,-6.702484025003699,-0.4229006983252941,-6.7024015858517645,18098.075222067706,0.0,0.19182687041996702,1.940615498026607,2100841.585334012,603.42979371159
208900.0,4579176.472915331,288655.5680650815,4579120.1725708,-267.9428637601854,1485.653179364957,-268.06393098638034,-6.702540934156316,-0.42312664275803674,-6.7024584759007855,18098.075222067706,0.0,0.19182687041996702,1.940615498026607,2100841.585334012,603.42979371159
209000.0,4579149.645116155,288804.13126700814,4579093.332665314,-268.6131207066013,1485.6108554020263,-268.73417968601535,-6.702598024328557,-0.42335262160010173,-6.702515546965298,18098.075222067706,0.0,0.19182687041996702,1.940615498026607,2100841.585334012,603.42979371159
209100.0,4579122.750290999,288952.69023540855,4579066.425734673,-269.28338337108397,1485.568508839485,-269.4044341018061,-6.702655295485368,-0.4235786349952801,-6.70257279901024,18098.075222067706,0.0,0.19182687041996702,1.940615498026607,2100841.585334012,603.42979371159
209200.0,4579095.78843929,289101.24496802257,4579039.451778303,-269.95365177173005,1485.5261396738706,-270.0746942518489,-6.702712747591336,-0.4238046830883913,-6.70263023200019,18098.075222067706,0.0,0.19182687041996702,1.940615498026607,2100841.585334012,603.42979371159
209300.0,4579068.759560453,289249.79546258977,4579012.410795631,-270.6239259266327,1485.4837479017058,-270.7449601542364,-6.702770380610655,-0.4240307660252906,-6.702687845899323,18098.075222067706,0.0,0.19182687041996702,1.940615498026607,2100841.585334012,603.42979371159
209400.0,4579041.663653912,289398.34171684925,4578985.30278608,-271.2942058538814,1485.441333519499,-271.4152318270578,-6.702828194507135,-0.42425688395287914,-6.702745640671441,18098.075222067706,0.0,0.19182687041996702,1.940615498026607,2100841.585334012,603.42979371159
209500.0,4579014.500719089,289546.88372853986,4578958.127749072,-271.9644915715621,1485.3988965237438,-272.08550928839855,-6.702886189244203,-0.4244830370191146,-6.702803616279961,18098.075222067706,0.0,0.19182687041996702,1.940615498026607,2100841.585334012,603.42979371159
209600.0,4578987.270755404,289695.4214954001,4578930.885684028,-272.634783097757,1485.356436910919,-272.75579255634045,-6.702944364784887,-0.42470922537301925,-6.702861772687895,18098.075222067706,0.0,0.19182687041996702,1.940615498026607,2100841.585334012,603.42979371159
209700.0,4578959.973762275,289843.955015168,4578903.576590367,-273.3050804505446,1485.313954677488,-273.42608164896154,-6.703002721091818,-0.42493544916469084,-6.702920109857863,18098.075222067706,0.0,0.19182687041996702,1.940615498026607,2100841.585334012,603.42979371159
209800.0,4578932.609739118,289992.4842855814,4578876.200467504,-273.97538364799965,1485.2714498198998,-274.09637658433616,-6.703061258127222,-0.42516170854531204,-6.70297862775208,18098.075222067706,0.0,0.19182687041996702,1.940615498026607,2100841.585334012,603.42979371159
209900.0,4578905.178685349,290141.0093043777,4578848.757314854,-274.64569270819305,1485.2289223345877,-274.7666773805348,-6.703119975852921,-0.425388003667161,-6.703037326332357,18098.075222067706,0.0,0.19182687041996702,1.940615498026607,2100841.585334012,603.42979371159
210000.0,4578877.6806003805,290289.530069294,4578821.247131832,-275.31600764919193,1485.1863722179698,-275.4369840556242,-6.703178874230331,-0.4256143346836212,-6.703096205560096,18098.075222067706,0.0,0.19182687041996702,1.940615498026607,2100841.585334012,603.42979371159
210100.0,4578850.115483623,290438.04657806683,4578793.669917847,-275.98632848905953,1485.1437994664493,-276.1072966276671,-6.703237953220441,-0.4258407017491904,-6.703155265396267,18098.075222067706,0.0,0.19182687041996702,1.940615498026607,2100841.585334012,603.42979371159
210200.0,4578822.483334485,290586.55882843264,4578766.025672309,-276.6566552458551,1485.1012040764133,-276.7776151147224,-6.703297212783829,-0.42606710501949424,-6.703214505801447,18098.075222067706,0.0,0.19182687041996702,1.940615498026607,2100841.585334012,603.42979371159
210300.0,4578794.7841523755,290735.06681812735,4578738.314394626,-277.32698793763404,1485.0585860442334,-277.447939534845,-6.703356652880643,-0.4262935446512926,-6.703273926735765,18098.075222067706,0.0,0.19182687041996702,1.940615498026607,2100841.585334012,603.42979371159
210400.0,4578767.017936699,290883.5705448866,4578710.536084203,-277.99732658244767,1485.0159453662657,-278.1182699060858,-6.703416273470609,-0.4265200208024933,-6.703333528158932,18098.075222067706,0.0,0.19182687041996702,1.940615498026607,2100841.585334012,603.42979371159
210500.0,4578739.18468686,291032.0700064456,4578682.690740446,-278.66767119834327,1484.9732820388504,-278.78860624649167,-6.703476074513004,-0.4267465336321606,-6.703393310030218,18098.075222067706,0.0,0.19182687041996702,1.940615498026607,2100841.585334012,603.42979371159
210600.0,4578711.28440226,291180.56520053925,4578654.778362755,-279.33802180336403,1484.9305960583115,-279.45894857410536,-6.7035360559666834,-0.42697308330052824,-6.7034532723084626,18098.075222067706,0.0,0.19182687041996702,1.940615498026607,2100841.585334012,603.42979371159
210700.0,4578683.317082299,291329.05612490204,4578626.798950531,-280.008378415549,1484.887887420957,-280.1292969069655,-6.7035962177900545,-0.4271996699690079,-6.703513414952057,18098.075222067706,0.0,0.19182687041996702,1.940615498026607,2100841.585334012,603.42979371159
210800.0,4578655.282726375,291477.5427772681,4578598.7525031725,-280.678741052933,1484.8451561230788,-280.79965126310657,-6.703656559941066,-0.42742629380020136,-6.703573737918944,18098.075222067706,0.0,0.19182687041996702,1.940615498026607,2100841.585334012,603.42979371159
210900.0,4578627.181333886,291626.0251553712,4578570.639020077,-281.3491097335467,1484.8024021609526,-281.47001166055867,-6.703717082377228,-0.42765295495791167,-6.703634241166611,18098.075222067706,0.0,0.19182687041996702,1.940615498026607,2100841.585334012,603.42979371159
211000.0,4578599.012904227,291774.50325694465,4578542.458500639,-282.0194844754165,1484.7596255308374,-282.1403781173478,-6.703777785055579,-0.427879653607154,-6.703694924652093,18098.075222067706,0.0,0.19182687041996702,1.940615498026607,2100841.585334012,603.42979371159
211100.0,4578570.777436789,291922.9770797216,4578514.210944251,-282.68986529656445,1484.7168262289758,-282.81075065149554,-6.70383866793271,-0.42810638991416766,-6.703755788331961,18098.075222067706,0.0,0.19182687041996702,1.940615498026607,2100841.585334012,603.42979371159
211200.0,4578542.474930964,292071.4466214346,4578485.8963503055,-283.3602522150082,1484.6740042515937,-283.4811292810192,-6.703899730964734,-0.4283331640464262,-6.703816832162316,18098.075222067706,0.0,0.19182687041996702,1.940615498026607,2100841.585334012,603.42979371159
211300.0,4578514.105386143,292219.9118798159,4578457.514718192,-284.03064524876106,1484.6311595949,-284.15151402393155,-6.703960974107288,-0.4285599761726499,-6.70387805609878,18098.075222067706,0.0,0.19182687041996702,1.940615498026607,2100841.585334012,603.42979371159
211400.0,4578485.668801711,292368.37285259744,4578429.066047297,-284.70104441583186,1484.588292255087,-284.821904898241,-6.704022397315536,-0.42878682646281724,-6.703939460096508,18098.075222067706,0.0,0.19182687041996702,1.940615498026607,2100841.585334012,603.42979371159
211500.0,4578457.165177055,292516.8295375107,4578400.550337007,-285.3714497342249,1484.5454022283297,-285.49230192195137,-6.704084000544162,-0.429013715088177,-6.704001044110164,18098.075222067706,0.0,0.19182687041996702,1.940615498026607,2100841.585334012,603.42979371159
211600.0,4578428.594511558,292665.28193228674,4578371.967586707,-286.0418612219399,1484.5024895107858,-286.16270511306203,-6.704145783747358,-0.4292406422212597,-6.704062808093931,18098.075222067706,0.0,0.19182687041996702,1.940615498026607,2100841.585334012,603.42979371159
211700.0,4578399.956804604,292813.73003465636,4578343.317795779,-286.712278896972,1484.459554098596,-286.8331144895676,-6.704207746878815,-0.4294676080358892,-6.704124752001483,18098.075222067706,0.0,0.19182687041996702,1.940615498026607,2100841.585334012,603.42979371159
211800.0,4578371.252055572,292962.17384234985,4578314.600963603,-287.3827027773117,1484.4165959878835,-287.5035300694582,-6.704269889891733,-0.42969461270719594,-6.704186875786007,18098.075222067706,0.0,0.19182687041996702,1.940615498026607,2100841.585334012,603.42979371159
211900.0,4578342.480263841,293110.6133530972,4578285.817089558,-288.0531328809448,1484.3736151747537,-288.1739518707191,-6.704332212738813,-0.42992165641162916,-6.7042491794001915,18098.075222067706,0.0,0.19182687041996702,1.940615498026607,2100841.585334012,603.42979371159
212000.0,4578313.641428788,293259.0485646279,4578256.96617302,-288.7235692258524,1484.3306116552942,-288.844379911331,-6.704394715372237,-0.4301487393269679,-6.704311662796198,18098.075222067706,0.0,0.19182687041996702,1.940615498026607,2100841.585334012,603.42979371159
212100.0,4578284.735549788,293407.4794746712,4578228.048213366,-289.3940118300105,1484.2875854255753,-289.5148142092695,-6.704457397743666,-0.43037586163233466,-6.70437432592568,18098.075222067706,0.0,0.19182687041996702,1.940615498026607,2100841.585334012,603.42979371159
212200.0,4578255.762626213,293555.9060809559,4578199.06320997,-290.0644607113907,1484.2445364816488,-290.1852547825056,-6.704520259804247,-0.43060302350820784,-6.704437168739768,18098.075222067706,0.0,0.19182687041996702,1.940615498026607,2100841.585334012,603.42979371159
212300.0,4578226.722657436,293704.3283812103,4578170.011162201,-290.7349158879594,1484.2014648195486,-290.85570164900525,-6.70458330150461,-0.4308302251364355,-6.704500191189075,18098.075222067706,0.0,0.19182687041996702,1.940615498026607,2100841.585334012,603.42979371159
212400.0,4578197.615642825,293852.7463731624,4578140.89206943,-291.405377377678,1484.1583704352904,-291.52615482672957,-6.704646522794828,-0.4310574667002451,-6.704563393223663,18098.075222067706,0.0,0.19182687041996702,1.940615498026607,2100841.585334012,603.42979371159
212500.0,4578168.441581749,294001.1600545398,4578111.705931025,-292.07584519850303,1484.1152533248712,-292.1966143336345,-6.7047099236244625,-0.4312847483842613,-6.704626774793072,18098.075222067706,0.0,0.19182687041996702,1.940615498026607,2100841.585334012,603.42979371159
212600.0,4578139.200473574,294149.5694230697,4578082.452746351,-292.74631936838585,1484.07211348427,-292.867080187671,-6.704773503942511,-0.43151207037451494,-6.704690335846291,18098.075222067706,0.0,0.19182687041996702,1.940615498026607,2100841.585334012,603.42979371159
212700.0,4578109.892317664,294297.9744764789,4578053.132514775,-293.41679990527274,1484.0289509094466,-293.5375524067848,-6.7048372636974305,-0.4317394328584582,-6.704754076331757,18098.075222067706,0.0,0.19182687041996702,1.940615498026607,2100841.585334012,603.42979371159
212800.0,4578080.51711338,294446.37521249364,4578023.745235657,-294.08728682710483,1483.9857655963422,-294.20803100891663,-6.704901202837119,-0.43196683602497876,-6.70481799619736,18098.075222067706,0.0,0.19182687041996702,1.940615498026607,2100841.585334012,603.42979371159
212900.0,4578051.074860085,294594.77162884007,4577994.29090836,-294.75778015181794,1483.942557540879,-294.87851601200185,-6.704965321308909,-0.43219428006441096,-6.704882095390408,18098.075222067706,0.0,0.19182687041996702,1.940615498026607,2100841.585334012,603.42979371159
213000.0,4578021.565557136,294743.16372324363,4577964.769532241,-295.4282798973426,1483.8993267389606,-295.54900743397053,-6.705029619059575,-0.43242176516855285,-6.704946373857665,18098.075222067706,0.0,0.19182687041996702,1.940615498026607,2100841.585334012,603.42979371159
213100.0,4577991.989203891,294891.5514934295,4577935.181106659,-296.09878608160403,1483.8560731864702,-296.2195052927474,-6.705094096035306,-0.432649291530677,-6.705010831545306,18098.075222067706,0.0,0.19182687041996702,1.940615498026607,2100841.585334012,603.42979371159
213200.0,4577962.345799704,295039.93493712245,4577905.525630968,-296.769298722522,1483.8127968792726,-296.8900096062518,-6.705158752181712,-0.43287685934554604,-6.705075468398924,18098.075222067706,0.0,0.19182687041996702,1.940615498026607,2100841.585334012,603.42979371159
213300.0,4577932.63534393,295188.31405204674,4577875.803104522,-297.4398178380109,1483.7694978132126,-297.56052039239756,-6.705223587443828,-0.43310446880942716,-6.705140284363534,18098.075222067706,0.0,0.19182687041996702,1.940615498026607,2100841.585334012,603.42979371159
213400.0,4577902.85783592,295336.6888359263,4577846.0135266725,-298.1103434459795,1483.7261759841158,-298.23103766909304,-6.7052886017660835,-0.43333212012010563,-6.705205279383552,18098.075222067706,0.0,0.19182687041996702,1.940615498026607,2100841.585334012,603.42979371159
213500.0,4577873.013275024,295485.0592864846,4577816.156896771,-298.7808755643309,1483.6828313877872,-298.90156145424095,-6.705353795092303,-0.4335598134768984,-6.70527045340279,18098.075222067706,0.0,0.19182687041996702,1.940615498026607,2100841.585334012,603.42979371159
213600.0,4577843.10166059,295633.4254014448,4577786.233214164,-299.45141421096287,1483.6394640200122,-299.5720917657384,-6.705419167365727,-0.4337875490806722,-6.705335806364465,18098.075222067706,0.0,0.19182687041996702,1.940615498026607,2100841.585334012,603.42979371159
213700.0,4577813.122991963,295781.7871785294,4577756.242478199,-300.1219594037671,1483.596073876556,-300.2426286214767,-6.705484718528956,-0.4340153271338535,-6.7054013382111695,18098.075222067706,0.0,0.19182687041996702,1.940615498026607,2100841.585334012,603.42979371159
213800.0,4577783.07726849,295930.14461546077,4577726.184688221,-300.7925111606297,1483.5526609531635,-300.91317203934153,-6.705550448523994,-0.4342431478404473,-6.705467048884885,18098.075222067706,0.0,0.19182687041996702,1.940615498026607,2100841.585334012,603.42979371159
213900.0,4577752.964489511,296078.4977099606,4577696.059843572,-301.463069499431,1483.5092252455593,-301.5837220372126,-6.7056163572922,-0.43447101140605004,-6.705532938326958,18098.075222067706,0.0,0.19182687041996702,1.940615498026607,2100841.585334012,603.42979371159
214000.0,4577722.78465437,296226.8464597503,4577665.867943593,-302.1336344380453,1483.4657667494469,-302.25427863296386,-6.705682444774323,-0.43469891803786626,-6.705599006478115,18098.075222067706,0.0,0.19182687041996702,1.940615498026607,2100841.585334012,603.42979371159
214100.0,4577692.5377624035,296375.19086255075,4577635.608987625,-302.80420599434103,1483.4222854605093,-302.9248418444632,-6.705748710910442,-0.43492686794472196,-6.7056652532784256,18098.075222067706,0.0,0.19182687041996702,1.940615498026607,2100841.585334012,603.42979371159
214200.0,4577662.22381295,296523.5309160825,4577605.282975003,-303.47478418618056,1483.3787813744084,-303.5954116895725,-6.705815155640014,-0.435154861337083,-6.705731678667325,18098.075222067706,0.0,0.19182687041996702,1.940615498026607,2100841.585334012,603.42979371159
214300.0,4577631.842805345,296671.8666180656,4577574.889905065,-304.14536903142016,1483.3352544867853,-304.2659881861475,-6.705881778901831,-0.4353828984270682,-6.705798282583588,18098.075222067706,0.0,0.19182687041996702,1.940615498026607,2100841.585334012,603.42979371159
214400.0,4577601.394738921,296820.1979662196,4577544.429777144,-304.81596054791,1483.2917047932594,-304.936571352038,-6.705948580634027,-0.4356109794284668,-6.7058650649653355,18098.075222067706,0.0,0.19182687041996702,1.940615498026607,2100841.585334012,603.42979371159
214500.0,4577570.879613012,296968.52495826385,4577513.902590573,-305.4865587534939,1483.248132289429,-305.6071612050874,-6.706015560774069,-0.43583910455675384,-6.705932025750011,18098.075222067706,0.0,0.19182687041996702,1.940615498026607,2100841.585334012,603.42979371159
214600.0,4577540.297426947,297116.84759191703,4577483.308344681,-306.15716366600964,1483.20453697087,-306.2777577631327,-6.7060827192587436,-0.4360672740291066,-6.705999164874387,18098.075222067706,0.0,0.19182687041996702,1.940615498026607,2100841.585334012,603.42979371159
214700.0,4577509.648180055,297265.1658648974,4577452.647038797,-306.8277753032884,1483.1609188331377,-306.94836104400474,-6.706150056024157,-0.4362954880644203,-6.706066482274553,18098.075222067706,0.0,0.19182687041996702,1.940615498026607,2100841.585334012,603.42979371159
214800.0,4577478.931871662,297413.4797749229,4577421.918672248,-307.49839368315503,1483.1172778717644,-307.61897106552794,-6.70621757100573,-0.4365237468833264,-6.70613397788591,18098.075222067706,0.0,0.19182687041996702,1.940615498026607,2100841.585334012,603.42979371159
214900.0,4577448.148501093,297561.78931971086,4577391.123244358,-308.1690188234279,1483.0736140822607,-308.28958784552015,-6.706285264138179,-0.4367520507082072,-6.706201651643157,18098.075222067706,0.0,0.19182687041996702,1.940615498026607,2100841.585334012,603.42979371159
215000.0,4577417.298067671,297710.0944969783,4577360.260754452,-308.83965074191883,1483.029927460115,-308.9602114017926,-6.706353135355514,-0.43698039976321323,-6.706269503480285,18098.075222067706,0.0,0.19182687041996702,1.940615498026607,2100841.585334012,603.42979371159
215100.0,4577386.380570718,297858.3953044416,4577329.331201851,-309.51028945643293,1482.9862180007929,-309.63084175215,-6.706421184591042,-0.43720879427428244,-6.7063375333305855,18098.075222067706,0.0,0.19182687041996702,1.940615498026607,2100841.585334012,603.42979371159
215200.0,4577355.396009553,298006.69173981703,4577298.334585875,-310.1809349847687,1482.9424856997373,-310.30147891439026,-6.7064894117773335,-0.43743723446915384,-6.7064057411266065,18098.075222067706,0.0,0.19182687041996702,1.940615498026607,2100841.585334012,603.42979371159
215300.0,4577324.344383494,298154.98380082,4577267.270905841,-310.8515873447178,1482.8987305523685,-310.97212290630455,-6.706557816846247,-0.43766572057738873,-6.7064741268001935,18098.075222067706,0.0,0.19182687041996702,1.940615498026607,2100841.585334012,603.42979371159
215400.0,4577293.225691856,298303.2714851658,4577236.140161065,-311.5222465540651,1482.8549525540836,-311.64277374567723,-6.706626399728897,-0.43789425283038547,-6.706542690282437,18098.075222067706,0.0,0.19182687041996702,1.940615498026607,2100841.585334012,603.42979371159
215500.0,4577262.039933954,298451.554790569,4577204.942350863,-312.1929126305884,1482.8111517002565,-312.3134314502857,-6.706695160355645,-0.43812283146139774,-6.706611431503682,18098.075222067706,0.0,0.19182687041996702,1.940615498026607,2100841.585334012,603.42979371159
215600.0,4577230.7871091,298599.83371474384,4577173.677474545,-312.86358559205866,1482.7673279862374,-312.98409603790026,-6.706764098656114,-0.4383514567055544,-6.706680350393532,18098.075222067706,0.0,0.19182687041996702,1.940615498026607,2100841.585334012,603.42979371159
215700.0,4577199.467216605,298748.1082554041,4577142.3455314245,-313.5342654562397,1482.7234814073536,-313.6547675262843,-6.706833214559158,-0.43858012879987535,-6.706749446880824,18098.075222067706,0.0,0.19182687041996702,1.940615498026607,2100841.585334012,603.42979371159
215800.0,4577168.0802557785,298896.37841026305,4577110.946520809,-314.2049522408882,1482.6796119589078,-314.3254459331939,-6.7069025079928615,-0.4388088479832911,-6.706818720893621,18098.075222067706,0.0,0.19182687041996702,1.940615498026607,2100841.585334012,603.42979371159
215900.0,4577136.626225926,299044.64417703345,4577079.480442006,-314.8756459637535,1482.6357196361791,-314.9961312763781,-6.706971978884537,-0.43903761449666134,-6.706888172359217,18098.075222067706,0.0,0.19182687041996702,1.940615498026607,2100841.585334012,603.42979371159
216000.0,4577105.105126354,299192.90555342764,4577047.947294322,-315.5463466425779,1482.5918044344226,-315.6668235735784,-6.707041627160704,-0.43926642858279297,-6.706957801204111,18098.075222067706,0.0,0.19182687041996702,1.940615498026607,2100841.585334012,603.42979371159
216100.0,4577073.516956366,299341.16253715754,4577016.34707706,-316.217054295096,1482.5478663488686,-316.3375228425291,-6.707111452747089,-0.43949529048645997,-6.707027607354011,18098.075222067706,0.0,0.19182687041996702,1.940615498026607,2100841.585334012,603.42979371159
216200.0,4577041.861715263,299489.41512593447,4576984.679789521,-316.88776893903514,1482.5039053747232,-317.0082291009569,-6.707181455568623,-0.4397242004544224,-6.7070975907338255,18098.075222067706,0.0,0.19182687041996702,1.940615498026607,2100841.585334012,603.42979371159
216300.0,4577010.139402345,299637.66331746936,4576952.945431006,-317.55849059211505,1482.4599215071673,-317.678942366581,-6.707251635549411,-0.4399531587354448,-6.707167751267642,18098.075222067706,0.0,0.19182687041996702,1.940615498026607,2100841.585334012,603.42979371159
216400.0,4576978.350016911,299785.9071094726,4576921.144000813,-318.22921927204777,1482.4159147413573,-318.349662657113,-6.707321992612745,-0.44018216558031675,-6.707238088878733,18098.075222067706,0.0,0.19182687041996702,1.940615498026607,2100841.585334012,603.42979371159
216500.0,4576946.493558256,299934.14649965416,4576889.275498239,-318.89995499653776,1482.371885072424,-319.0203899902568,-6.707392526681093,-0.4404112212418729,-6.707308603489545,18098.075222067706,0.0,0.19182687041996702,1.940615498026607,2100841.585334012,603.42979371159
216600.0,4576914.570025676,300082.3814857235,4576857.33992258,-319.57069778328156,1482.327832495473,-319.6911243837083,-6.707463237676071,-0.44064032597501124,-6.707379295021673,18098.075222067706,0.0,0.19182687041996702,1.940615498026607,2100841.585334012,603.42979371159
216700.0,4576882.579418464,300230.6120653895,4576825.337273127,-320.2414476499679,1482.2837570055847,-320.3618658551558,-6.707534125518449,-0.44086948003671445,-6.707450163395865,18098.075222067706,0.0,0.19182687041996702,1.940615498026607,2100841.585334012,603.42979371159
216800.0,4576850.521735909,300378.8382363607,4576793.267549173,-320.91220461427747,1482.2396585978129,-321.03261442227955,-6.7076051901281515,-0.44109868368607213,-6.70752120853203,18098.075222067706,0.0,0.19182687041996702,1.940615498026607,2100841.585334012,603.42979371159
216900.0,4576818.396977304,300527.05999634496,4576761.130750006,-321.58296869388306,1482.195537267186,-321.7033701027516,-6.707676431424222,-0.44132793718429697,-6.707592430349182,18098.075222067706,0.0,0.19182687041996702,1.940615498026607,2100841.585334012,603.42979371159
217000.0,4576786.205141933,300675.2773430498,4576728.926874915,-322.25373990644914,1482.1513930087058,-322.374132914236,-6.707747849324833,-0.44155724079475,-6.707663828765482,18098.075222067706,0.0,0.19182687041996702,1.940615498026607,2100841.585334012,603.42979371159
217100.0,4576753.946229083,300823.49027418223,4576696.655923185,-322.9245182696321,1482.1072258173479,-323.0449028743885,-6.7078194437472725,-0.4417865947829592,-6.707735403698187,18098.075222067706,0.0,0.19182687041996702,1.940615498026607,2100841.585334012,603.42979371159
217200.0,4576721.62023804,300971.6987874487,4576664.317894101,-323.59530380107987,1482.063035688061,-323.7156800008567,-6.70789121460793,-0.4420159994166411,-6.707807155063672,18098.075222067706,0.0,0.19182687041996702,1.940615498026607,2100841.585334012,603.42979371159
217300.0,4576689.227168083,301119.9028805551,4576631.912786946,-324.2660965184321,1482.0188226157675,-324.38646431127955,-6.707963161822294,-0.44224545496572343,-6.707879082777401,18098.075222067706,0.0,0.19182687041996702,1.940615498026607,2100841.585334012,603.42979371159
217400.0,4576656.767018495,301268.1025512069,4576599.440600999,-324.9368964393199,1481.9745865953619,-325.0572558232876,-6.708035285304931,-0.4424749617023653,-6.707951186753919,18098.075222067706,0.0,0.19182687041996702,1.940615498026607,2100841.585334012,603.42979371159
217500.0,4576624.239788555,301416.29779710906,4576566.90133554,-325.6077035813658,1481.9303276217117,-325.7280545545029,-6.708107584969485,-0.4427045199009795,-6.708023466906846,18098.075222067706,0.0,0.19182687041996702,1.940615498026607,2100841.585334012,603.42979371159
217600.0,4576591.645477538,301564.488615966,4576534.294989847,-326.2785179621836,1481.886045689657,-326.3988605225386,-6.708180060728668,-0.44293412983825625,-6.708095923148874,18098.075222067706,0.0,0.19182687041996702,1.940615498026607,2100841.585334012,603.42979371159
217700.0,4576558.984084721,301712.6750054816,4576501.621563193,-326.94933959937845,1481.84174079401,-327.0696737449993,-6.708252712494235,-0.4431637917931836,-6.708168555391736,18098.075222067706,0.0,0.19182687041996702,1.940615498026607,2100841.585334012,603.42979371159
217800.0,4576526.255609376,301860.85696335917,4576468.881054855,-327.6201685105464,1481.797412929555,-327.74049423948065,-6.708325540176998,-0.44339350604707073,-6.708241363546217,18098.075222067706,0.0,0.19182687041996702,1.940615498026607,2100841.585334012,603.42979371159
217900.0,4576493.460050776,302009.03448730166,4576436.073464103,-328.2910047132748,1481.753062091048,-328.41132202356926,-6.708398543686794,-0.44362327288357223,-6.70831434752214,18098.075222067706,0.0,0.19182687041996702,1.940615498026607,2100841.585334012,603.42979371159
218000.0,4576460.597408189,302157.2075750114,4576403.1987902075,-328.9618482251417,1481.708688273216,-329.08215711484274,-6.708471722932485,-0.44385309258870925,-6.708387507228336,18098.075222067706,0.0,0.19182687041996702,1.940615498026607,2100841.585334012,603.42979371159
218100.0,4576427.667680887,302305.3762241902,4576370.257032436,-329.63269906371613,1481.6642914707581,-329.75299953086954,-6.708545077821944,-0.44408296545089365,-6.708460842572656,18098.075222067706,0.0,0.19182687041996702,1.940615498026607,2100841.585334012,603.42979371159
218200.0,4576394.670868132,302453.54043253924,4576337.2481900565,-330.3035572465578,1481.6198716783442,-330.4238492892088,-6.708618608262049,-0.4443128917609525,-6.708534353461957,18098.075222067706,0.0,0.19182687041996702,1.940615498026607,2100841.585334012,603.42979371159
218300.0,4576361.606969192,302601.7001977593,4576304.172262333,-330.9744227912171,1481.5754288906146,-331.09470640741034,-6.708692314158657,-0.44454287181215046,-6.708608039802071,18098.075222067706,0.0,0.19182687041996702,1.940615498026607,2100841.585334012,603.42979371159
218400.0,4576328.475983328,302749.85551755066,4576271.029248529,-331.6452957152349,1481.5309631021805,-331.76557090301446,-6.708766195416623,-0.44477290590021606,-6.708681901497828,18098.075222067706,0.0,0.19182687041996702,1.940615498026607,2100841.585334012,603.42979371159
218500.0,4576295.277909802,302898.0063896129,4576237.819147906,-332.31617603614256,1481.4864743076234,-332.4364427935519,-6.708840251939748,-0.4450029943233631,-6.708755938453007,18098.075222067706,0.0,0.19182687041996702,1.940615498026607,2100841.585334012,603.42979371159
218600.0,4576262.012747874,303046.1528116452,4576204.541959723,-332.98706377146175,1481.4419625014948,-333.1073220965438,-6.708914483630801,-0.44523313738231834,-6.708830150570353,18098.075222067706,0.0,0.19182687041996702,1.940615498026607,2100841.585334012,603.42979371159
218700.0,4576228.6804968,303194.294781346,4576171.197683239,-333.6579589387044,1481.3974276783158,-333.7782088295014,-6.70898889039149,-0.44546333538034427,-6.70890453775155,18098.075222067706,0.0,0.19182687041996702,1.940615498026607,2100841.585334012,603.42979371159
218800.0,4576195.281155837,303342.4322964134,4576137.78631771,-334.3288615553724,1481.3528698325772,-334.4491030099262,-6.709063472122476,-0.44569358862326686,-6.708979099897231,18098.075222067706,0.0,0.19182687041996702,1.940615498026607,2100841.585334012,603.42979371159
218900.0,4576161.8147242395,303490.5653545449,4576104.307862389,-334.99977163895784,1481.3082889587392,-335.12000465530963,-6.709138228723304,-0.445923897419497,-6.70905383690692,18098.075222067706,0.0,0.19182687041996702,1.940615498026607,2100841.585334012,603.42979371159
219000.0,4576128.281201259,303638.6939534374,4576070.76231653,-335.67068920694265,1481.263685051231,-335.790913783133,-6.709213160092467,-0.44615426208006137,-6.709128748679085,18098.075222067706,0.0,0.19182687041996702,1.940615498026607,2100841.585334012,603.42979371159
219100.0,4576094.680586148,303786.81809078716,4576037.149679382,-336.3416142767985,1481.2190581044506,-336.46183041086744,-6.709288266127325,-0.44638468291862304,-6.709203835111055,18098.075222067706,0.0,0.19182687041996702,1.940615498026607,2100841.585334012,603.42979371159
219200.0,4576061.0128781535,303934.9377642901,4576003.469950196,-337.01254686598685,1481.1744081127642,-337.13275455597375,-6.709363546724149,-0.44661516025151327,-6.70927909609908,18098.075222067706,0.0,0.19182687041996702,1.940615498026607,2100841.585334012,603.42979371159
219300.0,4576027.278076524,304083.05297164136,4575969.72312822,-337.6834869919586,1481.1297350705065,-337.8036862359023,-6.709439001778061,-0.4468456943977531,-6.709354531538256,18098.075222067706,0.0,0.19182687041996702,1.940615498026607,2100841.585334012,603.42979371159
219400.0,4575993.476180504,304231.1637105356,4575935.909212698,-338.3544346721542,1481.08503897198,-338.47462546809294,-6.709514631183059,-0.44707628567908414,-6.7094301413225566,18098.075222067706,0.0,0.19182687041996702,1.940615498026607,2100841.585334012,603.42979371159
219500.0,4575959.607189338,304379.269978667,4575902.028202875,-339.0253899240034,1481.0403198114554,-339.14557226997476,-6.70959043483198,-0.4473069344199934,-6.709505925344792,18098.075222067706,0.0,0.19182687041996702,1.940615498026607,2100841.585334012,603.42979371159
219600.0,4575925.671102267,304527.37177372904,4575868.080097991,-339.6963527649251,1480.99557758317,-339.8165266589662,-6.709666412616501,-0.4475376409477416,-6.709581883496609,18098.075222067706,0.0,0.19182687041996702,1.940615498026607,2100841.585334012,603.42979371159
219700.0,4575891.667918531,304675.46909341455,4575834.064897289,-340.3673232123275,1480.9508122813286,-340.4874886524748,-6.709742564427124,-0.4477684055923912,-6.709658015668487,18098.075222067706,0.0,0.19182687041996702,1.940615498026607,2100841.585334012,603.42979371159
219800.0,4575857.59763737,304823.56193541596,4575799.982600006,-341.03830128360767,1480.906023900103,-341.1584582678969,-6.709818890153148,-0.44799922868683334,-6.7097343217497,18098.075222067706,0.0,0.19182687041996702,1.940615498026607,2100841.585334012,603.42979371159
219900.0,4575823.46025802,304971.65029742505,4575765.8332053805,-341.70928699615155,1480.8612124336316,-341.8294355226179,-6.70989538968268,-0.44823011056681755,-6.709810801628324,18098.075222067706,0.0,0.19182687041996702,1.940615498026607,2100841.585334012,603.42979371159
220000.0,4575789.255779716,305119.73417713295,4575731.616712647,-342.38028036733385,1480.8163778760188,-342.500420434012,-6.709972062902612,-0.4484610515709799,-6.709887455191223,18098.075222067706,0.0,0.19182687041996702,1.940615498026607,2100841.585334012,603.42979371159
220100.0,4575754.984201691,305267.81357223034,4575697.333121038,-343.0512814145179,1480.771520221335,-343.17141301944184,-6.71004890969859,-0.44869205204087154,-6.7099642823240195,18098.075222067706,0.0,0.19182687041996702,1.940615498026607,2100841.585334012,603.42979371159
220200.0,4575720.6455231765,305415.8884804071,4575662.982429787,-343.7222901550556,1480.726639463617,-343.84241329625866,-6.71012592995503,-0.4489231123209891,-6.710041282911101,18098.075222067706,0.0,0.19182687041996702,1.940615498026607,2100841.585334012,603.42979371159
220300.0,4575686.239743403,305563.95889935276,4575628.564638122,-344.39330660628707,1480.6817355968658,-344.513421281802,-6.710203123555087,-0.4491542327588026,-6.710118456835593,18098.075222067706,0.0,0.19182687041996702,1.940615498026607,2100841.585334012,603.42979371159
220400.0,4575651.766861598,305712.024826756,4575594.079745273,-345.0643307855408,1480.6368086150483,-345.18443699339974,-6.71028049038064,-0.4493854137047876,-6.710195803979348,18098.075222067706,0.0,0.19182687041996702,1.940615498026607,2100841.585334012,603.42979371159
220500.0,4575617.226876988,305860.086260305,4575559.527750466,-345.73536271013336,1480.591858512096,-345.85546044836786,-6.7103580303122845,-0.4496166555124528,-6.710273324222929,18098.075222067706,0.0,0.19182687041996702,1.940615498026607,2100841.585334012,603.42979371159
220600.0,4575582.619788798,306008.14319768746,4575524.908652925,-346.4064023973694,1480.5468852819051,-346.5264916640103,-6.71043574322932,-0.4498479585383742,-6.710351017445613,18098.075222067706,0.0,0.19182687041996702,1.940615498026607,2100841.585334012,603.42979371159
220700.0,4575547.94559625,306156.1956365903,4575490.222451874,-347.07744986454134,1480.5018889183357,-347.19753065761887,-6.710513629009722,-0.45007932314222154,-6.71042888352534,18098.075222067706,0.0,0.19182687041996702,1.940615498026607,2100841.585334012,603.42979371159
220800.0,4575513.204298565,306304.24357469985,4575455.469146534,-347.74850512892937,1480.456869415212,-347.8685774464731,-6.710591687530147,-0.4503107496867939,-6.710506922338742,18098.075222067706,0.0,0.19182687041996702,1.940615498026607,2100841.585334012,603.42979371159
220900.0,4575478.395894963,306452.28700970183,4575420.648736124,-348.4195682078012,1480.4118267663214,-348.53963204784026,-6.710669918665897,-0.4505422385380482,-6.710585133761091,18098.075222067706,0.0,0.19182687041996702,1.940615498026607,2100841.585334012,603.42979371159
221000.0,4575443.520384663,306600.3259392814,4575385.761219863,-349.0906391184122,1480.366760965415,-349.2106944789748,-6.710748322290923,-0.4507737900651327,-6.710663517666307,18098.075222067706,0.0,0.19182687041996702,1.940615498026607,2100841.585334012,603.42979371159
221100.0,4575408.5777668785,306748.360361123,4575350.806596966,-349.7617178780048,1480.3216720062069,-349.88176475711873,-6.710826898277793,-0.4510054046404183,-6.71074207392693,18098.075222067706,0.0,0.19182687041996702,1.940615498026607,2100841.585334012,603.42979371159
221200.0,4575373.568040825,306896.3902729105,4575315.78486665,-350.4328045038088,1480.276559882373,-350.5528428995011,-6.7109056464977,-0.45123708263953294,-6.710820802414121,18098.075222067706,0.0,0.19182687041996702,1.940615498026607,2100841.585334012,603.42979371159
221300.0,4575338.491205716,307044.4156723271,4575280.696028125,-351.1038990130411,1480.2314245875523,-351.2239289233381,-6.710984566820416,-0.45146882444139236,-6.710899702997623,18098.075222067706,0.0,0.19182687041996702,1.940615498026607,2100841.585334012,603.42979371159
221400.0,4575303.34726076,307192.4365570554,4575245.540080602,-351.7750014229053,1480.1862661153452,-351.8950228458328,-6.711063659114307,-0.4517006304282349,-6.710978775545767,18098.075222067706,0.0,0.19182687041996702,1.940615498026607,2100841.585334012,603.42979371159
221500.0,4575268.1362051675,307340.45292477735,4575210.317023292,-352.4461117505919,1480.1410844593142,-352.56612468417495,-6.711142923246291,-0.4519325009856553,-6.7110580199254475,18098.075222067706,0.0,0.19182687041996702,1.940615498026607,2100841.585334012,603.42979371159
221600.0,4575232.858038145,307488.46477317426,4575175.026855402,-353.117230013278,1480.0958796129828,-353.2372344555411,-6.711222359081838,-0.45216443650263755,-6.711137436002101,18098.075222067706,0.0,0.19182687041996702,1.940615498026607,2100841.585334012,603.42979371159
221700.0,4575197.5127588995,307636.47209992673,4575139.669576136,-353.78835622812716,1480.0506515698353,-353.9083521770941,-6.711301966484954,-0.4523964373715903,-6.711217023639695,18098.075222067706,0.0,0.19182687041996702,1.940615498026607,2100841.585334012,603.42979371159
221800.0,4575162.100366634,307784.4749027148,4575104.245184701,-354.4594904122893,1480.0054003233167,-354.57947786598316,-6.7113817453181515,-0.4526285039883817,-6.711296782700717,18098.075222067706,0.0,0.19182687041996702,1.940615498026607,2100841.585334012,603.42979371159
221900.0,4575126.6208605515,307932.4731792177,4575068.753680297,-355.1306325829005,1479.9601258668326,-355.2506115393437,-6.711461695442449,-0.45286063675237503,-6.711376713046152,18098.075222067706,0.0,0.19182687041996702,1.940615498026607,2100841.585334012,603.42979371159
222000.0,4575091.074239851,308080.46692711423,4575033.195062126,-355.80178275708283,1479.914828193748,-355.92175321429715,-6.711541816717343,-0.4530928360664627,-6.711456814535465,18098.075222067706,0.0,0.19182687041996702,1.940615498026607,2100841.585334012,603.42979371159
222100.0,4575055.460503733,308228.45614408236,4574997.569329387,-356.4729409519443,1479.8695072973876,-356.5929029079508,-6.711622109000793,-0.45332510233710355,-6.71153708702658,18098.075222067706,0.0,0.19182687041996702,1.940615498026607,2100841.585334012,603.42979371159
222200.0,4575019.779651393,308376.4408277994,4574961.876481276,-357.1441071845785,1479.824163171035,-357.26406063739773,-6.711702572149213,-0.45355743597435977,-6.711617530375882,18098.075222067706,0.0,0.19182687041996702,1.940615498026607,2100841.585334012,603.42979371159
222300.0,4574984.0316820275,308524.420975942,4574926.116516991,-357.8152814720648,1479.7787958079332,-357.93522641971646,-6.711783206017437,-0.4537898373919314,-6.711698144438168,18098.075222067706,0.0,0.19182687041996702,1.940615498026607,2100841.585334012,603.42979371159
222400.0,4574948.216594829,308672.3965861862,4574890.289435723,-358.48646383146774,1479.7334052012834,-358.6064002719709,-6.711864010458722,-0.4540223070071966,-6.711778929066665,18098.075222067706,0.0,0.19182687041996702,1.940615498026607,2100841.585334012,603.42979371159
222500.0,4574912.334388991,308820.36765620724,4574854.395236666,-359.15765427983735,1479.6879913442447,-359.27758221121036,-6.71194498532472,-0.45425484524124704,-6.7118598841129895,18098.075222067706,0.0,0.19182687041996702,1.940615498026607,2100841.585334012,603.42979371159
222600.0,4574876.385063703,308968.3341836798,4574818.433919011,-359.82885283420853,1479.6425542299337,-359.9487722544691,-6.712026130465448,-0.4544874525189257,-6.711941009427123,18098.075222067706,0.0,0.19182687041996702,1.940615498026607,2100841.585334012,603.42979371159
222700.0,4574840.368618154,309116.2961662777,4574782.405481945,-360.5000595116012,1479.5970938514251,-360.6199704187663,-6.712107445729295,-0.45472012926886746,-6.7120223048574195,18098.075222067706,0.0,0.19182687041996702,1.940615498026607,2100841.585334012,603.42979371159
222800.0,4574804.28505153,309264.25360167434,4574746.309924656,-361.17127432902004,1479.5516102017498,-361.29117672110596,-6.71218893096298,-0.4549528759235357,-6.712103770250567,18098.075222067706,0.0,0.19182687041996702,1.940615498026607,2100841.585334012,603.42979371159
222900.0,4574768.134363017,309412.20648754213,4574710.147246328,-361.8424973034543,1479.5061032738956,-361.96239117847665,-6.712270586011555,-0.4551856929192634,-6.71218540545158,18098.075222067706,0.0,0.19182687041996702,1.940615498026607,2100841.585334012,603.42979371159
223000.0,4574731.916551798,309560.1548215529,4574673.917446147,-362.5137284518776,1479.4605730608066,-362.6336138078513,-6.712352410718367,-0.45541858069629126,-6.712267210303772,18098.075222067706,0.0,0.19182687041996702,1.940615498026607,2100841.585334012,603.42979371159
223100.0,4574695.631617053,309708.09860137786,4574637.6205232935,-363.18496779124797,1479.4150195553823,-363.30484462618716,-6.712434404925052,-0.4556515396988092,-6.712349184648742,18098.075222067706,0.0,0.19182687041996702,1.940615498026607,2100841.585334012,603.42979371159
223200.0,4574659.279557966,309856.0378246874,4574601.256476948,-363.8562153385073,1479.3694427504777,-363.9760836504255,-6.712516568471507,-0.4558845703749956,-6.712431328326351,18098.075222067706,0.0,0.19182687041996702,1.940615498026607,2100841.585334012,603.42979371159
223300.0,4574622.860373712,310003.9724891511,4574564.825306289,-364.52747111058153,1479.323842638903,-364.6473308974915,-6.712598901195868,-0.45611767317705887,-6.7125136411746995,18098.075222067706,0.0,0.19182687041996702,1.940615498026607,2100841.585334012,603.42979371159
223400.0,4574586.3740634695,310151.90259243804,4574528.327010494,-365.1987351243803,1479.2782192134227,-365.318586384294,-6.712681402934513,-0.4563508485612804,-6.712596123030129,18098.075222067706,0.0,0.19182687041996702,1.940615498026607,2100841.585334012,603.42979371159
223500.0,4574549.8206264125,310299.8281322164,4574491.761588737,-365.8700073967967,1479.232572466756,-365.98985012772556,-6.712764073522013,-0.4565840969880543,-6.712678773727172,18098.075222067706,0.0,0.19182687041996702,1.940615498026607,2100841.585334012,603.42979371159
223600.0,4574513.200061714,310447.7491061538,4574455.129040193,-366.5412879447074,1479.186902391575,-366.66112214466193,-6.712846912791128,-0.4568174189219313,-6.712761593098554,18098.075222067706,0.0,0.19182687041996702,1.940615498026607,2100841.585334012,603.42979371159
223700.0,4574476.512368547,310595.6655119169,4574418.429364032,-367.21257678497204,1479.1412089805056,-367.33240245196214,-6.712929920572789,-0.45705081483166143,-6.712844580975164,18098.075222067706,0.0,0.19182687041996702,1.940615498026607,2100841.585334012,603.42979371159
223800.0,4574439.75754608,310743.5773471718,4574381.662559425,-367.8838739344334,1479.095492226127,-368.00369106646815,-6.713013096696059,-0.45728428519023584,-6.71292773718603,18098.075222067706,0.0,0.19182687041996702,1.940615498026607,2100841.585334012,603.42979371159
223900.0,4574402.935593482,310891.48460958374,4574344.828625541,-368.5551794099169,1479.04975212097,-368.67498800500476,-6.713096440988136,-0.45751783047493333,-6.713011061558313,18098.075222067706,0.0,0.19182687041996702,1.940615498026607,2100841.585334012,603.42979371159
224000.0,4574366.04650992,311039.3872968173,4574307.927561547,-369.22649322823077,1479.0039886575182,-369.3462932843794,-6.71317995327431,-0.4577514511673619,-6.713094553917264,18098.075222067706,0.0,0.19182687041996702,1.940615498026607,2100841.585334012,603.42979371159
224100.0,4574329.090294558,311187.28540653636,4574270.959366607,-369.89781540616565,1478.9582018282067,-370.0176069213819,-6.713263633377966,-0.4579851477535064,-6.713178214086224,18098.075222067706,0.0,0.19182687041996702,1.940615498026607,2100841.585334012,603.42979371159
224200.0,4574292.06694656,311335.1789364039,4574233.924039884,-370.5691459604943,1478.9123916254214,-370.6889289327844,-6.713347481120533,-0.4582189207237715,-6.713262041886588,18098.075222067706,0.0,0.19182687041996702,1.940615498026607,2100841.585334012,603.42979371159
224300.0,4574254.976465086,311483.0678840821,4574196.82158054,-371.2404849079717,1478.8665580414993,-371.36025933534097,-6.713431496321487,-0.45845277057302825,-6.71334603713779,18098.075222067706,0.0,0.19182687041996702,1.940615498026607,2100841.585334012,603.42979371159
224400.0,4574217.818849298,311630.95224723255,4574159.651987736,-371.91183226533445,1478.8207010687274,-372.0315981457876,-6.713515678798322,-0.458686697800662,-6.713430199657284,18098.075222067706,0.0,0.19182687041996702,1.940615498026607,2100841.585334012,603.42979371159
224500.0,4574180.594098353,311778.83202351595,4574122.41526063,-372.58318804930104,1478.774820699343,-372.7029453808419,-6.713600028366508,-0.4589207029106153,-6.713514529260502,18098.075222067706,0.0,0.19182687041996702,1.940615498026607,2100841.585334012,603.42979371159
224600.0,4574143.302211407,311926.7072105923,4574085.111398378,-373.25455227657125,1478.7289169255323,-373.37430105720296,-6.713684544839509,-0.45915478641144075,-6.713599025760865,18098.075222067706,0.0,0.19182687041996702,1.940615498026607,2100841.585334012,603.42979371159
224700.0,4574105.943187615,312074.5778061207,4574047.740400136,-373.92592496382616,1478.6829897394307,-374.04566519155105,-6.713769228028717,-0.45938894881634346,-6.713683688969727,18098.075222067706,0.0,0.19182687041996702,1.940615498026607,2100841.585334012,603.42979371159
224800.0,4574068.517026131,312222.4438077595,4574010.302265057,-374.59730612772785,1478.6370391331218,-374.71703780054753,-6.713854077743461,-0.45962319064323365,-6.7137685186963685,18098.075222067706,0.0,0.19182687041996702,1.940615498026607,2100841.585334012,603.42979371159
224900.0,4574031.023726107,312370.30521316634,4573972.796992294,-375.26869578491926,1478.5910650986373,-375.3884189008345,-6.713939093790955,-0.45985751241477235,-6.713853514747968,18098.075222067706,0.0,0.19182687041996702,1.940615498026607,2100841.585334012,603.42979371159
225000.0,4573993.46328669,312518.162019998,4573935.224580994,-375.940093952024,1478.5450676279563,-376.0598085090348,-6.714024275976307,-0.4600919146584247,-6.71393867692959,18098.075222067706,0.0,0.19182687041996702,1.940615498026607,2100841.585334012,603.42979371159
225100.0,4573955.835707031,312666.0142259105,4573897.585030307,-376.6115006456459,1478.4990467130053,-376.7312066417515,-6.714109624102473,-0.4603263979065068,-6.714024005044147,18098.075222067706,0.0,0.19182687041996702,1.940615498026607,2100841.585334012,603.42979371159
225200.0,4573918.140986276,312813.8618285589,4573859.87833938,-377.2829158823692,1478.453002345657,-377.40261331556803,-6.714195137970231,-0.4605609626962365,-6.714109498892372,18098.075222067706,0.0,0.19182687041996702,1.940615498026607,2100841.585334012,603.42979371159
225300.0,4573880.3791235695,312961.70482559764,4573822.104507358,-377.95433967875795,1478.4069345177302,-378.0740285470477,-6.714280817378167,-0.4607956095697867,-6.714195158272809,18098.075222067706,0.0,0.19182687041996702,1.940615498026607,2100841.585334012,603.42979371159
225400.0,4573842.550118054,313109.54321468016,4573784.263533385,-378.625772051356,1478.360843220989,-378.74545235273354,-6.714366662122642,-0.4610303390743352,-6.714280982981778,18098.075222067706,0.0,0.19182687041996702,1.940615498026607,2100841.585334012,603.42979371159
225500.0,4573804.6539688725,313257.37699345924,4573746.3554166015,-379.29721301668684,1478.3147284471427,-379.41688474914815,-6.714452671997777,-0.4612651517621188,-6.714366972813354,18098.075222067706,0.0,0.19182687041996702,1.940615498026607,2100841.585334012,603.42979371159
225600.0,4573766.690675164,313405.2061595867,4573708.380156148,-379.968662591253,1478.2685901878451,-380.08832575279337,-6.714538846795419,-0.4615000481904842,-6.714453127559337,18098.075222067706,0.0,0.19182687041996702,1.940615498026607,2100841.585334012,603.42979371159
225700.0,4573728.660236066,313553.03071071365,4573670.337751163,-380.64012079153633,1478.2224284346944,-380.75977538015013,-6.714625186305117,-0.46173502892194324,-6.714539447009233,18098.075222067706,0.0,0.19182687041996702,1.940615498026607,2100841.585334012,603.42979371159
225800.0,4573690.562650717,313700.8506444902,4573632.228200784,-381.31158763399736,1478.1762431792317,-381.43123364767825,-6.714711690314093,-0.4619700945242262,-6.71462593095022,18098.075222067706,0.0,0.19182687041996702,1.940615498026607,2100841.585334012,603.42979371159
225900.0,4573652.39791825,313848.6659585658,4573594.051504145,-381.98306313507527,1478.1300344129415,-382.10270057181606,-6.714798358607222,-0.4622052455703364,-6.714712579167125,18098.075222067706,0.0,0.19182687041996702,1.940615498026607,2100841.585334012,603.42979371159
226000.0,4573614.166037801,313996.4766505888,4573555.80766038,-382.6545473111877,1478.0838021272505,-382.7741761689803,-6.714885190967001,-0.4624404826386058,-6.714799391442398,18098.075222067706,0.0,0.19182687041996702,1.940615498026607,2100841.585334012,603.42979371159
226100.0,4573575.867008499,314144.28271820693,4573517.496668622,-383.32604017873024,1478.037546313527,-383.44566045556587,-6.714972187173527,-0.46267580631275235,-6.71488636755609,18098.075222067706,0.0,0.19182687041996702,1.940615498026607,2100841.585334012,603.42979371159
226200.0,4573537.500829475,314292.08415906696,4573479.118527999,-383.9975417540765,1477.9912669630812,-384.11715344794544,-6.715059347004457,-0.4629112171819333,-6.714973507285809,18098.075222067706,0.0,0.19182687041996702,1.940615498026607,2100841.585334012,603.42979371159
226300.0,4573499.067499857,314439.88097081473,4573440.673237641,-384.6690520535778,1477.9449640671642,-384.7886551624694,-6.715146670234996,-0.4631467158408066,-6.715060810406718,18098.075222067706,0.0,0.19182687041996702,1.940615498026607,2100841.585334012,603.42979371159
226400.0,4573460.567018773,314587.6731510953,4573402.160796675,-385.34057109356263,1477.8986376169667,-385.4601656154656,-6.715234156637862,-0.4633823028895847,-6.7151482766914805,18098.075222067706,0.0,0.19182687041996702,1.940615498026607,2100841.585334012,603.42979371159
226500.0,4573421.999385348,314735.4606975527,4573363.581204226,-386.0120988903368,1477.8522876036197,-386.13168482323886,-6.715321805983248,-0.46361797893409573,-6.7152359059102436,18098.075222067706,0.0,0.19182687041996702,1.940615498026607,2100841.585334012,603.42979371159
226600.0,4573383.364598704,314883.24360783026,4573324.934459418,-386.683635460183,1477.805914018193,-386.803212802071,-6.715409618038818,-0.4638537445858433,-6.715323697830624,18098.075222067706,0.0,0.19182687041996702,1.940615498026607,2100841.585334012,603.42979371159
226700.0,4573344.662657963,315031.0218795703,4573286.220561373,-387.35518081936044,1477.7595168516953,-387.47474956822055,-6.715497592569645,-0.46408960046206305,-6.715411652217645,18098.075222067706,0.0,0.19182687041996702,1.940615498026607,2100841.585334012,603.42979371159
226800.0,4573305.893562246,315178.7955104143,4573247.439509211,-388.02673498410485,1477.7130960950726,-388.1462951379222,-6.715585729338215,-0.46432554718578667,-6.71549976883374,18098.075222067706,0.0,0.19182687041996702,1.940615498026607,2100841.585334012,603.42979371159
226900.0,4573267.057310672,315326.5644980027,4573208.591302051,-388.698297970628,1477.6666517392089,-388.81784952738695,-6.715674028104372,-0.4645615853859012,-6.715588047438705,18098.075222067706,0.0,0.19182687041996702,1.940615498026607,2100841.585334012,603.42979371159
227000.0,4573228.1539023565,315474.3288399752,4573169.67593901,-389.36986979511755,1477.620183774925,-389.4894127528015,-6.715762488625306,-0.4647977156972121,-6.715676487789679,18098.075222067706,0.0,0.19182687041996702,1.940615498026607,2100841.585334012,603.42979371159
227100.0,4573189.183336417,315622.0885339704,4573130.693419205,-390.0414504737367,1477.5736921929777,-390.16098483032823,-6.715851110655496,-0.4650339387605029,-6.715765089641087,18098.075222067706,0.0,0.19182687041996702,1.940615498026607,2100841.585334012,603.42979371159
227200.0,4573150.145611966,315769.8435776262,4573091.643741748,-390.713040022624,1477.5271769840595,-390.8325657761048,-6.715939893946719,-0.46527025522260473,-6.715853852744658,18098.075222067706,0.0,0.19182687041996702,1.940615498026607,2100841.585334012,603.42979371159
227300.0,4573111.040728116,315917.5939685794,4573052.526905754,-391.38463845789306,1477.480638138798,-391.50415560624384,-6.716028838247981,-0.4655066657364532,-6.715942776849343,18098.075222067706,0.0,0.19182687041996702,1.940615498026607,2100841.585334012,603.42979371159
227400.0,4573071.868683978,316065.33970446576,4573013.342910331,-392.05624579563215,1477.4340756477552,-392.1757543368329,-6.716117943305508,-0.46574317096115847,-6.7160318617013175,18098.075222067706,0.0,0.19182687041996702,1.940615498026607,2100841.585334012,603.42979371159
227500.0,4573032.62947866,316213.0807829204,4572974.091754589,-392.72786205190414,1477.3874895014267,-392.8473619839338,-6.716207208862709,-0.465979771562068,-6.716121107043935,18098.075222067706,0.0,0.19182687041996702,1.940615498026607,2100841.585334012,603.42979371159
227600.0,4572993.323111271,316360.81720157724,4572934.773437636,-393.39948724274603,1477.3408796902413,-393.5189785635827,-6.716296634660139,-0.46621646821083434,-6.716210512617697,18098.075222067706,0.0,0.19182687041996702,1.940615498026607,2100841.585334012,603.42979371159
227700.0,4572953.949580913,316508.5489580693,4572895.387958578,-394.07112138416875,1477.2942462045603,-394.1906040917896,-6.716386220435464,-0.4664532615854803,-6.716300078160218,18098.075222067706,0.0,0.19182687041996702,1.940615498026607,2100841.585334012,603.42979371159
227800.0,4572914.508886694,316656.2760500287,4572855.935316519,-394.7427644921569,1477.247589034677,-394.8622385845382,-6.71647596592344,-0.46669015237046857,-6.716389803406196,18098.075222067706,0.0,0.19182687041996702,1.940615498026607,2100841.585334012,603.42979371159
227900.0,4572875.001027715,316803.99847508647,4572816.415510561,-395.41441658266825,1477.200908170816,-395.5338820577854,-6.716565870855871,-0.46692714125676954,-6.716479688087381,18098.075222067706,0.0,0.19182687041996702,1.940615498026607,2100841.585334012,603.42979371159
228000.0,4572835.426003078,316951.7162308727,4572776.828539807,-396.0860776716338,1477.1542036031324,-396.20553452746117,-6.716655934961573,-0.4671642289419305,-6.716569731932535,18098.075222067706,0.0,0.19182687041996702,1.940615498026607,2100841.585334012,603.42979371159
228100.0,4572795.783811881,317099.4293150166,4572737.174403355,-396.7577477749572,1477.1074753217108,-396.8771960094682,-6.716746157966352,-0.4674014161301462,-6.716659934667402,18098.075222067706,0.0,0.19182687041996702,1.940615498026607,2100841.585334012,603.42979371159
228200.0,4572756.074453223,317247.13772514625,4572697.453100304,-397.4294269085145,1477.0607233165658,-397.5488665196817,-6.716836539592952,-0.4676387035323296,-6.716750296014674,18098.075222067706,0.0,0.19182687041996702,1.940615498026607,2100841.585334012,603.42979371159
228300.0,4572716.297926198,317394.8414588888,4572657.66462975,-398.10111508815385,1477.01394757764,-398.2205460739489,-6.716927079561027,-0.4678760918661826,-6.716840815693949,18098.075222067706,0.0,0.19182687041996702,1.940615498026607,2100841.585334012,603.42979371159
228400.0,4572676.4542299025,317542.5405138703,4572617.808990788,-398.7728123296953,1476.967148094804,-398.8922346880888,-6.717017777587111,-0.46811358185626994,-6.716931493421701,18098.075222067706,0.0,0.19182687041996702,1.940615498026607,2100841.585334012,603.42979371159
228500.0,4572636.54336343,317690.23488771595,4572577.88618251,-399.4445186489303,1476.9203248578558,-399.563932377892,-6.717108633384579,-0.4683511742340923,-6.717022328911243,18098.075222067706,0.0,0.19182687041996702,1.940615498026607,2100841.585334012,603.42979371159
228600.0,4572596.56532587,317837.92457804974,4572537.89620401,-400.1162340616216,1476.8734778565197,-400.2356391591201,-6.7171996466636035,-0.4685888697381601,-6.717113321872693,18098.075222067706,0.0,0.19182687041996702,1.940615498026607,2100841.585334012,603.42979371159
228700.0,4572556.520116314,317985.60958249477,4572497.839054375,-400.78795858350264,1476.826607080446,-400.9073550475058,-6.7172908171311265,-0.4688266691140687,-6.717204472012932,18098.075222067706,0.0,0.19182687041996702,1.940615498026607,2100841.585334012,603.42979371159
228800.0,4572516.407733849,318133.289898673,4572457.714732695,-401.45969223027754,1476.7797125192094,-401.57908005875214,-6.7173821444908235,-0.46906457311457495,-6.717295779035573,18098.075222067706,0.0,0.19182687041996702,1.940615498026607,2100841.585334012,603.42979371159
228900.0,4572476.228177563,318280.9655242054,4572417.523238058,-402.13143501762056,1476.73279416231,-402.25081420853235,-6.717473628443056,-0.4693025824996727,-6.717387242640919,18098.075222067706,0.0,0.19182687041996702,1.940615498026607,2100841.585334012,603.42979371159
229000.0,4572435.981446541,318428.6364567119,4572377.264569549,-402.8031869611758,1476.685851999171,-402.9225575124896,-6.717565268684826,-0.46954069803667015,-6.717478862525913,18098.075222067706,0.0,0.19182687041996702,1.940615498026607,2100841.585334012,603.42979371159
229100.0,4572395.667539866,318576.30269381136,4572336.93872625,-403.474948076557,1476.6388860191385,-403.5943099862366,-6.717657064909773,-0.4697789205002721,-6.717570638384127,18098.075222067706,0.0,0.19182687041996702,1.940615498026607,2100841.585334012,603.42979371159
229200.0,4572355.286456619,318723.9642331215,4572296.545707245,-404.1467183793469,1476.5918962114806,-404.2660716453552,-6.717749016808096,-0.4700172506726546,-6.717662569905705,18098.075222067706,0.0,0.19182687041996702,1.940615498026607,2100841.585334012,603.42979371159
229300.0,4572314.838195883,318871.62107225903,4572256.085511615,-404.81849788509726,1476.5448825653873,-404.93784250539613,-6.71784112406653,-0.4702556893435478,-6.717754656777312,18098.075222067706,0.0,0.19182687041996702,1.940615498026607,2100841.585334012,603.42979371159
229400.0,4572274.322756735,319019.2732088396,4572215.558138437,-405.4902866093283,1476.4978450699687,-405.6096225818785,-6.717933386368314,-0.47049423731031786,-6.717846898682123,18098.075222067706,0.0,0.19182687041996702,1.940615498026607,2100841.585334012,603.42979371159
229500.0,4572233.740138253,319166.9206404777,4572174.9635867905,-406.1620845675283,1476.450783714255,-406.2814118902897,-6.718025803393128,-0.47073289537804647,-6.717939295299759,18098.075222067706,0.0,0.19182687041996702,1.940615498026607,2100841.585334012,603.42979371159
229600.0,4572193.0903395135,319314.56336478674,4572134.30185575,-406.8338917751535,1476.403698487196,-406.95321044608477,-6.718118374817078,-0.4709716643596179,-6.718031846306257,18098.075222067706,0.0,0.19182687041996702,1.940615498026607,2100841.585334012,603.42979371159
229700.0,4572152.37335959,319462.201379379,4572093.572944392,-407.50570824762747,1476.3565893776588,-407.62501826468633,-6.718211100312629,-0.4712105450757988,-6.718124551374018,18098.075222067706,0.0,0.19182687041996702,1.940615498026607,2100841.585334012,603.42979371159
229800.0,4572111.589197555,319609.8346818658,4572052.776851788,-408.17753400034076,1476.3094563744287,-408.29683536148394,-6.718303979548584,-0.47144953835532744,-6.718217410171778,18098.075222067706,0.0,0.19182687041996702,1.940615498026607,2100841.585334012,603.42979371159
229900.0,4572070.737852479,319757.4632698571,4572011.91357701,-408.8493690486507,1476.2622994662077,-408.96866175183385,-6.718397012190033,-0.4716886450349968,-6.718310422364561,18098.075222067706,0.0,0.19182687041996702,1.940615498026607,2100841.585334012,603.42979371159
230000.0,4572029.8193234345,319905.08714096184,4571970.983119127,-409.521213407881,1476.2151186416136,-409.6404974510587,-6.718490197898299,-0.47192786595974195,-6.718403587613622,18098.075222067706,0.0,0.19182687041996702,1.940615498026607,2100841.585334012,603.42979371159
230100.0,4571988.833609487,320052.7062927878,4571929.985477209,-410.1930670933212,1476.167913889179,-410.312342474447,-6.718583536330916,-0.4721672019827306,-6.718496905576427,18098.075222067706,0.0,0.19182687041996702,1.940615498026607,2100841.585334012,603.42979371159
230200.0,4571947.780709704,320200.32072294166,4571888.920650321,-410.86493012022646,1476.1206851973516,-410.9841968372529,-6.718677027141569,-0.47240665396544923,-6.718590375906591,18098.075222067706,0.0,0.19182687041996702,1.940615498026607,2100841.585334012,603.42979371159
230300.0,4571906.660623151,320347.9304290289,4571847.788637529,-411.5368025038171,1476.0734325544915,-411.6560605546956,-6.718770669980055,-0.47264622277779506,-6.718683998253842,18098.075222067706,0.0,0.19182687041996702,1.940615498026607,2100841.585334012,603.42979371159
230400.0,4571865.47334889,320495.5354086538,4571806.589437897,-412.20868425927824,1476.0261559488724,-412.32793364195913,-6.718864464492235,-0.4728859092981665,-6.718777772263972,18098.075222067706,0.0,0.19182687041996702,1.940615498026607,2100841.585334012,603.42979371159
230500.0,4571824.218885985,320643.1356594195,4571765.323050488,-412.8805754017594,1475.9788553686788,-412.9998161141919,-6.718958410319985,-0.47312571441355455,-6.718871697578785,18098.075222067706,0.0,0.19182687041996702,1.940615498026607,2100841.585334012,603.42979371159
230600.0,4571782.897233496,320790.731178928,4571723.989474361,-413.55247594637405,1475.9315308020066,-413.6717079865063,-6.719052507101157,-0.47336563901963774,-6.718965773836062,18098.075222067706,0.0,0.19182687041996702,1.940615498026607,2100841.585334012,603.42979371159
230700.0,4571741.5083904825,320938.32196478,4571682.588708577,-414.2243859081992,1475.8841822368618,-414.3436092739783,-6.719146754469537,-0.4736056840208763,-6.719060000669517,18098.075222067706,0.0,0.19182687041996702,1.940615498026607,2100841.585334012,603.42979371159
230800.0,4571700.052356001,321085.908014575,4571641.120752192,-414.8963053022752,1475.836809661159,-415.01551999164707,-6.719241152054777,-0.47384585033060583,-6.719154377708727,18098.075222067706,0.0,0.19182687041996702,1.940615498026607,2100841.585334012,603.42979371159
230900.0,4571658.5291291075,321233.48932591145,4571599.5856042635,-415.56823414360497,1475.7894130627212,-415.68744015451443,-6.719335699482367,-0.47408613887113693,-6.71924890457911,18098.075222067706,0.0,0.19182687041996702,1.940615498026607,2100841.585334012,603.42979371159
231000.0,4571616.938708857,321381.0658963864,4571557.983263846,-416.24017244715384,1475.7419924292792,-416.35936977754466,-6.719430396373577,-0.47432655057384937,-6.719343580901861,18098.075222067706,0.0,0.19182687041996702,1.940615498026607,2100841.585334012,603.42979371159
231100.0,4571575.281094302,321528.6377235957,4571516.313729992,-416.9121202278491,1475.6945477484696,-417.0313088756638,-6.719525242345399,-0.47456708637929257,-6.719438406293898,18098.075222067706,0.0,0.19182687041996702,1.940615498026607,2100841.585334012,603.42979371159
231200.0,4571533.556284496,321676.2048051341,4571474.577001754,-417.5840775005794,1475.647079007835,-417.7032574637595,-6.719620237010517,-0.4748077472372864,-6.719533380367829,18098.075222067706,0.0,0.19182687041996702,1.940615498026607,2100841.585334012,603.42979371159
231300.0,4571491.764278485,321823.7671385949,4571432.773078183,-418.25604428019454,1475.5995861948218,-418.37521555668036,-6.719715379977253,-0.4750485341070227,-6.719628502731899,18098.075222067706,0.0,0.19182687041996702,1.940615498026607,2100841.585334012,603.42979371159
231400.0,4571449.905075322,321971.32472157024,4571390.901958326,-418.928020581505,1475.5520692967807,-419.04718316923567,-6.719810670849489,-0.4752894479571635,-6.719723772989911,18098.075222067706,0.0,0.19182687041996702,1.940615498026607,2100841.585334012,603.42979371159
231500.0,4571407.978674051,322118.877551651,4571348.963641231,-419.60000641928127,1475.504528300965,-419.7191603161948,-6.719906109226653,-0.47553048976594997,-6.719819190741217,18098.075222067706,0.0,0.19182687041996702,1.940615498026607,2100841.585334012,603.42979371159
231600.0,4571365.985073719,322266.4256264267,4571306.958125944,-420.27200180825366,1475.4569631945292,-420.39114701228686,-6.720001694703642,-0.4757716605213039,-6.719914755580635,18098.075222067706,0.0,0.19182687041996702,1.940615498026607,2100841.585334012,603.42979371159
231700.0,4571323.924273371,322413.96894348576,4571264.88541151,-420.9440067631117,1475.409373964529,-421.0631432722002,-6.7200974268707725,-0.47601296122093323,-6.720010467098399,18098.075222067706,0.0,0.19182687041996702,1.940615498026607,2100841.585334012,603.42979371159
231800.0,4571281.796272048,322561.5075004151,4571222.745496971,-421.6160212985037,1475.36176059792,-421.735149110582,-6.7201933053137335,-0.4762543928724421,-6.7201063248801205,18098.075222067706,0.0,0.19182687041996702,1.940615498026607,2100841.585334012,603.42979371159
231900.0,4571239.601068791,322709.04129480035,4571180.538381368,-422.28804542903634,1475.3141230815556,-422.4071645420377,-6.720289329613526,-0.47649595649343635,-6.72020232850672,18098.075222067706,0.0,0.19182687041996702,1.940615498026607,2100841.585334012,603.42979371159
232000.0,4571197.338662641,322856.57032422593,4571138.264063742,-422.9600791692742,1475.266461402188,-423.0791895811307,-6.720385499346419,-0.47673765311163524,-6.7202984775543815,18098.075222067706,0.0,0.19182687041996702,1.940615498026607,2100841.585334012,603.42979371159
232100.0,4571155.009052636,323004.0945862749,4571095.922543131,-423.63212253373916,1475.2187755464656,-423.7512242423817,-6.7204818140838665,-0.47697948376498,-6.720394771594477,18098.075222067706,0.0,0.19182687041996702,1.940615498026607,2100841.585334012,603.42979371159
232200.0,4571112.612237813,323151.6140785289,4571053.513818572,-424.30417553691007,1475.1710655009324,-424.4232685402682,-6.720578273392484,-0.4772214495017492,-6.720491210193541,18098.075222067706,0.0,0.19182687041996702,1.940615498026607,2100841.585334012,603.42979371159
232300.0,4571070.148217207,323299.1287985683,4571011.037889102,-424.9762381932221,1475.1233312520271,-425.0953224892244,-6.720674876833975,-0.47746355138067015,-6.720587792913189,18098.075222067706,0.0,0.19182687041996702,1.940615498026607,2100841.585334012,603.42979371159
232400.0,4571027.616989852,323446.63874397206,4570968.494753753,-425.64831051706653,1475.0755727860824,-425.7673861036401,-6.7207716239650725,-0.4777057904710345,-6.720684519310071,18098.075222067706,0.0,0.19182687041996702,1.940615498026607,2100841.585334012,603.42979371159
232500.0,4570985.018554781,323594.1439123178,4570925.8844115585,-426.32039252278986,1475.0277900893232,-426.4394593978607,-6.720868514337479,-0.4779481678528139,-6.7207813889358,18098.075222067706,0.0,0.19182687041996702,1.940615498026607,2100841.585334012,603.42979371159
232600.0,4570942.352911024,323741.6443011818,4570883.20686155,-426.9924842246936,1474.9799831478658,-427.11154238618644,-6.720965547497816,-0.47819068461677905,-6.720878401336914,18098.075222067706,0.0,0.19182687041996702,1.940615498026607,2100841.585334012,603.42979371159
232700.0,4570899.620057613,323889.1399081388,4570840.462102758,-427.6645856370337,1474.932151947717,-427.78363508287197,-6.721062722987556,-0.4784333418646168,-6.720975556054794,18098.075222067706,0.0,0.19182687041996702,1.940615498026607,2100841.585334012,603.42979371159
232800.0,4570856.819993573,324036.63073076226,4570797.65013421,-428.33669677401997,1474.884296474773,-428.4557375021258,-6.7211600403429665,-0.4786761407090528,-6.721072852625623,18098.075222067706,0.0,0.19182687041996702,1.940615498026607,2100841.585334012,603.42979371159
232900.0,4570813.952717933,324184.1167666242,4570754.770954933,-429.0088176498155,1474.836416714818,-429.1278496581099,-6.721257499095041,-0.47891908227397034,-6.721170290580305,18098.075222067706,0.0,0.19182687041996702,1.940615498026607,2100841.585334012,603.42979371159
233000.0,4570771.018229717,324331.5980132952,4570711.824563953,-429.6809482785364,1474.788512653523,-429.79997156493886,-6.721355098769448,-0.47916216769453646,-6.721267869444412,18098.075222067706,0.0,0.19182687041996702,1.940615498026607,2100841.585334012,603.42979371159
233100.0,4570728.016527951,324479.0744683444,4570668.810960295,-430.35308867425084,1474.7405842764456,-430.47210323667974,-6.721452838886455,-0.47940539811732485,-6.721365588738124,18098.075222067706,0.0,0.19182687041996702,1.940615498026607,2100841.585334012,603.42979371159
233200.0,4570684.947611656,324626.5461293395,4570625.73014298,-431.02523885097895,1474.6926315690275,-431.1442446873513,-6.721550718960882,-0.47964877470044387,-6.721463447976169,18098.075222067706,0.0,0.19182687041996702,1.940615498026607,2100841.585334012,603.42979371159
233300.0,4570641.811479854,324774.0129938467,4570582.582111031,-431.6973988226919,1474.6446545165945,-431.8163959309235,-6.721648738502009,-0.4798922986136604,-6.7215614466677325,18098.075222067706,0.0,0.19182687041996702,1.940615498026607,2100841.585334012,603.42979371159
233400.0,4570598.608131565,324921.4750594308,4570539.366863467,-432.3695686033117,1474.5966531043546,-432.4885569813168,-6.721746897013546,-0.48013597103853456,-6.721659584316429,18098.075222067706,0.0,0.19182687041996702,1.940615498026607,2100841.585334012,603.42979371159
233500.0,4570555.337565807,325068.9323236551,4570496.084399307,-433.0417482067102,1474.5486273173967,-433.1607278524019,-6.7218451939935315,-0.4803797931685448,-6.721757860420206,18098.075222067706,0.0,0.19182687041996702,1.940615498026607,2100841.585334012,603.42979371159
233600.0,4570511.9997815965,325216.3847840813,4570452.734717568,-433.7139376467091,1474.5005771406904,-433.8329085579991,-6.721943628934302,-0.48062376620922537,-6.7218562744713,18098.075222067706,0.0,0.19182687041996702,1.940615498026607,2100841.585334012,603.42979371159
233700.0,4570468.594777949,325363.83243826975,4570409.317817267,-434.3861369370787,1474.452502559084,-434.5050991118773,-6.72204220132238,-0.4808678913782943,-6.721954825956137,18098.075222067706,0.0,0.19182687041996702,1.940615498026607,2100841.585334012,603.42979371159
233800.0,4570425.12255388,325511.27528377913,4570365.833697418,-435.0583460915378,1474.4044035573029,-435.1772995277541,-6.722140910638442,-0.4811121699057932,-6.722053514355297,18098.075222067706,0.0,0.19182687041996702,1.940615498026607,2100841.585334012,603.42979371159
233900.0,4570381.583108402,325658.7133181667,4570322.282357032,-435.73056512375314,1474.3562801199494,-435.84950981929467,-6.722239756357244,-0.4813566030342244,-6.722152339143432,18098.075222067706,0.0,0.19182687041996702,1.940615498026607,2100841.585334012,603.42979371159
234000.0,4570337.976440526,325806.14653898805,4570278.663795124,-436.4027940473383,1474.3081322315008,-436.5217300001114,-6.722338737947529,-0.4816011920186865,-6.722251299789192,18098.075222067706,0.0,0.19182687041996702,1.940615498026607,2100841.585334012,603.42979371159
234100.0,4570294.302549262,325953.5749437974,4570234.978010702,-437.07503287585376,1474.2599598763084,-437.1939600837632,-6.722437854871969,-0.4818459381270154,-6.722350395755145,18098.075222067706,0.0,0.19182687041996702,1.940615498026607,2100841.585334012,603.42979371159
234200.0,4570250.56143362,326100.9985301472,4570191.225002776,-437.74728162280576,1474.2117630385953,-437.866200083755,-6.722537106587104,-0.48209084263992785,-6.722449626497726,18098.075222067706,0.0,0.19182687041996702,1.940615498026607,2100841.585334012,603.42979371159
234300.0,4570206.753092607,326248.4172955885,4570147.404770354,-438.4195403016459,1474.163541702457,-438.538450013537,-6.722636492543246,-0.4823359068511639,-6.722548991467146,18098.075222067706,0.0,0.19182687041996702,1.940615498026607,2100841.585334012,603.42979371159
234400.0,4570162.877525228,326395.83123767056,4570103.517312442,-439.0918089257706,1474.1152958518583,-439.2107098865041,-6.722736012184428,-0.4825811320676332,-6.7226484901073364,18098.075222067706,0.0,0.19182687041996702,1.940615498026607,2100841.585334012,603.42979371159
234500.0,4570118.93473049,326543.24035394116,4570059.562628045,-439.7640875085202,1474.0670254706326,-439.88297971599536,-6.7228356649483105,-0.4828265196095594,-6.722748121855848,18098.075222067706,0.0,0.19182687041996702,1.940615498026607,2100841.585334012,603.42979371159
234600.0,4570074.924707394,326690.6446419464,4570015.540716167,-440.4363760631787,1474.018730542481,-440.55525951529324,-6.72293545026611,-0.48307207081063164,-6.722847886143793,18098.075222067706,0.0,0.19182687041996702,1.940615498026607,2100841.585334012,603.42979371159
234700.0,4570030.847454944,326838.04409923084,4569971.451575809,-441.10867460297277,1473.9704110509704,-441.22754929762294,-6.723035367562531,-0.48331778701815387,-6.722947782395768,18098.075222067706,0.0,0.19182687041996702,1.940615498026607,2100841.585334012,603.42979371159
234800.0,4569986.70297214,326985.43872333725,4569927.295205974,-441.78098314107115,1473.9220669795318,-441.89984907615184,-6.7231354162556745,-0.48356366959319663,-6.723047810029768,18098.075222067706,0.0,0.19182687041996702,1.940615498026607,2100841.585334012,603.42979371159
234900.0,4569942.491257982,327132.82851180685,4569883.07160566,-442.45330169058417,1473.8736983114602,-442.5721588639887,-6.723235595756976,-0.48380971991075344,-6.723147968457114,18098.075222067706,0.0,0.19182687041996702,1.940615498026607,2100841.585334012,603.42979371159
235000.0,4569898.212311468,327280.2134621791,4569838.780773867,-443.125630264563,1473.825305029912,-443.2444786741832,-6.723335905471099,-0.48405593935989266,-6.723248257082362,18098.075222067706,0.0,0.19182687041996702,1.940615498026607,2100841.585334012,603.42979371159
235100.0,4569853.866131594,327427.59357199183,4569794.422709591,-443.7979688759988,1473.7768871179037,-443.91680851972507,-6.723436344795889,-0.4843023293439205,-6.723348675303246,18098.075222067706,0.0,0.19182687041996702,1.940615498026607,2100841.585334012,603.42979371159
235200.0,4569809.452717357,327574.9688387811,4569749.997411828,-444.4703175378222,1473.7284445583114,-444.5891484135434,-6.72353691312226,-0.4845488912805352,-6.723449222510563,18098.075222067706,0.0,0.19182687041996702,1.940615498026607,2100841.585334012,603.42979371159
235300.0,4569764.972067751,327722.33926008135,4569705.504879572,-445.14267626290274,1473.679977333868,-445.2614983685062,-6.72363760983413,-0.48479562660199377,-6.723549898088125,18098.075222067706,0.0,0.19182687041996702,1.940615498026607,2100841.585334012,603.42979371159
235400.0,4569720.424181769,327869.7048334252,4569660.945111818,-445.8150450640478,1473.6314854271632,-445.93385839741927,-6.72373843430833,-0.48504253675527104,-6.723650701412637,18098.075222067706,0.0,0.19182687041996702,1.940615498026607,2100841.585334012,603.42979371159
235500.0,4569675.809058402,328017.06555634347,4569616.318107557,-446.48742395400217,1473.5829688206406,-446.60622851302594,-6.723839385914519,-0.48528962320222885,-6.72375163185365,18098.075222067706,0.0,0.19182687041996702,1.940615498026607,2100841.585334012,603.42979371159
235600.0,4569631.126696641,328164.4214263654,4569571.623865779,-447.1598129454472,1473.5344274965971,-447.27860872800596,-6.723940464015107,-0.48553688741978124,-6.723852688773454,18098.075222067706,0.0,0.19182687041996702,1.940615498026607,2100841.585334012,603.42979371159
235700.0,4569586.377095475,328311.77244101826,4569526.862385474,-447.83221205100017,1473.4858614371813,-447.95099905497506,-6.7240416679651425,-0.4857843309000632,-6.7239538715269775,18098.075222067706,0.0,0.19182687041996702,1.940615498026607,2100841.585334012,603.42979371159
235800.0,4569541.560253893,328459.1185978277,4569482.03366563,-448.50462128321345,1473.4372706243914,-448.6233995064841,-6.724142997112259,-0.4860319551506052,-6.72405517946173,18098.075222067706,0.0,0.19182687041996702,1.940615498026607,2100841.585334012,603.42979371159
235900.0,4569496.676170881,328606.4598943174,4569437.137705235,-449.17704065457383,1473.3886550400746,-449.29581009501817,-6.724244450796559,-0.48627976169450426,-6.724156611917699,18098.075222067706,0.0,0.19182687041996702,1.940615498026607,2100841.585334012,603.42979371159
236000.0,4569451.724845424,328753.79632800934,4569392.174503273,-449.84947017750176,1473.3400146659246,-449.9682308329961,-6.724346028350537,-0.4865277520706009,-6.724258168227256,18098.075222067706,0.0,0.19182687041996702,1.940615498026607,2100841.585334012,603.42979371159
236100.0,4569406.706276507,328901.1278964236,4569347.1440587295,-450.52190986435045,1473.2913494834809,-450.64066173276956,-6.724447729098981,-0.48677592783365553,-6.72435984771506,18098.075222067706,0.0,0.19182687041996702,1.940615498026607,2100841.585334012,603.42979371159
236200.0,4569361.620463112,329048.4545970785,4569302.046370587,-451.1943597274053,1473.242659474126,-451.3131028066223,-6.724549552358877,-0.4870242905545288,-6.724461649697977,18098.075222067706,0.0,0.19182687041996702,1.940615498026607,2100841.585334012,603.42979371159
236300.0,4569316.467404222,329195.7764274903,4569256.881437829,-451.8668197788829,1473.1939446190852,-451.9855540667693,-6.72465149743933,-0.4872728418203648,-6.724563573484982,18098.075222067706,0.0,0.19182687041996702,1.940615498026607,2100841.585334012,603.42979371159
236400.0,4569271.247098817,329343.0933851735,4569211.649259434,-452.53929003093054,1473.1452048994238,-452.6580155253561,-6.724753563641447,-0.48752158323477285,-6.724665618377056,18098.075222067706,0.0,0.19182687041996702,1.940615498026607,2100841.585334012,603.42979371159
236500.0,4569225.959545875,329490.40546764067,4569166.349834383,-453.21177049562505,1473.096440296046,-453.330487194458,-6.724855750258256,-0.4877705164180162,-6.724767783667098,18098.075222067706,0.0,0.19182687041996702,1.940615498026607,2100841.585334012,603.42979371159
236600.0,4569180.604744377,329637.71267240256,4569120.983161654,-453.8842611849722,1473.0476507896933,-454.00296908607896,-6.724958056574609,-0.4880196430072005,-6.72487006863983,18098.075222067706,0.0,0.19182687041996702,1.940615498026607,2100841.585334012,603.42979371159
236700.0,4569135.182693297,329785.01499696786,4569075.549240225,-454.5567621109059,1472.9988363609425,-454.6754612121513,-6.725060481867071,-0.48826896465646286,-6.7249724725716815,18098.075222067706,0.0,0.19182687041996702,1.940615498026607,2100841.585334012,603.42979371159
236800.0,4569089.693391613,329932.31243884336,4569030.048069071,-455.22927328528715,1472.9499969902042,-455.3479635845342,-6.725163025403823,-0.48851848303716605,-6.725074994730708,18098.075222067706,0.0,0.19182687041996702,1.940615498026607,2100841.585334012,603.42979371159
236900.0,4569044.136838298,330079.6049955339,4568984.479647167,-455.9017947199035,1472.901132657721,-456.0204762150136,-6.725265686444579,-0.48876819983809555,-6.72517763437648,18098.075222067706,0.0,0.19182687041996702,1.940615498026607,2100841.585334012,603.42979371159
237000.0,4568998.5130323265,330226.8926645422,4568938.843973486,-456.5743264264679,1472.8522433435658,-456.6929991153008,-6.725368464240458,-0.4890181167656561,-6.725280390759986,18098.075222067706,0.0,0.19182687041996702,1.940615498026607,2100841.585334012,603.42979371159
237100.0,4568952.82197267,330374.1754433692,4568893.141047001,-457.24686841661816,1472.8033290276396,-457.3655322970316,-6.72547135803389,-0.48926823554407095,-6.7253832631235175,18098.075222067706,0.0,0.19182687041996702,1.940615498026607,2100841.585334012,603.42979371159
237200.0,4568907.0636583,330521.45332951366,4568847.370866683,-457.9194207019157,1472.7543896896705,-458.03807577176593,-6.725574367058507,-0.4895185579155854,-6.725486250700568,18098.075222067706,0.0,0.19182687041996702,1.940615498026607,2100841.585334012,603.42979371159
237300.0,4568861.238088186,330668.7263204724,4568801.533431503,-458.59198329384503,1472.7054253092113,-458.71062955098637,-6.725677490539056,-0.4897690856406749,-6.725589352715742,18098.075222067706,0.0,0.19182687041996702,1.940615498026607,2100841.585334012,603.42979371159
237400.0,4568815.345261297,330815.99441374006,4568755.628740429,-459.26455620381256,1472.6564358656378,-459.38319364609754,-6.725780727691257,-0.49001982049824777,-6.725692568384622,18098.075222067706,0.0,0.19182687041996702,1.940615498026607,2100841.585334012,603.42979371159
237500.0,4568769.385176601,330963.2576068094,4568709.656792429,-459.9371394431459,1472.6074213381473,-460.05576806842527,-6.725884077721717,-0.4902707642858572,-6.7257958969136675,18098.075222067706,0.0,0.19182687041996702,1.940615498026607,2100841.585334012,603.42979371159
237600.0,4568723.357833064,331110.5158971709,4568663.61758647,-460.60973302309276,1472.558381705756,-460.7283528292155,-6.725987539827822,-0.49052191881991736,-6.725899337500121,18098.075222067706,0.0,0.19182687041996702,1.940615498026607,2100841.585334012,603.42979371159
237700.0,4568677.263229651,331257.769282313,4568617.511121518,-461.28233695482027,1472.5093169472973,-461.40094793963345,-6.7260911131976,-0.49077328593591296,-6.72600288933187,18098.075222067706,0.0,0.19182687041996702,1.940615498026607,2100841.585334012,603.42979371159
237800.0,4568631.101365328,331405.0177597221,4568571.337396537,-461.95495124941374,1472.460227041421,-462.07355341076266,-6.726194797009637,-0.49102486748862073,-6.7261065515873435,18098.075222067706,0.0,0.19182687041996702,1.940615498026607,2100841.585334012,603.42979371159
237900.0,4568584.872239056,331552.2613268823,4568525.096410491,-462.6275759178759,1472.4111119665893,-462.746169253604,-6.726298590432946,-0.4912766653523306,-6.726210323435411,18098.075222067706,0.0,0.19182687041996702,1.940615498026607,2100841.585334012,603.42979371159
238000.0,4568538.5758497985,331699.4999812757,4568478.78816234,-463.300210971126,1472.361971701077,-463.41879547907484,-6.72640249262684,-0.4915286814210656,-6.7263142040352335,18098.075222067706,0.0,0.19182687041996702,1.940615498026607,2100841.585334012,603.42979371159
238100.0,4568492.212196516,331846.7337203821,4568432.412651048,-463.9728564199986,1472.3128062229678,-464.09143209800783,-6.7265065027408415,-0.4917809176088108,-6.72641819253618,18098.075222067706,0.0,0.19182687041996702,1.940615498026607,2100841.585334012,603.42979371159
238200.0,4568445.781278168,331993.96254167915,4568385.969875574,-464.6455122752428,1472.2636155101534,-464.76407912115013,-6.726610619914541,-0.4920333758497412,-6.726522288077691,18098.075222067706,0.0,0.19182687041996702,1.940615498026607,2100841.585334012,603.42979371159
238300.0,4568399.283093713,332141.18644264224,4568339.4598348765,-465.31817854752114,1472.214399540331,-465.4367365591624,-6.726714843277478,-0.4922860580984515,-6.726626489789144,18098.075222067706,0.0,0.19182687041996702,1.940615498026607,2100841.585334012,603.42979371159
238400.0,4568352.717642111,332288.40542074456,4568292.882527914,-465.9908552474086,1472.165158291001,-466.1094044226176,-6.726819171949032,-0.49253896633019345,-6.726730796789766,18098.075222067706,0.0,0.19182687041996702,1.940615498026607,2100841.585334012,603.42979371159
238500.0,4568306.0849223165,332435.61947345705,4568246.237953643,-466.66354238539157,1472.1158917394657,-466.78208272200027,-6.726923605038277,-0.4927921025411097,-6.726835208188469,18098.075222067706,0.0,0.19182687041996702,1.940615498026607,2100841.585334012,603.42979371159
238600.0,4568259.384933285,332582.8285982483,4568199.526111021,-467.3362399718668,1472.0665998628263,-467.4547714677052,-6.72702814164387,-0.4930454687484762,-6.7269397230837535,18098.075222067706,0.0,0.19182687041996702,1.940615498026607,2100841.585334012,603.42979371159
238700.0,4568212.617673974,332730.0327925847,4568152.746999001,-468.0089480171405,1472.0172826379815,-468.12747067003653,-6.727132780853926,-0.49329906699094445,-6.7270443405635705,18098.075222067706,0.0,0.19182687041996702,1.940615498026607,2100841.585334012,603.42979371159
238800.0,4568165.783143333,332877.2320539302,4568105.900616538,-468.68166653142697,1471.9679400416248,-468.80018033920663,-6.727237521745882,-0.4935528993287877,-6.72714905970519,18098.075222067706,0.0,0.19182687041996702,1.940615498026607,2100841.585334012,603.42979371159
238900.0,4568118.881340317,333024.42637974647,4568058.986962584,-469.3543955248479,1471.918572050243,-469.4729004853352,-6.727342363386358,-0.4938069678441481,-6.72725387957507,18098.075222067706,0.0,0.19182687041996702,1.940615498026607,2100841.585334012,603.42979371159
239000.0,4568071.912263879,333171.6157674929,4568012.006036091,-470.02713500743107,1471.8691786401132,-470.1456311184478,-6.727447304831047,-0.4940612746412924,-6.727358799228735,18098.075222067706,0.0,0.19182687041996702,1.940615498026607,2100841.585334012,603.42979371159
239100.0,4568024.875912966,333318.8002146264,4567964.95783601,-470.69988498910914,1471.819759787301,-470.8183722484752,-6.727552345124549,-0.49431582184686046,-6.727463817710613,18098.075222067706,0.0,0.19182687041996702,1.940615498026607,2100841.585334012,603.42979371159
239200.0,4567977.772286531,333465.9797186015,4567917.84236129,-471.37264547971876,1471.7703154676585,-471.49112388525197,-6.727657483300274,-0.4945706116101328,-6.727568934053949,18098.075222067706,0.0,0.19182687041996702,1.940615498026607,2100841.585334012,603.42979371159
239300.0,4567930.60138352,333613.15427687025,4567870.6596108815,-472.04541648899936,1471.7208456568214,-472.16388603851544,-6.727762718380269,-0.49482564610328283,-6.727674147280612,18098.075222067706,0.0,0.19182687041996702,1.940615498026607,2100841.585334012,603.42979371159
239400.0,4567883.363202882,333760.32388688234,4567823.409583732,-472.718198026592,1471.6713503302071,-472.8366587179046,-6.727868049375091,-0.49508092752164534,-6.727779456400985,18098.075222067706,0.0,0.19182687041996702,1.940615498026607,2100841.585334012,603.42979371159
239500.0,4567836.057743563,333907.48854608496,4567776.092278787,-473.3909901020382,1471.6218294630123,-473.50944193295874,-6.7279734752836795,-0.49533645808398663,-6.727884860413833,18098.075222067706,0.0,0.19182687041996702,1.940615498026607,2100841.585334012,603.42979371159
239600.0,4567788.68500451,334054.6482519228,4567728.707694993,-474.06379272477875,1471.5722830302109,-474.18223569311664,-6.728078995093194,-0.49559224003277114,-6.727990358306135,18098.075222067706,0.0,0.19182687041996702,1.940615498026607,2100841.585334012,603.42979371159
239700.0,4567741.244984667,334201.803001838,4567681.255831297,-474.73660590415267,1471.5227110065507,-474.8550400077151,-6.72818460777887,-0.4958482756344365,-6.728095949052946,18098.075222067706,0.0,0.19182687041996702,1.940615498026607,2100841.585334012,603.42979371159
239800.0,4567693.737682978,334348.95279327023,4567633.7366866395,-475.4094296493958,1471.4731133665525,-475.52785488598784,-6.728290312303893,-0.49610456717967627,-6.728201631617272,18098.075222067706,0.0,0.19182687041996702,1.940615498026607,2100841.585334012,603.42979371159
239900.0,4567646.163098385,334496.09762365656,4567586.150259966,-476.08226396963977,1471.4234900845063,-476.20068033706417,-6.72839610761922,-0.49636111698371377,-6.728307404949885,18098.075222067706,0.0,0.19182687041996702,1.940615498026607,2100841.585334012,603.42979371159
240000.0,4567598.521229831,334643.2374904315,4567538.496550219,-476.7551088739106,1471.3738411344693,-476.873516369968,-6.728501992663448,-0.49661792738659005,-6.728413267989193,18098.075222067706,0.0,0.19182687041996702,1.940615498026607,2100841.585334012,603.42979371159
240100.0,4567550.812076257,334790.372391027,4567490.775556339,-477.42796437112764,1471.3241664902637,-477.5463629936164,-6.728607966362667,-0.49687500075345553,-6.7285192196611,18098.075222067706,0.0,0.19182687041996702,1.940615498026607,2100841.585334012,603.42979371159
240200.0,4567503.035636603,334937.5023228722,4567442.987277267,-478.1008304701021,1471.2744661254735,-478.2192202168184,-6.7287140276302715,-0.49713233947485314,-6.72862525887881,18098.075222067706,0.0,0.19182687041996702,1.940615498026607,2100841.585334012,603.42979371159
240300.0,4567455.191909809,335084.6272833939,4567395.131711942,-478.773707179536,1471.224740013443,-478.89208804827376,-6.728820175366853,-0.4973899459670237,-6.7287313845427255,18098.075222067706,0.0,0.19182687041996702,1.940615498026607,2100841.585334012,603.42979371159
240400.0,4567407.280894813,335231.7472700158,4567347.208859303,-479.4465945080207,1471.1749881272729,-479.56496649657146,-6.728926408460002,-0.4976478226721964,-6.728837595540234,18098.075222067706,0.0,0.19182687041996702,1.940615498026607,2100841.585334012,603.42979371159
240500.0,4567359.302590553,335378.8622801593,4567299.2187182885,-480.1194924640357,1471.125210439819,-480.23785557018874,-6.729032725784159,-0.49790597205889525,-6.7289438907455885,18098.075222067706,0.0,0.19182687041996702,1.940615498026607,2100841.585334012,603.42979371159
240600.0,4567311.256995966,335525.97231124283,4567251.161287835,-480.79240105594727,1471.0754069236887,-480.91075527748956,-6.729139126200454,-0.4981643966222444,-6.729050269019718,18098.075222067706,0.0,0.19182687041996702,1.940615498026607,2100841.585334012,603.42979371159
240700.0,4567263.144109987,335673.0773606822,4567203.036566879,-481.4653202920071,1471.025577551238,-481.58366562672325,-6.729245608556553,-0.49842309888428143,-6.729156729210087,18098.075222067706,0.0,0.19182687041996702,1.940615498026607,2100841.585334012,603.42979371159
240800.0,4567214.963931552,335820.1774258903,4567154.844554354,-482.13825018035106,1470.9757222945702,-482.25658662602325,-6.729352171686467,-0.4986820813942651,-6.729263270150502,18098.075222067706,0.0,0.19182687041996702,1.940615498026607,2100841.585334012,603.42979371159
240900.0,4567166.716459596,335967.27250427735,4567106.585249198,-482.8111907289976,1470.9258411255319,-482.9295182834057,-6.729458814410397,-0.49894134672899737,-6.729369890660961,18098.075222067706,0.0,0.19182687041996702,1.940615498026607,2100841.585334012,603.42979371159
241000.0,4567118.401693051,336114.3625932507,4567058.258650342,-483.4841419458465,1470.8759340157103,-483.602460606768,-6.729565535534552,-0.49920089749314406,-6.729476589547465,18098.075222067706,0.0,0.19182687041996702,1.940615498026607,2100841.585334012,603.42979371159
241100.0,4567070.01963085,336261.44769021485,4567009.86475672,-484.1571038386776,1470.8260009364312,-484.27541360388744,-6.729672333850999,-0.499460736319563,-6.729583365601877,18098.075222067706,0.0,0.19182687041996702,1.940615498026607,2100841.585334012,603.42979371159
241200.0,4567021.570271927,336408.5277925714,4566961.403567265,-484.83007641514905,1470.7760418587557,-484.94837728241987,-6.7297792081374554,-0.4997208658696266,-6.729690217601695,18098.075222067706,0.0,0.19182687041996702,1.940615498026607,2100841.585334012,603.42979371159
241300.0,4566973.0536152115,336555.602897719,4566912.875080908,-485.5030596827962,1470.726056753477,-485.6213516498981,-6.729886157157137,-0.4999812888335652,-6.729797144309923,18098.075222067706,0.0,0.19182687041996702,1.940615498026607,2100841.585334012,603.42979371159
241400.0,4566924.469659634,336702.6730030535,4566864.279296579,-486.1760536490299,1470.676045591118,-486.29433671373044,-6.7299931796585595,-0.5002420079307989,-6.729904144474866,18098.075222067706,0.0,0.19182687041996702,1.940615498026607,2100841.585334012,603.42979371159
241500.0,4566875.818404125,336849.7381059677,4566815.616213208,-486.8490583211351,1470.6260083419281,-486.96733248119943,-6.730100274375365,-0.5005030259102794,-6.73001121682994,18098.075222067706,0.0,0.19182687041996702,1.940615498026607,2100841.585334012,603.42979371159
241600.0,4566827.099847613,336996.79820385133,4566766.885829725,-487.52207370626945,1470.5759449758805,-487.6403389594601,-6.73020744002614,-0.5007643455508414,-6.730118360093514,18098.075222067706,0.0,0.19182687041996702,1.940615498026607,2100841.585334012,603.42979371159
241700.0,4566778.3139890265,337143.8532940913,4566718.088145059,-488.1950998114616,1470.525855462669,-488.31335615553854,-6.730314675314205,-0.5010259696615466,-6.730225572968685,18098.075222067706,0.0,0.19182687041996702,1.940615498026607,2100841.585334012,603.42979371159
241800.0,4566729.460827293,337290.9033740713,4566669.223158136,-488.86813664360983,1470.4757397717046,-488.98638407633047,-6.73042197892746,-0.5012879010820451,-6.730332854143127,18098.075222067706,0.0,0.19182687041996702,1.940615498026607,2100841.585334012,603.42979371159
241900.0,4566680.54036134,337437.948441172,4566620.290867886,-489.5411842094804,1470.4255978721133,-489.65942272859957,-6.730529349538153,-0.5015501426829295,-6.73044020228886,18098.075222067706,0.0,0.19182687041996702,1.940615498026607,2100841.585334012,603.42979371159
242000.0,4566631.552590094,337584.98849277105,4566571.291273233,-490.21424251570596,1470.375429732732,-490.3324721189759,-6.730636785802723,-0.5018126973661041,-6.730547616062094,18098.075222067706,0.0,0.19182687041996702,1.940615498026607,2100841.585334012,603.42979371159
242100.0,4566582.497512479,337732.0235262429,4566522.224373103,-490.88731156878407,1470.3252353221062,-491.0055322539543,-6.730744286361572,-0.5020755680651493,-6.730655094102994,18098.075222067706,0.0,0.19182687041996702,1.940615498026607,2100841.585334012,603.42979371159
242200.0,4566533.375127422,337879.0535389587,4566473.0901664235,-491.56039137507554,1470.2750146084863,-491.6786031398929,-6.730851849838869,-0.5023387577456937,-6.730762635035497,18098.075222067706,0.0,0.19182687041996702,1.940615498026607,2100841.585334012,603.42979371159
242300.0,4566484.185433846,338026.0785282867,4566423.888652117,-492.23348194080273,1470.2247675598246,-492.3516847830114,-6.730959474842373,-0.5026022694057992,-6.73087023746712,18098.075222067706,0.0,0.19182687041996702,1.940615498026607,2100841.585334012,603.42979371159
242400.0,4566434.928430675,338173.09849159175,4566374.619829108,-492.90658327204795,1470.1744941437717,-493.0247771893894,-6.731067159963191,-0.5028661060763352,-6.730977899988734,18098.075222067706,0.0,0.19182687041996702,1.940615498026607,2100841.585334012,603.42979371159
242500.0,4566385.604116832,338320.11342623545,4566325.28369632,-493.5796953747518,1470.1241943276736,-493.69788036496465,-6.731174903775592,-0.5031302708213694,-6.73108562117436,18098.075222067706,0.0,0.19182687041996702,1.940615498026607,2100841.585334012,603.42979371159
242600.0,4566336.21249124,338467.12332957616,4566275.880252676,-494.25281825471137,1470.0738680785685,-494.3709943155316,-6.731282704836784,-0.503394766738559,-6.731193399580964,18098.075222067706,0.0,0.19182687041996702,1.940615498026607,2100841.585334012,603.42979371159
242700.0,4566286.753552821,338614.12819896895,4566226.409497098,-494.92595191757874,1470.0235153631825,-495.0441190467395,-6.731390561686723,-0.5036595969595519,-6.7313012337482485,18098.075222067706,0.0,0.19182687041996702,1.940615498026607,2100841.585334012,603.42979371159
242800.0,4566237.227300497,338761.12803176546,4566176.871428507,-495.5990963688591,1469.9731361479276,-495.7172545640907,-6.731498472847854,-0.503924764650379,-6.731409122198411,18098.075222067706,0.0,0.19182687041996702,1.940615498026607,2100841.585334012,603.42979371159
242900.0,4566187.633733188,338908.12282531406,4566127.266045826,-496.27225161390885,1469.9227303988969,-496.3904008729388,-6.731606436824935,-0.5041902730118721,-6.731517063435951,18098.075222067706,0.0,0.19182687041996702,1.940615498026607,2100841.585334012,603.42979371159
243000.0,4566137.972849814,339055.11257695965,4566077.593347973,-496.9454176579342,1469.8722980818618,-497.06355797848704,-6.7317144521047885,-0.5044561252800696,-6.731625055947439,18098.075222067706,0.0,0.19182687041996702,1.940615498026607,2100841.585334012,603.42979371159
243100.0,4566088.244649296,339202.0972840437,4566027.85333387,-497.6185945059889,1469.8218391622684,-497.73672588578637,-6.731822517156081,-0.5047223247266333,-6.731733098201277,18098.075222067706,0.0,0.19182687041996702,1.940615498026607,2100841.585334012,603.42979371159
243200.0,4566038.449130552,339349.07694390416,4565978.0460024355,-498.2917821629728,1469.7713536052336,-498.4099045997337,-6.7319306304291,-0.5049888746592752,-6.7318411886474925,18098.075222067706,0.0,0.19182687041996702,1.940615498026607,2100841.585334012,603.42979371159
243300.0,4565988.5862925025,339496.0515538756,4565928.1713525895,-498.96498063362986,1469.720841375542,-499.08309412507,-6.732038790355519,-0.5052557784221812,-6.7319493257174905,18098.075222067706,0.0,0.19182687041996702,1.940615498026607,2100841.585334012,603.42979371159
243400.0,4565938.656134065,339643.021111289,4565878.22938325,-499.63818992254613,1469.670302437642,-499.7562944663784,-6.732146995348163,-0.5055230393964476,-6.732057507823829,18098.075222067706,0.0,0.19182687041996702,1.940615498026607,2100841.585334012,603.42979371159
243500.0,4565888.658654158,339789.98561347165,4565828.220093335,-500.31141003414814,1469.6197367556417,-500.42950562808244,-6.732255243800762,-0.5057906610005141,-6.732165733359965,18098.075222067706,0.0,0.19182687041996702,1.940615498026607,2100841.585334012,603.42979371159
243600.0,4565838.593851698,339936.9450577474,4565778.143481763,-500.9846409727008,1469.5691442933057,-501.1027276144439,-6.732363534087736,-0.506058646690618,-6.732274000700049,18098.075222067706,0.0,0.19182687041996702,1.940615498026607,2100841.585334012,603.42979371159
243700.0,4565788.461725602,340083.8994414364,4565727.999547451,-501.6578827423054,1469.518525014051,-501.77596042956105,-6.732471864563917,-0.5063269999612308,-6.732382308198629,18098.075222067706,0.0,0.19182687041996702,1.940615498026607,2100841.585334012,603.42979371159
243800.0,4565738.262274788,340230.8487618551,4565677.788289316,-502.3311353468978,1469.467878880943,-502.44920407736674,-6.732580233564324,-0.5065957243455245,-6.732490654190449,18098.075222067706,0.0,0.19182687041996702,1.940615498026607,2100841.585334012,603.42979371159
243900.0,4565687.995498171,340377.79301631625,4565627.509706275,-503.0043987902463,1469.4172058566924,-503.1224585616261,-6.732688639403908,-0.5068648234158268,-6.732599036990172,18098.075222067706,0.0,0.19182687041996702,1.940615498026607,2100841.585334012,603.42979371159
244000.0,4565637.661394668,340524.73220212886,4565577.163797243,-503.6776730759497,1469.36650590365,-503.7957238859349,-6.732797080377301,-0.507134300784091,-6.732707454892146,18098.075222067706,0.0,0.19182687041996702,1.940615498026607,2100841.585334012,603.42979371159
244100.0,4565587.259963194,340671.66631659813,4565526.750561136,-504.3509582074353,1469.315778983804,-504.4690000537171,-6.7329055547585455,-0.507404160102367,-6.73281590617012,18098.075222067706,0.0,0.19182687041996702,1.940615498026607,2100841.585334012,603.42979371159
244200.0,4565536.791202664,340818.59535702545,4565476.26999687,-505.0242541879568,1469.2650250587749,-505.1422870682232,-6.733014060800847,-0.5076744050632785,-6.7329243890770085,18098.075222067706,0.0,0.19182687041996702,1.940615498026607,2100841.585334012,603.42979371159
244300.0,4565486.255111994,340965.5193207084,4565425.722103361,-505.69756102059193,1469.2142440898122,-505.8155849325279,-6.733122596736313,-0.5079450394005143,-6.7330329018446236,18098.075222067706,0.0,0.19182687041996702,1.940615498026607,2100841.585334012,603.42979371159
244400.0,4565435.651690098,341112.43820494064,4565375.106879522,-506.37087870824087,1469.1634360377898,-506.4888936495279,-6.733231160775662,-0.5082160668893096,-6.733141442683383,18098.075222067706,0.0,0.19182687041996702,1.940615498026607,2100841.585334012,603.42979371159
244500.0,4565384.980935891,341259.3520070119,4565324.424324269,-507.04420725362354,1469.112600863202,-507.1622132219399,-6.733339751107987,-0.5084874913469519,-6.733250009782075,18098.075222067706,0.0,0.19182687041996702,1.940615498026607,2100841.585334012,603.42979371159
244600.0,4565334.242848286,341406.26072420785,4565273.674436516,-507.71754665927784,1469.0617385261594,-507.83554365229855,-6.733448365900447,-0.508759316633279,-6.733358601307551,18098.075222067706,0.0,0.19182687041996702,1.940615498026607,2100841.585334012,603.42979371159
244700.0,4565283.437426197,341553.1643538103,4565222.857215177,-508.39089692755715,1469.0108489863842,-508.50888494295384,-6.7335570032980145,-0.5090315466511922,-6.733467215404481,18098.075222067706,0.0,0.19182687041996702,1.940615498026607,2100841.585334012,603.42979371159
244800.0,4565232.564668538,341700.062893097,4565171.972659166,-509.0642580606284,1468.9599322032066,-509.18223709606923,-6.733665661423178,-0.5093041853471701,-6.733575850195034,18098.075222067706,0.0,0.19182687041996702,1.940615498026607,2100841.585334012,603.42979371159
244900.0,4565181.624574223,341846.9563393415,4565121.020767396,-509.7376300604694,1468.9089881355592,-509.8556001136193,-6.733774338375654,-0.5095772367117894,-6.73368450377861,18098.075222067706,0.0,0.19182687041996702,1.940615498026607,2100841.585334012,603.42979371159
245000.0,4565130.617142164,341993.8446898132,4565070.001538781,-510.411012928867,1468.858016741974,-510.5289739973873,-6.733883032232119,-0.5098507047802621,-6.733793174231565,18098.075222067706,0.0,0.19182687041996702,1.940615498026607,2100841.585334012,603.42979371159
245100.0,4565079.542371275,342140.72794177756,4565018.9149722345,-511.08440666741444,1468.807017980577,-511.20235874896304,-6.733991741045887,-0.5101245936329636,-6.733901859606891,18098.075222067706,0.0,0.19182687041996702,1.940615498026607,2100841.585334012,603.42979371159
245200.0,4565028.400260468,342287.6060924956,4564967.76106667,-511.7578112775091,1468.7559918090838,-511.87575436974043,-6.734100462846636,-0.5103989073959804,-6.734010557933938,18098.075222067706,0.0,0.19182687041996702,1.940615498026607,2100841.585334012,603.42979371159
245300.0,4564977.190808657,342434.4791392243,4564916.539820999,-512.4312267603502,1468.704938184795,-512.5491608609151,-6.7342091956400845,-0.5106736502416555,-6.73411926721809,18098.075222067706,0.0,0.19182687041996702,1.940615498026607,2100841.585334012,603.42979371159
245400.0,4564925.914014753,342581.34707921604,4564865.251234136,-513.1046531169363,1468.653857064592,-513.2225782234821,-6.73431793740771,-0.5109488263891515,-6.734227985440495,18098.075222067706,0.0,0.19182687041996702,1.940615498026607,2100841.585334012,603.42979371159
245500.0,4564874.56987767,342728.2099097192,4564813.895304992,-513.7780903480628,1468.6027484049316,-513.896006458233,-6.7344266861064215,-0.5112244401050092,-6.734336710557719,18098.075222067706,0.0,0.19182687041996702,1.940615498026607,2100841.585334012,603.42979371159
245600.0,4564823.15839632,342875.0676279776,4564762.472032481,-514.4515384543197,1468.5516121618416,-514.5694455657544,-6.734535439668242,-0.5115004957037192,-6.734445440501445,18098.075222067706,0.0,0.19182687041996702,1.940615498026607,2100841.585334012,603.42979371159
245700.0,4564771.679569617,343021.9202312306,4564710.981415516,-515.1249974360888,1468.500448290916,-515.2428955464244,-6.73464419600002,-0.5117769975483046,-6.734554173178172,18098.075222067706,0.0,0.19182687041996702,1.940615498026607,2100841.585334012,603.42979371159
245800.0,4564720.133396471,343168.7677167133,4564659.423453009,-515.7984672935414,1468.44925674731,-515.9163564004106,-6.73475295298307,-0.5120539500509027,-6.734662906468869,18098.075222067706,0.0,0.19182687041996702,1.940615498026607,2100841.585334012,603.42979371159
245900.0,4564668.519875796,343315.61008165614,4564607.798143873,-516.4719480266357,1468.3980374857354,-516.5898281276671,-6.734861708472865,-0.5123313576733569,-6.73477163822865,18098.075222067706,0.0,0.19182687041996702,1.940615498026607,2100841.585334012,603.42979371159
246000.0,4564616.839006503,343462.447323285,4564556.105487021,-517.1454396351139,1468.3467904604545,-517.2633107279329,-6.734970460298711,-0.5126092249278229,-6.7348803662864665,18098.075222067706,0.0,0.19182687041996702,1.940615498026607,2100841.585334012,603.42979371159
246100.0,4564565.090787506,343609.2794388212,4564504.345481365,-517.8189421185001,1468.2955156252767,-517.9368042007278,-6.735079206263397,-0.5128875563773739,-6.734989088444747,18098.075222067706,0.0,0.19182687041996702,1.940615498026607,2100841.585334012,603.42979371159
246200.0,4564513.275217717,343756.10642548144,4564452.518125818,-518.4924554760971,1468.244212933552,-518.610308545351,-6.735187944142863,-0.5131663566366147,-6.7350978024790615,18098.075222067706,0.0,0.19182687041996702,1.940615498026607,2100841.585334012,603.42979371159
246300.0,4564461.392296048,343902.92828047776,4564400.623419293,-519.1659797069841,1468.1928823381668,-519.2838237608778,-6.7352966716858615,-0.5134456303723114,-6.735206506137791,18098.075222067706,0.0,0.19182687041996702,1.940615498026607,2100841.585334012,603.42979371159
246400.0,4564409.442021413,344049.74500101735,4564348.661360703,-519.8395148100137,1468.1415237915378,-519.9573498461568,-6.7354053866135954,-0.5137253823040177,-6.735315197141767,18098.075222067706,0.0,0.19182687041996702,1.940615498026607,2100841.585334012,603.42979371159
246500.0,4564357.4243927235,344196.55658430274,4564296.631948962,-520.5130607838094,1468.0901372456071,-520.6308867998075,-6.735514086619365,-0.5140056172047183,-6.735423873183912,18098.075222067706,0.0,0.19182687041996702,1.940615498026607,2100841.585334012,603.42979371159
246600.0,4564305.339408893,344343.36302753154,4564244.535182982,-521.1866176267623,1468.0387226518371,-521.3044346202171,-6.735622769368227,-0.5142863399014778,-6.735532531928897,18098.075222067706,0.0,0.19182687041996702,1.940615498026607,2100841.585334012,603.42979371159
246700.0,4564253.187068836,344490.16432789655,4564192.371061676,-521.860185337029,1467.9872799612044,-521.9779933055379,-6.735731432496609,-0.5145675552760943,-6.735641171012762,18098.075222067706,0.0,0.19182687041996702,1.940615498026607,2100841.585334012,603.42979371159
246800.0,4564200.967371464,344636.9604825856,4564140.139583958,-522.5337639125279,1467.9358091241947,-522.6515628536845,-6.735840073611955,-0.5148492682657697,-6.735749788042561,18098.075222067706,0.0,0.19182687041996702,1.940615498026607,2100841.585334012,603.42979371159
246900.0,4564148.680315691,344783.75148878153,4564087.840748743,-523.2073533509368,1467.8843100907977,-523.3251432623306,-6.735948690292342,-0.5151314838637743,-6.735858380595975,18098.075222067706,0.0,0.19182687041996702,1.940615498026607,2100841.585334012,603.42979371159
247000.0,4564096.325900432,344930.5373436622,4564035.474554944,-523.8809536496901,1467.8327828105002,-523.9987345289061,-6.736057280086126,-0.5154142071201427,-6.735966946220957,18098.075222067706,0.0,0.19182687041996702,1.940615498026607,2100841.585334012,603.42979371159
247100.0,4564043.904124599,345077.31804440037,4563983.041001475,-524.5545648059751,1467.7812272322817,-524.6723366505944,-6.736165840511517,-0.5156974431423521,-6.736075482435316,18098.075222067706,0.0,0.19182687041996702,1.940615498026607,2100841.585334012,603.42979371159
247200.0,4563991.414987109,345224.09358816367,4563930.540087252,-525.2281868167297,1467.7296433046076,-525.345949624329,-6.736274369056228,-0.5159811970960267,-6.736183986726352,18098.075222067706,0.0,0.19182687041996702,1.940615498026607,2100841.585334012,603.42979371159
247300.0,4563938.858486874,345370.8639721146,4563877.971811188,-525.901819678639,1467.678030975424,-526.0195734467908,-6.736382863177062,-0.5162654742056505,-6.736292456550455,18098.075222067706,0.0,0.19182687041996702,1.940615498026607,2100841.585334012,603.42979371159
247400.0,4563886.234622811,345517.6291934103,4563825.336172201,-526.5754633881319,1467.6263901921518,-526.6932081144045,-6.73649132029952,-0.5165502797552791,-6.736400889332704,18098.075222067706,0.0,0.19182687041996702,1.940615498026607,2100841.585334012,603.42979371159
247500.0,4563833.5433938345,345664.38924920274,4563772.633169204,-527.2491179413787,1467.5747209016802,-527.3668536233357,-6.7365997378173965,-0.5168356190892732,-6.736509282466473,18098.075222067706,0.0,0.19182687041996702,1.940615498026607,2100841.585334012,603.42979371159
247600.0,4563780.7847988615,345811.14413663856,4563719.862801115,-527.9227833342873,1467.523023050361,-528.0405099694882,-6.736708113092354,-0.5171214976130273,-6.736617633312997,18098.075222067706,0.0,0.19182687041996702,1.940615498026607,2100841.585334012,603.42979371159
247700.0,4563727.958836807,345957.893852859,4563667.02506685,-528.5964595625001,1467.4712965840024,-528.7141771484997,-6.736816443453537,-0.5174079207937257,-6.736725939200982,18098.075222067706,0.0,0.19182687041996702,1.940615498026607,2100841.585334012,603.42979371159
247800.0,4563675.065506588,346104.6383949997,4563614.119965325,-529.2701466213907,1467.4195414478627,-529.3878551557397,-6.736924726197128,-0.5176948941610924,-6.736834197426176,18098.075222067706,0.0,0.19182687041996702,1.940615498026607,2100841.585334012,603.42979371159
247900.0,4563622.104807122,346251.37776019104,4563561.147495458,-529.9438445060609,1467.3677575866443,-530.061543986305,-6.737032958585928,-0.5179824233081566,-6.736942405250934,18098.075222067706,0.0,0.19182687041996702,1.940615498026607,2100841.585334012,603.42979371159
248000.0,4563569.076737326,346398.1119455577,4563508.107656167,-530.617553211337,1467.3159449444868,-530.7352436350175,-6.737141137848917,-0.5182705138920284,-6.737050559903788,18098.075222067706,0.0,0.19182687041996702,1.940615498026607,2100841.585334012,603.42979371159
248100.0,4563515.981296118,346544.8409482187,4563455.000446371,-531.2912727317664,1467.2641034649607,-531.4089540964198,-6.737249261180827,-0.5185591716346869,-6.737158658579016,18098.075222067706,0.0,0.19182687041996702,1.940615498026607,2100841.585334012,603.42979371159
248200.0,4563462.818482419,346691.56476528756,4563401.825864987,-531.9650030616142,1467.2122330910615,-532.0826753647727,-6.737357325741687,-0.5188484023237739,-6.7372666984361915,18098.075222067706,0.0,0.19182687041996702,1.940615498026607,2100841.585334012,603.42979371159
248300.0,4563409.588295146,346838.2833938719,4563348.583910937,-532.6387441948599,1467.1603337652025,-532.7564074340507,-6.737465328656379,-0.5191382118133987,-6.737374676599726,18098.075222067706,0.0,0.19182687041996702,1.940615498026607,2100841.585334012,603.42979371159
248400.0,4563356.29073322,346984.9968310736,4563295.27458314,-533.3124961251937,1467.108405429208,-533.4301502979392,-6.737573267014182,-0.5194286060249588,-6.737482590158434,18098.075222067706,0.0,0.19182687041996702,1.940615498026607,2100841.585334012,603.42979371159
248500.0,4563302.925795562,347131.70507398876,4563241.897880518,-533.9862588460127,1467.0564480243072,-534.1039039498307,-6.737681137868296,-0.5197195909479599,-6.737590436165039,18098.075222067706,0.0,0.19182687041996702,1.940615498026607,2100841.585334012,603.42979371159
248600.0,4563249.493481091,347278.40811970754,4563188.453801991,-534.6600323504177,1467.0044614911262,-534.777668382821,-6.737788938235389,-0.5200111726408607,-6.737698211635729,18098.075222067706,0.0,0.19182687041996702,1.940615498026607,2100841.585334012,603.42979371159
248700.0,4563195.993788732,347425.1059653141,4563134.942346483,-535.3338166312095,1466.9524457696825,-535.451443589706,-6.73789666509512,-0.5203033572319188,-6.737805913549678,18098.075222067706,0.0,0.19182687041996702,1.940615498026607,2100841.585334012,603.42979371159
248800.0,4563142.426717406,347571.79860788654,4563081.363512915,-536.0076116808847,1466.9004007993767,-536.1252295629772,-6.738004315389646,-0.5205961509200494,-6.737913538848551,18098.075222067706,0.0,0.19182687041996702,1.940615498026607,2100841.585334012,603.42979371159
248900.0,4563088.792266037,347718.48604449694,4563027.717300211,-536.6814174916321,1466.8483265189864,-536.7990262948186,-6.738111886023134,-0.5208895599756935,-6.738021084436014,18098.075222067706,0.0,0.19182687041996702,1.940615498026607,2100841.585334012,603.42979371159
249000.0,4563035.090433549,347865.1682722113,4562974.003707297,-537.3552340553294,1466.7962228666581,-537.4728337771029,-6.738219373861279,-0.5211835907417085,-6.738128547177266,18098.075222067706,0.0,0.19182687041996702,1.940615498026607,2100841.585334012,603.42979371159
249100.0,4562981.321218868,348011.8452880891,4562920.222733098,-538.0290613635387,1466.7440897799006,-538.1466520013869,-6.73832677573079,-0.5214782496342518,-6.738235923898503,18098.075222067706,0.0,0.19182687041996702,1.940615498026607,2100841.585334012,603.42979371159
249200.0,4562927.4846209185,348158.51708918397,4562866.374376539,-538.7028994075029,1466.6919271955774,-538.8204809589082,-6.738434088418884,-0.5217735431436934,-6.738343211386429,18098.075222067706,0.0,0.19182687041996702,1.940615498026607,2100841.585334012,603.42979371159
249300.0,4562873.580638628,348305.18367254286,4562812.458636548,-539.3767481781414,1466.6397350498992,-539.4943206405813,-6.738541308672771,-0.5220694778355284,-6.738450406387731,18098.075222067706,0.0,0.19182687041996702,1.940615498026607,2100841.585334012,603.42979371159
249400.0,4562819.609270926,348451.8450352064,4562758.475512054,-540.0506076660465,1466.5875132784163,-540.1681710369932,-6.738648433199126,-0.5223660603513075,-6.738557505608563,18098.075222067706,0.0,0.19182687041996702,1.940615498026607,2100841.585334012,603.42979371159
249500.0,4562765.570516738,348598.5011742088,4562704.425001984,-540.7244778614792,1466.535261816011,-540.8420321383993,-6.738755458663569,-0.5226632974095792,-6.738664505714008,18098.075222067706,0.0,0.19182687041996702,1.940615498026607,2100841.585334012,603.42979371159
249600.0,4562711.464374997,348745.1520865777,4562650.30710527,-541.3983587543647,1466.4829805968898,-541.5159039347196,-6.738862381690118,-0.52296119580684,-6.738771403327547,18098.075222067706,0.0,0.19182687041996702,1.940615498026607,2100841.585334012,603.42979371159
249700.0,4562657.290844631,348891.7977693341,4562596.121820842,-542.0722503342887,1466.4306695545758,-542.1897864155345,-6.738969198860648,-0.5232597624185034,-6.73887819503051,18098.075222067706,0.0,0.19182687041996702,1.940615498026607,2100841.585334012,603.42979371159
249800.0,4562603.049924574,349038.4382194923,4562541.869147631,-542.7461525904929,1466.3783286219004,-542.8636795700801,-6.739075906714338,-0.5235590041998769,-6.738984877361524,18098.075222067706,0.0,0.19182687041996702,1.940615498026607,2100841.585334012,603.42979371159
249900.0,4562548.741613758,349185.0734340599,4562487.549084572,-543.4200655118708,1466.3259577309957,-543.5375833872444,-6.739182501747114,-0.5238589281871522,-6.739091446815957,18098.075222067706,0.0,0.19182687041996702,1.940615498026607,2100841.585334012,603.42979371159
250000.0,4562494.365911117,349331.7034100376,4562433.161630599,-544.0939890869633,1466.2735568132857,-544.2114978555626,-6.739288980411068,-0.5241595414984094,-6.739197899845341,18098.075222067706,0.0,0.19182687041996702,1.940615498026607,2100841.585334012,603.42979371159
250100.0,4562439.9228155855,349478.32814441936,4562378.706784647,-544.7679233039544,1466.2211257994786,-544.8854229632129,-6.73939533911391,-0.5244608513346379,-6.739304232856811,18098.075222067706,0.0,0.19182687041996702,1.940615498026607,2100841.585334012,603.42979371159
250200.0,4562385.412326101,349624.947634192,4562324.184545652,-545.4418681506662,1466.1686646195585,-545.5593586980121,-6.739501574218354,-0.5247628649807611,-6.739410442212506,18098.075222067706,0.0,0.19182687041996702,1.940615498026607,2100841.585334012,603.42979371159
250300.0,4562330.834441601,349771.5618763354,4562269.594912553,-546.1158236145553,1466.1161732027765,-546.2333050474108,-6.739607682041542,-0.5250655898066822,-6.739516524228981,18098.075222067706,0.0,0.19182687041996702,1.940615498026607,2100841.585334012,603.42979371159
250400.0,4562276.189161025,349918.1708678223,4562214.937884289,-546.7897896827076,1466.0636514776427,-546.9072619984889,-6.739713658854454,-0.5253690332683489,-6.739622475176628,18098.075222067706,0.0,0.19182687041996702,1.940615498026607,2100841.585334012,603.42979371159
250500.0,4562221.4764833115,350064.77460561827,4562160.2134598,-547.4637663418334,1466.011099371917,-547.5812295379512,-6.739819500881278,-0.5256732029088136,-6.739728291279038,18098.075222067706,0.0,0.19182687041996702,1.940615498026607,2100841.585334012,603.42979371159
250600.0,4562166.696407404,350211.3730866816,4562105.421638029,-548.1377535782635,1465.9585168126007,-548.2552076521224,-6.739925204298801,-0.5259781063593246,-6.739833968712394,18098.075222067706,0.0,0.19182687041996702,1.940615498026607,2100841.585334012,603.42979371159
250700.0,4562111.848932244,350357.96630796324,4562050.562417918,-548.8117513779439,1465.9059037259276,-548.9291963269424,-6.740030765235801,-0.5262837513404276,-6.739939503604859,18098.075222067706,0.0,0.19182687041996702,1.940615498026607,2100841.585334012,603.42979371159
250800.0,4562056.934056777,350504.55426640675,4561995.635798412,-549.4857597264307,1465.8532600373546,-549.6031955479614,-6.7401361797724,-0.5265901456630818,-6.74004489203594,18098.075222067706,0.0,0.19182687041996702,1.940615498026607,2100841.585334012,603.42979371159
250900.0,4562001.951779948,350651.13695894816,4561940.641778458,-550.1597786088861,1465.8005856715536,-550.2772053003353,-6.740241443939414,-0.5268972972297795,-6.740150130035825,18098.075222067706,0.0,0.19182687041996702,1.940615498026607,2100841.585334012,603.42979371159
251000.0,4561946.902100705,350797.71438251593,4561885.580357002,-550.8338080100724,1465.7478805524008,-550.9512255688203,-6.74034655371772,-0.5272052140356993,-6.7402552135847555,18098.075222067706,0.0,0.19182687041996702,1.940615498026607,2100841.585334012,603.42979371159
251100.0,4561891.785017996,350944.2865340309,4561830.451532994,-551.5078479143477,1465.6951446029689,-551.6252563377683,-6.740451505037586,-0.527513904169862,-6.740360138612361,18098.075222067706,0.0,0.19182687041996702,1.940615498026607,2100841.585334012,603.42979371159
251200.0,4561836.6005307725,351090.8534104062,4561775.255305385,-552.1818983056606,1465.6423777455166,-552.2992975911214,-6.740556293777998,-0.5278233758163029,-6.7404649009969795,18098.075222067706,0.0,0.19182687041996702,1.940615498026607,2100841.585334012,603.42979371159
251300.0,4561781.348637986,351237.41500854713,4561719.991673127,-552.8559591675449,1465.5895799014793,-552.9733493124072,-6.7406609157659965,-0.5281336372552655,-6.740569496564997,18098.075222067706,0.0,0.19182687041996702,1.940615498026607,2100841.585334012,603.42979371159
251400.0,4561726.029338591,351383.971325351,4561664.660635174,-553.5300304831146,1465.53675099146,-553.6474114847331,-6.740765366775967,-0.5284446968643988,-6.740673921090134,18098.075222067706,0.0,0.19182687041996702,1.940615498026607,2100841.585334012,603.42979371159
251500.0,4561670.642631542,351530.5223577072,4561609.262190483,-554.2041122350583,1465.4838909352184,-554.3214840907813,-6.740869642528973,-0.5287565631199926,-6.740778170292783,18098.075222067706,0.0,0.19182687041996702,1.940615498026607,2100841.585334012,603.42979371159
251600.0,4561615.188515796,351677.06810249714,4561553.796338009,-554.8782044056342,1465.430999651662,-554.9955671128032,-6.740973738692019,-0.5290692445981994,-6.74088223983927,18098.075222067706,0.0,0.19182687041996702,1.940615498026607,2100841.585334012,603.42979371159
251700.0,4561559.666990314,351823.60855659394,4561498.263076713,-555.5523069766642,1465.3780770588355,-555.6696605326143,-6.7410776508773536,-0.5293827499762979,-6.740986125341156,18098.075222067706,0.0,0.19182687041996702,1.940615498026607,2100841.585334012,603.42979371159
251800.0,4561504.078054055,351970.14371686254,4561442.662405556,-556.226419929529,1465.3251230739108,-556.3437643315885,-6.741181374641734,-0.5296970880339609,-6.741089822354501,18098.075222067706,0.0,0.19182687041996702,1.940615498026607,2100841.585334012,603.42979371159
251900.0,4561448.421705982,352116.67358015955,4561386.994323501,-556.900543245162,1465.2721376131767,-557.0178784906524,-6.741284905485691,-0.5300122676545397,-6.741193326379134,18098.075222067706,0.0,0.19182687041996702,1.940615498026607,2100841.585334012,603.42979371159
252000.0,4561392.69794506,352263.1981433332,4561331.258829514,-557.5746769040437,1465.2191205920283,-557.6920029902795,-6.741388238852782,-0.5303282978263728,-6.741296632857903,18098.075222067706,0.0,0.19182687041996702,1.940615498026607,2100841.585334012,603.42979371159
252100.0,4561336.906770256,352409.7174032231,4561275.45592256,-558.2488208861963,1465.1660719249567,-558.3661378104853,-6.741491370128849,-0.5306451876441065,-6.741399737175928,18098.075222067706,0.0,0.19182687041996702,1.940615498026607,2100841.585334012,603.42979371159
252200.0,4561281.048180539,352556.2313566604,4561219.585601608,-558.9229751711774,1465.112991525538,-559.0402829308204,-6.741594294641211,-0.5309629463100242,-6.741502634659795,18098.075222067706,0.0,0.19182687041996702,1.940615498026607,2100841.585334012,603.42979371159
252300.0,4561225.12217488,352702.7400004676,4561163.647865631,-559.5971397380747,1465.0598793064228,-559.7144383303652,-6.741697007657935,-0.5312815831354217,-6.7416053205768405,18098.075222067706,0.0,0.19182687041996702,1.940615498026607,2100841.585334012,603.42979371159
252400.0,4561169.12875225,352849.2433314581,4561107.6427136,-560.2713145654994,1465.006735179325,-560.3886039877239,-6.741799504387008,-0.5316011075419625,-6.7417077901343,18098.075222067706,0.0,0.19182687041996702,1.940615498026607,2100841.585334012,603.42979371159
252500.0,4561113.067911626,352995.74134643684,4561051.570144491,-560.9454996315808,1464.9535590550108,-561.0627798810183,-6.741901779975566,-0.5319215290630862,-6.741810038478561,18098.075222067706,0.0,0.19182687041996702,1.940615498026607,2100841.585334012,603.42979371159
252600.0,4561056.939651984,353142.2340421995,4560995.430157282,-561.6196949139595,1464.9003508432872,-561.736965987882,-6.7420038295090565,-0.532242857345408,-6.741912060694302,18098.075222067706,0.0,0.19182687041996702,1.940615498026607,2100841.585334012,603.42979371159
252700.0,4561000.743972303,353288.72141553287,4560939.222750953,-562.2939003897817,1464.847110452991,-562.4111622854537,-6.742105648010434,-0.5325651021501557,-6.7420138518037085,18098.075222067706,0.0,0.19182687041996702,1.940615498026607,2100841.585334012,603.42979371159
252800.0,4560944.480871567,353435.20346321445,4560882.947924486,-562.9681160356927,1464.7938377919772,-563.0853687503712,-6.742207230439323,-0.532888273354618,-6.742115406765621,18098.075222067706,0.0,0.19182687041996702,1.940615498026607,2100841.585334012,603.42979371159
252900.0,4560888.150348757,353581.6801820125,4560826.605676865,-563.6423418278305,1464.740532767107,-563.7595853587651,-6.742308571691153,-0.5332123809536065,-6.742216720474679,18098.075222067706,0.0,0.19182687041996702,1.940615498026607,2100841.585334012,603.42979371159
253000.0,4560831.752402863,353728.15156868595,4560770.196007078,-564.3165777418194,1464.6871952842362,-564.4338120862521,-6.742409666596344,-0.5335374350609565,-6.742317787760504,18098.075222067706,0.0,0.19182687041996702,1.940615498026607,2100841.585334012,603.42979371159
253100.0,4560775.287032872,353874.61761998426,4560713.718914112,-564.9908237527637,1464.6338252482035,-565.1080489079287,-6.742510509919384,-0.5338634459110225,-6.74241860338677,18098.075222067706,0.0,0.19182687041996702,1.940615498026607,2100841.585334012,603.42979371159
253200.0,4560718.754237777,354021.0783326473,4560657.174396961,-565.6650798352406,1464.5804225628176,-565.7822957983642,-6.7426110963579955,-0.5341904238602132,-6.742519162050379,18098.075222067706,0.0,0.19182687041996702,1.940615498026607,2100841.585334012,603.42979371159
253300.0,4560662.15401657,354167.53370340524,4560600.5624546185,-566.3393459632936,1464.5269871308456,-566.4565527315945,-6.7427114205422,-0.534518379388534,-6.7426194583805295,18098.075222067706,0.0,0.19182687041996702,1.940615498026607,2100841.585334012,603.42979371159
253400.0,4560605.48636825,354313.9837289786,4560543.883086082,-567.013622110426,1464.4735188540005,-567.1308196811146,-6.742811477033446,-0.5348473231011626,-6.7427194869378235,18098.075222067706,0.0,0.19182687041996702,1.940615498026607,2100841.585334012,603.42979371159
253500.0,4560548.751291815,354460.4284060779,4560487.13629035,-567.6879082495936,1464.4200176329284,-567.8050966198726,-6.742911260323667,-0.5351772657300348,-6.742819242213351,18098.075222067706,0.0,0.19182687041996702,1.940615498026607,2100841.585334012,603.42979371159
253600.0,4560491.948786268,354606.8677314037,4560430.322066426,-568.3622043531982,1464.3664833671955,-568.479383520262,-6.7430107648343585,-0.5355082181354549,-6.742918718627744,18098.075222067706,0.0,0.19182687041996702,1.940615498026607,2100841.585334012,603.42979371159
253700.0,4560435.078850613,354753.3017016465,4560373.440413315,-569.0365103930797,1464.312915955276,-569.1536803541145,-6.743109984915632,-0.5358401913077303,-6.743017910530245,18098.075222067706,0.0,0.19182687041996702,1.940615498026607,2100841.585334012,603.42979371159
253800.0,4560378.141483859,354899.7303134865,4560316.491330025,-569.7108263405097,1464.2593152945378,-569.8279870926935,-6.743208914845251,-0.5361731963688238,-6.743116812197739,18098.075222067706,0.0,0.19182687041996702,1.940615498026607,2100841.585334012,603.42979371159
253900.0,4560321.136685016,355046.15356359363,4560259.474815567,-570.385152166184,1464.205681281231,-570.5023037066863,-6.7433075488276755,-0.5365072445740358,-6.7432154178337935,18098.075222067706,0.0,0.19182687041996702,1.940615498026607,2100841.585334012,603.42979371159
254000.0,4560264.064453097,355192.57144862745,4560202.390868955,-571.0594878402148,1464.1520138104722,-571.1766301661969,-6.743405880993051,-0.5368423473136953,-6.743313721567657,18098.075222067706,0.0,0.19182687041996702,1.940615498026607,2100841.585334012,603.42979371159
254100.0,4560206.92478712,355338.9839652369,4560145.239489207,-571.7338333321239,1464.0983127762331,-571.8509664407384,-6.743503905396232,-0.5371785161148848,-6.7434117174532675,18098.075222067706,0.0,0.19182687041996702,1.940615498026607,2100841.585334012,603.42979371159
254200.0,4560149.717686105,355485.3911100603,4560088.020675342,-572.4081886108347,1464.0445780713253,-572.5253124992254,-6.743601616015762,-0.537515762643189,-6.743509399468246,18098.075222067706,0.0,0.19182687041996702,1.940615498026607,2100841.585334012,603.42979371159
254300.0,4560092.443149073,355631.7928797252,4560030.734426382,-573.0825536446645,1463.9908095873868,-573.1996683099665,-6.743699006752834,-0.5378540987044602,-6.7436067615128525,18098.075222067706,0.0,0.19182687041996702,1.940615498026607,2100841.585334012,603.42979371159
254400.0,4560035.101175051,355778.1892708482,4559973.380741355,-573.7569284013167,1463.9370072148683,-573.8740338406564,-6.743796071430261,-0.5381935362466057,-6.743703797408959,18098.075222067706,0.0,0.19182687041996702,1.940615498026607,2100841.585334012,603.42979371159
254500.0,4559977.6917630695,355924.58028003486,4559915.95961929,-574.4313128478734,1463.8831708430184,-574.5484090583681,-6.743892803791426,-0.5385340873614136,-6.743800500898984,18098.075222067706,0.0,0.19182687041996702,1.940615498026607,2100841.585334012,603.42979371159
254600.0,4559920.21491216,356070.9659038797,4559858.471059221,-575.1057069507867,1463.8293003598692,-575.2227939295448,-6.743989197499183,-0.5388757642863802,-6.743896865644816,18098.075222067706,0.0,0.19182687041996702,1.940615498026607,2100841.585334012,603.42979371159
254700.0,4559862.670621359,356217.34613896604,4559800.915060183,-575.780110675871,1463.7753956522215,-575.8971884199917,-6.744085246134799,-0.5392185794065913,-6.7439928852267474,18098.075222067706,0.0,0.19182687041996702,1.940615498026607,2100841.585334012,603.42979371159
254800.0,4559805.058889706,356363.72098186554,4559743.291621217,-576.4545239882947,1463.7214566056305,-576.571592494868,-6.7441809431968425,-0.539562545256602,-6.74408855314235,18098.075222067706,0.0,0.19182687041996702,1.940615498026607,2100841.585334012,603.42979371159
254900.0,4559747.379716243,356510.0904291386,4559685.600741365,-577.1289468525719,1463.66748310439,-577.2460061186785,-6.744276282100058,-0.5399076745223492,-6.744183862805366,18098.075222067706,0.0,0.19182687041996702,1.940615498026607,2100841.585334012,603.42979371159
255000.0,4559689.633100018,356656.454477334,4559627.842419676,-577.8033792325539,1463.6134750315177,-577.920429255265,-6.744371256174235,-0.5402539800431024,-6.74427880754457,18098.075222067706,0.0,0.19182687041996702,1.940615498026607,2100841.585334012,603.42979371159
255100.0,4559631.8190400805,356802.81312298856,4559570.016655198,-578.4778210914207,1463.5594322687398,-578.5948618677982,-6.74446585866307,-0.5406014748134303,-6.744373380602635,18098.075222067706,0.0,0.19182687041996702,1.940615498026607,2100841.585334012,603.42979371159
255200.0,4559573.937535485,356949.1663626274,4559512.123446987,-579.1522723916722,1463.505354696475,-579.2693039187682,-6.744560082722987,-0.5409501719851825,-6.744467575134937,18098.075222067706,0.0,0.19182687041996702,1.940615498026607,2100841.585334012,603.42979371159
255300.0,4559515.98858529,357095.51419276354,4559454.162794101,-579.82673309512,1463.451242193819,-579.9437553699767,-6.744653921421968,-0.541300084869531,-6.744561384208408,18098.075222067706,0.0,0.19182687041996702,1.940615498026607,2100841.585334012,603.42979371159
255400.0,4559457.972188555,357241.8566098978,4559396.134695602,-580.5012031628773,1463.3970946385284,-580.6182161825272,-6.7447473677383325,-0.5416512269390001,-6.744654800800305,18098.075222067706,0.0,0.19182687041996702,1.940615498026607,2100841.585334012,603.42979371159
255500.0,4559399.888344347,357388.19361051876,4559338.039150554,-581.1756825553513,1463.342911907004,-581.2926863168169,-6.744840414559552,-0.5420036118295553,-6.74474781779702,18098.075222067706,0.0,0.19182687041996702,1.940615498026607,2100841.585334012,603.42979371159
255600.0,4559341.737051735,357534.5251911025,4559279.876158029,-581.8501712322327,1463.2886938742752,-581.9671657325267,-6.744933054680993,-0.5423572533426976,-6.744840427992826,18098.075222067706,0.0,0.19182687041996702,1.940615498026607,2100841.585334012,603.42979371159
255700.0,4559283.5183097925,357680.8513481127,4559221.645717099,-582.5246691524876,1463.2344404139826,-582.6416543886123,-6.745025280804677,-0.5427121654476048,-6.744932624088643,18098.075222067706,0.0,0.19182687041996702,1.940615498026607,2100841.585334012,603.42979371159
255800.0,4559225.232117598,357827.17207800015,4559163.347826844,-583.1991762743473,1463.1801513983614,-583.3161522432948,-6.745117085538,-0.5430683622832828,-6.745024398690748,18098.075222067706,0.0,0.19182687041996702,1.940615498026607,2100841.585334012,603.42979371159
255900.0,4559166.878474233,357973.4873772029,4559104.982486345,-583.8736925552993,1463.1258266982247,-583.9906592540511,-6.745208461392475,-0.5434258581607698,-6.745115744309521,18098.075222067706,0.0,0.19182687041996702,1.940615498026607,2100841.585334012,603.42979371159
256000.0,4559108.457378783,358119.797242146,4559046.549694689,-584.548217952077,1463.0714661829452,-584.6651753776044,-6.745299400782396,-0.5437846675653472,-6.745206653358112,18098.075222067706,0.0,0.19182687041996702,1.940615498026607,2100841.585334012,603.42979371159
256100.0,4559049.96883034,358266.10166924127,4558988.049450967,-585.2227524206509,1463.0170697204387,-585.3397005699143,-6.745389896023515,-0.5441448051587809,-6.7452971181511145,18098.075222067706,0.0,0.19182687041996702,1.940615498026607,2100841.585334012,603.42979371159
256200.0,4558991.4128279975,358412.4006548874,4558929.481754275,-585.8972959162174,1462.962637177146,-586.0142347861668,-6.745479939331741,-0.5445062857816323,-6.745387130903265,18098.075222067706,0.0,0.19182687041996702,1.940615498026607,2100841.585334012,603.42979371159
256300.0,4558932.789370856,358558.6941954695,4558870.846603711,-586.5718483931901,1462.9081684180144,-586.6887779807641,-6.745569522821724,-0.544869124455535,-6.745476683728023,18098.075222067706,0.0,0.19182687041996702,1.940615498026607,2100841.585334012,603.42979371159
256400.0,4558874.098458021,358704.98228735925,4558812.143998381,-587.2464098051884,1462.85366330648,-587.3633301073152,-6.745658638505515,-0.5452333363855604,-6.745565768636237,18098.075222067706,0.0,0.19182687041996702,1.940615498026607,2100841.585334012,603.42979371159
256500.0,4558815.340088599,358851.2649269145,4558753.373937394,-587.920980105028,1462.7991217044494,-588.0378911186244,-6.745747278291146,-0.545598936962588,-6.745654377534727,18098.075222067706,0.0,0.19182687041996702,1.940615498026607,2100841.585334012,603.42979371159
256600.0,4558756.514261706,358997.54211047915,4558694.536419863,-588.5955592447102,1462.7445434722802,-588.7124609666819,-6.745835433981218,-0.5459659417657066,-6.745742502224859,18098.075222067706,0.0,0.19182687041996702,1.940615498026607,2100841.585334012,603.42979371159
256700.0,4558697.620976458,359143.8138343832,4558635.631444908,-589.270147175411,1462.6899284687631,-589.3870396026523,-6.745923097271457,-0.5463343665646637,-6.745830134401115,18098.075222067706,0.0,0.19182687041996702,1.940615498026607,2100841.585334012,603.42979371159
256800.0,4558638.66023198,359290.0800949424,4558576.659011652,-589.9447438474708,1462.6352765511022,-590.0616269768645,-6.746010259749262,-0.5467042273223341,-6.745917265649632,18098.075222067706,0.0,0.19182687041996702,1.940615498026607,2100841.585334012,603.42979371159
256900.0,4558579.632027399,359436.34088845813,4558517.619119223,-590.6193492103831,1462.580587574895,-590.7362230388006,-6.746096912892204,-0.5470755401972215,-6.746003887446699,18098.075222067706,0.0,0.19182687041996702,1.940615498026607,2100841.585334012,603.42979371159
257000.0,4558520.53636185,359582.5962112172,4558458.511766756,-591.2939632127838,1462.5258613941137,-591.4108277370844,-6.7461830480665474,-0.5474483215460129,-6.746089991157295,18098.075222067706,0.0,0.19182687041996702,1.940615498026607,2100841.585334012,603.42979371159
257100.0,4558461.37323447,359728.84605949186,4558399.336953389,-591.9685858024394,1462.471097861085,-592.085441019471,-6.746268656525705,-0.5478225879261368,-6.746175568033519,18098.075222067706,0.0,0.19182687041996702,1.940615498026607,2100841.585334012,603.42979371159
257200.0,4558402.142644404,359875.0904295394,4558340.094678268,-592.6432169262365,1462.416296826469,-592.7600628328347,-6.74635372940871,-0.5481983560983935,-6.746260609213082,18098.075222067706,0.0,0.19182687041996702,1.940615498026607,2100841.585334012,603.42979371159
257300.0,4558342.844590802,360021.3293176021,4558280.784940541,-593.3178565301695,1462.3614581392403,-593.4346931231579,-6.746438257738634,-0.5485756430295864,-6.746345105717717,18098.075222067706,0.0,0.19182687041996702,1.940615498026607,2100841.585334012,603.42979371159
257400.0,4558283.479072818,360167.5627199071,4558221.407739363,-593.9925045593294,1462.3065816466656,-594.1093318355194,-6.746522232421002,-0.5489544658952105,-6.746429048451587,18098.075222067706,0.0,0.19182687041996702,1.940615498026607,2100841.585334012,603.42979371159
257500.0,4558224.046089611,360313.7906326661,4558161.963073894,-594.6671609578917,1462.251667194284,-594.7839789140821,-6.7466056442421865,-0.5493348420821742,-6.74651242819969,18098.075222067706,0.0,0.19182687041996702,1.940615498026607,2100841.585334012,603.42979371159
257600.0,4558164.545640348,360460.0130520754,4558102.450943302,-595.3418256691048,1462.1967146258853,-595.458634302082,-6.746688483867749,-0.5497167891915463,-6.746595235626204,18098.075222067706,0.0,0.19182687041996702,1.940615498026607,2100841.585334012,603.42979371159
257700.0,4558104.977724202,360606.2299743155,4558042.871346759,-596.016498635277,1462.141723783488,-596.1332979418149,-6.746770741840812,-0.5501003250413652,-6.746677461272837,18098.075222067706,0.0,0.19182687041996702,1.940615498026607,2100841.585334012,603.42979371159
257800.0,4558045.342340348,360752.44139555097,4557983.224283441,-596.6911797977652,1462.086694507318,-596.8079697746247,-6.7468524085803425,-0.5504854676694528,-6.746759095557134,18098.075222067706,0.0,0.19182687041996702,1.940615498026607,2100841.585334012,603.42979371159
257900.0,4557985.639487972,360898.6473119304,4557923.5097525325,-597.3658690969619,1462.0316266357863,-597.4826497408908,-6.746933474379481,-0.5508722353363071,-6.74684012877079,18098.075222067706,0.0,0.19182687041996702,1.940615498026607,2100841.585334012,603.42979371159
258000.0,4557925.869166261,361044.84771958616,4557863.727753224,-598.0405664722822,1461.9765200054667,-598.1573377800154,-6.747013929403765,-0.5512606465279897,-6.746920551077887,18098.075222067706,0.0,0.19182687041996702,1.940615498026607,2100841.585334012,603.42979371159
258100.0,4557866.031374411,361191.04261463403,4557803.8782847095,-598.7152718621516,1461.921374451073,-598.8320338304108,-6.747093763689418,-0.551650719959097,-6.747000352513163,18098.075222067706,0.0,0.19182687041996702,1.940615498026607,2100841.585334012,603.42979371159
258200.0,4557806.126111624,361337.2319931733,4557743.961346192,-599.3899852039924,1461.8661898054356,-599.5067378294859,-6.747172967141531,-0.5520424745757347,-6.747079522980219,18098.075222067706,0.0,0.19182687041996702,1.940615498026607,2100841.585334012,603.42979371159
258300.0,4557746.153377107,361483.41585128644,4557683.9769368805,-600.0647064342112,1461.8109658994792,-600.1814497136337,-6.747251529532268,-0.5524359295585554,-6.747158052249703,18098.075222067706,0.0,0.19182687041996702,1.940615498026607,2100841.585334012,603.42979371159
258400.0,4557686.113170076,361629.5941850388,4557623.925055989,-600.7394354881848,1461.7557025621982,-600.8561694182173,-6.747329440499047,-0.5528311043258399,-6.747235929957496,18098.075222067706,0.0,0.19182687041996702,1.940615498026607,2100841.585334012,603.42979371159
258500.0,4557626.005489751,361775.76699047873,4557563.805702738,-601.414172300247,1461.7003996206329,-601.5308968775566,-6.7474066895426565,-0.5532280185366041,-6.747313145602834,18098.075222067706,0.0,0.19182687041996702,1.940615498026607,2100841.585334012,603.42979371159
258600.0,4557565.830335359,361921.934263637,4557503.618876358,-602.0889168036747,1461.6450568998462,-602.2056320249146,-6.747483266025373,-0.5536266920937526,-6.747389688546426,18098.075222067706,0.0,0.19182687041996702,1.940615498026607,2100841.585334012,603.42979371159
258700.0,4557505.587706136,362068.09600052686,4557443.36457608,-602.7636689306742,1461.5896742228979,-602.8803747924833,-6.74755915916906,-0.5540271451472935,-6.747465548008538,18098.075222067706,0.0,0.19182687041996702,1.940615498026607,2100841.585334012,603.42979371159
258800.0,4557445.277601321,362214.25219714374,4557383.042801147,-603.4384286123667,1461.5342514108204,-603.5551251113696,-6.747634358053215,-0.5544293980975767,-6.7475407130670595,18098.075222067706,0.0,0.19182687041996702,1.940615498026607,2100841.585334012,603.42979371159
258900.0,4557384.9000201635,362360.40284946514,4557322.653550808,-604.1131957787742,1461.4787882825935,-604.2298829115812,-6.747708851613002,-0.554833471598585,-6.7476151726555225,18098.075222067706,0.0,0.19182687041996702,1.940615498026607,2100841.585334012,603.42979371159
259000.0,4557324.454961918,362506.5479534503,4557262.196824318,-604.787970358805,1461.4232846551188,-604.9046481220115,-6.7477826286372595,-0.5552393865612764,-6.747688915561113,18098.075222067706,0.0,0.19182687041996702,1.940615498026607,2100841.585334012,603.42979371159
259100.0,4557263.942425847,362652.68750504,4557201.672620939,-605.4627522802386,1461.3677403431936,-605.5794206704254,-6.747855677766456,-0.5556471641569507,-6.74776193042263,18098.075222067706,0.0,0.19182687041996702,1.940615498026607,2100841.585334012,603.42979371159
259200.0,4557203.36241122,362798.82150015654,4557141.080939942,-606.1375414697116,1461.3121551594854,-606.2542004834443,-6.747927987490656,-0.556056825820695,-6.747834205728446,18098.075222067706,0.0,0.19182687041996702,1.940615498026607,2100841.585334012,603.42979371159
259300.0,4557142.714917313,362944.94993470324,4557080.421780603,-606.8123378527014,1461.256528914504,-606.9289874865306,-6.747999546147421,-0.5564683932548524,-6.747905729814405,18098.075222067706,0.0,0.19182687041996702,1.940615498026607,2100841.585334012,603.42979371159
259400.0,4557081.999943412,363091.0728045644,4557019.695142208,-607.4871413535118,1461.2008614165766,-607.6037816039727,-6.7480703419197,-0.5568818884325467,-6.747976490861725,18098.075222067706,0.0,0.19182687041996702,1.940615498026607,2100841.585334012,603.42979371159
259500.0,4557021.217488808,363237.190105605,4556958.901024048,-608.161951895257,1461.1451524718182,-608.2785827588693,-6.74814036283367,-0.5572973336012473,-6.748046476894824,18098.075222067706,0.0,0.19182687041996702,1.940615498026607,2100841.585334012,603.42979371159
259600.0,4556960.3675528,363383.30183367064,4556898.039425424,-608.8367693998457,1461.089401884106,-608.9533908731136,-6.748209596756576,-0.5577147512864095,-6.748115675779168,18098.075222067706,0.0,0.19182687041996702,1.940615498026607,2100841.585334012,603.42979371159
259700.0,4556899.450134697,363529.40798458713,4556837.110345644,-609.5115937879656,1461.0336094550505,-609.6282058673771,-6.748278031394509,-0.558134164295124,-6.74818407521905,18098.075222067706,0.0,0.19182687041996702,1.940615498026607,2100841.585334012,603.42979371159
259800.0,4556838.465233816,363675.50855416025,4556776.113784024,-610.1864249790667,1460.9777749839668,-610.303027661094,-6.748345654290172,-0.5585555957198551,-6.7482516627553455,18098.075222067706,0.0,0.19182687041996702,1.940615498026607,2100841.585334012,603.42979371159
259900.0,4556777.412849478,363821.60353817575,4556715.049739888,-610.861262891345,1460.921898267847,-610.977856172444,-6.748412452820593,-0.5589790689422086,-6.74831842576324,18098.075222067706,0.0,0.19182687041996702,1.940615498026607,2100841.585334012,603.42979371159
260000.0,4556716.292981016,363967.6929323988,4556653.918212568,-611.5361074417258,1460.8659791013297,-611.6526913183361,-6.748478414194844,-0.5594046076367694,-6.748384351449937,18098.075222067706,0.0,0.19182687041996702,1.940615498026607,2100841.585334012,603.42979371159
260100.0,4556655.1056277715,364113.7767325741,4556592.7192014055,-612.2109585458469,1460.8100172766717,-612.3275330143914,-6.748543525451675,-0.5598322357749587,-6.74844942685229,18098.075222067706,0.0,0.19182687041996702,1.940615498026607,2100841.585334012,603.42979371159
260200.0,4556593.850789092,364259.8549344252,4556531.452705749,-612.8858161180412,1460.7540125837177,-613.0023811749261,-6.748607773457152,-0.5602619776289888,-6.748513638834455,18098.075222067706,0.0,0.19182687041996702,1.940615498026607,2100841.585334012,603.42979371159
260300.0,4556532.528464335,364405.9275336548,4556470.118724958,-613.5606800713198,1460.6979648098697,-613.6772357129341,-6.748671144902244,-0.560693857775835,-6.748576974085456,18098.075222067706,0.0,0.19182687041996702,1.940615498026607,2100841.585334012,603.42979371159
260400.0,4556471.138652868,364551.994525944,4556408.7172583975,-614.2355503173536,1460.6418737400568,-614.3520965400694,-6.748733626300389,-0.5611279011013007,-6.748639419116771,18098.075222067706,0.0,0.19182687041996702,1.940615498026607,2100841.585334012,603.42979371159
260500.0,4556409.6813540645,364698.05590695236,4556347.248305444,-614.9104267664562,1460.5857391567038,-615.0269635666281,-6.748795203984996,-0.5615641328040828,-6.748700960259818,18098.075222067706,0.0,0.19182687041996702,1.940615498026607,2100841.585334012,603.42979371159
260600.0,4556348.15656731,364844.11167231755,4556285.711865481,-615.5853093275654,1460.5295608396998,-615.7018367015303,-6.748855864106957,-0.5620025783999687,-6.748761583663473,18098.075222067706,0.0,0.19182687041996702,1.940615498026607,2100841.585334012,603.42979371159
260700.0,4556286.564291998,364990.1618176551,4556224.107937903,-616.2601979082245,1460.4733385663665,-616.3767158523018,-6.748915592632063,-0.5624432637260104,-6.748821275291491,18098.075222067706,0.0,0.19182687041996702,1.940615498026607,2100841.585334012,603.42979371159
260800.0,4556224.904527531,365136.2063385581,4556162.436522113,-616.9350924145647,1460.4170721114253,-617.0516009250555,-6.748974375338447,-0.562886214944828,-6.7488800209199376,18098.075222067706,0.0,0.19182687041996702,1.940615498026607,2100841.585334012,603.42979371159
260900.0,4556163.177273321,365282.2452305971,4556100.697617523,-617.6099927512847,1460.360761246965,-617.7264918244722,-6.749032197813932,-0.5633314585489299,-6.748937806134546,18098.075222067706,0.0,0.19182687041996702,1.940615498026607,2100841.585334012,603.42979371159
261000.0,4556101.382528789,365428.27848931955,4556038.891223556,-618.2848988216331,1460.3044057424088,-618.4013884537819,-6.74908904545338,-0.5637790213651003,-6.748994616328064,18098.075222067706,0.0,0.19182687041996702,1.940615498026607,2100841.585334012,603.42979371159
261100.0,4556039.520293368,365574.30611024983,4555977.017339644,-618.9598105273877,1460.24800536448,-619.0762907147439,-6.749144903455982,-0.5642289305588586,-6.7490504366975355,18098.075222067706,0.0,0.19182687041996702,1.940615498026607,2100841.585334012,603.42979371159
261200.0,4555977.590566499,365720.32808888884,4555915.0759652285,-619.6347277688367,1460.191559877168,-619.7511985076275,-6.749199756822524,-0.5646812136389763,-6.749105252241575,18098.075222067706,0.0,0.19182687041996702,1.940615498026607,2100841.585334012,603.42979371159
261300.0,4555915.593347633,365866.34442071366,4555853.067099761,-620.309650444758,1460.1350690416944,-620.4261117311916,-6.749253590352587,-0.5651358984620549,-6.749159047757572,18098.075222067706,0.0,0.19182687041996702,1.940615498026607,2100841.585334012,603.42979371159
261400.0,4555853.528636232,366012.3551011775,4555790.990742705,-620.9845784523994,1460.0785326164776,-621.1010302826647,-6.749306388641742,-0.5655930132371677,-6.749211807838865,18098.075222067706,0.0,0.19182687041996702,1.940615498026607,2100841.585334012,603.42979371159
261500.0,4555791.396431768,366158.3601257092,4555728.846893531,-621.6595116874581,1460.0219503570968,-621.7759540577246,-6.749358136078672,-0.566052586530562,-6.7492635168718875,18098.075222067706,0.0,0.19182687041996702,1.940615498026607,2100841.585334012,603.42979371159
261600.0,4555729.196733724,366304.3594897129,4555666.635551723,-622.3344500440596,1459.965322016257,-622.4508829504769,-6.749408816842275,-0.5665146472704429,-6.749314159033247,18098.075222067706,0.0,0.19182687041996702,1.940615498026607,2100841.585334012,603.42979371159
261700.0,4555666.9295415925,366450.3531885681,4555604.3567167735,-623.0093934147366,1459.9086473437517,-623.1258168534345,-6.749458414898696,-0.5669792247518066,-6.749363718286788,18098.075222067706,0.0,0.19182687041996702,1.940615498026607,2100841.585334012,603.42979371159
261800.0,4555604.594854877,366596.34121762885,4555542.010388188,-623.6843416904077,1459.8519260864266,-623.8007556574958,-6.749506913998361,-0.5674463486413477,-6.749412178380589,18098.075222067706,0.0,0.19182687041996702,1.940615498026607,2100841.585334012,603.42979371159
261900.0,4555542.192673095,366742.323572224,4555479.596565482,-624.3592947603556,1459.795157988142,-624.4756992519231,-6.749554297672914,-0.567916048982431,-6.749459522843929,18098.075222067706,0.0,0.19182687041996702,1.940615498026607,2100841.585334012,603.42979371159
262000.0,4555479.722995769,366888.3002476565,4555417.115248182,-625.0342525122053,1459.7383427897346,-625.1506475243207,-6.749600549232164,-0.5683883562001543,-6.749505734984214,18098.075222067706,0.0,0.19182687041996702,1.940615498026607,2100841.585334012,603.42979371159
262100.0,4555417.185822439,367034.27123920317,4555354.566435825,-625.7092148319012,1459.6814802289794,-625.8256003606122,-6.749645651760926,-0.5688633011064398,-6.749550797883827,18098.075222067706,0.0,0.19182687041996702,1.940615498026607,2100841.585334012,603.42979371159
262200.0,4555354.581152654,367180.23654211464,4555291.950127961,-626.3841816036852,1459.6245700405507,-626.5005576450181,-6.749689588115883,-0.5693409149052465,-6.749594694396992,18098.075222067706,0.0,0.19182687041996702,1.940615498026607,2100841.585334012,603.42979371159
262300.0,4555291.908985974,367326.1961516147,4555229.266324151,-627.059152710073,1459.5676119559823,-627.1755192600331,-6.7497323409223355,-0.5698212291978136,-6.749637407146516,18098.075222067706,0.0,0.19182687041996702,1.940615498026607,2100841.585334012,603.42979371159
262400.0,4555229.169321972,367472.1500629002,4555166.515023968,-627.7341280318313,1459.5106057036282,-627.8504850864019,-6.749773892570964,-0.5703042759880024,-6.749678918520557,18098.075222067706,0.0,0.19182687041996702,1.940615498026607,2100841.585334012,603.42979371159
262500.0,4555166.362160232,367618.09827114065,4555103.696226997,-628.4091074479539,1459.4535510086214,-628.5254550030967,-6.749814225214499,-0.5707900876877083,-6.7497192106692845,18098.075222067706,0.0,0.19182687041996702,1.940615498026607,2100841.585334012,603.42979371159
262600.0,4555103.48750035,367764.0407714779,4555040.809932835,-629.084090835638,1459.3964475928333,-629.2004288872922,-6.749853320764362,-0.5712786971223398,-6.749758265501536,18098.075222067706,0.0,0.19182687041996702,1.940615498026607,2100841.585334012,603.42979371159
262700.0,4555040.545341936,367909.9775590258,4554977.856141092,-629.7590780702595,1459.3392951748315,-629.8754066143422,-6.749891160887249,-0.5717701375363822,-6.749796064681388,18098.075222067706,0.0,0.19182687041996702,1.940615498026607,2100841.585334012,603.42979371159
262800.0,4554977.535684612,368055.90862887,4554914.834851389,-630.4340690253488,1459.2820934698382,-630.5503880577542,-6.749927727001687,-0.5722644425990444,-6.749832589624705,18098.075222067706,0.0,0.19182687041996702,1.940615498026607,2100841.585334012,603.42979371159
262900.0,4554914.458528011,368201.8339760673,4554851.746063361,-631.1090635725654,1459.2248421896873,-631.2253730891649,-6.749963000274498,-0.5727616464099722,-6.749867821495622,18098.075222067706,0.0,0.19182687041996702,1.940615498026607,2100841.585334012,603.42979371159
263000.0,4554851.313871781,368347.7535956457,4554788.589776656,-631.784061581673,1459.1675410427806,-631.9003615783148,-6.749996961617249,-0.573261783505053,-6.749901741202987,18098.075222067706,0.0,0.19182687041996702,1.940615498026607,2100841.585334012,603.42979371159
263100.0,4554788.101715583,368493.6674826038,4554725.365990934,-632.4590629205132,1459.1101897340448,-632.575353393022,-6.750029591682627,-0.5737648888622856,-6.749934329396723,18098.075222067706,0.0,0.19182687041996702,1.940615498026607,2100841.585334012,603.42979371159
263200.0,4554724.82205909,368639.5756319105,4554662.074705871,-633.1340674549803,1459.0527879648857,-633.2503483991569,-6.750060870860775,-0.5742709979077656,-6.749965566464185,18098.075222067706,0.0,0.19182687041996702,1.940615498026607,2100841.585334012,603.42979371159
263300.0,4554661.47490199,368785.4780385047,4554598.715921152,-633.8090750489936,1458.9953354331446,-633.9253464606151,-6.7500907792755696,-0.5747801465217252,-6.749995432526418,18098.075222067706,0.0,0.19182687041996702,1.940615498026607,2100841.585334012,603.42979371159
263400.0,4554598.060243983,368931.3746972949,4554535.289636482,-634.4840855644719,1458.9378318330516,-634.6003474392908,-6.7501192967808334,-0.5752923710446549,-6.750023907434379,18098.075222067706,0.0,0.19182687041996702,1.940615498026607,2100841.585334012,603.42979371159
263500.0,4554534.578084785,369077.26560315874,4554471.795851572,-635.1590988613057,1458.880276855179,-635.2753511950497,-6.750146402956503,-0.5758077082835489,-6.750050970765101,18098.075222067706,0.0,0.19182687041996702,1.940615498026607,2100841.585334012,603.42979371159
263600.0,4554471.028424123,369223.1507509429,4554408.234566155,-635.8341147973292,1458.8226701863955,-635.9503575857015,-6.750172077104739,-0.5763261955181871,-6.75007660181781,18098.075222067706,0.0,0.19182687041996702,1.940615498026607,2100841.585334012,603.42979371159
263700.0,4554407.411261742,369369.0301354624,4554344.605779973,-636.5091332282933,1458.7650115098174,-636.6253664669715,-6.750196298245973,-0.5768478705075474,-6.7501007796099595,18098.075222067706,0.0,0.19182687041996702,1.940615498026607,2100841.585334012,603.42979371159
263800.0,4554343.726597399,369514.90375150053,4554280.909492784,-637.1841540078364,1458.7073005047612,-637.3003776924728,-6.750219045114915,-0.577372771496304,-6.750123482873243,18098.075222067706,0.0,0.19182687041996702,1.940615498026607,2100841.585334012,603.42979371159
263900.0,4554279.9744308675,369660.77159380825,4554217.145704362,-637.8591769874557,1458.6495368466942,-637.9753911136769,-6.750240296156466,-0.5779009372213788,-6.750144690049509,18098.075222067706,0.0,0.19182687041996702,1.940615498026607,2100841.585334012,603.42979371159
264000.0,4554216.154761934,369806.6336571038,4554153.314414494,-638.5342020164787,1458.591720207185,-638.650406579885,-6.750260029521599,-0.5784324069186367,-6.750164379286636,18098.075222067706,0.0,0.19182687041996702,1.940615498026607,2100841.585334012,603.42979371159
264100.0,4554152.267590401,369952.48993607255,4554089.415622983,-639.209228942033,1458.5338502538539,-639.3254239381982,-6.750278223063178,-0.5789672203296453,-6.750182528434356,18098.075222067706,0.0,0.19182687041996702,1.940615498026607,2100841.585334012,603.42979371159
264200.0,4554088.312916087,370098.34042536624,4554025.449329648,-639.884257609016,1458.4759266503208,-640.0004430334875,-6.750294854331697,-0.5795054177085304,-6.75019911503999,18098.075222067706,0.0,0.19182687041996702,1.940615498026607,2100841.585334012,603.42979371159
264300.0,4554024.290738826,370244.18511960295,4553961.415534324,-640.5592878600653,1458.4179490561548,-640.6754637083632,-6.750309900570977,-0.5800470398289544,-6.750214116344153,18098.075222067706,0.0,0.19182687041996702,1.940615498026607,2100841.585334012,603.42979371159
264400.0,4553960.201058467,370390.0240133663,4553897.31423686,-641.2343195355272,1458.359917126821,-641.3504858031442,-6.750323338713787,-0.5805921279911561,-6.750227509276345,18098.075222067706,0.0,0.19182687041996702,1.940615498026607,2100841.585334012,603.42979371159
264500.0,4553896.043874877,370535.8571012055,4553833.145437121,-641.9093524734257,1458.3018305136281,-642.0255091558269,-6.750335145377396,-0.5811407240291153,-6.750239270450547,18098.075222067706,0.0,0.19182687041996702,1.940615498026607,2100841.585334012,603.42979371159
264600.0,4553831.819187935,370681.6843776345,4553768.9091349915,-642.5843865094303,1458.2436888636742,-642.7005336020526,-6.7503452968590665,-0.5816928703178117,-6.75024937616068,18098.075222067706,0.0,0.19182687041996702,1.940615498026607,2100841.585334012,603.42979371159
264700.0,4553767.526997543,370827.50583713176,4553704.605330369,-643.2594214768242,1458.1854918197926,-643.3755589750762,-6.750353769131494,-0.5822486097805997,-6.7502578023760575,18098.075222067706,0.0,0.19182687041996702,1.940615498026607,2100841.585334012,603.42979371159
264800.0,4553703.167303614,370973.3214741399,4553640.234023171,-643.9344572064714,1458.1272390204967,-644.0505851057329,-6.750360537838149,-0.5828079858966588,-6.750264524736724,18098.075222067706,0.0,0.19182687041996702,1.940615498026607,2100841.585334012,603.42979371159
264900.0,4553638.740106082,371119.1312830652,4553575.795213329,-644.6094935267836,1458.068930099924,-644.7256118224055,-6.750365578288566,-0.5833710427085675,-6.750269518548743,18098.075222067706,0.0,0.19182687041996702,1.940615498026607,2100841.585334012,603.42979371159
265000.0,4553574.245404894,371264.9352582769,4553511.288900793,-645.2845302636866,1458.0105646877787,-645.4006389509904,-6.750368865453579,-0.5839378248300092,-6.750272758779433,18098.075222067706,0.0,0.19182687041996702,1.940615498026607,2100841.585334012,603.42979371159
265100.0,4553509.68320002,371410.7333941072,4553446.715085531,-645.9595672405861,1457.9521424092752,-646.0756663148633,-6.750370373960449,-0.5845083774535292,-6.750274220052492,18098.075222067706,0.0,0.19182687041996702,1.940615498026607,2100841.585334012,603.42979371159
265200.0,4553445.053491444,371556.5256848506,4553382.073767528,-646.6346042783331,1457.8936628850793,-646.7506937348452,-6.75037007808795,-0.5850827463584525,-6.750273876643089,18098.075222067706,0.0,0.19182687041996702,1.940615498026607,2100841.585334012,603.42979371159
265300.0,4553380.356279169,371702.31212476327,4553317.364946788,-647.3096411951889,1457.835125731249,-647.4257210291669,-6.75036795176137,-0.5856609779188978,-6.75027170247286,18098.075222067706,0.0,0.19182687041996702,1.940615498026607,2100841.585334012,603.42979371159
265400.0,4553315.5915632155,371848.0927080629,4553252.588623333,-647.9846778067895,1457.7765305591752,-648.1007480134335,-6.7503639685474415,-0.5862431191119122,-6.750267671104833,18098.075222067706,0.0,0.19182687041996702,1.940615498026607,2100841.585334012,603.42979371159
265500.0,4553250.759343624,371993.86742892803,4553187.744797202,-648.6597139261092,1457.71787697552,-648.7757745005883,-6.750358101649187,-0.5868292175256897,-6.750261755738284,18098.075222067706,0.0,0.19182687041996702,1.940615498026607,2100841.585334012,603.42979371159
265600.0,4553185.859620453,372139.63628149766,4553122.833468455,-649.3347493634246,1457.6591645821566,-649.450800300876,-6.750350323900701,-0.5874193213679558,-6.750253929203509,18098.075222067706,0.0,0.19182687041996702,1.940615498026607,2100841.585334012,603.42979371159
265700.0,4553120.89239378,372285.3992598707,4553057.85463717,-650.0097839262768,1457.600392976105,-650.1258252218057,-6.750340607761842,-0.5880134794744346,-6.750244163956519,18098.075222067706,0.0,0.19182687041996702,1.940615498026607,2100841.585334012,603.42979371159
265800.0,4553055.857663703,372431.15635810554,4552992.808303446,-650.6848174194338,1457.541561749471,-650.8008490681132,-6.750328925312862,-0.5886117413174525,-6.750232432073667,18098.075222067706,0.0,0.19182687041996702,1.940615498026607,2100841.585334012,603.42979371159
265900.0,4552990.755430339,372576.9075702195,4552927.694467398,-651.3598496448526,1457.4826704893803,-651.4758716417226,-6.7503152482489295,-0.5892141570146662,-6.750218705246177,18098.075222067706,0.0,0.19182687041996702,1.940615498026607,2100841.585334012,603.42979371159
266000.0,4552925.585693823,372722.6528901884,4552862.513129166,-652.0348804016403,1457.4237187779145,-652.1508927417079,-6.750299547874598,-0.5898207773379134,-6.750202954774603,18098.075222067706,0.0,0.19182687041996702,1.940615498026607,2100841.585334012,603.42979371159
266100.0,4552860.348454314,372868.39231194597,4552797.264288906,-652.7099094860146,1457.3647061920447,-652.8259121642533,-6.750281795098177,-0.5904316537221592,-6.750185151563203,18098.075222067706,0.0,0.19182687041996702,1.940615498026607,2100841.585334012,603.42979371159
266200.0,4552795.043711989,373014.1258293834,4552731.947946796,-653.3849366912639,1457.305632303565,-653.5009297026131,-6.750261960426021,-0.5910468382746497,-6.750165266114225,18098.075222067706,0.0,0.19182687041996702,1.940615498026607,2100841.585334012,603.42979371159
266300.0,4552729.671467046,373159.8534363488,4552666.564103035,-654.0599618077069,1457.246496679025,-654.1759451470718,-6.750240013956733,-0.5916663837840894,-6.750143268522118,18098.075222067706,0.0,0.19182687041996702,1.940615498026607,2100841.585334012,603.42979371159
266400.0,4552664.231719704,373305.57512664667,4552601.112757844,-654.7349846226518,1457.187298879661,-654.8509582849026,-6.750215925375291,-0.5922903437300475,-6.750119128467646,18098.075222067706,0.0,0.19182687041996702,1.940615498026607,2100841.585334012,603.42979371159
266500.0,4552598.724470206,373451.2908940374,4552535.593911462,-655.4100049203541,1457.128038461326,-655.5259689003258,-6.750189663947065,-0.5929187722924348,-6.750092815211912,18098.075222067706,0.0,0.19182687041996702,1.940615498026607,2100841.585334012,603.42979371159
266600.0,4552533.149718812,373597.00073223666,4552470.007564155,-656.0850224819748,1457.06871497442,-656.2009767744665,-6.750161198511768,-0.5935517243611433,-6.75006429759031,18098.075222067706,0.0,0.19182687041996702,1.940615498026607,2100841.585334012,603.42979371159
266700.0,4552467.507465808,373742.7046349149,4552404.353716207,-656.760037085537,1457.0093279638174,-656.8759816853121,-6.750130497477303,-0.5941892555458249,-6.750033544006359,18098.075222067706,0.0,0.19182687041996702,1.940615498026607,2100841.585334012,603.42979371159
266800.0,4552401.797711501,373888.4025956966,4552338.632367925,-657.4350485058831,1456.9498769687964,-657.5509834076684,-6.750097528813519,-0.5948314221857885,-6.7500005224254735,18098.075222067706,0.0,0.19182687041996702,1.940615498026607,2100841.585334012,603.42979371159
266900.0,4552336.02045622,374034.09460816026,4552272.843519639,-658.1100565146301,1456.8903615229633,-658.2259817131152,-6.750062260045876,-0.5954782813600746,-6.749965200368618,18098.075222067706,0.0,0.19182687041996702,1.940615498026607,2100841.585334012,603.42979371159
267000.0,4552270.175700319,374179.7806658371,4552206.987171704,-658.7850608801251,1456.8307811541797,-658.9009763699623,-6.750024658249019,-0.5961298908976423,-6.749927544905889,18098.075222067706,0.0,0.19182687041996702,1.940615498026607,2100841.585334012,603.42979371159
267100.0,4552204.263444173,374325.46076221106,4552141.063324495,-659.4600613673999,1456.7711353844861,-659.5759671432037,-6.7499846900402405,-0.5967863093877023,-6.749887522649962,18098.075222067706,0.0,0.19182687041996702,1.940615498026607,2100841.585334012,603.42979371159
267200.0,4552138.283688183,374471.13489071786,4552075.071978413,-660.1350577381249,1456.711423730026,-660.2509537944713,-6.749942321572871,-0.597447596190245,-6.74984509974949,18098.075222067706,0.0,0.19182687041996702,1.940615498026607,2100841.585334012,603.42979371159
267300.0,4552072.236432771,374616.8030447446,4552009.013133882,-660.8100497505624,1456.651645700967,-660.9259360819885,-6.749897518529541,-0.5981138114466507,-6.749800241882377,18098.075222067706,0.0,0.19182687041996702,1.940615498026607,2100841.585334012,603.42979371159
267400.0,4552006.121678386,374762.46521762904,4551942.88679135,-661.4850371595189,1456.5918008014244,-661.6009137605228,-6.74985024611536,-0.5987850160905054,-6.749752914248931,18098.075222067706,0.0,0.19182687041996702,1.940615498026607,2100841.585334012,603.42979371159
267500.0,4551939.939425501,374908.1214026591,4551876.692951292,-662.1600197162976,1456.5318885293789,-662.2758865813372,-6.749800469050992,-0.599461271858538,-6.749703081564956,18098.075222067706,0.0,0.19182687041996702,1.940615498026607,2100841.585334012,603.42979371159
267600.0,4551873.689674613,375053.7715930722,4551810.431614204,-662.8349971686489,1456.4719083765976,-662.9508542921421,-6.749748151565617,-0.6001426413017467,-6.749650708054708,18098.075222067706,0.0,0.19182687041996702,1.940615498026607,2100841.585334012,603.42979371159
267700.0,4551807.372426246,375199.4157820546,4551744.102780612,-663.5099692607215,1456.411859828551,-663.6258166370453,-6.749693257389799,-0.6008291877966642,-6.749595757443763,18098.075222067706,0.0,0.19182687041996702,1.940615498026607,2100841.585334012,603.42979371159
267800.0,4551740.987680948,375345.05396274076,4551677.706451065,-664.1849357330118,1456.3517423643304,-664.300773356502,-6.749635749748236,-0.6015209755567741,-6.749538192951765,18098.075222067706,0.0,0.19182687041996702,1.940615498026607,2100841.585334012,603.42979371159
267900.0,4551674.535439296,375490.6861282127,4551611.242626137,-664.8598963223131,1456.2915554565632,-664.9757241872637,-6.749575591352415,-0.6022180696441379,-6.7494779772850775,18098.075222067706,0.0,0.19182687041996702,1.940615498026607,2100841.585334012,603.42979371159
268000.0,4551608.015701889,375636.3122714995,4551544.711306432,-665.5348507616641,1456.2312985713277,-665.6506688623266,-6.749512744393129,-0.6029205359811062,-6.749415072629306,18098.075222067706,0.0,0.19182687041996702,1.940615498026607,2100841.585334012,603.42979371159
268100.0,4551541.428469357,375781.93238557637,4551478.112492579,-666.2097987802957,1456.1709711680664,-666.3256071108791,-6.74944717053292,-0.6036284413623143,-6.749349440641739,18098.075222067706,0.0,0.19182687041996702,1.940615498026607,2100841.585334012,603.42979371159
268200.0,4551474.773742356,375927.54646336427,4551411.446185234,-666.8847401035788,1456.1105726994986,-667.0005386582485,-6.749378830898372,-0.6043418534667424,-6.749281042443628,18098.075222067706,0.0,0.19182687041996702,1.940615498026607,2100841.585334012,603.42979371159
268300.0,4551408.0515215695,376073.154497729,4551344.712385081,-667.5596744529696,1456.0501026115307,-667.6754632258472,-6.749307686072318,-0.6050608408700154,-6.749209838612412,18098.075222067706,0.0,0.19182687041996702,1.940615498026607,2100841.585334012,603.42979371159
268400.0,4551341.261807708,376218.75648148055,4551277.911092831,-668.2346015459551,1455.9895603431662,-668.3503805311179,-6.749233696085898,-0.6057854730568382,-6.749135789173763,18098.075222067706,0.0,0.19182687041996702,1.940615498026607,2100841.585334012,603.42979371159
268500.0,4551274.404601512,376364.3524073727,4551211.042309226,-668.9095210959977,1455.9289453264141,-669.0252902874778,-6.749156820410521,-0.6065158204336625,-6.74905885359355,18098.075222067706,0.0,0.19182687041996702,1.940615498026607,2100841.585334012,603.42979371159
268600.0,4551207.479903749,376509.94226810173,4551144.106035034,-669.5844328124783,1455.8682569861962,-669.7001922042624,-6.7490770179497135,-0.6072519543414701,-6.748978990769684,18098.075222067706,0.0,0.19182687041996702,1.940615498026607,2100841.585334012,603.42979371159
268700.0,4551140.487715219,376655.5260563064,4551077.102271056,-670.2593364006397,1455.8074947402529,-670.3750859866683,-6.748994247030799,-0.6079939470688005,-6.748896159023804,18098.075222067706,0.0,0.19182687041996702,1.940615498026607,2100841.585334012,603.42979371159
268800.0,4551073.428036749,376801.1037645666,4551010.031018118,-670.9342315615279,1455.7466579990478,-671.049971335695,-6.748908465396519,-0.6087418718649464,-6.748810316092882,18098.075222067706,0.0,0.19182687041996702,1.940615498026607,2100841.585334012,603.42979371159
268900.0,4551006.300869198,376946.6753854031,4550942.892277081,-671.609117991934,1455.6857461656712,-671.7248479480861,-6.748819630196456,-0.6094958029533051,-6.748721419120667,18098.075222067706,0.0,0.19182687041996702,1.940615498026607,2100841.585334012,603.42979371159
269000.0,4550939.106213452,377092.2409112765,4550875.686048831,-672.2839953843338,1455.6247586357415,-672.3997155162698,-6.748727697978394,-0.6102558155449895,-6.7486294246490175,18098.075222067706,0.0,0.19182687041996702,1.940615498026607,2100841.585334012,603.42979371159
269100.0,4550871.844070433,377237.8003345866,4550808.412334289,-672.9588634268276,1455.5636947973062,-673.0745737282977,-6.748632624679492,-0.6110219858525716,-6.748534288609105,18098.075222067706,0.0,0.19182687041996702,1.940615498026607,2100841.585334012,603.42979371159
269200.0,4550804.51444109,377383.35364767164,4550741.071134408,-673.6337218030783,1455.5025540307406,-673.7494222677836,-6.748534365617365,-0.6117943911040667,-6.748435966312463,18098.075222067706,0.0,0.19182687041996702,1.940615498026607,2100841.585334012,603.42979371159
269300.0,4550737.117326405,377528.90084280755,4550673.662450169,-674.3085701922492,1455.4413357086464,-674.4242608138417,-6.748432875480999,-0.6125731095571221,-6.748334412441922,18098.075222067706,0.0,0.19182687041996702,1.940615498026607,2100841.585334012,603.42979371159
269400.0,4550669.652727394,377674.44191220705,4550606.186282589,-674.983408268941,1455.380039195747,-675.0990890410218,-6.748328108321562,-0.6133582205133654,-6.748229581042416,18098.075222067706,0.0,0.19182687041996702,1.940615498026607,2100841.585334012,603.42979371159
269500.0,4550602.120645106,377819.97684801894,4550538.642632716,-675.6582357031269,1455.3186638487828,-675.7739066192464,-6.748220017543036,-0.6141498043329812,-6.748121425511599,18098.075222067706,0.0,0.19182687041996702,1.940615498026607,2100841.585334012,603.42979371159
269600.0,4550534.52108062,377965.5056423273,4550471.031501632,-676.333052160088,1455.2572090164049,-676.4487132137451,-6.748108555892743,-0.6149479424495855,-6.748009898590391,18098.075222067706,0.0,0.19182687041996702,1.940615498026607,2100841.585334012,603.42979371159
269700.0,4550466.854035051,378111.0282871507,4550403.352890451,-677.0078573003465,1455.1956740390667,-677.1235084849881,-6.747993675451702,-0.6157527173851417,-6.747894952353321,18098.075222067706,0.0,0.19182687041996702,1.940615498026607,2100841.585334012,603.42979371159
269800.0,4550399.119509548,378256.54477444134,4550335.606800324,-677.6826507795994,1455.1340582489142,-677.7982920886193,-6.747875327624863,-0.6165642127652534,-6.7477765381987584,18098.075222067706,0.0,0.19182687041996702,1.940615498026607,2100841.585334012,603.42979371159
269900.0,4550331.317505295,378402.0550960842,4550267.793232434,-678.3574322486498,1455.0723609696752,-678.4730636753884,-6.747753463131166,-0.617382513334597,-6.747654606838978,18098.075222067706,0.0,0.19182687041996702,1.940615498026607,2100841.585334012,603.42979371159
270000.0,4550263.448023511,378547.55924389616,4550199.912188002,-679.0322013533382,1455.0105815165462,-679.1478228910815,-6.747628031993468,-0.6182077049725824,-6.747529108290086,18098.075222067706,0.0,0.19182687041996702,1.940615498026607,2100841.585334012,603.42979371159
270100.0,4550195.51106545,378693.05720962526,4550131.963668281,-679.7069577344718,1454.9487191960786,-679.8225693764512,-6.747498983528315,-0.6190398747092977,-6.747399991861782,18098.075222067706,0.0,0.19182687041996702,1.940615498026607,2100841.585334012,603.42979371159
270200.0,4550127.506632401,378838.5489849497,4550063.947674563,-680.3817010277537,1454.8867733060624,-680.497302767145,-6.747366266335554,-0.6198791107415995,-6.747267206146976,18098.075222067706,0.0,0.19182687041996702,1.940615498026607,2100841.585334012,603.42979371159
270300.0,4550059.4347256925,378984.03456147714,4549995.864208177,-681.0564308637111,1454.824743135409,-681.172022693634,-6.747229828287789,-0.6207255024495097,-6.747130699011245,18098.075222067706,0.0,0.19182687041996702,1.940615498026607,2100841.585334012,603.42979371159
270400.0,4549991.295346689,379129.51393074344,4549927.713270486,-681.7311468676213,1454.762627964032,-681.8467287811383,-6.747089616519678,-0.6215791404127954,-6.746990417582122,18098.075222067706,0.0,0.19182687041996702,1.940615498026607,2100841.585334012,603.42979371159
270500.0,4549923.088496793,379274.98708421225,4549859.4948628945,-682.405848659438,1454.700427062726,-682.521420649554,-6.74694557741706,-0.6224401164278601,-6.7468463082382275,18098.075222067706,0.0,0.19182687041996702,1.940615498026607,2100841.585334012,603.42979371159
270600.0,4549854.814177444,379420.4540132737,4549791.208986843,-683.0805358537152,1454.6381396930449,-683.1960979133769,-6.746797656605929,-0.6233085235247847,-6.746698316598242,18098.075222067706,0.0,0.19182687041996702,1.940615498026607,2100841.585334012,603.42979371159
270700.0,4549786.472390122,379565.91470924363,4549722.855643812,-683.7552080595315,1454.575765107177,-683.8707601816262,-6.746645798941236,-0.6241844559847257,-6.7465463875097065,18098.075222067706,0.0,0.19182687041996702,1.940615498026607,2100841.585334012,603.42979371159
270800.0,4549718.063136345,379711.36916336266,4549654.434835319,-684.4298648804115,1454.513302547819,-684.5454070577669,-6.746489948495511,-0.6250680093574347,-6.746390465037633,18098.075222067706,0.0,0.19182687041996702,1.940615498026607,2100841.585334012,603.42979371159
270900.0,4549649.586417672,379856.8173667952,4549585.946562926,-685.104505914248,1454.4507512480486,-685.2200381396308,-6.746330048547325,-0.6259592804791886,-6.7462304924529795,18098.075222067706,0.0,0.19182687041996702,1.940615498026607,2100841.585334012,603.42979371159
271000.0,4549581.042235702,380002.2593106284,4549517.390828231,-685.7791307532209,1454.388110431195,-685.8946530193367,-6.746166041569568,-0.6268583674908715,-6.746066412220923,18098.075222067706,0.0,0.19182687041996702,1.940615498026607,2100841.585334012,603.42979371159
271100.0,4549512.430592075,380147.6949858713,4549448.767632876,-686.4537389837169,1454.3253793107067,-686.5692512832092,-6.74599786921755,-0.6277653698563146,-6.745898165988954,18098.075222067706,0.0,0.19182687041996702,1.940615498026607,2100841.585334012,603.42979371159
271200.0,4549443.751488473,380293.12438345386,4549380.076978542,-687.1283301862469,1454.2625570900198,-687.2438325116959,-6.745825472316929,-0.6286803883809837,-6.745725694574802,18098.075222067706,0.0,0.19182687041996702,1.940615498026607,2100841.585334012,603.42979371159
271300.0,4549375.00492662,380438.5474942258,4549311.318866955,-687.8029039353623,1454.1996429624212,-687.9183962792847,-6.745648790851436,-0.6296035252308723,-6.7455489379541715,18098.075222067706,0.0,0.19182687041996702,1.940615498026607,2100841.585334012,603.42979371159
271400.0,4549306.190908282,380583.9643089556,4549242.493299883,-688.4774597995703,1454.1366361109128,-688.5929421544181,-6.7454677639504315,-0.6305348839516901,-6.745367835248283,18098.075222067706,0.0,0.19182687041996702,1.940615498026607,2100841.585334012,603.42979371159
271500.0,4549237.309435271,380729.3748183296,4549173.600279136,-689.1519973412476,1454.0735357080719,-689.2674696994076,-6.745282329876269,-0.6314745694883604,-6.74518232471124,18098.075222067706,0.0,0.19182687041996702,1.940615498026607,2100841.585334012,603.42979371159
271600.0,4549168.360509439,380874.7790129509,4549104.639806569,-689.8265161165534,1454.0103409159105,-689.941978470346,-6.745092426011456,-0.6324226882047238,-6.744992343717187,18098.075222067706,0.0,0.19182687041996702,1.940615498026607,2100841.585334012,603.42979371159
271700.0,4549099.344132688,381020.1768833382,4549035.611884082,-690.5010156753408,1453.947050885733,-690.6164680170194,-6.744897988845617,-0.633379347903635,-6.744797828747277,18098.075222067706,0.0,0.19182687041996702,1.940615498026607,2100841.585334012,603.42979371159
271800.0,4549030.26030696,381165.5684199248,4548966.5165136205,-691.1754955610663,1453.88366475799,-691.2909378828165,-6.744698953962291,-0.6343446578472506,-6.744598715376465,18098.075222067706,0.0,0.19182687041996702,1.940615498026607,2100841.585334012,603.42979371159
271900.0,4548961.109034247,381310.95361305756,4548897.353697176,-691.8499553106991,1453.8201816621322,-691.9653876046375,-6.744495256025469,-0.6353187287776768,-6.744394938260036,18098.075222067706,0.0,0.19182687041996702,1.940615498026607,2100841.585334012,603.42979371159
272000.0,4548891.890316585,381456.3324529956,4548828.123436786,-692.5243944546282,1453.7566007164617,-692.639816712802,-6.744286828765981,-0.6363016729379598,-6.744186431119997,18098.075222067706,0.0,0.19182687041996702,1.940615498026607,2100841.585334012,603.42979371159
272100.0,4548822.604156059,381601.70492990944,4548758.825734536,-693.1988125165686,1453.6929210279798,-693.3142247309543,-6.744073604967644,-0.6372936040932254,-6.743973126731229,18098.075222067706,0.0,0.19182687041996702,1.940615498026607,2100841.585334012,603.42979371159
272200.0,4548753.250554801,381747.07103387965,4548689.460592559,-693.8732090134656,1453.6291416922345,-693.9886111759681,-6.743855516453213,-0.6382946375522892,-6.74375495690742,18098.075222067706,0.0,0.19182687041996702,1.940615498026607,2100841.585334012,603.42979371159
272300.0,4548683.8295149915,381892.4307548958,4548620.028013036,-694.547583455398,1453.565261793165,-694.6629755578502,-6.743632494070097,-0.6393048901895133,-6.743531852486801,18098.075222067706,0.0,0.19182687041996702,1.940615498026607,2100841.585334012,603.42979371159
272400.0,4548614.341038861,382037.7840828553,4548550.527998199,-695.2219353454802,1453.5012804029436,-695.3373173796416,-6.743404467675887,-0.6403244804670091,-6.743303743317652,18098.075222067706,0.0,0.19182687041996702,1.940615498026607,2100841.585334012,603.42979371159
272500.0,4548544.785128691,382183.13100756204,4548480.960550329,-695.8962641797623,1453.4371965818161,-696.011636137318,-6.7431713661236365,-0.6413535284571062,-6.7430705582435895,18098.075222067706,0.0,0.19182687041996702,1.940615498026607,2100841.585334012,603.42979371159
272600.0,4548475.161786811,382328.47151872556,4548411.325671758,-696.5705694471286,1453.37300937794,-696.6859313196886,-6.742933117246919,-0.6423921558652166,-6.742832225088631,18098.075222067706,0.0,0.19182687041996702,1.940615498026607,2100841.585334012,603.42979371159
272700.0,4548405.471015605,382473.80560595944,4548341.623364869,-697.2448506291953,1453.308717827219,-697.3602024082937,-6.742689647844685,-0.6434404860530076,-6.742588670642029,18098.075222067706,0.0,0.19182687041996702,1.940615498026607,2100841.585334012,603.42979371159
272800.0,4548335.712817506,382619.13325878023,4548271.853632097,-697.9191072002061,1453.244320953137,-698.0344488772997,-6.742440883665838,-0.6444986440619584,-6.742339820642865,18098.075222067706,0.0,0.19182687041996702,1.940615498026607,2100841.585334012,603.42979371159
272900.0,4548265.887195003,382764.4544666063,4548202.016475932,-698.5933386269264,1453.1798177665894,-698.708670193394,-6.742186749393628,-0.6455667566370931,-6.742085599764432,18098.075222067706,0.0,0.19182687041996702,1.940615498026607,2100841.585334012,603.42979371159
273000.0,4548195.994150637,382909.7692187564,4548132.111898915,-699.2675443685362,1453.11520726571,-699.3828658156774,-6.7419271686297595,-0.6466449522513293,-6.741825931598341,18098.075222067706,0.0,0.19182687041996702,1.940615498026607,2100841.585334012,603.42979371159
273100.0,4548126.033687004,383055.0775044485,4548062.139903643,-699.9417238765205,1453.0504884356988,-700.057035195555,-6.741662063878295,-0.6477333611299597,-6.741560738638424,18098.075222067706,0.0,0.19182687041996702,1.940615498026607,2100841.585334012,603.42979371159
273200.0,4548056.005806754,383200.3793127983,4547992.100492769,-700.6158765945597,1452.9856602486436,-700.7311777766258,-6.741391356529268,-0.6488321152755976,-6.7412899422643475,18098.075222067706,0.0,0.19182687041996702,1.940615498026607,2100841.585334012,603.42979371159
273300.0,4547985.910512596,383345.67463281826,4547921.9936689995,-701.2900019584164,1452.920721663343,-701.4052929945702,-6.741114966842094,-0.6499413484934596,-6.7410134627250144,18098.075222067706,0.0,0.19182687041996702,1.940615498026607,2100841.585334012,603.42979371159
273400.0,4547915.747807293,383490.9634534159,4547851.819435101,-701.9640993958219,1452.8556716251235,-702.0793802770365,-6.740832813928687,-0.6510611964170331,-6.740731219121691,18098.075222067706,0.0,0.19182687041996702,1.940615498026607,2100841.585334012,603.42979371159
273500.0,4547845.517693667,383636.2457633926,4547781.577793895,-702.6381683263608,1452.7905090656552,-702.7534390435248,-6.740544815736343,-0.6521917965340944,-6.740443129390868,18098.075222067706,0.0,0.19182687041996702,1.940615498026607,2100841.585334012,603.42979371159
273600.0,4547775.220174598,383781.5215514423,4547711.268748263,-703.3122081613533,1452.7252329027665,-703.4274687052701,-6.74025088903034,-0.653333288213166,-6.740149110286875,18098.075222067706,0.0,0.19182687041996702,1.940615498026607,2100841.585334012,603.42979371159
273700.0,4547704.855253024,383926.7908061499,4547640.892301144,-703.9862183037365,1452.6598420402534,-704.1014686651229,-6.739950949376282,-0.6544858127302666,-6.739849077364229,18098.075222067706,0.0,0.19182687041996702,1.940615498026607,2100841.585334012,603.42979371159
273800.0,4547634.422931947,384072.05351599003,4547570.4484555395,-704.6601981479431,1452.5943353676876,-704.7754383174282,-6.7396449111221814,-0.65564951329614,-6.739542944959688,18098.075222067706,0.0,0.19182687041996702,1.940615498026607,2100841.585334012,603.42979371159
273900.0,4547563.923214425,384217.3096693256,4547499.937214511,-705.3341470797792,1452.5287117602222,-705.4493770479035,-6.739332687380244,-0.6568245350838647,-6.739230626174063,18098.075222067706,0.0,0.19182687041996702,1.940615498026607,2100841.585334012,603.42979371159
274000.0,4547493.356103582,384362.55925440625,4547429.358581182,-706.0080644762994,1452.4629700783935,-706.1232842335132,-6.73901419000839,-0.6580110252568411,-6.7389120328537135,18098.075222067706,0.0,0.19182687041996702,1.940615498026607,2100841.585334012,603.42979371159
274100.0,4547422.721602603,384507.802259367,4547358.712558737,-706.6819497056807,1452.3971091679207,-706.7971592423435,-6.738689329591491,-0.6592091329971795,-6.738587075571798,18098.075222067706,0.0,0.19182687041996702,1.940615498026607,2100841.585334012,603.42979371159
274200.0,4547352.019714735,384653.0386722266,4547287.999150427,-707.3558021270941,1452.3311278595029,-707.4710014334729,-6.738358015422296,-0.6604190095346322,-6.73825566360919,18098.075222067706,0.0,0.19182687041996702,1.940615498026607,2100841.585334012,603.42979371159
274300.0,4547281.250443293,384798.2684808862,4547217.218359566,-708.0296210905742,1452.2650249686124,-708.1448101568429,-6.738020155482115,-0.6616408081757078,-6.737917704935165,18098.075222067706,0.0,0.19182687041996702,1.940615498026607,2100841.585334012,603.42979371159
274400.0,4547210.413791655,384943.49167312763,4547146.370189534,-708.7034059368879,1452.1987992952859,-708.8185847531255,-6.737675656421144,-0.6628746843334674,-6.737573106187711,18098.075222067706,0.0,0.19182687041996702,1.940615498026607,2100841.585334012,603.42979371159
274500.0,4547139.509763265,385088.70823661203,4547075.454643776,-709.3771559973992,1452.1324496239122,-709.492324553589,-6.737324423538521,-0.6641207955576212,-6.737221772653602,18098.075222067706,0.0,0.19182687041996702,1.940615498026607,2100841.585334012,603.42979371159
274600.0,4547068.538361637,385233.9181588781,4547004.471725806,-710.050870593934,1452.065974723017,-710.166028879962,-6.736966360762084,-0.6653793015650593,-6.736863608248135,18098.075222067706,0.0,0.19182687041996702,1.940615498026607,2100841.585334012,603.42979371159
274700.0,4546997.499590351,385379.1214273407,4546933.421439205,-710.7245490386412,1451.999373345045,-710.8396970442952,-6.736601370627797,-0.6666503642709001,-6.736498515494558,18098.075222067706,0.0,0.19182687041996702,1.940615498026607,2100841.585334012,603.42979371159
274800.0,4546926.393453058,385524.3180292891,4546862.303787625,-711.3981906338531,1451.9326442261372,-711.5133283488212,-6.736229354258855,-0.6679341478199772,-6.736126395503185,18098.075222067706,0.0,0.19182687041996702,1.940615498026607,2100841.585334012,603.42979371159
274900.0,4546855.219953476,385669.5079518852,4546791.1187747875,-712.0717946719429,1451.8657860859082,-712.1869220858121,-6.735850211344496,-0.6692308186187271,-6.73574714795019,18098.075222067706,0.0,0.19182687041996702,1.940615498026607,2100841.585334012,603.42979371159
275000.0,4546783.979095399,385814.6911821623,4546719.866404484,-712.7453604351799,1451.7987976272175,-712.8604775374348,-6.735463840118452,-0.670540545367651,-6.735360671056061,18098.075222067706,0.0,0.19182687041996702,1.940615498026607,2100841.585334012,603.42979371159
275100.0,4546712.67088269,385959.86770702293,4546648.54668058,-713.418887195583,1451.731677535938,-713.5339939756049,-6.735070137337106,-0.6718634990941493,-6.734966861563755,18098.075222067706,0.0,0.19182687041996702,1.940615498026607,2100841.585334012,603.42979371159
275200.0,4546641.295319285,386105.0375132374,4546577.159607014,-714.0923742147722,1451.6644244807223,-714.2074706618373,-6.73466899825727,-0.673199853185892,-6.734565614716481,18098.075222067706,0.0,0.19182687041996702,1.940615498026607,2100841.585334012,603.42979371159
275300.0,4546569.852409197,386250.200587442,4546505.705187798,-714.7658207438172,1451.597037112765,-714.8809068470954,-6.7342603166136605,-0.6745497834247252,-6.734156824235152,18098.075222067706,0.0,0.19182687041996702,1.940615498026607,2100841.585334012,603.42979371159
275400.0,4546498.342156512,386395.35691613733,4546434.18342702,-715.4392260230841,1451.5295140655614,-715.5543017716374,-6.733843984595991,-0.6759134680209784,-6.7337403822954975,18098.075222067706,0.0,0.19182687041996702,1.940615498026607,2100841.585334012,603.42979371159
275500.0,4546426.764565393,386540.50648568635,4546362.594328845,-716.1125892820796,1451.4618539546625,-716.2276546648611,-6.733419892825749,-0.6772910876483444,-6.733316179504823,18098.075222067706,0.0,0.19182687041996702,1.940615498026607,2100841.585334012,603.42979371159
275600.0,4546355.119640082,386685.6492823127,4546290.937897515,-716.7859097392935,1451.3940553774275,-716.9009647451455,-6.732987930332575,-0.67868282547926,-6.732884104878396,18098.075222067706,0.0,0.19182687041996702,1.940615498026607,2100841.585334012,603.42979371159
275700.0,4546283.4073848985,386830.78529209894,4546219.214137349,-717.4591866020376,1451.3261169127722,-717.5742312196907,-6.732547984530317,-0.6800888672207761,-6.73244404581549,18098.075222067706,0.0,0.19182687041996702,1.940615498026607,2100841.585334012,603.42979371159
275800.0,4546211.627804242,386975.9145009844,4546147.4230527505,-718.1324190662834,1451.258037120913,-718.2474532843545,-6.73209994119268,-0.6815094011510361,-6.7319958880750335,18098.075222067706,0.0,0.19182687041996702,1.940615498026607,2100841.585334012,603.42979371159
275900.0,4546139.780902592,387121.03689476365,4546075.5646482,-718.805606316497,1451.189814543109,-718.920630123488,-6.731643684428525,-0.6829446181561887,-6.731539515750912,18098.075222067706,0.0,0.19182687041996702,1.940615498026607,2100841.585334012,603.42979371159
276000.0,4546067.866684513,387266.1524590843,4546003.638928261,-719.4787475254707,1451.1214477013978,-719.5937609097671,-6.731179096656777,-0.684394711767913,-6.731074811246862,18098.075222067706,0.0,0.19182687041996702,1.940615498026607,2100841.585334012,603.42979371159
276100.0,4545995.88515465,387411.26117944525,4545931.64589758,-720.1518418541533,1451.0529350983306,-720.2668448040228,-6.730706058580943,-0.6858598782015,-6.7306016552509975,18098.075222067706,0.0,0.19182687041996702,1.940615498026607,2100841.585334012,603.42979371159
276200.0,4545923.836317733,387556.3630411947,4545859.585560891,-720.8248884514772,1450.9842752167015,-720.9398809550677,-6.730224449163258,-0.6873403163944084,-6.730119926709939,18098.075222067706,0.0,0.19182687041996702,1.940615498026607,2100841.585334012,603.42979371159
276300.0,4545851.720178579,387701.4580295281,4545787.457923009,-721.4978864541829,1450.9154665192725,-721.6128684995211,-6.729734145598377,-0.688836228045575,-6.72962950280252,18098.075222067706,0.0,0.19182687041996702,1.940615498026607,2100841.585334012,603.42979371159
276400.0,4545779.536742091,387846.5461294861,4545715.26298884,-722.1708349866406,1450.8465074484966,-722.2858065616307,-6.729235023286737,-0.690347817655056,-6.729130258913136,18098.075222067706,0.0,0.19182687041996702,1.940615498026607,2100841.585334012,603.42979371159
276500.0,4545707.2860132605,387991.62732595275,4545643.000763376,-722.8437331606699,1450.7773964262344,-722.9586942530917,-6.728726955807461,-0.6918752925644414,-6.728622068604638,18098.075222067706,0.0,0.19182687041996702,1.940615498026607,2100841.585334012,603.42979371159
276600.0,4545634.967997168,388136.701603653,4545570.671251699,-723.5165800753562,1450.7081318534692,-723.6315306728634,-6.728209814890834,-0.6934188629978263,-6.728104803590825,18098.075222067706,0.0,0.19182687041996702,1.940615498026607,2100841.585334012,603.42979371159
276700.0,4545562.582698985,388281.7689471511,4545498.274458982,-724.189374816864,1450.6387121100156,-724.3043149069829,-6.72768347039039,-0.694978742103312,-6.727578333708506,18098.075222067706,0.0,0.19182687041996702,1.940615498026607,2100841.585334012,603.42979371159
276800.0,4545490.130123975,388426.82934084797,4545425.810390489,-724.8621164582484,1450.5691355542256,-724.9770460283759,-6.727147790254549,-0.6965551459952222,-6.727042526889151,18098.075222067706,0.0,0.19182687041996702,1.940615498026607,2100841.585334012,603.42979371159
276900.0,4545417.610277494,388571.8827689794,4545353.279051579,-725.5348040592628,1450.4994005226895,-725.6497230966647,-6.726602640497806,-0.6981482937968753,-6.726497249130066,18098.075222067706,0.0,0.19182687041996702,1.940615498026607,2100841.585334012,603.42979371159
277000.0,4545345.023164996,388716.9292156138,4545280.680447703,-726.2074366661643,1450.4295053299331,-726.3223451579737,-6.726047885171509,-0.6997584076839515,-6.725942364465172,18098.075222067706,0.0,0.19182687041996702,1.940615498026607,2100841.585334012,603.42979371159
277100.0,4545272.368792026,388861.9686646498,4545208.014584413,-726.8800133115155,1450.3594482681106,-726.994911244731,-6.725483386334133,-0.701385712928655,-6.725377734935277,18098.075222067706,0.0,0.19182687041996702,1.940615498026607,2100841.585334012,603.42979371159
277200.0,4545199.647164231,389007.00109981414,4545135.281467353,-727.5525330139841,1450.2892276066916,-727.667420375468,-6.724909004021157,-0.7030304379443169,-6.724803220557941,18098.075222067706,0.0,0.19182687041996702,1.940615498026607,2100841.585334012,603.42979371159
277300.0,4545126.858287355,389152.0265046594,4545062.481102269,-728.2249947781388,1450.218841592146,-728.3398715546153,-6.724324596214422,-0.7046928143308442,-6.724218679296844,18098.075222067706,0.0,0.19182687041996702,1.940615498026607,2100841.585334012,603.42979371159
277400.0,4545054.002167241,389297.04486256157,4544989.613495007,-728.8973975942426,1450.148288447622,-729.0122637722961,-6.7237300188110325,-0.7063730769207442,-6.723623967030675,18098.075222067706,0.0,0.19182687041996702,1.940615498026607,2100841.585334012,603.42979371159
277500.0,4544981.078809835,389442.0561567179,4544916.678651514,-729.5697404380427,1450.0775663726213,-729.6845960041156,-6.723125125591811,-0.7080714638257881,-6.723018937521584,18098.075222067706,0.0,0.19182687041996702,1.940615498026607,2100841.585334012,603.42979371159
277600.0,4544908.088221187,389587.06037014426,4544843.676577841,-730.2420222705571,1450.0066735426685,-730.3568672109484,-6.72250976818921,-0.7097882164844704,-6.7224034423830865,18098.075222067706,0.0,0.19182687041996702,1.940615498026607,2100841.585334012,603.42979371159
277700.0,4544835.03040745,389732.057485673,4544770.607280142,-730.9142420378583,1449.9356081089759,-731.0290763387213,-6.721883796054769,-0.7115235797101038,-6.721777331047527,18098.075222067706,0.0,0.19182687041996702,1.940615498026607,2100841.585334012,603.42979371159
277800.0,4544761.905374884,389877.0474859502,4544697.470764678,-731.5863986708538,1449.8643681981034,-731.7012223181943,-6.721247056426041,-0.7132778017396334,-6.721140450732995,18098.075222067706,0.0,0.19182687041996702,1.940615498026607,2100841.585334012,603.42979371159
277900.0,4544688.713129857,390022.0303534335,4544624.267037819,-732.2584910850624,1449.7929519116144,-732.3733040647367,-6.720599394293046,-0.7150511342831462,-6.720492646409772,18098.075222067706,0.0,0.19182687041996702,1.940615498026607,2100841.585334012,603.42979371159
278000.0,4544615.4536788445,390167.0060703893,4544550.9961060425,-732.9305181803883,1449.7213573257254,-733.0453204781013,-6.71994065236414,-0.71684383257421,-6.719833760766203,18098.075222067706,0.0,0.19182687041996702,1.940615498026607,2100841.585334012,603.42979371159
278100.0,4544542.1270284355,390311.9746188904,4544477.657975938,-733.6024788408909,1449.6495824909514,-733.7172704421941,-6.719270671031458,-0.718656155420752,-6.719163634174133,18098.075222067706,0.0,0.19182687041996702,1.940615498026607,2100841.585334012,603.42979371159
278200.0,4544468.733185329,390456.93598081334,4544404.252654207,-734.2743719345516,1449.5776254317454,-734.3891528248411,-6.718589288335707,-0.7204883652569353,-6.718482104653694,18098.075222067706,0.0,0.19182687041996702,1.940615498026607,2100841.585334012,603.42979371159
278300.0,4544395.272156339,390601.8901378359,4544330.780147664,-734.9461963130369,1449.5054841461338,-735.0609664775509,-6.717896339930501,-0.7223407281956434,-6.717789007837639,18098.075222067706,0.0,0.19182687041996702,1.940615498026607,2100841.585334012,603.42979371159
278400.0,4544321.743948395,390746.8370714341,4544257.240463241,-735.6179508114576,1449.4331566053452,-735.7327102352749,-6.717191659046112,-0.7242135140817478,-6.717084176935081,18098.075222067706,0.0,0.19182687041996702,1.940615498026607,2100841.585334012,603.42979371159
278500.0,4544248.1485685455,390891.77676288,4544183.633607986,-736.289634248125,1449.3606407534353,-736.4043829161626,-6.716475076452661,-0.7261069965462092,-6.716367442694695,18098.075222067706,0.0,0.19182687041996702,1.940615498026607,2100841.585334012,603.42979371159
278600.0,4544174.486023955,391036.70919323835,4544109.959589067,-736.9612454243029,1449.287934506905,-737.0759833213136,-6.715746420422747,-0.7280214530609619,-6.715638633367328,18098.075222067706,0.0,0.19182687041996702,1.940615498026607,2100841.585334012,603.42979371159
278700.0,4544100.75632191,391181.6343433645,4544036.218413771,-737.6327831239556,1449.2150357543132,-737.7475102345263,-6.715005516693477,-0.7299571649946233,-6.714897574668034,18098.075222067706,0.0,0.19182687041996702,1.940615498026607,2100841.585334012,603.42979371159
278800.0,4544026.95946982,391326.55219390104,4543962.4100895105,-738.304246113493,1449.1419423558855,-738.4189624220422,-6.7142521884279605,-0.7319144176689456,-6.714144089737557,18098.075222067706,0.0,0.19182687041996702,1.940615498026607,2100841.585334012,603.42979371159
278900.0,4543953.095475219,391471.4627252752,4543888.534623819,-738.975633141511,1449.0686521431146,-739.0903386322865,-6.713486256176154,-0.7338935004161777,-6.71337799910318,18098.075222067706,0.0,0.19182687041996702,1.940615498026607,2100841.585334012,603.42979371159
279000.0,4543879.164345766,391616.3659176959,4543814.592024359,-739.6469429385281,1448.9951629183574,-739.7616375956047,-6.712707537835125,-0.7358947066372923,-6.712599120638969,18098.075222067706,0.0,0.19182687041996702,1.940615498026607,2100841.585334012,603.42979371159
279100.0,4543805.166089249,391761.2617511509,4543740.582298918,-740.3181742167181,1448.9214724544247,-740.4328580239955,-6.711915848608705,-0.7379183338609537,-6.711807269525443,18098.075222067706,0.0,0.19182687041996702,1.940615498026607,2100841.585334012,603.42979371159
279200.0,4543731.100713584,391906.1502054036,4543666.505455415,-740.9893256696389,1448.8475784941656,-741.1039986108393,-6.711111000966511,-0.7399646838035066,-6.711002258208572,18098.075222067706,0.0,0.19182687041996702,1.940615498026607,2100841.585334012,603.42979371159
279300.0,4543656.968226819,392051.0312599903,4543592.3615019005,-741.660395971957,1448.7734787500458,-741.7750580306224,-6.710292804602344,-0.7420340624296938,-6.710183896358181,18098.075222067706,0.0,0.19182687041996702,1.940615498026607,2100841.585334012,603.42979371159
279400.0,4543582.768637138,392195.9048942169,4543518.150446558,-742.3313837791675,1448.699170903719,-742.4460349386578,-6.709461066391924,-0.7441267800144277,-6.709351990825675,18098.075222067706,0.0,0.19182687041996702,1.940615498026607,2100841.585334012,603.42979371159
279500.0,4543508.501952859,392340.771087156,4543443.872297708,-743.0022877273107,1448.624652605594,-743.1169279708008,-6.708615590350019,-0.7462431512052742,-6.7085063456011635,18098.075222067706,0.0,0.19182687041996702,1.940615498026607,2100841.585334012,603.42979371159
279600.0,4543434.1681824345,392485.62981764367,4543369.527063806,-743.6731064326832,1448.5499214743932,-743.7877357431609,-6.707756177586828,-0.7483834950861253,-6.7076467617698485,18098.075222067706,0.0,0.19182687041996702,1.940615498026607,2100841.585334012,603.42979371159
279700.0,4543359.76733446,392630.4810642761,4543295.1147534475,-744.3438384915459,1448.4749750967057,-744.4584568518088,-6.706882626263798,-0.7505481352414882,-6.706773037467824,18098.075222067706,0.0,0.19182687041996702,1.940615498026607,2100841.585334012,603.42979371159
279800.0,4543285.299417672,392775.3248054066,4543220.635375371,-745.014482479826,1448.3998110265354,-745.1290898724799,-6.705994731548662,-0.7527373998220248,-6.705884967837109,18098.075222067706,0.0,0.19182687041996702,1.940615498026607,2100841.585334012,603.42979371159
279900.0,4543210.764440948,392920.16101914237,4543146.088938457,-745.6850369528166,1448.3244267848393,-745.7996333602719,-6.705092285569865,-0.754951621610785,-6.704982344980076,18098.075222067706,0.0,0.19182687041996702,1.940615498026607,2100841.585334012,603.42979371159
280000.0,4543136.162413314,393064.9896833408,4543071.475451732,-746.3555004448692,1448.2488198590618,-746.4700858493388,-6.704175077370202,-0.7571911380906697,-6.704064957913082,18098.075222067706,0.0,0.19182687041996702,1.940615498026607,2100841.585334012,603.42979371159
280100.0,4543061.493343942,393209.81077560654,4542996.79492437,-747.0258714690835,1448.1729877026614,-747.1404458525802,-6.7032428928598184,-0.7594562915126657,-6.703132592519461,18098.075222067706,0.0,0.19182687041996702,1.940615498026607,2100841.585334012,603.42979371159
280200.0,4542986.757242153,393354.6242732877,4542922.047365694,-747.6961485169918,1448.09692773463,-747.8107118613252,-6.702295514768447,-0.7617474289652133,-6.702185031501754,18098.075222067706,0.0,0.19182687041996702,1.940615498026607,2100841.585334012,603.42979371159
280300.0,4542911.954117422,393499.43015347264,4542847.232785181,-748.366330058238,1448.020637339006,-748.4808823450122,-6.701332722596885,-0.7640649024445961,-6.701222054333187,18098.075222067706,0.0,0.19182687041996702,1.940615498026607,2100841.585334012,603.42979371159
280400.0,4542837.083979377,393644.2283929863,4542772.35119246,-749.0364145402527,1447.9441138643797,-749.1509557508634,-6.700354292567815,-0.766409068926209,-6.7002434372084805,18098.075222067706,0.0,0.19182687041996702,1.940615498026607,2100841.585334012,603.42979371159
280500.0,4542762.146837802,393789.0189683867,4542697.402597319,-749.7064003879229,1447.8673546233917,-749.8209305035545,-6.699359997575748,-0.7687802904370868,-6.699248952993786,18098.075222067706,0.0,0.19182687041996702,1.940615498026607,2100841.585334012,603.42979371159
280600.0,4542687.14270264,393933.8018559613,4542622.387009702,-750.3762860032565,1447.790356892225,-750.490805004879,-6.698349607136252,-0.7711789341294242,-6.698238371175918,18098.075222067706,0.0,0.19182687041996702,1.940615498026607,2100841.585334012,603.42979371159
280700.0,4542612.071583996,394078.57703172346,4542547.304439714,-751.0460697650417,1447.713117910087,-751.1605776334084,-6.69732288733446,-0.7736053723549908,-6.697211457810845,18098.075222067706,0.0,0.19182687041996702,1.940615498026607,2100841.585334012,603.42979371159
280800.0,4542536.933492136,394223.3444714084,4542472.154897626,-751.7157500285017,1447.6356348786876,-751.8302467441457,-6.696279600772636,-0.7760599827410016,-6.696167975471256,18098.075222067706,0.0,0.19182687041996702,1.940615498026607,2100841.585334012,603.42979371159
280900.0,4542461.728437495,394368.1041504697,4542396.938393871,-752.3853251249435,1447.5579049617065,-752.4998106681751,-6.695219506517094,-0.7785431482667174,-6.695107683193469,18098.075222067706,0.0,0.19182687041996702,1.940615498026607,2100841.585334012,603.42979371159
281000.0,4542386.456430674,394512.85604407545,4542321.6549390545,-753.0547933614017,1447.479925284255,-753.1692677123051,-6.694142360044173,-0.7810552573414744,-6.6940303364234115,18098.075222067706,0.0,0.19182687041996702,1.940615498026607,2100841.585334012,603.42979371159
281100.0,4542311.117482442,394657.60012710415,4542246.304543949,-753.7241530202767,1447.4016929323284,-753.8386161587072,-6.6930479131854685,-0.7835967038836281,-6.692935686961828,18098.075222067706,0.0,0.19182687041996702,1.940615498026607,2100841.585334012,603.42979371159
281200.0,4542235.711603747,394802.33637414104,4542170.887219501,-754.3934023589676,1447.3232049522517,-754.5078542645483,-6.6919359140721655,-0.7861678874008269,-6.691823482908622,18098.075222067706,0.0,0.19182687041996702,1.940615498026607,2100841.585334012,603.42979371159
281300.0,4542160.238805707,394947.06475947396,4542095.402976832,-755.0625396094991,1447.2444583501158,-755.1769802616179,-6.690806107078555,-0.7887692130713067,-6.690693468606356,18098.075222067706,0.0,0.19182687041996702,1.940615498026607,2100841.585334012,603.42979371159
281400.0,4542084.699099621,395091.78525708924,4542019.851827244,-755.7315629781433,1447.1654500912073,-755.8459923559495,-6.689658232764647,-0.7914010918265085,-6.689545384582865,18098.075222067706,0.0,0.19182687041996702,1.940615498026607,2100841.585334012,603.42979371159
281500.0,4542009.092496968,395236.49784066784,4541944.233782218,-756.400470645035,1447.0861770994281,-756.5148887274363,-6.688492027817918,-0.7940639404348396,-6.688378967492996,18098.075222067706,0.0,0.19182687041996702,1.940615498026607,2100841.585334012,603.42979371159
281600.0,4541933.41900941,395381.20248358086,4541868.548853418,-757.0692607637818,1447.0066362567084,-757.1836675294408,-6.687307224994165,-0.7967581815866609,-6.687193950059451,18098.075222067706,0.0,0.19182687041996702,1.940615498026607,2100841.585334012,603.42979371159
281700.0,4541857.678648796,395525.8991588855,4541792.797052694,-757.7379314610677,1446.926824402409,-757.8523268883986,-6.686103553057453,-0.7994842439805131,-6.685990061012735,18098.075222067706,0.0,0.19182687041996702,1.940615498026607,2100841.585334012,603.42979371159
281800.0,4541781.871427162,395670.5878393209,4541716.978392085,-758.4064808362508,1446.8467383327175,-758.5208649034164,-6.684880736719131,-0.8022425624106074,-6.684767025030156,18098.075222067706,0.0,0.19182687041996702,1.940615498026607,2100841.585334012,603.42979371159
281900.0,4541705.997356736,395815.26849730336,4541641.0928838225,-759.0749069609556,1446.766374800033,-759.1892796458632,-6.683638496575919,-0.8050335778556152,-6.683524562673912,18098.075222067706,0.0,0.19182687041996702,1.940615498026607,2100841.585334012,603.42979371159
282000.0,4541630.056449942,395959.94110492244,4541565.140540331,-759.7432078786575,1446.685730512344,-759.8575691589559,-6.682376549047012,-0.8078577375687771,-6.682262390328188,18098.075222067706,0.0,0.19182687041996702,1.940615498026607,2100841.585334012,603.42979371159
282100.0,4541554.0487194,396104.6056339362,4541489.121374232,-760.4113816042625,1446.6048021325962,-760.5257314573383,-6.681094606310323,-0.8107154951691165,-6.6809802201353925,18098.075222067706,0.0,0.19182687041996702,1.940615498026607,2100841.585334012,603.42979371159
282200.0,4541477.974177928,396249.26205576654,4541413.035398347,-761.0794261236796,1446.5235862780514,-761.1937645266538,-6.679792376237579,-0.8136073107343842,-6.679677759931236,18098.075222067706,0.0,0.19182687041996702,1.940615498026607,2100841.585334012,603.42979371159
282300.0,4541401.832838549,396393.91034149507,4541336.882625702,-761.7473393933868,1446.4420795196365,-761.861666323111,-6.678469562328603,-0.8165336508949058,-6.678354713179019,18098.075222067706,0.0,0.19182687041996702,1.940615498026607,2100841.585334012,603.42979371159
282400.0,4541325.624714493,396538.55046185787,4541260.663069527,-762.4151193399908,1446.3602783812837,-762.5294347730435,-6.677125863644451,-0.8194949889291316,-6.677010778902756,18098.075222067706,0.0,0.19182687041996702,1.940615498026607,2100841.585334012,603.42979371159
282500.0,4541249.349819195,396683.1823872412,4541184.376743262,-763.0827638597798,1446.2781793392612,-763.1970677724627,-6.675760974739621,-0.822491804860357,-6.6756456516193765,18098.075222067706,0.0,0.19182687041996702,1.940615498026607,2100841.585334012,603.42979371159
282600.0,4541173.008166307,396827.80608767655,4541108.023660558,-763.7502708182689,1446.1957788214934,-763.8645631866033,-6.674374585593123,-0.8255245855551014,-6.674259021269789,18098.075222067706,0.0,0.19182687041996702,1.940615498026607,2100841.585334012,603.42979371159
282700.0,4541096.59976969,396972.4215328357,4541031.603835283,-764.4176380497397,1446.1130732068716,-764.5319188494625,-6.672966381538604,-0.8285938248225884,-6.6728505731489935,18098.075222067706,0.0,0.19182687041996702,1.940615498026607,2100841.585334012,603.42979371159
282800.0,4541020.124643428,397117.02869202575,4540955.11728152,-765.0848633567718,1446.0300588245552,-765.1991325633317,-6.67153604319332,-0.8317000235159764,-6.671419987835056,18098.075222067706,0.0,0.19182687041996702,1.940615498026607,2100841.585334012,603.42979371159
282900.0,4540943.582801824,397261.6275341844,4540878.564013576,-765.751944509768,1445.9467319532616,-765.8662020983211,-6.670083246386117,-0.8348436896347502,-6.66996694111707,18098.075222067706,0.0,0.19182687041996702,1.940615498026607,2100841.585334012,603.42979371159
283000.0,4540866.974259407,397406.2180278744,4540801.944045981,-766.4188792464711,1445.8630888205466,-766.5331251918776,-6.668607662084167,-0.8380253384289607,-6.668491103921889,18098.075222067706,0.0,0.19182687041996702,1.940615498026607,2100841.585334012,603.42979371159
283100.0,4540790.299030933,397550.800141279,4540725.257393495,-767.0856652714746,1445.7791256020741,-767.1998995482944,-6.667108956318762,-0.8412454925045818,-6.666992142239913,18098.075222067706,0.0,0.19182687041996702,1.940615498026607,2100841.585334012,603.42979371159
283200.0,4540713.557131388,397695.37384219613,4540648.504071107,-767.7523002557252,1445.6948384208752,-767.8665228382139,-6.665586790109791,-0.8445046819307944,-6.665469717049561,18098.075222067706,0.0,0.19182687041996702,1.940615498026607,2100841.585334012,603.42979371159
283300.0,4540636.748575996,397839.9390980335,4540571.684094042,-768.4187818360181,1445.6102233465963,-768.5329926981224,-6.664040819389227,-0.8478034443484729,-6.6639234842407395,18098.075222067706,0.0,0.19182687041996702,1.940615498026607,2100841.585334012,603.42979371159
283400.0,4540559.873380215,397984.49587580294,4540494.797477761,-769.0851076144836,1445.5252763947365,-769.1993067298376,-6.662470694923365,-0.8511423250804007,-6.662353094537081,18098.075222067706,0.0,0.19182687041996702,1.940615498026607,2100841.585334012,603.42979371159
283500.0,4540482.931559747,398129.0441421153,4540417.844237971,-769.7512751580674,1445.4399935258741,-769.8654624999881,-6.660876062233913,-0.854521877243023,-6.660758193417022,18098.075222067706,0.0,0.19182687041996702,1.940615498026607,2100841.585334012,603.42979371159
283600.0,4540405.923130539,398273.5838631745,4540340.824390619,-770.4172819980017,1445.354370644881,-770.5314575394846,-6.659256561517771,-0.8579426618600428,-6.659138421033578,18098.075222067706,0.0,0.19182687041996702,1.940615498026607,2100841.585334012,603.42979371159
283700.0,4540328.848108787,398418.1150047722,4540263.737951905,-771.0831256292688,1445.2684036001272,-771.1972893429834,-6.657611827565849,-0.8614052479770816,-6.6574934121331415,18098.075222067706,0.0,0.19182687041996702,1.940615498026607,2100841.585334012,603.42979371159
283800.0,4540251.706510938,398562.63753228216,4540186.584938277,-771.7488035100562,1445.1820881826714,-771.8629553683417,-6.655941489680274,-0.8649102127788293,-6.655822795972689,18098.075222067706,0.0,0.19182687041996702,1.940615498026607,2100841.585334012,603.42979371159
283900.0,4540174.4983536955,398707.1514106542,4540109.365366442,-772.4143130612039,1445.0954201254424,-772.5284530360645,-6.654245171590739,-0.8684581417069792,-6.6541261962361276,18098.075222067706,0.0,0.19182687041996702,1.940615498026607,2100841.585334012,603.42979371159
284000.0,4540097.223654023,398851.65660440846,4540032.079253368,-773.0796516656426,1445.0083951024071,-773.1937797287432,-6.652522491369269,-0.8720496285805924,-6.652403230949029,18098.075222067706,0.0,0.19182687041996702,1.940615498026607,2100841.585334012,603.42979371159
284100.0,4540019.882429149,398996.1530776297,4539954.726616284,-773.7448166678237,1444.9210087277263,-773.8589327904847,-6.6507730613438945,-0.8756852757176877,-6.650653512392321,18098.075222067706,0.0,0.19182687041996702,1.940615498026607,2100841.585334012,603.42979371159
284200.0,4539942.474696566,399140.64079396083,4539877.307472687,-774.4098053731406,1444.833256554899,-774.5239095263337,-6.648996488010909,-0.8793656940588763,-6.648876647014514,18098.075222067706,0.0,0.19182687041996702,1.940615498026607,2100841.585334012,603.42979371159
284300.0,4539865.000474042,399285.1197165972,4539799.821840347,-775.074615047341,1444.745134075894,-775.188707201684,-6.647192371945803,-0.883091503292713,-6.647072235342635,18098.075222067706,0.0,0.19182687041996702,1.940615498026607,2100841.585334012,603.42979371159
284400.0,4539787.459779617,399429.5898082802,4539722.269737308,-775.7392429159305,1444.656636720268,-775.8533230416825,-6.645360307712913,-0.8868633319827168,-6.645239871891867,18098.075222067706,0.0,0.19182687041996702,1.940615498026607,2100841.585334012,603.42979371159
284500.0,4539709.852631613,399574.05103129096,4539644.651181893,-776.4036861635665,1444.5677598542727,-776.5177542306232,-6.643499883773707,-0.8906818176962075,-6.643379145073819,18098.075222067706,0.0,0.19182687041996702,1.940615498026607,2100841.585334012,603.42979371159
284600.0,4539632.179048633,399718.5033474442,4539566.966192712,-777.0679419334436,1444.4784987799474,-777.181997911332,-6.6416106823935985,-0.8945476071351737,-6.64148963710334,18098.075222067706,0.0,0.19182687041996702,1.940615498026607,2100841.585334012,603.42979371159
284700.0,4539554.439049572,399862.94671808137,4539489.214788659,-777.7320073266695,1444.3888487341987,-777.8460511845428,-6.639692279547395,-0.8984613562689178,-6.639570923903936,18098.075222067706,0.0,0.19182687041996702,1.940615498026607,2100841.585334012,603.42979371159
284800.0,4539476.632653612,400007.38110406447,4539411.39698892,-778.3958794016305,1444.2988048878678,-778.5099111082632,-6.637744244823352,-0.9024237304684939,-6.637622575011848,18098.075222067706,0.0,0.19182687041996702,1.940615498026607,2100841.585334012,603.42979371159
284900.0,4539398.7598802345,400151.8064657692,4539333.512812981,-779.0595551733485,1444.2083623447825,-779.1735746971307,-6.63576614132587,-0.9064354046429209,-6.635644153478703,18098.075222067706,0.0,0.19182687041996702,1.940615498026607,2100841.585334012,603.42979371159
285000.0,4539320.820749221,400296.22276307817,4539255.562280626,-779.7230316128275,1444.1175161407973,-779.83703892176,-6.633757525576351,-0.9104970633781114,-6.6336352157723795,18098.075222067706,0.0,0.19182687041996702,1.940615498026607,2100841.585334012,603.42979371159
285100.0,4539242.815280659,400440.6299553743,4539177.545411944,-780.3863056463904,1444.0262612428185,-780.5003007080792,-6.631717947413156,-0.914609401076488,-6.631595311676952,18098.075222067706,0.0,0.19182687041996702,1.940615498026607,2100841.585334012,603.42979371159
285200.0,4539164.743494943,400585.0280015336,4539099.462227336,-781.0493741550054,1443.934592547815,-781.1633569366562,-6.629646949889491,-0.9187731220998419,-6.629523984190565,18098.075222067706,0.0,0.19182687041996702,1.940615498026607,2100841.585334012,603.42979371159
285300.0,4539086.605412784,400729.4168599183,4539021.312747515,-781.7122339736025,1443.8425048818162,-781.8262044420152,-6.627544069170228,-0.922988940913178,-6.627420769422236,18098.075222067706,0.0,0.19182687041996702,1.940615498026607,2100841.585334012,603.42979371159
285400.0,4539008.401055211,400873.7964883695,4538943.0969935125,-782.3748818903794,1443.749992998893,-782.4888400119424,-6.6254088344266915,-0.9272575822316516,-6.62528519648664,18098.075222067706,0.0,0.19182687041996702,1.940615498026607,2100841.585334012,603.42979371159
285500.0,4538930.130443578,401018.1668442003,4538864.814986685,-783.0373146460969,1443.6570515801268,-783.1512603867816,-6.623240767730416,-0.9315797811684132,-6.623116787397849,18098.075222067706,0.0,0.19182687041996702,1.940615498026607,2100841.585334012,603.42979371159
285600.0,4538851.793599565,401162.527884188,4538786.466748718,-783.6995289333635,1443.563675232561,-783.813462258718,-6.6210393839449155,-0.9359562833853868,-6.620915056961095,18098.075222067706,0.0,0.19182687041996702,1.940615498026607,2100841.585334012,603.42979371159
285700.0,4538773.390545186,401306.879564567,4538708.0523016285,-784.3615213959089,1443.4698584881396,-784.4754422710528,-6.618804190615881,-0.9403878452460814,-6.618679512662953,18098.075222067706,0.0,0.19182687041996702,1.940615498026607,2100841.585334012,603.42979371159
285800.0,4538694.921302794,401451.22184102103,4538629.571667773,-785.0232886278469,1443.375595802628,-785.1371970174649,-6.616534687860033,-0.9448752339699198,-6.616409654560179,18098.075222067706,0.0,0.19182687041996702,1.940615498026607,2100841.585334012,603.42979371159
285900.0,4538616.385895084,401595.5546686755,4538551.024869849,-785.684827172927,1443.2808815545206,-785.7987230412631,-6.6142303682519215,-0.9494192277895865,-6.614104975166503,18098.075222067706,0.0,0.19182687041996702,1.940615498026607,2100841.585334012,603.42979371159
286000.0,4538537.784345099,401739.8780020899,4538472.411930905,-786.3461335237743,1443.1857100439317,-786.4600168346252,-6.611890716709308,-0.9540206161099913,-6.611764959337999,18098.075222067706,0.0,0.19182687041996702,1.940615498026607,2100841.585334012,603.42979371159
286100.0,4538459.1166762365,401884.19179524964,4538393.732874341,-787.0072041211175,1443.0900754914692,-787.1210748378271,-6.609515210376814,-0.9586801996695618,-6.6093890841567084,18098.075222067706,0.0,0.19182687041996702,1.940615498026607,2100841.585334012,603.42979371159
286200.0,4538380.382912253,402028.4960015582,4538314.987723918,-787.6680353530068,1442.993972037094,-787.7818934384594,-6.607103318507686,-0.9633987907040684,-6.606976818812411,18098.075222067706,0.0,0.19182687041996702,1.940615498026607,2100841.585334012,603.42979371159
286300.0,4538301.583077267,402172.790573829,4538236.176503756,-788.3286235540177,1442.8973937389615,-788.4424689706319,-6.604654502344002,-0.9681772131123829,-6.604527624482801,18098.075222067706,0.0,0.19182687041996702,1.940615498026607,2100841.585334012,603.42979371159
286400.0,4538222.717195767,402317.0754642772,4538157.299238349,-788.9889650044446,1442.800334572247,-789.1027977141665,-6.6021682149949905,-0.9730163026247047,-6.602040954211811,18098.075222067706,0.0,0.19182687041996702,1.940615498026607,2100841.585334012,603.42979371159
286500.0,4538143.785292617,402461.350624511,4538078.355952565,-789.6490559294809,1442.7027884279546,-789.7628758937778,-6.59964390131361,-0.9779169069730844,-6.599516252786161,18098.075222067706,0.0,0.19182687041996702,1.940615498026607,2100841.585334012,603.42979371159
286600.0,4538064.78739306,402605.6160055238,4537999.34667165,-790.3088924983874,1442.6047491117072,-790.422699678241,-6.597080997771281,-0.9828798860643145,-6.59695295661009,18098.075222067706,0.0,0.19182687041996702,1.940615498026607,2100841.585334012,603.42979371159
286700.0,4537985.7235227255,402749.8715576851,4537920.271421239,-790.9684708236475,1442.5062103425214,-791.082265179547,-6.594478932330675,-0.9879061121554266,-6.594350493578125,18098.075222067706,0.0,0.19182687041996702,1.940615498026607,2100841.585334012,603.42979371159
286800.0,4537906.593707635,402894.11723073176,4537841.130227355,-791.6277869601103,1442.407165751563,-791.7415684520457,-6.591837124316934,-0.9929964700309878,-6.591708282946282,18098.075222067706,0.0,0.19182687041996702,1.940615498026607,2100841.585334012,603.42979371159
286900.0,4537827.397974207,403038.3529737595,4537761.923116422,-792.2868369041197,1442.307608880886,-792.4006054915751,-6.589154984286589,-0.9981518571836825,-6.589025735200984,18098.075222067706,0.0,0.19182687041996702,1.940615498026607,2100841.585334012,603.42979371159
287000.0,4537748.136349263,403182.5787352138,4537682.650115266,-792.9456165926316,1442.207533182151,-793.0593722345777,-6.586431913894862,-1.0033731839967546,-6.586302251926336,18098.075222067706,0.0,0.19182687041996702,1.940615498026607,2100841.585334012,603.42979371159
287100.0,4537668.808860034,403326.79446288047,4537603.3112511225,-793.6041219023168,1442.1069320153297,-793.7178645572038,-6.583667305760955,-1.0086613739290726,-6.583537225669408,18098.075222067706,0.0,0.19182687041996702,1.940615498026607,2100841.585334012,603.42979371159
287200.0,4537589.415534168,403471.0001038769,4537523.906551641,-794.2623486486503,1442.0057986473846,-794.3760782744009,-6.58086054333124,-1.0140173637030505,-6.580730039803404,18098.075222067706,0.0,0.19182687041996702,1.940615498026607,2100841.585334012,603.42979371159
287300.0,4537509.956399731,403615.19560464245,4537444.436044896,-794.9202925849876,1441.9041262509359,-795.0340091389894,-6.578011000740691,-1.0194421034945593,-6.577880068389087,18098.075222067706,0.0,0.19182687041996702,1.940615498026607,2100841.585334012,603.42979371159
287400.0,4537430.431485221,403759.3809109288,4537364.899759386,-795.5779494016259,1441.8019079029052,-795.691652840724,-6.575118042671993,-1.0249365571261535,-6.574986676033861,18098.075222067706,0.0,0.19182687041996702,1.940615498026607,2100841.585334012,603.42979371159
287500.0,4537350.8408195665,403903.5559677908,4537285.297724046,-796.2353147248524,1441.6991365831416,-796.349005005342,-6.572181024212957,-1.0305017022621108,-6.5720492177491865,18098.075222067706,0.0,0.19182687041996702,1.940615498026607,2100841.585334012,603.42979371159
287600.0,4537271.18443214,404047.72071957594,4537205.629968251,-796.8923841159773,1441.5958051730272,-797.0060611935955,-6.5691992907115555,-1.0361385306068112,-6.5690670388055885,18098.075222067706,0.0,0.19182687041996702,1.940615498026607,2100841.585334012,603.42979371159
287700.0,4537191.462352757,404191.8751099152,4537125.8965218235,-797.5491530703524,1441.4919064540634,-797.662816900271,-6.566172177629,-1.0418480481054884,-6.56603947458572,18098.075222067706,0.0,0.19182687041996702,1.940615498026607,2100841.585334012,603.42979371159
287800.0,4537111.674611692,404336.0190817126,4537046.097415039,-798.2056170163752,1441.3874331064364,-798.3192675531923,-6.563099010390688,-1.0476312751476917,-6.562965850435295,18098.075222067706,0.0,0.19182687041996702,1.940615498026607,2100841.585334012,603.42979371159
287900.0,4537031.821239675,404480.15257713496,4536966.232678636,-798.8617713144774,1441.282377707563,-798.9754085122097,-6.559979104235023,-1.0534892467734496,-6.559845481511903,18098.075222067706,0.0,0.19182687041996702,1.940615498026607,2100841.585334012,603.42979371159
288000.0,4536951.902267908,404624.2755376017,4536886.302343817,-799.5176112560991,1441.1767327306145,-799.6312350681736,-6.556811764059984,-1.0594230128823945,-6.556677672631544,18098.075222067706,0.0,0.19182687041996702,1.940615498026607,2100841.585334012,603.42979371159
288100.0,4536871.917728062,404768.3879037742,4536806.306442262,-800.1731320626466,1441.0704905430205,-800.2867424418924,-6.553596284267537,-1.0654336384455099,-6.553461718113026,18098.075222067706,0.0,0.19182687041996702,1.940615498026607,2100841.585334012,603.42979371159
288200.0,4536791.867652294,404912.48961554543,4536726.24500613,-800.8283288844349,1440.963643404951,-800.941925783075,-6.550331948605822,-1.0715222037197563,-6.550196901620154,18098.075222067706,0.0,0.19182687041996702,1.940615498026607,2100841.585334012,603.42979371159
288300.0,4536711.752073249,405056.5806120287,4536646.11806807,-801.4831967996146,1440.856183467777,-801.596780169257,-6.5470180300090455,-1.0776898044656156,-6.546882496001588,18098.075222067706,0.0,0.19182687041996702,1.940615498026607,2100841.585334012,603.42979371159
288400.0,4536631.571024065,405200.66083154717,4536565.925661228,-802.1377308130823,1440.7481027725091,-802.2513006047118,-6.543653790435151,-1.083937552167378,-6.543517763128495,18098.075222067706,0.0,0.19182687041996702,1.940615498026607,2100841.585334012,603.42979371159
288500.0,4536551.3245383855,405344.7302116224,4536485.66781925,-802.7919258553746,1440.639393248214,-802.9054820193437,-6.540238480701082,-1.0902665742565623,-6.540101953729812,18098.075222067706,0.0,0.19182687041996702,1.940615498026607,2100841.585334012,603.42979371159
288600.0,4536471.012650364,405488.78868896316,4536405.344576296,-803.445776781546,1440.5300467104084,-803.5593192675661,-6.536771340315797,-1.0966780143380854,-6.536634307225225,18098.075222067706,0.0,0.19182687041996702,1.940615498026607,2100841.585334012,603.42979371159
288700.0,4536390.635394674,405632.83619945415,4536324.9559670435,-804.0992783700292,1440.4200548594304,-804.212807127162,-6.533251597310944,-1.103173032419358,-6.533114051555834,18098.075222067706,0.0,0.19182687041996702,1.940615498026607,2100841.585334012,603.42979371159
288800.0,4536310.192806511,405776.8726781442,4536244.502026694,-804.7524253214792,1440.3094092787874,-804.8659402981272,-6.5296784680688065,-1.1097528051430485,-6.529540403012083,18098.075222067706,0.0,0.19182687041996702,1.940615498026607,2100841.585334012,603.42979371159
288900.0,4536229.684921609,405920.89805923455,4536163.982790986,-805.4052122575995,1440.198101433481,-805.5187134014966,-6.526051157148576,-1.116418526021425,-6.525912566060005,18098.075222067706,0.0,0.19182687041996702,1.940615498026607,2100841.585334012,603.42979371159
289000.0,4536149.111776242,406064.912276067,4536083.398296198,-806.0576337199509,1440.0861226683085,-806.1711209781536,-6.522368857109191,-1.1231714056756283,-6.522229733164057,18098.075222067706,0.0,0.19182687041996702,1.940615498026607,2100841.585334012,603.42979371159
289100.0,4536068.473407232,406208.9152611118,4536002.748579159,-806.7096841687428,1439.9734642061392,-806.8231574876202,-6.518630748330441,-1.1300126720766848,-6.518491084608192,18098.075222067706,0.0,0.19182687041996702,1.940615498026607,2100841.585334012,603.42979371159
289200.0,4535987.769851962,406352.9069459552,4535922.033677257,-807.3613579816059,1439.8601171461678,-807.4748173068302,-6.514835998831429,-1.1369435707898015,-6.5146957883143095,18098.075222067706,0.0,0.19182687041996702,1.940615498026607,2100841.585334012,603.42979371159
289300.0,4535907.00114838,406496.8872612871,4535841.253628444,-808.0126494523473,1439.7460724621426,-808.1260947288841,-6.510983764086137,-1.1439653652226252,-6.5108429996577994,18098.075222067706,0.0,0.19182687041996702,1.940615498026607,2100841.585334012,603.42979371159
289400.0,4535826.167335009,406640.8561368885,4535760.40847125,-808.6635527896864,1439.6313210005683,-808.7769839617845,-6.507073186836804,-1.1510793368758439,-6.5069318612809015,18098.075222067706,0.0,0.19182687041996702,1.940615498026607,2100841.585334012,603.42979371159
289500.0,4535745.268450956,406784.8135016187,4535679.498244787,-809.3140621159722,1439.5158534788843,-809.4274791271538,-6.5031033969046455,-1.1582867855972343,-6.502961502903406,18098.075222067706,0.0,0.19182687041996702,1.940615498026607,2100841.585334012,603.42979371159
289600.0,4535664.304535919,406928.759283402,4535598.522988759,-809.9641714658819,1439.3996604836175,-810.0775742589324,-6.499073510997881,-1.1655890298390084,-6.49893104113066,18098.075222067706,0.0,0.19182687041996702,1.940615498026607,2100841.585334012,603.42979371159
289700.0,4535583.2756301975,407072.6934092149,4535517.482743471,-810.6138747850999,1439.2827324685084,-810.7272633020573,-6.494982632516944,-1.172987406918823,-6.494839579258751,18098.075222067706,0.0,0.19182687041996702,1.940615498026607,2100841.585334012,603.42979371159
289800.0,4535502.181774701,407216.61580507254,4535436.377549839,-811.263165928977,1439.1650597526111,-811.3765401111214,-6.49082985135752,-1.1804832732830524,-6.490686207077542,18098.075222067706,0.0,0.19182687041996702,1.940615498026607,2100841.585334012,603.42979371159
289900.0,4535421.023010959,407360.526396015,4535355.207449398,-811.9120386611696,1439.046632518368,-812.025398449013,-6.486614243710298,-1.1880780047745576,-6.4864700006703835,18098.075222067706,0.0,0.19182687041996702,1.940615498026607,2100841.585334012,603.42979371159
290000.0,4535339.799381127,407504.4251060939,4535273.972484309,-812.5604866522601,1438.9274408096555,-812.673831985535,-6.482334871858378,-1.1957729969030324,-6.48219002221151,18098.075222067706,0.0,0.19182687041996702,1.940615498026607,2100841.585334012,603.42979371159
290100.0,4535258.510928,407648.31185835815,4535192.672697375,-813.2085034783549,1438.8074745298052,-813.3218342960038,-6.477990783971802,-1.203569665118968,-6.477845319760547,18098.075222067706,0.0,0.19182687041996702,1.940615498026607,2100841.585334012,603.42979371159
290200.0,4535177.157695021,407792.18657483975,4535111.308132041,-813.8560826196633,1438.6867234395943,-813.969398859827,-6.4735810138992775,-1.2114694450910515,-6.473434927054211,18098.075222067706,0.0,0.19182687041996702,1.940615498026607,2100841.585334012,603.42979371159
290300.0,4535095.739726286,407936.04917653976,4535029.878832415,-814.5032174590544,1438.565177155211,-814.6165190590615,-6.469104580957083,-1.2194737929870028,-6.468957863295202,18098.075222067706,0.0,0.19182687041996702,1.940615498026607,2100841.585334012,603.42979371159
290400.0,4535014.257066563,408079.8995834135,4534948.384843266,-815.1499012805936,1438.4428251461895,-815.2631881769483,-6.464560489715086,-1.2275841857579528,-6.464413132938185,18098.075222067706,0.0,0.19182687041996702,1.940615498026607,2100841.585334012,603.42979371159
290500.0,4534932.709761292,408223.73771435575,4534866.826210042,-815.7961272680567,1438.3196567333182,-815.909399396428,-6.459947729780164,-1.2358021214257873,-6.459799725473207,18098.075222067706,0.0,0.19182687041996702,1.940615498026607,2100841.585334012,603.42979371159
290600.0,4534851.097856601,408367.5634871859,4534785.20297888,-816.4418885034232,1438.1956610865175,-816.5551457986322,-6.455265275576154,-1.2441291193750863,-6.455116615205603,18098.075222067706,0.0,0.19182687041996702,1.940615498026607,2100841.585334012,603.42979371159
290700.0,4534769.421399317,408511.3768186327,4534703.51519661,-817.0871779653464,1438.0708272226886,-817.2004203613551,-6.450512086121724,-1.2525667206469784,-6.450362761033862,18098.075222067706,0.0,0.19182687041996702,1.940615498026607,2100841.585334012,603.42979371159
290800.0,4534687.680436972,408655.1776243188,4534621.762910773,-817.7319885276019,1437.9451440035339,-817.8452159575007,-6.445687104804356,-1.2611164882383465,-6.445537106223577,18098.075222067706,0.0,0.19182687041996702,1.940615498026607,2100841.585334012,603.42979371159
290900.0,4534605.875017816,408798.96581874526,4534539.946169625,-818.3763129575128,1437.8186001333452,-818.4895253535086,-6.440789259151934,-1.2697800074034713,-6.440638578179022,18098.075222067706,0.0,0.19182687041996702,1.940615498026607,2100841.585334012,603.42979371159
291000.0,4534524.00519083,408942.7413152755,4534458.065022153,-819.0201439143526,1437.6911841567637,-819.133341207756,-6.435817460601361,-1.2785588859592676,-6.435666088211721,18098.075222067706,0.0,0.19182687041996702,1.940615498026607,2100841.585334012,603.42979371159
291100.0,4534442.071005731,409086.50402611936,4534376.119518083,-819.663473947724,1437.5628844565078,-819.7766560689367,-6.430770604263859,-1.2874547545945882,-6.430618531305755,18098.075222067706,0.0,0.19182687041996702,1.940615498026607,2100841.585334012,603.42979371159
291200.0,4534360.07251299,409230.25386231684,4534294.109707891,-820.3062954959148,1437.4336892510705,-820.4194623744171,-6.425647568687106,-1.2964692671834985,-6.425494785879847,18098.075222067706,0.0,0.19182687041996702,1.940615498026607,2100841.585334012,603.42979371159
291300.0,4534278.009763837,409373.99073372135,4534212.035642816,-820.9486008842292,1437.3035865923848,-821.0617524485667,-6.420447215614951,-1.3056041011008264,-6.420293713547076,18098.075222067706,0.0,0.19182687041996702,1.940615498026607,2100841.585334012,603.42979371159
291400.0,4534195.882810278,409517.7145489832,4534129.897374868,-821.5903823232957,1437.172564363458,-821.7035185010662,-6.415168389743052,-1.3148609575433543,-6.415014158870465,18098.075222067706,0.0,0.19182687041996702,1.940615498026607,2100841.585334012,603.42979371159
291500.0,4534113.691705101,409661.42521553236,4534047.694956847,-822.2316319073494,1437.0406102759728,-822.3447526251897,-6.40980991847247,-1.3242415618525425,-6.40965494911658,18098.075222067706,0.0,0.19182687041996702,1.940615498026607,2100841.585334012,603.42979371159
291600.0,4534031.436501892,409805.1226395613,4533965.428442342,-822.8723416124906,1436.9077118678572,-822.9854467960627,-6.40437061165905,-1.3337476638430474,-6.404214894004858,18098.075222067706,0.0,0.19182687041996702,1.940615498026607,2100841.585334012,603.42979371159
291700.0,4533949.117255046,409948.80672600755,4533883.097885757,-823.5125032949171,1436.77385650082,-823.6255928688947,-6.398849261360273,-1.3433810381337097,-6.398692785454448,18098.075222067706,0.0,0.19182687041996702,1.940615498026607,2100841.585334012,603.42979371159
291800.0,4533866.734019776,410092.47737853584,4533800.703342313,-824.1521086891322,1436.6390313578547,-824.2651825771867,-6.393244641578853,-1.3531434844823658,-6.393087397327782,18098.075222067706,0.0,0.19182687041996702,1.940615498026607,2100841.585334012,603.42979371159
291900.0,4533784.28685213,410236.13449952024,4533718.244868066,-824.7911494061257,1436.5032234407072,-824.9042075309119,-6.387555508002904,-1.3630368281248533,-6.387397485170707,18098.075222067706,0.0,0.19182687041996702,1.940615498026607,2100841.585334012,603.42979371159
292000.0,4533701.775809,410379.7779900257,4533635.722519916,-825.4296169315295,1436.3664195673118,-825.5426592146715,-6.381780597742777,-1.3730629201179025,-6.381621785949311,18098.075222067706,0.0,0.19182687041996702,1.940615498026607,2100841.585334012,603.42979371159
292100.0,4533619.200948138,410523.40774978977,4533553.13635562,-826.0675026237468,1436.228606369192,-826.1805289858233,-6.375918629065109,-1.3832236376849538,-6.375759017783922,18098.075222067706,0.0,0.19182687041996702,1.940615498026607,2100841.585334012,603.42979371159
292200.0,4533536.562328163,410667.0236772037,4533470.486433808,-826.7047977120538,1436.0897702888255,-826.8178080725837,-6.369968301122778,-1.3935208845671956,-6.3698078796790645,18098.075222067706,0.0,0.19182687041996702,1.940615498026607,2100841.585334012,603.42979371159
292300.0,4533453.860008579,410810.6256692934,4533387.772813992,-827.3414932946752,1435.949897576976,-827.4544875721022,-6.3639282936824735,-1.4039565913767875,-6.363767051250975,18098.075222067706,0.0,0.19182687041996702,1.940615498026607,2100841.585334012,603.42979371159
292400.0,4533371.094049788,410954.2136217002,4533304.995556581,-827.9775803368312,1435.8089742899865,-828.0905584485089,-6.35779726684829,-1.414532715955001,-6.357635192451188,18098.075222067706,0.0,0.19182687041996702,1.940615498026607,2100841.585334012,603.42979371159
292500.0,4533288.264513101,411097.78742866113,4533222.154722895,-828.6130496687581,1435.6669862870403,-828.7260115309346,-6.35157386078193,-1.4252512437343268,-6.3514109432867025,18098.075222067706,0.0,0.19182687041996702,1.940615498026607,2100841.585334012,603.42979371159
292600.0,4533205.371460754,411241.3469829893,4533139.250375178,-829.2478919836991,1435.5239192273825,-829.3608375115014,-6.345256695420156,-1.4361141881032267,-6.345092923537403,18098.075222067706,0.0,0.19182687041996702,1.940615498026607,2100841.585334012,603.42979371159
292700.0,4533122.41495592,411384.89217605354,4533056.28257661,-829.8820978358681,1435.3797585675059,-829.9950269432863,-6.338844370188036,-1.4471235907762314,-6.3386797324692825,18098.075222067706,0.0,0.19182687041996702,1.940615498026607,2100841.585334012,603.42979371159
292800.0,4533039.395062722,411528.42289775814,4532973.251391326,-830.5156576383837,1435.2344895583,-830.6285702382553,-6.332335463709496,-1.458281522166587,-6.332169948544967,18098.075222067706,0.0,0.19182687041996702,1.940615498026607,2100841.585334012,603.42979371159
292900.0,4532956.311846252,411671.93903652194,4532890.156884424,-831.1485616611749,1435.0880972421628,-831.2614576651679,-6.325728533513943,-1.4695900817636613,-6.325562129130301,18098.075222067706,0.0,0.19182687041996702,1.940615498026607,2100841.585334012,603.42979371159
293000.0,4532873.165372578,411815.44047925767,4532806.9991219845,-831.7808000288563,1434.9405664500732,-831.8936793474533,-6.319022115739614,-1.4810513985138747,-6.318854810197676,18098.075222067706,0.0,0.19182687041996702,1.940615498026607,2100841.585334012,603.42979371159
293100.0,4532789.955708768,411958.9271113503,4532723.77817108,-832.4123627185745,1434.7918817986267,-832.5252252610555,-6.312214724833636,-1.4926676312052103,-6.312046506026052,18098.075222067706,0.0,0.19182687041996702,1.940615498026607,2100841.585334012,603.42979371159
293200.0,4532706.682922896,412102.3988166357,4532640.494099797,-833.0432395578235,1434.642027687032,-833.1560852322497,-6.305304853248481,-1.5044409688557678,-6.3051357088974,18098.075222067706,0.0,0.19182687041996702,1.940615498026607,2100841.585334012,603.42979371159
293300.0,4532623.347084062,412245.85547737865,4532557.146977243,-833.67342022223,1434.4909882940676,-833.7862489354259,-6.298290971134788,-1.5163736311064704,-6.298120888789465,18098.075222067706,0.0,0.19182687041996702,1.940615498026607,2100841.585334012,603.42979371159
293400.0,4532539.9482624065,412389.29697425064,4532473.736873568,-834.3028942333078,1434.338747575001,-834.4157058908442,-6.291171526030926,-1.5284678686171491,-6.291000493065325,18098.075222067706,0.0,0.19182687041996702,1.940615498026607,2100841.585334012,603.42979371159
293500.0,4532456.486529125,412532.7231863074,4532390.263859977,-834.931650956181,1434.1852892584657,-835.044445462357,-6.283944942549056,-1.5407259634664523,-6.283772946159408,18098.075222067706,0.0,0.19182687041996702,1.940615498026607,2100841.585334012,603.42979371159
293600.0,4532372.961956484,412676.1339909661,4532306.728008747,-835.559679597275,1434.0305968432997,-835.6724568551007,-6.276609622057675,-1.5531502295555786,-6.27643664926001,18098.075222067706,0.0,0.19182687041996702,1.940615498026607,2100841.585334012,603.42979371159
293700.0,4532289.374617839,412819.52926398197,4532223.129393243,-836.186969201977,1433.8746535953426,-836.2997291131546,-6.269163942360292,-1.5657430130164294,-6.268989979987941,18098.075222067706,0.0,0.19182687041996702,1.940615498026607,2100841.585334012,603.42979371159
293800.0,4532205.724587648,412962.9088794253,4532139.468087933,-836.8135086522625,1433.7174425441924,-836.9262511171685,-6.261606257371179,-1.5785066926224582,-6.261431292072237,18098.075222067706,0.0,0.19182687041996702,1.940615498026607,2100841.585334012,603.42979371159
293900.0,4532122.01194149,413106.2727096573,4532055.7441684045,-837.4392866642902,1433.5589464799202,-837.5520115819567,-6.253934896787322,-1.5914436802037715,-6.253758915022081,18098.075222067706,0.0,0.19182687041996702,1.940615498026607,2100841.585334012,603.42979371159
294000.0,4532038.236756078,413249.6206253061,4531971.957711383,-838.0642917859641,1433.399147949744,-838.1769990540595,-6.246148165756399,-1.6045564210667436,-6.245971153794757,18098.075222067706,0.0,0.19182687041996702,1.940615498026607,2100841.585334012,603.42979371159
294100.0,4531954.3991092825,413392.9524952421,4531888.108794747,-838.6885123944614,1433.2380292546595,-838.8012019092715,-6.238244344542471,-1.6178473944151268,-6.238066288461303,18098.075222067706,0.0,0.19182687041996702,1.940615498026607,2100841.585334012,603.42979371159
294200.0,4531870.499080143,413536.2681865536,4531804.197497548,-839.3119366937276,1433.0755724460298,-839.4246083501362,-6.2302216881866395,-1.631319113777513,-6.230042573867128,18098.075222067706,0.0,0.19182687041996702,1.940615498026607,2100841.585334012,603.42979371159
294300.0,4531786.536748887,413679.5675645212,4531720.223900023,-839.9345527119367,1432.9117593221306,-840.0472064034057,-6.222078426165313,-1.6449741274364356,-6.221898239290259,18098.075222067706,0.0,0.19182687041996702,1.940615498026607,2100841.585334012,603.42979371159
294400.0,4531702.512196949,413822.8504925926,4531636.188083618,-840.5563482989179,1432.746571424654,-840.6689839174675,-6.2138127620443875,-1.6588150188620734,-6.21363148809548,18098.075222067706,0.0,0.19182687041996702,1.940615498026607,2100841.585334012,603.42979371159
294500.0,4531618.425506986,413966.1168323568,4531552.090131002,-841.1773111235467,1432.579990035167,-841.2899285597351,-6.20542287313009,-1.6728444071492248,-6.205240497385142,18098.075222067706,0.0,0.19182687041996702,1.940615498026607,2100841.585334012,603.42979371159
294600.0,4531534.276762899,414109.36644351756,4531467.930126085,-841.7974286711018,1432.4119961715278,-841.9100278140048,-6.196906910116558,-1.6870649474573662,-6.1967234176467105,18098.075222067706,0.0,0.19182687041996702,1.940615498026607,2100841.585334012,603.42979371159
294700.0,4531450.066049851,414252.59918386734,4531383.708154041,-842.4166882405858,1432.2425705842572,-842.5292689777757,-6.188262996729609,-1.7014793314547938,-6.188078372396499,18098.075222067706,0.0,0.19182687041996702,1.940615498026607,2100841.585334012,603.42979371159
294800.0,4531365.79345428,414395.81490925996,4531299.424301322,-843.0350769420105,1432.071693752865,-843.1476391595352,-6.17948922936693,-1.716090287766346,-6.179303457819826,18098.075222067706,0.0,0.19182687041996702,1.940615498026607,2100841.585334012,603.42979371159
294900.0,4531281.459063927,414539.0134735836,4531215.078655678,-843.652581693646,1431.8993458821317,-843.7651252760076,-6.170583676735457,-1.730900582423362,-6.17039674240836,18098.075222067706,0.0,0.19182687041996702,1.940615498026607,2100841.585334012,603.42979371159
295000.0,4531197.062967848,414682.194728733,4531130.671306178,-844.269189219233,1431.7255068983454,-844.3817140493661,-6.16154437948444,-1.7459130193185246,-6.161356266593149,18098.075222067706,0.0,0.19182687041996702,1.940615498026607,2100841.585334012,603.42979371159
295100.0,4531112.605256439,414825.35852458136,4531046.202343228,-844.8848860451593,1431.550156445493,-844.9973920044091,-6.152369349836214,-1.7611304406619526,-6.152180042375351,18098.075222067706,0.0,0.19182687041996702,1.940615498026607,2100841.585334012,603.42979371159
295200.0,4531028.086021451,414968.5047089521,4530961.671858593,-845.4996584975978,1431.3732738814056,-845.6121454656977,-6.143056571211903,-1.7765557274434545,-6.14286605295191,18098.075222067706,0.0,0.19182687041996702,1.940615498026607,2100841.585334012,603.42979371159
295300.0,4530943.505356015,415111.63312758994,4530877.079945413,-846.1134926996078,1431.1948382738565,-846.225960554657,-6.1336039978562455,-1.7921917998934789,-6.133412252340349,18098.075222067706,0.0,0.19182687041996702,1.940615498026607,2100841.585334012,603.42979371159
295400.0,4530858.863354656,415254.74362413166,4530792.42669823,-846.7263745681985,1431.0148283966148,-846.838823186639,-6.124009554456122,-1.8080416179523933,-6.123816564997245,18098.075222067706,0.0,0.19182687041996702,1.940615498026607,2100841.585334012,603.42979371159
295500.0,4530774.160113322,415397.83604007657,4530707.712213001,-847.3382898113538,1430.8332227254505,-847.4507190679473,-6.11427113575828,-1.8241081817382612,-6.114076885435936,18098.075222067706,0.0,0.19182687041996702,1.940615498026607,2100841.585334012,603.42979371159
295600.0,4530689.395729397,415540.9102147565,4530622.936587125,-847.9492239250193,1430.6499994340932,-848.0616336928235,-6.104386606182727,-1.840394532019396,-6.104191077839868,18098.075222067706,0.0,0.19182687041996702,1.940615498026607,2100841.585334012,603.42979371159
295700.0,4530604.570301731,415683.9659853054,4530538.099919462,-848.55916219005,1430.4651363901432,-848.671552340395,-6.094353799432637,-1.8569037506901789,-6.0941569756724645,18098.075222067706,0.0,0.19182687041996702,1.940615498026607,2100841.585334012,603.42979371159
295800.0,4530519.683930652,415827.00318662846,4530453.2023103535,-849.168089669119,1430.2786111509356,-849.2804600715832,-6.084170518101633,-1.873638961248575,-6.083972381284377,18098.075222067706,0.0,0.19182687041996702,1.940615498026607,2100841.585334012,603.42979371159
295900.0,4530434.736717995,415970.0216513709,4530368.243861649,-849.7759912035868,1430.090400959355,-849.8883417259723,-6.073834533277827,-1.890603329276407,-6.073635065517487,18098.075222067706,0.0,0.19182687041996702,1.940615498026607,2100841.585334012,603.42979371159
296000.0,4530349.728767122,416113.0212098865,4530283.224676724,-850.382851410331,1429.900482739604,-850.4951819186387,-6.063343584144679,-1.9078000629223073,-6.063142767305726,18098.075222067706,0.0,0.19182687041996702,1.940615498026607,2100841.585334012,603.42979371159
296100.0,4530264.6601829445,416256.00169020507,4530198.144860501,-850.9886546785352,1429.7088330929216,-851.1009650369399,-6.05269537757863,-1.9252324133873815,-6.05249319327267,18098.075222067706,0.0,0.19182687041996702,1.940615498026607,2100841.585334012,603.42979371159
296200.0,4530179.531071946,416398.9629180004,4530113.00451948,-851.5933851664387,1429.5154282932535,-851.7056752372637,-6.041887587744193,-1.942903675412361,-6.041684017326596,18098.075222067706,0.0,0.19182687041996702,1.940615498026607,2100841.585334012,603.42979371159
296300.0,4530094.341542207,416541.9047165571,4530027.803761753,-852.1970267980445,1429.3202442828742,-852.3092964417356,-6.030917855685773,-1.960817187767511,-6.030712880252264,18098.075222067706,0.0,0.19182687041996702,1.940615498026607,2100841.585334012,603.42979371159
296400.0,4530009.091703425,416684.8269067373,4529942.542697035,-852.7995632597872,1429.1232566679591,-852.9118123348866,-6.019783788916867,-1.978976333744166,-6.019577389300078,18098.075222067706,0.0,0.19182687041996702,1.940615498026607,2100841.585334012,603.42979371159
296500.0,4529923.781666945,416827.72930694657,4529857.221436681,-853.4009779971586,1428.9244407141082,-853.5132063602786,-6.0084829610065125,-1.9973845416480587,-6.008275117772495,18098.075222067706,0.0,0.19182687041996702,1.940615498026607,2100841.585334012,603.42979371159
296600.0,4529838.411545776,416970.61173309997,4529771.840093718,-854.0012542112933,1428.723771341819,-854.1134617170891,-5.997012911162754,-2.016045285294871,-5.996803604607462,18098.075222067706,0.0,0.19182687041996702,1.940615498026607,2100841.585334012,603.42979371159
296700.0,4529752.981454621,417113.4739985872,4529686.398782861,-854.6003748555107,1428.5212231219116,-854.7125613566536,-5.985371143813705,-2.034962084506999,-5.985160353959423,18098.075222067706,0.0,0.19182687041996702,1.940615498026607,2100841.585334012,603.42979371159
296800.0,4529667.4915099,417256.3159142372,4529600.897620547,-855.1983226318168,1428.316770270903,-855.3104879789665,-5.973555128185822,-2.0541385056121113,-5.973342834777572,18098.075222067706,0.0,0.19182687041996702,1.940615498026607,2100841.585334012,603.42979371159
296900.0,4529581.941829775,417399.13728828274,4529515.336724951,-855.7950799873624,1428.1103866463307,-855.9072240291392,-5.9615622978802545,-2.0735781619421125,-5.9613484803821555,18098.075222067706,0.0,0.19182687041996702,1.940615498026607,2100841.585334012,603.42979371159
297000.0,4529496.332534177,417541.93792632426,4529429.71621602,-856.3906291108595,1427.9020457420286,-856.5027516938156,-5.949390050446405,-2.093284714333872,-5.949174688037999,18098.075222067706,0.0,0.19182687041996702,1.940615498026607,2100841.585334012,603.42979371159
297100.0,4529410.66374483,417684.71763129317,4529344.036215494,-856.9849519289545,1427.6917206833505,-857.097052897546,-5.937035746953308,-2.1132618716307663,-5.936818818525844,18098.075222067706,0.0,0.19182687041996702,1.940615498026607,2100841.585334012,603.42979371159
297200.0,4529324.935585279,417827.4762034147,4529258.296846934,-857.5780301025587,1427.4793842223444,-857.690109299116,-5.924496711558781,-2.133513391185046,-5.924278195711458,18098.075222067706,0.0,0.19182687041996702,1.940615498026607,2100841.585334012,603.42979371159
297300.0,4529239.148180917,417970.21344017057,4529172.498235747,-858.1698450231357,1427.265008732877,-858.2819022878344,-5.911770231077069,-2.154043079359793,-5.911550106113245,18098.075222067706,0.0,0.19182687041996702,1.940615498026607,2100841.585334012,603.42979371159
297400.0,4529153.301659011,418112.9291362606,4529086.640509219,-858.7603778089452,1427.0485662057072,-858.8724129797764,-5.898853554543366,-2.1748547920332624,-5.898631798466728,18098.075222067706,0.0,0.19182687041996702,1.940615498026607,2100841.585334012,603.42979371159
297500.0,4529067.396148731,418255.6230835644,4529000.723796533,-859.3496093012433,1426.830028243509,-859.4616222139832,-5.885743892778185,-2.1959524351004185,-5.885520483288884,18098.075222067706,0.0,0.19182687041996702,1.940615498026607,2100841.585334012,603.42979371159
297600.0,4528981.431781175,418398.29507110233,4528914.748228806,-859.937520060439,1426.6093660558458,-860.0495105486187,-5.872438417948415,-2.2173399649772785,-5.87221333243915,18098.075222067706,0.0,0.19182687041996702,1.940615498026607,2100841.585334012,603.42979371159
297700.0,4528895.4086894,418540.9448849957,4528828.713939111,-860.5240903622074,1426.3865504540918,-860.6360582570816,-5.858934263128191,-2.23902138910244,-5.858707478680266,18098.075222067706,0.0,0.19182687041996702,1.940615498026607,2100841.585334012,603.42979371159
297800.0,4528809.327008451,418683.57230842684,4528742.621062509,-861.1093001935576,1426.1615518463052,-861.2212453240733,-5.845228521857365,-2.261000766439818,-5.845000015236706,18098.075222067706,0.0,0.19182687041996702,1.940615498026607,2100841.585334012,603.42979371159
297900.0,4528723.186875387,418826.1771215986,4528656.469736077,-861.6931292488576,1425.934340232051,-861.8050514416226,-5.831318247699244,-2.283282207979591,-5.831087995352375,18098.075222067706,0.0,0.19182687041996702,1.940615498026607,2100841.585334012,603.42979371159
298000.0,4528636.9884293135,418968.75910169317,4528570.260098938,-862.2755569258147,1425.704885197173,-862.3874560050651,-5.817200453797204,-2.3058698772381105,-5.816968431847187,18098.075222067706,0.0,0.19182687041996702,1.940615498026607,2100841.585334012,603.42979371159
298100.0,4528550.731811411,419111.31802283024,4528483.992292291,-862.8565623214108,1425.4731559085164,-862.968438108979,-5.802872112430642,-2.328767990755966,-5.802638296672971,18098.075222067706,0.0,0.19182687041996702,1.940615498026607,2100841.585334012,603.42979371159
298200.0,4528464.417164965,419253.85365602514,4528397.666459438,-863.436124227794,1425.2391211086,-863.547976543075,-5.788330154569014,-2.351980818596304,-5.788094520467485,18098.075222067706,0.0,0.19182687041996702,1.940615498026607,2100841.585334012,603.42979371159
298300.0,4528378.044635398,419396.36576914595,4528311.282745821,-864.0142211281254,1425.0027491102398,-864.1260497880442,-5.773571469426747,-2.375512684838741,-5.77333399210928,18098.075222067706,0.0,0.19182687041996702,1.940615498026607,2100841.585334012,603.42979371159
298400.0,4528291.6143703,419538.8541268704,4528224.841299048,-864.5908311923811,1424.7640077911224,-864.7026360113582,-5.758592904016723,-2.399367968072749,-5.758353558271149,18098.075222067706,0.0,0.19182687041996702,1.940615498026607,2100841.585334012,603.42979371159
298500.0,4528205.126519459,419681.318490642,4528138.342268924,-865.1659322731098,1424.5228645883296,-865.2777130630275,-5.743391262704607,-2.4235511018866527,-5.743150022974417,18098.075222067706,0.0,0.19182687041996702,1.940615498026607,2100841.585334012,603.42979371159
298600.0,4528118.581234894,419823.75861862564,4528051.785807489,-865.7395019011458,1424.2792864928142,-865.8512584713134,-5.727963306761896,-2.4480665753559236,-5.727720147141956,18098.075222067706,0.0,0.19182687041996702,1.940615498026607,2100841.585334012,603.42979371159
298700.0,4528031.978670887,419966.1742656628,4527965.172069045,-866.3115172812774,1424.0332400438265,-866.4232494383959,-5.71230575391986,-2.4729189335269957,-5.712060648152083,18098.075222067706,0.0,0.19182687041996702,1.940615498026607,2100841.585334012,603.42979371159
298800.0,4527945.318984016,420108.565183226,4527878.501210188,-866.8819552878704,1423.784691323294,-866.9936628359973,-5.6964152779246175,-2.498112777896334,-5.696168199393604,18098.075222067706,0.0,0.19182687041996702,1.940615498026607,2100841.585334012,603.42979371159
298900.0,4527858.602333189,420250.931119373,4527791.773389845,-867.4507924604472,1423.5336059501522,-867.5624752009603,-5.680288508091129,-2.523652766888449,-5.680039429819771,18098.075222067706,0.0,0.19182687041996702,1.940615498026607,2100841.585334012,603.42979371159
299000.0,4527771.828879678,420393.27181869996,4527704.988769308,-868.018004999222,1423.2799490746277,-868.1296627307831,-5.663922028860171,-2.549543616326009,-5.663670923505215,18098.075222067706,0.0,0.19182687041996702,1.940615498026607,2100841.585334012,603.42979371159
299100.0,4527684.998787148,420535.5870222944,4527618.147512265,-868.5835687605904,1423.0236853724757,-868.6952012791088,-5.647312379354476,-2.5757900998985717,-5.647059219202065,18098.075222067706,0.0,0.19182687041996702,1.940615498026607,2100841.585334012,603.42979371159
299200.0,4527598.1122217,420677.8764676874,4527531.249784835,-869.1474592525766,1422.76477903917,-869.2590663511711,-5.630456052938064,-2.602397049623164,-5.630200809899217,18098.075222067706,0.0,0.19182687041996702,1.940615498026607,2100841.585334012,603.42979371159
299300.0,4527511.169351901,420820.1398888055,4527444.295755605,-869.7096516302345,1422.5031937840467,-869.8212330991961,-5.613349496776047,-2.6293693563012246,-5.613092142382134,18098.075222067706,0.0,0.19182687041996702,1.940615498026607,2100841.585334012,603.42979371159
299400.0,4527424.1703488175,420962.37701592146,4527357.285595666,-870.2701206910064,1422.2388928244045,-870.3816763177601,-5.5959891113968485,-2.656711969968818,-5.595729616795012,18098.075222067706,0.0,0.19182687041996702,1.940615498026607,2100841.585334012,603.42979371159
299500.0,4527337.115386058,421104.58757560496,4527270.219478644,-870.8288408700373,1421.9718388795577,-870.9403704391037,-5.578371250256733,-2.6844299003402434,-5.578109586205283,18098.075222067706,0.0,0.19182687041996702,1.940615498026607,2100841.585334012,603.42979371159
299600.0,4527250.004639803,421246.7712906725,4527183.097580745,-871.3857862354466,1421.7019941648473,-871.4972895284022,-5.560492219307225,-2.712528217244119,-5.560228356170998,18098.075222067706,0.0,0.19182687041996702,1.940615498026607,2100841.585334012,603.42979371159
299700.0,4527162.838288847,421388.9278801365,4527095.920080783,-871.9409304835553,1421.4293203856078,-872.0524072789933,-5.542348276564395,-2.7410120510536977,-5.5420821843100905,18098.075222067706,0.0,0.19182687041996702,1.940615498026607,2100841.585334012,603.42979371159
299800.0,4527075.6165146325,421531.0570591545,4527008.687160223,-872.4942469340716,1421.1537787310913,-872.6056970075617,-5.5239356316820585,-2.7698865931080596,-5.523667279873522,18098.075222067706,0.0,0.19182687041996702,1.940615498026607,2100841.585334012,603.42979371159
299900.0,4526988.339501289,421673.15853897657,4526921.399003217,-873.0457085252333,1420.8753298683507,-873.1571316492814,-5.505250445529425,-2.799157096123289,-5.504979803322923,18098.075222067706,0.0,0.19182687041996702,1.940615498026607,2100841.585334012,603.42979371159
300000.0,4526901.007435671,421815.2320268933,4526834.055796644,-873.5952878089082,1420.5939339360816,-873.7066837529152,-5.486288829770629,-2.8288288745979915,-5.486015865910078,18098.075222067706,0.0,0.19182687041996702,1.940615498026607,2100841.585334012,603.42979371159
300100.0,4526813.620507399,421957.2772261824,4526746.657730145,-874.1429569456533,1420.309550538424,-874.2543254758735,-5.467046846450382,-2.8589073052061575,-5.466771529262558,18098.075222067706,0.0,0.19182687041996702,1.940615498026607,2100841.585334012,603.42979371159
300200.0,4526726.178908895,422099.29383605503,4526659.204996169,-874.6886876997318,1420.0221387387257,-874.8000285792313,-5.447520507582607,-2.8893978271826093,-5.447242804972324,18098.075222067706,0.0,0.19182687041996702,1.940615498026607,2100841.585334012,603.42979371159
300300.0,4526638.682835426,422241.2815516014,4526571.697790004,-875.2324514340897,1419.7316570532678,-875.3437644227038,-5.427705774746212,-2.920305942694222,-5.427425654191458,18098.075222067706,0.0,0.19182687041996702,1.940615498026607,2100841.585334012,603.42979371159
300400.0,4526551.132485143,422383.24006373575,4526484.136309827,-875.7742191052928,1419.4380634449521,-875.8855039595828,-5.407598558684445,-2.9516372172028564,-5.407315987231516,18098.075222067706,0.0,0.19182687041996702,1.940615498026607,2100841.585334012,603.42979371159
300500.0,4526463.528059121,422525.16905914055,4526396.520756737,-876.3139612584225,1419.1413153169558,-876.4252177316329,-5.387194718910915,-2.9833972798149837,-5.386909663169506,18098.075222067706,0.0,0.19182687041996702,1.940615498026607,2100841.585334012,603.42979371159
300600.0,4526375.869761404,422667.0682202105,4526308.851334802,-876.8516480219344,1418.8413695063484,-876.9628758639484,-5.366490063321943,-3.0155918236185992,-5.366202489460216,18098.075222067706,0.0,0.19182687041996702,1.940615498026607,2100841.585334012,603.42979371159
300700.0,4526288.157799039,422808.93722499534,4526221.128251095,-877.3872491024766,1418.5381822776785,-877.498448059772,-5.345480347815432,-3.048226606007202,-5.3451902215550575,18098.075222067706,0.0,0.19182687041996702,1.940615498026607,2100841.585334012,603.42979371159
300800.0,4526200.392382129,422950.77574714244,4526133.3517157445,-877.9207337796718,1418.2317093165268,-878.031903595276,-5.324161275917301,-3.0813074489891927,-5.3238685625284905,18098.075222067706,0.0,0.19182687041996702,1.940615498026607,2100841.585334012,603.42979371159
300900.0,4526112.573723868,423092.58345583844,4526045.521941969,-878.452070900861,1417.9219057230302,-878.5632113143058,-5.302528498415359,-3.1148402394829517,-5.30223316271186,18098.075222067706,0.0,0.19182687041996702,1.940615498026607,2100841.585334012,603.42979371159
301000.0,4526024.702040587,423234.36001575046,4525957.639146128,-878.9812288758125,1417.6087260053764,-879.0923396230878,-5.2805776130012765,-3.1488309295966586,-5.280279619335353,18098.075222067706,0.0,0.19182687041996702,1.940615498026607,2100841.585334012,603.42979371159
301100.0,4525936.777551798,423376.10508696653,4525869.703547759,-879.508175671394,1417.292124073272,-879.6192564849019,-5.258304163921253,-3.183285536891856,-5.258003476178647,18098.075222067706,0.0,0.19182687041996702,1.940615498026607,2100841.585334012,603.42979371159
301200.0,4525848.800480241,423517.8183249356,4525781.715369628,-880.0328788062119,1416.9720532313838,-880.1439294147192,-5.2357036416370475,-3.218210144628216,-5.23540022323192,18098.075222067706,0.0,0.19182687041996702,1.940615498026607,2100841.585334012,603.42979371159
301300.0,4525760.771051923,423659.49938040646,4525693.674837771,-880.5553053452152,1416.6484661727593,-880.6663254738065,-5.212771482494608,-3.2536109019940787,-5.212465296364473,18098.075222067706,0.0,0.19182687041996702,1.940615498026607,2100841.585334012,603.42979371159
301400.0,4525672.689496171,423801.14789936633,4525605.582181541,-881.0754218942685,1416.3213149722208,-881.1864112642983,-5.189503068405685,-3.2894940243140525,-5.189194077006308,18098.075222067706,0.0,0.19182687041996702,1.940615498026607,2100841.585334012,603.42979371159
301500.0,4525584.556045672,423942.76352297876,4525517.437633655,-881.5931945946932,1415.990551079744,-881.704152923737,-5.165893726537648,-3.3258657932416265,-5.165581891837956,18098.075222067706,0.0,0.19182687041996702,1.940615498026607,2100841.585334012,603.42979371159
301600.0,4525496.370936524,424084.34588752076,4525429.241430238,-882.1085891177775,1415.656125313815,-882.2195161195832,-5.141938729017692,-3.362732556926746,-5.141624012494649,18098.075222067706,0.0,0.19182687041996702,1.940615498026607,2100841.585334012,603.42979371159
301700.0,4525408.134408281,424225.89462431933,4525340.993810873,-882.6215706592584,1415.3179878547744,-882.7324660436968,-5.117633292645673,-3.4001007301679342,-5.117315655279164,18098.075222067706,0.0,0.19182687041996702,1.940615498026607,2100841.585334012,603.42979371159
301800.0,4525319.846704001,424367.40935968736,4525252.695018647,-883.1321039337753,1414.9760882381452,-883.2429674067903,-5.092972578624487,-3.437976794534481,-5.092651980892179,18098.075222067706,0.0,0.19182687041996702,1.940615498026607,2100841.585334012,603.42979371159
301900.0,4525231.508070295,424508.8897148587,4525164.345300202,-883.640153169297,1414.63037534795,-883.7509844328547,-5.067951692298843,-3.4763672984737717,-5.06762809417105,18098.075222067706,0.0,0.19182687041996702,1.940615498026607,2100841.585334012,603.42979371159
302000.0,4525143.118757376,424650.33530592296,4525075.94490578,-884.1456821015238,1414.2807974100194,-884.2564808535618,-5.042565682912272,-3.5152788573878655,-5.042239043846804,18098.075222067706,0.0,0.19182687041996702,1.940615498026607,2100841.585334012,603.42979371159
302100.0,4525054.679019109,424791.7457437588,4524987.4940892765,-884.6486539682654,1413.9273019852942,-884.7594199026414,-5.016809543376187,-3.554718153689478,-5.016479822313207,18098.075222067706,0.0,0.19182687041996702,1.940615498026607,2100841.585334012,603.42979371159
302200.0,4524966.18911306,424933.1206339677,4524898.993108287,-885.1490315037973,1413.5698359631215,-885.2597643102367,-4.990678210055852,-3.594691936829652,-4.990345365412728,18098.075222067706,0.0,0.19182687041996702,1.940615498026607,2100841.585334012,603.42979371159
302300.0,4524877.649300545,425074.45957680617,4524810.442224162,-885.6467769331957,1413.2083455545517,-885.7574762972395,-4.964166562572512,-3.6352070232985056,-4.963830552238667,18098.075222067706,0.0,0.19182687041996702,1.940615498026607,2100841.585334012,603.42979371159
302400.0,4524789.059846686,425215.76216711756,4524721.841702051,-886.1418519666543,1412.8427762856352,-886.2525175696055,-4.9372694236225945,-3.676270296597643,-4.936930204954365,18098.075222067706,0.0,0.19182687041996702,1.940615498026607,2100841.585334012,603.42979371159
302500.0,4524700.421020458,425357.0279942634,4524633.191810965,-886.634217793783,1412.4730729907235,-886.7448493126539,-4.909981558813793,-3.7178887071848052,-4.909639088629292,18098.075222067706,0.0,0.19182687041996702,1.940615498026607,2100841.585334012,603.42979371159
302600.0,4524611.733094745,425498.2566420537,4524544.492823817,-887.1238350778924,1412.0991798057785,-887.2344321853494,-4.882297676521408,-3.7600692723853752,-4.881951911095394,18098.075222067706,0.0,0.19182687041996702,1.940615498026607,2100841.585334012,603.42979371159
302700.0,4524522.99634639,425639.44768867694,4524455.745017485,-887.6106639502634,1411.7210401616906,-887.7212263145733,-4.854212427762576,-3.802819076274808,-4.853863322821333,18098.075222067706,0.0,0.19182687041996702,1.940615498026607,2100841.585334012,603.42979371159
302800.0,4524434.211056249,425780.60070662905,4524366.948672858,-888.0946640044062,1411.3385967776117,-888.2051912893808,-4.825720406092281,-3.846145269525812,-4.825367916808515,18098.075222067706,0.0,0.19182687041996702,1.940615498026607,2100841.585334012,603.42979371159
302900.0,4524345.3775092475,425921.71526264213,4524278.104074896,-888.5757942903101,1410.9517916543039,-888.6862861552504,-4.796816147519113,-3.8900550692238203,-4.7964602285068665,18098.075222067706,0.0,0.19182687041996702,1.940615498026607,2100841.585334012,603.42979371159
303000.0,4524256.495994433,426062.79091761215,4524189.21151268,-889.0540133086851,1410.5605660675092,-889.1644694083254,-4.767494130443517,-3.9345557586464577,-4.767134735753089,18098.075222067706,0.0,0.19182687041996702,1.940615498026607,2100841.585334012,603.42979371159
303100.0,4524167.566805029,426203.82722652605,4524100.271279469,-889.529279005199,1410.1648605613427,-889.6396989896505,-4.737748775620194,-3.9796546870045706,-4.737385858733096,18098.075222067706,0.0,0.19182687041996702,1.940615498026607,2100841.585334012,603.42979371159
303200.0,4524078.590238496,426344.82373838837,4524011.283672757,-890.0015487647123,1409.7646149417142,-890.1119322794054,-4.707574446142678,-4.025359269148181,-4.707207959966611,18098.075222067706,0.0,0.19182687041996702,1.940615498026607,2100841.585334012,603.42979371159
303300.0,4523989.56659658,426485.77999614703,4523922.248994328,-890.4707794055121,1409.35976826978,-890.5811260911393,-4.676965447453738,-4.071676985231756,-4.676595344317594,18098.075222067706,0.0,0.19182687041996702,1.940615498026607,2100841.585334012,603.42979371159
303400.0,4523900.496185376,426626.69553661864,4523833.167550312,-890.9369271735484,1408.9502588554317,-891.0472366660058,-4.645916027381672,-4.118615380338831,-4.645542259030567,18098.075222067706,0.0,0.19182687041996702,1.940615498026607,2100841.585334012,603.42979371159
303500.0,4523811.379315385,426767.56989041285,4523744.039651246,-891.3999477366762,1408.5360242508225,-891.510219667005,-4.61442037620359,-4.166182064064547,-4.614042893793931,18098.075222067706,0.0,0.19182687041996702,1.940615498026607,2100841.585334012,603.42979371159
303600.0,4523722.216301566,426908.40258185647,4523654.865612128,-891.8597961789039,1408.11700124394,-891.9700301732314,-4.582472626735402,-4.2143847100567156,-4.5820913808299935,18098.075222067706,0.0,0.19182687041996702,1.940615498026607,2100841.585334012,603.42979371159
303700.0,4523633.007463402,427049.19312891655,4523565.645752477,-892.3164269946537,1407.6931258522252,-892.4266226741336,-4.550066854452295,-4.263231055509663,-4.549681795015488,18098.075222067706,0.0,0.19182687041996702,1.940615498026607,2100841.585334012,603.42979371159
303800.0,4523543.753124957,427189.9410431232,4523476.380396396,-892.7697940830342,1407.2643333162453,-892.8799510637863,-4.51719707763934,-4.312728900611625,-4.516808154032216,18098.075222067706,0.0,0.19182687041996702,1.940615498026607,2100841.585334012,603.42979371159
303900.0,4523454.4536149325,427330.6458294914,4523387.069872624,-893.2198507421302,1406.8305580934232,-893.3299686351803,-4.483857257571103,-4.362886107947814,-4.483464418546719,18098.075222067706,0.0,0.19182687041996702,1.940615498026607,2100841.585334012,603.42979371159
304000.0,4523365.109266732,427471.3069864424,4523297.714514606,-893.6665496633126,1406.3917338518308,-893.7766280745311,-4.450041298726838,-4.413710601848866,-4.4496444924255165,18098.075222067706,0.0,0.19182687041996702,1.940615498026607,2100841.585334012,603.42979371159
304100.0,4523275.72041852,427611.92400572466,4523208.314660544,-894.1098429255703,1405.9477934640483,-894.2198814556109,-4.415743049035161,-4.465210367694723,-4.415342222979836,18098.075222067706,0.0,0.19182687041996702,1.940615498026607,2100841.585334012,603.42979371159
304200.0,4523186.287413285,427752.49637233384,4523118.870653466,-894.5496819898694,1405.498669001097,-894.659680234107,-4.380956300159117,-4.517393451156834,-4.380551401250743,18098.075222067706,0.0,0.19182687041996702,1.940615498026607,2100841.585334012,603.42979371159
304300.0,4523096.8105989,427893.02356443234,4523029.382841288,-894.986017693542,1405.0442917264488,-895.09597524201,-4.345674787810179,-4.570267957397241,-4.345265762323204,18098.075222067706,0.0,0.19182687041996702,1.940615498026607,2100841.585334012,603.42979371159
304400.0,4523007.290328184,428033.5050532683,4522939.851576869,-895.418800244708,1404.584592090122,-895.5287166820362,-4.309892192104307,-4.623842050203917,-4.3094789856822135,18098.075222067706,0.0,0.19182687041996702,1.940615498026607,2100841.585334012,603.42979371159
304500.0,4522917.72695897,428173.94030309387,4522850.277218084,-895.8479792167359,1404.1194997228617,-895.9578541220866,-4.273602137955496,-4.678123951070008,-4.273184695606412,18098.075222067706,0.0,0.19182687041996702,1.940615498026607,2100841.585334012,603.42979371159
304600.0,4522828.120854162,428314.3287710832,4522760.66012788,-896.2735035427431,1403.6489434304196,-896.3833364897472,-4.236798195507397,-4.733121938216351,-4.236376461599793,18098.075222067706,0.0,0.19182687041996702,1.940615498026607,2100841.585334012,603.42979371159
304700.0,4522738.472381805,428454.66990724945,4522671.000674345,-896.6953215101424,1403.172851187932,-896.8051120668357,-4.199473880607322,-4.78884434555073,-4.199047798865783,18098.075222067706,0.0,0.19182687041996702,1.940615498026607,2100841.585334012,603.42979371159
304800.0,4522648.781915149,428594.9631543616,4522581.299230771,-897.1133807552378,1402.6911501344055,-897.2231284839962,-4.161622655322111,-4.845299561565096,-4.161192168823205,18098.075222067706,0.0,0.19182687041996702,1.940615498026607,2100841.585334012,603.42979371159
304900.0,4522559.049832711,428735.2079478604,4522491.55617572,-897.5276282578743,1402.2037665673167,-897.6373327153486,-4.123237928498366,-4.9024960281671515,-4.122802979666591,18098.075222067706,0.0,0.19182687041996702,1.940615498026607,2100841.585334012,603.42979371159
305000.0,4522469.276518344,428875.4037157742,4522401.77189309,-897.9380103361453,1401.710625937332,-898.0476710731962,-4.084313056367247,-4.960442239446267,-4.083873586971091,18098.075222067706,0.0,0.19182687041996702,1.940615498026607,2100841.585334012,603.42979371159
305100.0,4522379.462361302,429015.54987863364,4522311.946772179,-898.3444726411635,1401.2116528431534,-898.4540892027956,-4.044841343193779,-5.019146740374303,-4.044397294341872,18098.075222067706,0.0,0.19182687041996702,1.940615498026607,2100841.585334012,603.42979371159
305200.0,4522289.607756308,429155.64584938664,4522222.081207756,-898.746960151899,1400.706771026499,-898.8565320771943,-4.004816041978605,-5.0786181254291,-4.004367354115989,18098.075222067706,0.0,0.19182687041996702,1.940615498026607,2100841.585334012,603.42979371159
305300.0,4522199.71310362,429295.6910333121,4522132.175600127,-899.1454171700894,1400.195903367223,-899.2549439921414,-3.964230355205433,-5.1388650371517635,-3.9637769681099404,18098.075222067706,0.0,0.19182687041996702,1.940615498026607,2100841.585334012,603.42979371159
305400.0,4522109.778809102,429435.68482793367,4522042.230355201,-899.5397873152282,1399.678971878586,-899.6492685610746,-3.9230774356412406,-5.199896164626976,-3.9226192884199884,18098.075222067706,0.0,0.19182687041996702,1.940615498026607,2100841.585334012,603.42979371159
305500.0,4522019.805284288,429575.6266229328,4521952.245884561,-899.9300135196347,1399.1558977026787,-900.0394487101902,-3.8813503871858615,-5.261720241892062,-3.8808874182718847,18098.075222067706,0.0,0.19182687041996702,1.940615498026607,2100841.585334012,603.42979371159
305600.0,4521929.792946454,429715.5158000614,4521862.222605531,-900.3160380236127,1398.6266011060097,-900.4254266736015,-3.8390422657822705,-5.324346046257496,-3.838574412931271,18098.075222067706,0.0,0.19182687041996702,1.940615498026607,2100841.585334012,603.42979371159
305700.0,4521839.742218687,429855.3517330541,4521772.160941247,-900.6978023707021,1398.0910014752658,-900.8071439885898,-3.7961460803729317,-5.38778239656221,-3.795673280660185,18098.075222067706,0.0,0.19182687041996702,1.940615498026607,2100841.585334012,603.42979371159
305800.0,4521749.653529956,429995.13378754,4521682.061320726,-901.0752474030293,1397.5490173132496,-901.1845414909551,-3.7526547939230284,-5.45203815133159,-3.7521769837404104,18098.075222067706,0.0,0.19182687041996702,1.940615498026607,2100841.585334012,603.42979371159
305900.0,4521659.527315179,430134.86132095417,4521591.9241789365,-901.4483132567627,1397.0005662350063,-901.5575593104708,-3.7085613244940054,-5.517122206864446,-3.708078439547194,18098.075222067706,0.0,0.19182687041996702,1.940615498026607,2100841.585334012,603.42979371159
306000.0,4521569.364015296,430274.53368244856,4521501.749956871,-901.8169393576793,1396.445564964146,-901.9261368664497,-3.6638585463842355,-5.5830434952233094,-3.663370521690061,18098.075222067706,0.0,0.19182687041996702,1.940615498026607,2100841.585334012,603.42979371159
306100.0,4521479.164077342,430414.1502128028,4521411.539101615,-902.1810644168471,1395.8839293293704,-902.2902128634272,-3.618539291325314,-5.649810982146279,-3.618046061209268,18098.075222067706,0.0,0.19182687041996702,1.940615498026607,2100841.585334012,603.42979371159
306200.0,4521388.927954514,430553.7102443346,4521321.292066417,-902.5406264264315,1395.3155742612153,-902.6497252869665,-3.572596349747997,-5.717433664859312,-3.5720978478419183,18098.075222067706,0.0,0.19182687041996702,1.940615498026607,2100841.585334012,603.42979371159
306300.0,4521298.656106248,430693.21310080955,4521231.009310766,-902.8955626556308,1394.7404137890132,-903.0046113995943,-3.5260224721090787,-5.785920569802745,-3.525518631349021,18098.075222067706,0.0,0.19182687041996702,1.940615498026607,2100841.585334012,603.42979371159
306400.0,4521208.348998289,430832.6580973511,4521140.691300461,-903.2458096467484,1394.1583610380908,-903.3548077368728,-3.478810370288645,-5.855280750258097,-3.478301122912928,18098.075222067706,0.0,0.19182687041996702,1.940615498026607,2100841.585334012,603.42979371159
306500.0,4521118.007102764,430972.0445403498,4521050.338507683,-903.5913032114074,1393.5693282272064,-903.7002501036138,-3.430952719051924,-5.9255232838845995,-3.430437996599375,18098.075222067706,0.0,0.19182687041996702,1.940615498026607,2100841.585334012,603.42979371159
306600.0,4521027.630898257,431111.3717273728,4520959.951411069,-903.9319784269155,1392.9732266662402,-904.040873570244,-3.3824421575872172,-5.996657270148076,-3.381921890895623,18098.075222067706,0.0,0.19182687041996702,1.940615498026607,2100841.585334012,603.42979371159
306700.0,4520937.220869878,431250.6389470727,4520869.530495787,-904.2677696327869,1392.3699667541462,-904.3766124693261,-3.3332712911092583,-6.0686918276594115,-3.332745410314021,18098.075222067706,0.0,0.19182687041996702,1.940615498026607,2100841.585334012,603.42979371159
306800.0,4520846.777509343,431389.8454790961,4520779.076253607,-904.5986104274283,1391.759457977175,-904.7074003922454,-3.2834326925422466,-6.141636091400935,-3.2829011270752533,18098.075222067706,0.0,0.19182687041996702,1.940615498026607,2100841.585334012,603.42979371159
306900.0,4520756.301315043,431528.99059399293,4520688.5891829785,-904.9244336649973,1391.1416089073805,-905.0331701860674,-3.2329189042778634,-6.215499209848693,-3.232381582866586,18098.075222067706,0.0,0.19182687041996702,1.940615498026607,2100841.585334012,603.42979371159
307000.0,4520665.792792124,431668.0735531243,4520598.069789103,-905.2451714524401,1390.5163272014167,-905.3538539505757,-3.1817224400067223,-6.29029034199352,-3.181179290673551,18098.075222067706,0.0,0.19182687041996702,1.940615498026607,2100841.585334012,603.42979371159
307100.0,4520575.252452555,431807.09360857133,4520507.51858401,-905.5607551467161,1389.8835195996426,-905.6693830354968,-3.129835786633223,-6.366018654246125,-3.129286736695044,18098.075222067706,0.0,0.19182687041996702,1.940615498026607,2100841.585334012,603.42979371159
307200.0,4520484.68081521,431946.05000304314,4520416.936086631,-905.871115352219,1389.2430919255373,-905.9796880379207,-3.077251406270192,-6.442693317232385,-3.076696382338213,18098.075222067706,0.0,0.19182687041996702,1.940615498026607,2100841.585334012,603.42979371159
307300.0,4520394.078405938,432084.94196978555,4520326.322822876,-906.1761819184001,1388.5949490854448,-906.2846987999246,-3.0239617383175927,-6.520323502472912,-3.023400666297427,18098.075222067706,0.0,0.19182687041996702,1.940615498026607,2100841.585334012,603.42979371159
307400.0,4520303.445757643,432223.768732489,4520235.679325709,-906.4758839376047,1387.9389950686545,-906.5843444064092,-2.9699592016224563,-6.598918378951873,-2.9693920067144806,18098.075222067706,0.0,0.19182687041996702,1.940615498026607,2100841.585334012,603.42979371159
307500.0,4520212.783410356,432362.52950519713,4520145.006135222,-906.7701497431291,1387.2751329478324,-906.8785531831552,-2.9152361967293077,-6.678487109561444,-2.9146628034292963,18098.075222067706,0.0,0.19182687041996702,1.940615498026607,2100841.585334012,603.42979371159
307600.0,4520122.091911315,432501.223492215,4520054.303798713,-907.0589069075052,1386.603264879812,-907.1672526951093,-2.8597851082176518,-6.75903884742789,-2.859205440317697,18098.075222067706,0.0,0.19182687041996702,1.940615498026607,2100841.585334012,603.42979371159
307700.0,4520031.371815035,432639.8498880176,4519963.572870763,-907.3420822410257,1385.92329210676,-907.4503697449081,-2.8035983071276664,-6.8405827321181505,-2.8030122877173955,18098.075222067706,0.0,0.19182687041996702,1.940615498026607,2100841.585334012,603.42979371159
307800.0,4519940.623683392,432778.40787715843,4519872.81391331,-907.6196017905149,1385.2351149577278,-907.7278303716499,-2.7466681534807673,-6.9231278857174035,-2.7460757049488667,18098.075222067706,0.0,0.19182687041996702,1.940615498026607,2100841.585334012,603.42979371159
307900.0,4519849.848085693,432916.89663417847,4519782.027495726,-907.891390838357,1384.5386328505997,-907.9995598499227,-2.688986998891597,-7.006683408783582,-2.688388042927662,18098.075222067706,0.0,0.19182687041996702,1.940615498026607,2100841.585334012,603.42979371159
308000.0,4519759.0455987565,433055.31532351486,4519691.214194894,-908.1573739017892,1383.8337442944544,-908.2654826890979,-2.6305471892776477,-7.091258376170092,-2.6299416468743377,18098.075222067706,0.0,0.19182687041996702,1.940615498026607,2100841.585334012,603.42979371159
308100.0,4519668.216806986,433193.6630994104,4519600.3745952835,-908.4174747324727,1383.120346892349,-908.525522632901,-2.5713410676610176,-7.176861832725844,-2.5707288591165662,18098.075222067706,0.0,0.19182687041996702,1.940615498026607,2100841.585334012,603.42979371159
308200.0,4519577.36230245,433331.9391058231,4519509.50928903,-908.6716163163462,1382.398337344541,-908.7796026592663,-2.5113609770787306,-7.263502788848187,-2.5107420219998,18098.075222067706,0.0,0.19182687041996702,1.940615498026607,2100841.585334012,603.42979371159
308300.0,4519486.482684956,433470.1424763358,4519418.618876007,-908.9197208737781,1381.66761145216,-909.027644980488,-2.4505992635826797,-7.3511902159185105,-2.4499734808875644,18098.075222067706,0.0,0.19182687041996702,1.940615498026607,2100841.585334012,603.42979371159
308400.0,4519395.5785621265,433608.27233406686,4519327.703963908,-909.1617098600216,1380.928064121344,-909.269571043677,-2.3890482793493053,-7.439933041590537,-2.388415587271508,18098.075222067706,0.0,0.19182687041996702,1.940615498026607,2100841.585334012,603.42979371159
308500.0,4519304.650549479,433746.3277915806,4519236.765168318,-909.397503965987,1380.1795893678539,-909.5053015315331,-2.3267003858915567,-7.529740144943416,-2.3260607019837414,18098.075222067706,0.0,0.19182687041996702,1.940615498026607,2100841.585334012,603.42979371159
308600.0,4519213.699270497,433884.3079507986,4519145.80311279,-909.6270231193406,1379.4220803221779,-909.7347563634437,-2.263547957374098,-7.6206203514989985,-2.2629011985124396,18098.075222067706,0.0,0.19182687041996702,1.940615498026607,2100841.585334012,603.42979371159
308700.0,4519122.725356713,434022.21190291154,4519054.818428927,-909.8501864859401,1378.6554292351432,-909.9578546969207,-2.19958338404082,-7.712582428090295,-2.1989294664297416,18098.075222067706,0.0,0.19182687041996702,1.940615498026607,2100841.585334012,603.42979371159
308800.0,4519031.729447778,434160.0387282914,4518963.811756453,-910.066912471618,1377.8795274840468,-910.1745149293836,-2.134799075743814,-7.805635077598382,-2.1341379149211406,18098.075222067706,0.0,0.19182687041996702,1.940615498026607,2100841.585334012,603.42979371159
308900.0,4518940.712191543,434297.7874964045,4518872.783743288,-910.2771187243243,1377.0942655793208,-910.3846547003029,-2.0691874655918747,-7.899786933531121,-2.0685189764344187,18098.075222067706,0.0,0.19182687041996702,1.940615498026607,2100841.585334012,603.42979371159
309000.0,4518849.674244127,434435.45726572507,4518781.7350456305,-910.4807221366382,1376.2995331717457,-910.588190893713,-2.0027410137019475,-7.995046554469803,-2.00206511043151,18098.075222067706,0.0,0.19182687041996702,1.940615498026607,2100841.585334012,603.42979371159
309100.0,4518758.616270004,434573.0470836499,4518690.666328023,-910.677638848662,1375.4952190602273,-910.7850396411056,-1.9354522110695571,-8.091422418360068,-1.9347688072593883,18098.075222067706,0.0,0.19182687041996702,1.940615498026607,2100841.585334012,603.42979371159
309200.0,4518667.538942067,434710.5559864134,4518599.578263436,-910.867784251307,1374.6812112001526,-910.9751163247174,-1.8673135835543313,-8.188922916654017,-1.8666225921360402,18098.075222067706,0.0,0.19182687041996702,1.940615498026607,2100841.585334012,603.42979371159
309300.0,4518576.4429417085,434847.98299900355,4518508.471533339,-911.0510729899837,1373.8573967123368,-911.1583355812203,-1.7983176959752516,-8.28755634831238,-1.7976190292461895,18098.075222067706,0.0,0.19182687041996702,1.940615498026607,2100841.585334012,603.42979371159
309400.0,4518485.328958893,434985.3271350793,4518417.346827771,-911.227418968708,1373.0236618925799,-911.3346113058284,-1.7284571563292888,-8.387330913647,-1.7277507259604015,18098.075222067706,0.0,0.19182687041996702,1.940615498026607,2100841.585334012,603.42979371159
309500.0,4518394.197692233,435122.58739688824,4518326.204845422,-911.3967353546344,1372.179892221845,-911.5038566568323,-1.6577246201278193,-8.48825470801299,-1.6570103371720073,18098.075222067706,0.0,0.19182687041996702,1.940615498026607,2100841.585334012,603.42979371159
309600.0,4518303.049849059,435259.76277518575,4518235.046293703,-911.5589345830294,1371.3259723770764,-911.6659840605735,-1.5861127948507567,-8.590335715351532,-1.5853905697517163,18098.075222067706,0.0,0.19182687041996702,1.940615498026607,2100841.585334012,603.42979371159
309700.0,4518211.886145497,435396.85224915517,4518143.871888817,-911.713928362696,1370.4617862426692,-911.8209052168689,-1.5136144445193285,-8.693581801582852,-1.5128841871209335,18098.075222067706,0.0,0.19182687041996702,1.940615498026607,2100841.585334012,603.42979371159
309800.0,4518120.707306534,435533.8547863292,4518052.682355834,-911.8616276818616,1369.587216922609,-911.9685311049011,-1.440222394395354,-8.798000707838343,-1.4394840139515406,18098.075222067706,0.0,0.19182687041996702,1.940615498026607,2100841.585334012,603.42979371159
309900.0,4518029.514066098,435670.7693425125,4517961.4784287615,-912.001942814542,1368.7021467532954,-912.108771989582,-1.3659295357988546,-8.903600043545175,-1.3651829409840586,18098.075222067706,0.0,0.19182687041996702,1.940615498026607,2100841.585334012,603.42979371159
310000.0,4517938.307167124,435807.5948617054,4517870.260850617,-912.1347833273935,1367.8064573170645,-912.2415374284069,-1.290728831053519,-9.01038727934983,-1.289973929973665,18098.075222067706,0.0,0.19182687041996702,1.940615498026607,2100841.585334012,603.42979371159
310100.0,4517847.0873616235,435944.3302760295,4517779.030373495,-912.2600580870654,1366.900029456427,-912.3667362788077,-1.2146133185482508,-9.118369739899364,-1.2138500187522858,18098.075222067706,0.0,0.19182687041996702,1.940615498026607,2100841.585334012,603.42979371159
310200.0,4517755.855410758,436080.9745056542,4517687.787758641,-912.377675268065,1365.9827432890359,-912.4842767060193,-1.1375761179302915,-9.227554596457875,-1.1368043264223147,18098.075222067706,0.0,0.19182687041996702,1.940615498026607,2100841.585334012,603.42979371159
310300.0,4517664.612084906,436217.5264587251,4517596.533776517,-912.487542361148,1365.0544782234,-912.5940661914711,-1.0596104354209235,-9.3379488593727,-1.0588300586728874,18098.075222067706,0.0,0.19182687041996702,1.940615498026607,2100841.585334012,603.42979371159
310400.0,4517573.358163727,436353.9850312938,4517505.269206872,-912.5895661822475,1364.1151129753594,-912.6960115417173,-0.9807095692559598,-9.449559370387972,-0.979920513220975,18098.075222067706,0.0,0.19182687041996702,1.940615498026607,2100841.585334012,603.42979371159
310500.0,4517482.0944362385,436490.34910724976,4517413.994838808,-912.6836528819517,1363.1645255853348,-912.7900188979162,-0.9008669152504503,-9.562392794807288,-0.9000690853767015,18098.075222067706,0.0,0.19182687041996702,1.940615498026607,2100841.585334012,603.42979371159
310600.0,4517390.821700871,436626.61755825323,4517322.711470842,-912.7697079555467,1362.2025934363721,-912.8759937458736,-0.8200759724916837,-9.676455613500337,-0.8192692737369622,18098.075222067706,0.0,0.19182687041996702,1.940615498026607,2100841.585334012,603.42979371159
310700.0,4517299.540765539,436762.7892436708,4517231.419910979,-912.847636253632,1361.2291932729904,-912.9538409266615,-0.7383303491560493,-9.791754114761057,-0.7375146860029167,18098.075222067706,0.0,0.19182687041996702,1.940615498026607,2100841.585334012,603.42979371159
310800.0,4517208.252447704,436898.86301051243,4517140.120976771,-912.9173419933269,1360.2442012208526,-913.023464647824,-0.6556237684521404,-9.908294386014717,-0.6547990449237426,18098.075222067706,0.0,0.19182687041996702,1.940615498026607,2100841.585334012,603.42979371159
310900.0,4517116.957574437,437034.8376933705,4517048.815495378,-912.9787287700749,1359.2474928072734,-913.0847684951847,-0.5719500746858266,-10.02608230538121,-0.5711161943623599,18098.075222067706,0.0,0.19182687041996702,1.940615498026607,2100841.585334012,603.42979371159
311000.0,4517025.6569824815,437170.71211436106,4516957.504303634,-913.0316995700626,1358.2389429825782,-913.1376554452669,-0.48730323945215215,-10.145123533088272,-0.4864601054879927,18098.075222067706,0.0,0.19182687041996702,1.940615498026607,2100841.585334012,603.42979371159
311100.0,4516934.351518309,437306.4850830673,4516866.188248105,-913.0761567832635,1357.2184261423279,-913.1820278783388,-0.4016773679514678,-10.26542350273939,-0.4008248830929908,18098.075222067706,0.0,0.19182687041996702,1.940615498026607,2100841.585334012,603.42979371159
311200.0,4516843.042038183,437442.1553964853,4516774.868185149,-913.112002217119,1356.1858161504229,-913.2177875920968,-0.31506670543062665,-10.38698741243609,-0.3142047720347101,18098.075222067706,0.0,0.19182687041996702,1.940615498026607,2100841.585334012,603.42979371159
311300.0,4516751.729408216,437577.7218389717,4516683.544980969,-913.13913711087,1355.1409863631034,-913.244835815999,-0.22746564373761657,-10.509820215772974,-0.22659416379082398,18098.075222067706,0.0,0.19182687041996702,1.940615498026607,2100841.585334012,603.42979371159
311400.0,4516660.414504422,437713.18318219465,4516592.219511678,-913.1574621505505,1354.0838096538564,-913.2630732262602,-0.13886872800517747,-10.63392661268298,-0.13798760314368064,18098.075222067706,0.0,0.19182687041996702,1.940615498026607,2100841.585334012,603.42979371159
311500.0,4516569.098212775,437848.5381850864,4516500.892663346,-913.1668774846547,1353.014158439245,-913.2723999615216,-0.04927066345041009,-10.759311040153413,-0.04837979498061795,18098.075222067706,0.0,0.19182687041996702,1.940615498026607,2100841.585334012,603.42979371159
311600.0,4516477.78142926,437983.7855937992,4516409.565332054,-913.1672827404906,1351.9319047056729,-913.2727156392062,0.041333677704795235,-10.885977662806251,0.042234388784875065,18098.075222067706,0.0,0.19182687041996702,1.940615498026607,2100841.585334012,603.42979371159
311700.0,4516386.465059925,438118.92414166365,4516318.238423949,-913.158577041231,1350.8369200370962,-913.2639193725722,0.13294924920609663,-11.013930363363912,0.13385990218475996,18098.075222067706,0.0,0.19182687041996702,1.940615498026607,2100841.585334012,603.42979371159
311800.0,4516295.150020929,438253.95254914975,4516226.91285529,-913.1406590236734,1349.7290756436971,-913.2459097884749,0.22558082361216059,-11.143172732972076,0.2265015180411556,18098.075222067706,0.0,0.19182687041996702,1.940615498026607,2100841.585334012,603.42979371159
311900.0,4516203.837238591,438388.869523831,4516135.589552497,-913.1134268567207,1348.6082423915286,-913.2185850458497,0.3192329850391822,-11.273708061418999,0.32016382071010163,18098.075222067706,0.0,0.19182687041996702,1.940615498026607,2100841.585334012,603.42979371159
312000.0,4516112.527649438,438523.6737603517,4516044.269452196,-913.0767782605927,1347.4742908331448,-913.1818428549265,0.4139101217920871,-11.405539327233747,0.4148511987119905,18098.075222067706,0.0,0.19182687041996702,1.940615498026607,2100841.585334012,603.42979371159
312100.0,4516021.222200244,438658.363940397,4515952.953501264,-913.0306105267806,1346.327091239227,-913.1355804971856,0.5096164188877053,-11.538669187671992,0.5105678372539648,18098.075222067706,0.0,0.19182687041996702,1.940615498026607,2100841.585334012,603.42979371159
312200.0,4515929.9218480745,438792.93873266625,4515861.642656871,-912.9748205387532,1345.1665136312154,-913.0796948460682,0.6063558504809095,-11.6730999686065,0.6073177106552778,18098.075222067706,0.0,0.19182687041996702,1.940615498026607,2100841.585334012,603.42979371159
312300.0,4515838.627560328,438927.39679285005,4515770.337886521,-912.9093047934272,1343.9924278149576,-913.0140823884473,0.70413217217666,-11.808833654297766,0.7051045746585389,18098.075222067706,0.0,0.19182687041996702,1.940615498026607,2100841.585334012,603.42979371159
312400.0,4515747.340314769,439061.73676361016,4515679.040168082,-912.8339594234092,1342.8047034153847,-912.938639246874,0.8029489132619023,-11.94587187709583,0.8039319586608222,18098.075222067706,0.0,0.19182687041996702,1.940615498026607,2100841.585334012,603.42979371159
312500.0,4515656.06109957,439195.9572745633,4515587.750489834,-912.7486802200207,1341.6032099122212,-912.8532612026046,0.9028093688336165,-12.084215907038928,0.9038031578409091,18098.075222067706,0.0,0.19182687041996702,1.940615498026607,2100841.585334012,603.42979371159
312600.0,4515564.790913337,439330.05694226845,4515496.469850489,-912.6533626571146,1340.3878166767402,-912.7578437194198,1.003716591837974,-12.223866641371712,1.0047212251976188,18098.075222067706,0.0,0.19182687041996702,1.940615498026607,2100841.585334012,603.42979371159
312700.0,4515473.530765144,439464.0343702178,4515405.199259232,-912.5479019156912,1339.1583930095685,-912.6522819682443,1.105673385029034,-12.364824593996293,1.106688963507711,18098.075222067706,0.0,0.19182687041996702,1.940615498026607,2100841.585334012,603.42979371159
312800.0,4515382.281674562,439597.8881488318,4515313.93973574,-912.4321929093234,1337.9148081795527,-912.5364708525742,1.2086822928439949,-12.507089884852181,1.2097089172003042,18098.075222067706,0.0,0.19182687041996702,1.940615498026607,2100841.585334012,603.42979371159
312900.0,4515291.044671682,439731.61685545766,4515222.692310217,-912.3061303103973,1336.6569314636881,-912.4103050347218,1.3127455932002965,-12.650662229233639,1.3137833641531529,18098.075222067706,0.0,0.19182687041996702,1.940615498026607,2100841.585334012,603.42979371159
313000.0,4515199.820797138,439865.21905437263,4515131.4580234075,-912.1696085771779,1335.38463218812,-912.2736789628833,1.4178652892283283,-12.795540927065225,1.4189143074245232,18098.075222067706,0.0,0.19182687041996702,1.940615498026607,2100841.585334012,603.42979371159
313100.0,4515108.611102128,439998.6932967906,4515040.237926624,-912.0225219817036,1334.097779770218,-912.1264868990374,1.524043100931034,-12.941724852123256,1.5251034669119727,18098.075222067706,0.0,0.19182687041996702,1.940615498026607,2100841.585334012,603.42979371159
313200.0,4515017.416648433,440132.0381208736,4514949.033081757,-911.8647646385182,1332.796243761732,-911.9686229476807,1.6312804567919068,-13.089212441235285,1.632352270959502,18098.075222067706,0.0,0.19182687041996702,1.940615498026607,2100841.585334012,603.42979371159
313300.0,4514926.238508426,440265.2520517475,4514857.844561297,-911.6962305342454,1331.4798938930278,-911.7999810854049,1.7395784853220366,-13.238001683444299,1.7406618479037794,18098.075222067706,0.0,0.19182687041996702,1.940615498026607,2100841.585334012,603.42979371159
313400.0,4514835.077765088,440398.3336015219,4514766.673448341,-911.5168135580099,1330.1486001184078,-911.6204551913221,1.8489380065641399,-13.38809010916441,1.8500330175773074,18098.075222067706,0.0,0.19182687041996702,1.940615498026607,2100841.585334012,603.42979371159
313500.0,4514743.935512015,440531.281269315,4514675.5208366,-911.3264075327112,1328.8022326625164,-911.4299390783423,1.9593595235546166,-13.539474779329895,1.9604662827696702,18098.075222067706,0.0,0.19182687041996702,1.940615498026607,2100841.585334012,603.42979371159
313600.0,4514652.812853423,440664.09354128287,4514584.387830406,-911.1249062471526,1327.4406620678308,-911.2283265253055,2.0708432137552695,-13.692152274554946,2.071961820658406,18098.075222067706,0.0,0.19182687041996702,1.940615498026607,2100841.585334012,603.42979371159
313700.0,4514561.710904148,440796.7688906539,4514493.275544717,-910.9122034890282,1326.063759243234,-911.0155113099732,2.1833889204462995,-13.846118684292156,2.184519474201153,18098.075222067706,0.0,0.19182687041996702,1.940615498026607,2100841.585334012,603.42979371159
313800.0,4514470.630789647,440929.3057777677,4514402.185105107,-910.6881930787721,1324.671395513672,-910.7913872428807,2.2969961441199462,-14.001369596047528,2.298138743528477,18098.075222067706,0.0,0.19182687041996702,1.940615498026607,2100841.585334012,603.42979371159
313900.0,4514379.573645991,441061.70265011914,4514311.117647768,-910.4527689042678,1323.2634426708862,-910.555848202051,2.411664033844777,-14.15790008460828,2.412818777307324,18098.075222067706,0.0,0.19182687041996702,1.940615498026607,2100841.585334012,603.42979371159
314000.0,4514288.540619859,441193.9579424079,4514220.0743195,-910.2058249564234,1321.8397730252216,-910.3087881685741,2.5273913786359117,-14.31570470133513,2.528558364110415,18098.075222067706,0.0,0.19182687041996702,1.940615498026607,2100841.585334012,603.42979371159
314100.0,4514197.532868521,441326.0700765929,4514129.056277697,-909.9472553656068,1320.4002594585022,-910.0501012630459,2.6441765988318986,-14.474777463520208,2.6453559237922972,18098.075222067706,0.0,0.19182687041996702,1.940615498026607,2100841.585334012,603.42979371159
314200.0,4514106.55155983,441458.03746195184,4514038.064690333,-909.6769544389452,1318.9447754779674,-909.7796817828723,2.762017737480976,-14.63511184381437,2.7632094988748204,18098.075222067706,0.0,0.19182687041996702,1.940615498026607,2100841.585334012,603.42979371159
314300.0,4514015.597872194,441589.8584951469,4513947.100735942,-909.3948166984835,1317.4731952712598,-909.4974242404313,2.8809124517557816,-14.796700759751815,2.882116745960997,18098.075222067706,0.0,0.19182687041996702,1.940615498026607,2100841.585334012,603.42979371159
314400.0,4513924.672994558,441721.53156029526,4513856.165603595,-909.1007369201996,1315.985393762458,-909.2032234020934,3.000858004396763,-14.95953656337215,3.002074927177649,18098.075222067706,0.0,0.19182687041996702,1.940615498026607,2100841.585334012,603.42979371159
314500.0,4513833.778126375,441853.05502904573,4513765.26049287,-908.7946101738735,1314.4812466691387,-908.8969743280949,3.1218512552055113,-15.123611030970471,3.123080901667942,18098.075222067706,0.0,0.19182687041996702,1.940615498026607,2100841.585334012,603.42979371159
314600.0,4513742.914477575,441984.427260661,4513674.386613824,-908.4763318638051,1312.9606305604589,-908.5785724132596,3.24388865258209,-15.288915352966706,3.2451311171279205,18098.075222067706,0.0,0.19182687041996702,1.940615498026607,2100841.585334012,603.42979371159
314700.0,4513652.083268528,442115.64660210564,4513583.545186956,-908.1457977703741,1311.4234229162435,-908.2479134285644,3.3669662251338766,-15.455440123933704,3.368221601414616,18098.075222067706,0.0,0.19182687041996702,1.940615498026607,2100841.585334012,603.42979371159
314800.0,4513561.285730007,442246.71138814033,4513492.737443168,-907.8029040924362,1309.8695021870622,-907.9048935635393,3.491079573356876,-15.623175332785092,3.4923479542265783,18098.075222067706,0.0,0.19182687041996702,1.940615498026607,2100841.585334012,603.42979371159
314900.0,4513470.523103141,442377.61994142184,4513401.9646237185,-907.4475474905463,1308.2987478552784,-907.5494094694957,3.6162238614004583,-15.792110353138233,3.6175053388678835,18098.075222067706,0.0,0.19182687041996702,1.940615498026607,2100841.585334012,603.42979371159
315000.0,4513379.796639368,442508.3705726093,4513311.227980177,-907.0796251310016,1306.7110404970533,-907.1813583035741,3.7423938089323254,-15.962233933876036,3.7436884741123793,18098.075222067706,0.0,0.19182687041996702,1.940615498026607,2100841.585334012,603.42979371159
315100.0,4513289.107600383,442638.96158047684,4513220.52877437,-906.6990347306916,1305.1062618452818,-906.8006377735992,3.869583683103695,-16.133534189906996,3.870891626168162,18098.075222067706,0.0,0.19182687041996702,1.940615498026607,2100841.585334012,603.42979371159
315200.0,4513198.45725808,442769.3912520323,4513129.868278325,-906.3056746027457,1303.4842948534422,-906.4071461837326,3.997787290653328,-16.30599859317846,3.9991086007809082,18098.075222067706,0.0,0.19182687041996702,1.940615498026607,2100841.585334012,603.42979371159
315300.0,4513107.846894489,442899.65786264266,4513039.247774204,-905.8994437029656,1301.8450237603329,-906.0007824809098,4.126997970124228,-16.479613963904537,4.1283327354499155,18098.075222067706,0.0,0.19182687041996702,1.940615498026607,2100841.585334012,603.42979371159
315400.0,4513017.277801711,443029.75967616576,4512948.668554245,-905.4802416770265,1300.1883341556725,-905.5814463020469,4.257208584234116,-16.65436646206703,4.258556891797916,18098.075222067706,0.0,0.19182687041996702,1.940615498026607,2100841.585334012,603.42979371159
315500.0,4512926.751281846,443159.6949450887,4512858.131920681,-905.047968908435,1298.5141130465367,-905.1490380220033,4.388411512409354,-16.830241579202397,4.3897734481043775,18098.075222067706,0.0,0.19182687041996702,1.940615498026607,2100841.585334012,603.42979371159
315600.0,4512836.268646916,443289.46191067295,4512767.639185673,-904.6025265672248,1296.8222489246016,-904.703458802283,4.520598643483156,-17.007224130474718,4.521974292003117,18098.075222067706,0.0,0.19182687041996702,1.940615498026607,2100841.585334012,603.42979371159
315700.0,4512745.831218786,443419.0588031062,4512677.19167122,-904.143816659373,1295.1126318341635,-904.2446106404559,4.653761368581897,-17.185298247067813,4.655150813368012,18098.075222067706,0.0,0.19182687041996702,1.940615498026607,2100841.585334012,603.42979371159
315800.0,4512655.440329074,443548.48384166113,4512586.79070908,-903.671742076919,1293.3851534409048,-903.7723964202822,4.7878905741954325,-17.364447368889447,4.789293897382788,18098.075222067706,0.0,0.19182687041996702,1.940615498026607,2100841.585334012,603.42979371159
315900.0,4512565.097319066,443677.73523486085,4512496.437640677,-903.1862066487646,1291.63970710137,-903.2867199625176,4.922976635491305,-17.544654237672106,4.924393917854685,18098.075222067706,0.0,0.19182687041996702,1.940615498026607,2100841.585334012,603.42979371159
316000.0,4512474.803539612,443806.8111806517,4512406.133817003,-902.6871151921328,1289.8761879331153,-902.787486076378,5.0590094098137595,-17.725900890384118,5.060440730712975,18098.075222067706,0.0,0.19182687041996702,1.940615498026607,2100841.585334012,603.42979371159
316100.0,4512384.560351034,443935.7098665827,4512315.880598516,-902.1743735646635,1288.0944928854958,-902.2746006116403,5.19597823045579,-17.908168653076167,5.197423667780561,18098.075222067706,0.0,0.19182687041996702,1.940615498026607,2100841.585334012,603.42979371159
316200.0,4512294.369123008,444064.42946999235,4512225.6793550365,-901.6478887171213,1286.2945208110507,-901.747970511356,5.333871900666385,-18.091438135107143,5.335331530780759,18098.075222067706,0.0,0.19182687041996702,1.940615498026607,2100841.585334012,603.42979371159
316300.0,4512204.231234462,444192.9681582026,4512135.531465633,-901.1075687466877,1284.4761725374422,-901.2075038651487,5.472678687921735,-18.275689223788863,5.474152585608123,18098.075222067706,0.0,0.19182687041996702,1.940615498026607,2100841.585334012,603.42979371159
316400.0,4512114.148073453,444321.32408871996,4512045.438318506,-900.5533229508121,1282.6393509399088,-900.6531099630713,5.6123863185030585,-18.4609010795088,5.613874556905899,18098.075222067706,0.0,0.19182687041996702,1.940615498026607,2100841.585334012,603.42979371159
316500.0,4512024.121037048,444449.4954094438,4511955.401310865,-899.9850618815923,1280.7839610141848,-900.0846993499911,5.7529819723324875,-18.64705213125937,5.7544846229015745,18098.075222067706,0.0,0.19182687041996702,1.940615498026607,2100841.585334012,603.42979371159
316600.0,4511934.1515311925,444577.4802588822,4511865.421848799,-899.4026974006532,1278.9099099498405,-899.5021838804752,5.894452278163483,-18.834120072709485,5.895969410597016,18098.075222067706,0.0,0.19182687041996702,1.940615498026607,2100841.585334012,603.42979371159
316700.0,4511844.240970576,444705.27676637506,4511775.501347145,-898.806142734493,1277.0171072039936,-898.905476774142,6.036783309057599,-19.02208185871887,6.038314991244956,18098.075222067706,0.0,0.19182687041996702,1.940615498026607,2100841.585334012,603.42979371159
316800.0,4511754.390778499,444832.8830523242,4511685.641229346,-898.195312530263,1275.1054645753397,-898.2944926714466,6.179960578230147,-19.210913702410668,6.181506876194459,18098.075222067706,0.0,0.19182687041996702,1.940615498026607,2100841.585334012,603.42979371159
316900.0,4511664.60238672,444960.2972284317,4511595.842927309,-897.5701229119456,1273.1748962784527,-897.669147689865,6.323969035228342,-19.400591072747837,6.325530013068891,18098.075222067706,0.0,0.19182687041996702,1.940615498026607,2100841.585334012,603.42979371159
317000.0,4511574.87723531,445087.5173979449,4511506.107881251,-896.9304915368969,1271.225319018297,-897.0293594804417,6.468793062496755,-19.59108869268905,6.470368782331243,18098.075222067706,0.0,0.19182687041996702,1.940615498026607,2100841.585334012,603.42979371159
317100.0,4511485.216772498,445214.5416559092,4511416.437539547,-896.2763376527128,1269.2566520648977,-896.3750472846626,6.614416472311793,-19.782380537895417,6.616006994218521,18098.075222067706,0.0,0.19182687041996702,1.940615498026607,2100841.585334012,603.42979371159
317200.0,4511395.622454502,445341.36808942864,4511326.833358565,-895.6075821543826,1267.2688173281103,-895.7061319916135,6.760822504122485,-19.974439836038258,6.76242788608251,18098.075222067706,0.0,0.19182687041996702,1.940615498026607,2100841.585334012,603.42979371159
317300.0,4511306.095745369,445467.99477793305,4511237.2968025,-894.9241476416878,1265.2617394324288,-895.0225361953848,6.907993822298478,-20.167239066706433,6.90961412013775,18098.075222067706,0.0,0.19182687041996702,1.940615498026607,2100841.585334012,603.42979371159
317400.0,4511216.638116797,445594.4197934537,4511147.8293432,-894.2259584768042,1263.235345791773,-894.3241842526801,7.055912514308102,-20.360749961942727,7.057547781639685,18098.075222067706,0.0,0.19182687041996702,1.940615498026607,2100841.585334012,603.42979371159
317500.0,4511127.251047959,445720.64120090584,4511058.432459984,-893.5129408420659,1261.1895666841892,-893.6110023405852,7.204560089334466,-20.55494350741743,7.206210377500856,18098.075222067706,0.0,0.19182687041996702,1.940615498026607,2100841.585334012,603.42979371159
317600.0,4511037.936025312,445846.65705837874,4510969.107639464,-892.7850227978435,1259.1243353264024,-892.8829185144523,7.353917477339724,-20.749789944250512,7.355582835355318,18098.075222067706,0.0,0.19182687041996702,1.940615498026607,2100841.585334012,603.42979371159
317700.0,4510948.694542415,445972.46541743353,4510879.856375347,-892.0421343404938,1257.0395879481516,-892.1398627658556,7.503965028600085,-20.945258771510993,7.505645503093861,18098.075222067706,0.0,0.19182687041996702,1.940615498026607,2100841.585334012,603.42979371159
317800.0,4510859.528099727,446098.06432340795,4510790.680168244,-891.2842074603317,1254.9352638662417,-891.3817670805688,7.654682513722993,-21.141318749406327,7.656378148881486,18098.075222067706,0.0,0.19182687041996702,1.940615498026607,2100841.585334012,603.42979371159
317900.0,4510770.438204405,446223.45181572885,4510701.580525463,-890.5111761995759,1252.811305558241,-890.6085654965163,7.806049124151669,-21.33793790316569,7.807759961662205,18098.075222067706,0.0,0.19182687041996702,1.940615498026607,2100841.585334012,603.42979371159
318000.0,4510681.426370097,446348.625928232,4510612.558960806,-889.7229767102189,1250.6676587357554,-889.8201941616494,7.958043473175033,-21.535083527639173,7.959769552169389,18098.075222067706,0.0,0.19182687041996702,1.940615498026607,2100841.585334012,603.42979371159
318100.0,4510592.494116729,446473.5846894889,4510523.616994348,-888.9195473117707,1248.5042724172051,-889.0165913916949,8.110643597452128,-21.732722192621917,8.112384954450594,18098.075222067706,0.0,0.19182687041996702,1.940615498026607,2100841.585334012,603.42979371159
318200.0,4510503.642970283,446598.3261231415,4510434.756152227,-888.1008285488233,1246.3210990000346,-888.1976977277257,8.263826959075315,-21.930819748933967,8.265583627931253,18098.075222067706,0.0,0.19182687041996702,1.940615498026607,2100841.585334012,603.42979371159
318300.0,4510414.874462573,446722.8482482432,4510345.977966408,-887.2667632483824,1244.1180943322738,-887.3634559934977,8.417570448149117,-22.129341335219088,8.419342459994075,18098.075222067706,0.0,0.19182687041996702,1.940615498026607,2100841.585334012,603.42979371159
318400.0,4510326.190131014,446847.1490796078,4510257.283974461,-886.4172965769136,1241.8952177833842,-886.5138113525018,8.571850385947613,-22.32825138554762,8.57363776913702,18098.075222067706,0.0,0.19182687041996702,1.940615498026607,2100841.585334012,603.42979371159
318500.0,4510237.591518386,446971.226628165,4510168.675719319,-885.5523760970451,1239.6524323143046,-885.6487113646716,8.726642528604282,-22.52751363775406,8.728445308663836,18098.075222067706,0.0,0.19182687041996702,1.940615498026607,2100841.585334012,603.42979371159
318600.0,4510149.08017259,447095.0789013231,4510080.154749036,-884.6719518238734,1237.3897045466251,-884.7681060426949,8.88192207138172,-22.727091142572437,8.883740270954469,18098.075222067706,0.0,0.19182687041996702,1.940615498026607,2100841.585334012,603.42979371159
318700.0,4510060.6576464,447218.70390333835,4509991.72261654,-883.775976280812,1235.1070048308056,-883.8719479078669,9.037663653530554,-22.926946273578064,9.03949729232481,18098.075222067706,0.0,0.19182687041996702,1.940615498026607,2100841.585334012,603.42979371159
318800.0,4509972.32549721,447342.09963569144,4509903.380879382,-882.8644045549271,1232.8043073133651,-882.9601920454322,9.19384136370104,-23.127040737880378,9.195690458439092,18098.075222067706,0.0,0.19182687041996702,1.940615498026607,2100841.585334012,603.42979371159
318900.0,4509884.085286775,447465.2640974701,4509815.131099469,-881.9371943517007,1230.4815900029566,-882.0327961593517,9.35042874598356,-23.32733558766953,9.352293310351328,18098.075222067706,0.0,0.19182687041996702,1.940615498026607,2100841.585334012,603.42979371159
319000.0,4509795.938580946,447588.1952857589,4509726.974842808,-880.9943060491604,1228.1388348352502,-881.0897206264385,9.507398806526101,-23.52779123253942,9.509278851123781,18098.075222067706,0.0,0.19182687041996702,1.940615498026607,2100841.585334012,603.42979371159
319100.0,4509707.886949401,447710.89119603485,4509638.913679232,-880.035702751318,1225.776027736543,-880.1309285498006,9.664724020753539,-23.728367452617732,9.666619553047221,18098.075222067706,0.0,0.19182687041996702,1.940615498026607,2100841.585334012,603.42979371159
319200.0,4509619.93196537,447833.3498225698,4509550.949182124,-879.0613503408543,1223.3931586860133,-879.1563858115309,9.822376341220753,-23.929023412543238,9.824287365495199,18098.075222067706,0.0,0.19182687041996702,1.940615498026607,2100841.585334012,603.42979371159
319300.0,4509532.07520535,447955.5691588387,4509463.082928138,-878.0712175309893,1220.990221776539,-878.1660611245817,9.980327206046791,-24.129717676212117,9.982253723359355,18098.075222067706,0.0,0.19182687041996702,1.940615498026607,2100841.585334012,603.42979371159
319400.0,4509444.318248827,448077.5471979339,4509375.316496914,-877.0652759164768,1218.5672152739992,-877.1599260837646,10.13854754799838,-24.330408222384104,10.140489556134145,18098.075222067706,0.0,0.19182687041996702,1.940615498026607,2100841.585334012,603.42979371159
319500.0,4509356.662677979,448199.2819329854,4509287.651470786,-876.0435000236615,1216.124141674974,-876.1379552158111,10.297007804161872,-24.53105246105892,10.298965297590112,18098.075222067706,0.0,0.19182687041996702,1.940615498026607,2100841.585334012,603.42979371159
319600.0,4509269.110077385,448320.77135758684,4509200.089434485,-875.0058673595352,1213.661007762767,-875.1001260284336,10.45567792626776,-24.731607250707825,10.457650896099686,18098.075222067706,0.0,0.19182687041996702,1.940615498026607,2100841.585334012,603.42979371159
319700.0,4509181.662033719,448442.0134662267,4509112.631974842,-873.9523584597322,1211.1778246616643,-874.0464190583249,10.614527391620964,-24.93202891629035,10.616515825568943,18098.075222067706,0.0,0.19182687041996702,1.940615498026607,2100841.585334012,603.42979371159
319800.0,4509094.320135451,448563.0062547251,4509025.280680482,-872.8829569353992,1208.6746078893514,-872.9768179180321,10.773525214637477,-25.132273268052614,10.775529096975713,18098.075222067706,0.0,0.19182687041996702,1.940615498026607,2100841.585334012,603.42979371159
319900.0,4509007.085972532,448683.74772067583,4508938.03714151,-871.7976495188805,1206.1513774074097,-871.8913093416455,10.932639959042117,-25.332295621178442,10.934659270568861,18098.075222067706,0.0,0.19182687041996702,1.940615498026607,2100841.585334012,603.42979371159
320000.0,4508919.961136083,448804.23586389294,4508850.902949202,-870.6964261081525,1203.608157669809,-870.7898832292371,11.09183975063118,-25.532050816155166,11.093874468632537,18098.075222067706,0.0,0.19182687041996702,1.940615498026607,2100841.585334012,603.42979371159
320100.0,4508832.947218076,448924.46868686256,4508763.879695682,-869.5792798099519,1201.0449776693254,-869.672532689992,11.251092290707017,-25.731493239997906,11.253142388922425,18098.075222067706,0.0,0.19182687041996702,1.940615498026607,2100841.585334012,603.42979371159
320200.0,4508746.045811009,449044.44419519877,4508676.968973603,-868.4462069815295,1198.4618709817964,-868.5392540839656,11.410364870063505,-25.930576848159866,11.412430318652902,18098.075222067706,0.0,0.19182687041996702,1.940615498026607,2100841.585334012,603.42979371159
320300.0,4508659.25850758,449164.16039810417,4508590.172375816,-867.2972072709742,1195.8588758081487,-867.3900470624113,11.569624383626852,-26.12925518726874,11.571705149139664,18098.075222067706,0.0,0.19182687041996702,1.940615498026607,2100841.585334012,603.42979371159
320400.0,4508572.586900355,449283.6153088345,4508503.491495042,-866.1322836560454,1193.236035014114,-866.2249146066152,11.728837345652753,-26.327481418547595,11.730933390998683,18098.075222067706,0.0,0.19182687041996702,1.940615498026607,2100841.585334012,603.42979371159
320500.0,4508486.032581437,449402.80694516667,4508416.927923535,-864.9514424814532,1190.5933961675669,-865.0438630651797,11.88796990554813,-26.52520834201002,11.890081189969827,18098.075222067706,0.0,0.19182687041996702,1.940615498026607,2100841.585334012,603.42979371159
320600.0,4508399.597142123,449521.7333298711,4508330.483252744,-863.7546934945301,1187.9310115734086,-863.8469021896973,12.046987864246784,-26.722388421327338,12.049114343294487,18098.075222067706,0.0,0.19182687041996702,1.940615498026607,2100841.585334012,603.42979371159
320700.0,4508313.282172563,449640.3924911869,4508244.159072973,-862.5420498792347,1185.2489383059276,-862.6340451687572,12.205856691154963,-26.91897380938561,12.20799831666314,18098.075222067706,0.0,0.19182687041996702,1.940615498026607,2100841.585334012,603.42979371159
320800.0,4508227.089261416,449758.7824633003,4508157.956973031,-861.3135282884332,1182.5472382385713,-861.4053086602288,12.364541541689874,-27.114916374559584,12.366698261755856,18098.075222067706,0.0,0.19182687041996702,1.940615498026607,2100841.585334012,603.42979371159
320900.0,4508141.019995503,449876.9012868259,4508071.878539889,-860.0691488743998,1179.8259780710584,-860.1607128217644,12.523007275316187,-27.310167727568544,12.525179034280967,18098.075222067706,0.0,0.19182687041996702,1.940615498026607,2100841.585334012,603.42979371159
321000.0,4508055.075959451,449994.7470092908,4507985.925358325,-858.8089353174869,1177.085229353774,-858.9002813394706,12.68121847415702,-27.50467924901498,12.683405212588163,18098.075222067706,0.0,0.19182687041996702,1.940615498026607,2100841.585334012,603.42979371159
321100.0,4507969.258735341,450112.3176856204,4507900.099010572,-857.5329148529074,1174.3250685093794,-857.624041454693,12.839139462102978,-27.6984021174967,12.841341116779724,18098.075222067706,0.0,0.19182687041996702,1.940615498026607,2100841.585334012,603.42979371159
321200.0,4507883.569902354,450229.61137862684,4507814.401075957,-856.2411182955823,1171.5455768515844,-856.3320239888646,12.996734324422217,-27.891287338292493,12.998950828322833,18098.075222067706,0.0,0.19182687041996702,1.940615498026607,2100841.585334012,603.42979371159
321300.0,4507798.011036408,450346.6261594989,4507728.83313055,-854.9335800630006,1168.74684060102,-855.0242633663672,13.15396692786446,-28.083285772607493,13.156198210155853,18098.075222067706,0.0,0.19182687041996702,1.940615498026607,2100841.585334012,603.42979371159
321400.0,4507712.5837098,450463.36010829324,4507643.396746792,-853.6103381960467,1165.9289508981612,-853.7007976353592,13.310800941237188,-28.274348167344446,13.313046927266857,18098.075222067706,0.0,0.19182687041996702,1.940615498026607,2100841.585334012,603.42979371159
321500.0,4507627.289490838,450579.81131442706,4507558.09349314,-852.2714343777479,1163.0920038132506,-852.3616684865246,13.4671998564231,-28.464425185354628,13.469460467713422,18098.075222067706,0.0,0.19182687041996702,1.940615498026607,2100841.585334012,603.42979371159
321600.0,4507542.129943482,450695.97787717136,4507472.924933701,-850.916913949898,1160.2361003531703,-851.0069212696961,13.623127009818262,-28.653467436136783,13.625402164063171,18098.075222067706,0.0,0.19182687041996702,1.940615498026607,2100841.585334012,603.42979371159
321700.0,4507457.106626972,450811.8579061448,4507387.892627859,-849.5468259275152,1157.3613464652233,-849.6366050083142,13.778545604211487,-28.841425507008285,13.780835215275602,18098.075222067706,0.0,0.19182687041996702,1.940615498026607,2100841.585334012,603.42979371159
321800.0,4507372.221095463,450927.44952180784,4507302.998129914,-848.1612230110954,1154.4678530377792,-848.2507724116796,13.933418730996056,-29.028249994596553,13.935722708916227,18098.075222067706,0.0,0.19182687041996702,1.940615498026607,2100841.585334012,603.42979371159
321900.0,4507287.474897657,451042.7508559567,4507218.24298871,-846.760161596623,1151.5557358977499,-846.8494798849642,14.087709392808119,-29.213891536775993,14.090027643797468,18098.075222067706,0.0,0.19182687041996702,1.940615498026607,2100841.585334012,603.42979371159
322000.0,4507202.869576428,451157.76005221705,4507133.628747268,-845.3437017833033,1148.6251158048583,-845.4327875369431,14.241380526442182,-29.398300844843394,14.24371295289665,18098.075222067706,0.0,0.19182687041996702,1.940615498026607,2100841.585334012,603.42979371159
322100.0,4507118.406668457,451272.4752665368,4507049.156942407,-843.9119073789857,1145.6761184426725,-844.0007591854164,14.39439502613072,-29.5814287360474,14.396741526638143,18098.075222067706,0.0,0.19182687041996702,1.940615498026607,2100841.585334012,603.42979371159
322200.0,4507034.0877038585,451386.89466767793,4506964.8291043835,-842.4648459032445,1142.708874406375,-842.5534623602898,14.546715767078208,-29.763226166319694,14.549076236429919,18098.075222067706,0.0,0.19182687041996702,1.940615498026607,2100841.585334012,603.42979371159
322300.0,4506949.914205808,451501.0164377069,4506880.646756513,-841.002588588094,1139.7235191872473,-841.0909683042875,14.698305629276776,-29.94364426324248,14.70067995848178,18098.075222067706,0.0,0.19182687041996702,1.940615498026607,2100841.585334012,603.42979371159
322400.0,4506865.887690174,451614.83877248317,4506796.611414802,-839.5252103763092,1136.7201931538525,-839.6133519712721,14.84912752154191,-30.12263435916583,14.851515597843637,18098.075222067706,0.0,0.19182687041996702,1.940615498026607,2100841.585334012,603.42979371159
322500.0,4506782.009665145,451728.35988214624,4506712.724587576,-838.032789917333,1133.699041529894,-838.1206920221496,14.99914440576184,-30.30014802446416,15.00154611265747,18098.075222067706,0.0,0.19182687041996702,1.940615498026607,2100841.585334012,603.42979371159
322600.0,4506698.281630858,451841.57799159957,4506628.98777511,-836.5254095607484,1130.6602143687471,-836.6130708183397,15.148319321330384,-30.476137100888593,15.150734538592753,18098.075222067706,0.0,0.19182687041996702,1.940615498026607,2100841.585334012,603.42979371159
322700.0,4506614.705079032,451954.4913409923,4506545.402469256,-835.0031553473005,1127.6038665246533,-835.0905744127956,15.296615409703557,-30.6505537349324,15.299044013405656,18098.075222067706,0.0,0.19182687041996702,1.940615498026607,2100841.585334012,603.42979371159
322800.0,4506531.281492597,452067.09818619763,4506461.970153079,-833.4661169974574,1124.530157620575,-833.5532925385617,15.44399593910811,-30.823350411245936,15.446437801650166,18098.075222067706,0.0,0.19182687041996702,1.940615498026607,2100841.585334012,603.42979371159
322900.0,4506448.012345328,452179.39679928817,4506378.692300487,-831.9143878974941,1121.439252012713,-832.0013185948554,15.590424329302364,-30.994479985964862,15.592879319441543,18098.075222067706,0.0,0.19182687041996702,1.940615498026607,2100841.585334012,603.42979371159
323000.0,4506364.899101478,452291.3854690071,4506295.570375864,-830.348065083098,1118.3313187516928,-830.4347496306696,15.735864176424716,-31.163895719997964,15.738332159307358,18098.075222067706,0.0,0.19182687041996702,1.940615498026607,2100841.585334012,603.42979371159
323100.0,4506281.943215416,452403.0625012356,4506212.605833709,-828.7672492204892,1115.2065315404302,-828.8536863258884,15.880279277830564,-31.33155131213957,15.882760115027008,18098.075222067706,0.0,0.19182687041996702,1.940615498026607,2100841.585334012,603.42979371159
323200.0,4506199.146131263,452514.42621945596,4506129.800118271,-827.1720445850549,1112.0650686886916,-827.2582329699194,16.023633656955504,-31.497400932056912,16.026127206497446,18098.075222067706,0.0,0.19182687041996702,1.940615498026607,2100841.585334012,603.42979371159
323300.0,4506116.509282533,452625.4749652098,4506047.154663191,-825.5625590375005,1108.907113064367,-825.6484974378402,16.165891588126954,-31.661399253046522,16.168397704547377,18098.075222067706,0.0,0.19182687041996702,1.940615498026607,2100841.585334012,603.42979371159
323400.0,4506034.034091775,452736.2070985512,4505964.670891145,-823.9389039975238,1105.7328520414812,-824.0245911640684,16.307017621294992,-31.823501484520136,16.30953615567057,18098.075222067706,0.0,0.19182687041996702,1.940615498026607,2100841.585334012,603.42979371159
323500.0,4505951.721970221,452846.62099849473,4505882.350213488,-822.3011944150195,1102.5424774449693,-822.386629113562,16.446976606665487,-31.98366340419718,16.449507406661514,18098.075222067706,0.0,0.19182687041996702,1.940615498026607,2100841.585334012,603.42979371159
323600.0,4505869.574317432,452956.7150634575,4505800.194029903,-820.6495487388271,1099.33618549225,-820.7347297505626,16.585733719191524,-32.14184138994455,16.588276629109266,18098.075222067706,0.0,0.19182687041996702,1.940615498026607,2100841.585334012,603.42979371159
323700.0,4505787.592520949,453066.4877116955,4505718.203728054,-818.9840888830391,1096.1141767316353,-819.0690150048986,16.723254482922346,-32.29799245126317,16.725809343748885,18098.075222067706,0.0,0.19182687041996702,1.940615498026607,2100841.585334012,603.42979371159
323800.0,4505705.777955953,453175.9373817334,4505636.38068324,-817.304940190883,1092.8766559776122,-817.3896102358624,16.859504795087794,-32.45207426025782,16.862071444548185,18098.075222067706,0.0,0.19182687041996702,1.940615498026607,2100841.585334012,603.42979371159
323900.0,4505624.131984917,453285.0625327878,4505554.7262580525,-815.6122313962061,1089.62383224305,-815.6966441936895,16.994450950036715,-32.60404518225008,16.99702922264857,18098.075222067706,0.0,0.19182687041996702,1.940615498026607,2100841.585334012,603.42979371159
324000.0,4505542.655957277,453393.8616451836,4505473.241802043,-813.9060945825813,1086.3559186683738,-813.9902489786595,17.128059662816675,-32.75386430575047,17.130649389947063,18098.075222067706,0.0,0.19182687041996702,1.940615498026607,2100841.585334012,603.42979371159
324100.0,4505461.351209091,453502.33322076296,4505391.928651386,-812.1866651400677,1083.0731324477665,-812.2705599978493,17.26029809252222,-32.901491471961116,17.262899102446788,18098.075222067706,0.0,0.19182687041996702,1.940615498026607,2100841.585334012,603.42979371159
324200.0,4505380.219062718,453610.47578328714,4505310.78812855,-810.4540817196528,1079.7756947524506,-810.5377159195712,17.39113386528221,-33.04688730363769,17.393745983246585,18098.075222067706,0.0,0.19182687041996702,1.940615498026607,2100841.585334012,603.42979371159
324300.0,4505299.260826487,453718.28787882987,4505229.821541979,-808.7084861854153,1076.4638306511165,-808.7918586255281,17.52053509689253,-33.19001323332037,17.523158145175877,18098.075222067706,0.0,0.19182687041996702,1.940615498026607,2100841.585334012,603.42979371159
324400.0,4505218.477794386,453825.76807616337,4505149.030185767,-806.9500235644421,1073.1377690275601,-807.0331331607246,17.648470415066807,-33.330831530899374,17.651104213047507,18098.075222067706,0.0,0.19182687041996702,1.940615498026607,2100841.585334012,603.42979371159
324500.0,4505137.871245742,453932.9149671353,4505068.415339351,-805.1788419945427,1069.7977424956007,-805.2616876811746,17.774908981238923,-33.46930533042913,17.7775533454623,18098.075222067706,0.0,0.19182687041996702,1.940615498026607,2100841.585334012,603.42979371159
324600.0,4505057.442444915,454039.7271670377,4504987.978267195,-803.3950926698049,1066.4439873113533,-803.47767339945,17.899820511933427,-33.60539865621483,17.902475256181553,18098.075222067706,0.0,0.19182687041996702,1.940615498026607,2100841.585334012,603.42979371159
324700.0,4504977.192640996,454146.2033149666,4504907.720218494,-801.5989297840357,1063.0767432829314,-801.681244528115,18.023175299668726,-33.73907644812714,18.02584023503207,18098.075222067706,0.0,0.19182687041996702,1.940615498026607,2100841.585334012,603.42979371159
324800.0,4504897.1230675075,454252.34207417234,4504827.642426873,-799.7905104721409,1059.6962536776618,-799.8725582210977,18.144944233313794,-33.87030458604287,18.147619168264832,18098.075222067706,0.0,0.19182687041996702,1.940615498026607,2100841.585334012,603.42979371159
324900.0,4504817.234942117,454358.1421324013,4504747.746110098,-797.9699947494921,1056.302765126895,-798.0517745130503,18.265098817939773,-33.999049913469264,18.26778355840839,18098.075222067706,0.0,0.19182687041996702,1.940615498026607,2100841.585334012,603.42979371159
325000.0,4504737.529466346,454463.602202227,4504668.03246979,-796.1375454493377,1052.8965275284986,-796.2190562567521,18.38361119411115,-34.12528026028226,18.386305543561754,18098.075222067706,0.0,0.19182687041996702,1.940615498026607,2100841.585334012,603.42979371159
325100.0,4504658.007825295,454568.7210213719,4504588.502691147,-794.293328158315,1049.4777939471228,-794.3745690586139,18.500454156553115,-34.24896446449782,18.503157916063476,18098.075222067706,0.0,0.19182687041996702,1.940615498026607,2100841.585334012,603.42979371159
325200.0,4504578.671187374,454673.49735301913,4504509.1579426695,-792.4375111501234,1046.046820512335,-792.5184812123434,18.61560117223985,-34.37007239313959,18.618314140581496,18098.075222067706,0.0,0.19182687041996702,1.940615498026607,2100841.585334012,603.42979371159
325300.0,4504499.520704028,454777.92998611357,4504429.999375898,-790.5702653174222,1042.6038663147162,-790.6509636308347,18.729026397871007,-34.488574962163405,18.731748371591152,18098.075222067706,0.0,0.19182687041996702,1.940615498026607,2100841.585334012,603.42979371159
325400.0,4504420.557509491,454882.0177356529,4504351.028125155,-788.691764102015,1039.149193300018,-788.7721897763442,18.84070469660244,-34.60444415526556,18.84343547010738,18098.075222067706,0.0,0.19182687041996702,1.940615498026607,2100841.585334012,603.42979371159
325500.0,4504341.782720525,454985.7594429677,4504272.245307289,-786.8021834233903,1035.683066161483,-786.8823355890236,18.95061165419765,-34.7176530417995,18.95335101983749,18098.075222067706,0.0,0.19182687041996702,1.940615498026607,2100841.585334012,603.42979371159
325600.0,4504263.197436179,455089.15397599054,4504193.652021438,-784.9017016056868,1032.2057522304342,-784.9815794138755,19.058723594404718,-34.82817579354728,19.061471342559397,18098.075222067706,0.0,0.19182687041996702,1.940615498026607,2100841.585334012,603.42979371159
325700.0,4504184.802737555,455192.20022951456,4504115.249348785,-782.9904993031527,1028.717521365231,-783.0701019262051,19.165017593668885,-34.93598770049609,19.167773512835396,18098.075222067706,0.0,0.19182687041996702,1.940615498026607,2100841.585334012,603.42979371159
325800.0,4504106.599687573,455294.8971254403,4504037.038352333,-781.0687594241733,1025.2186458387112,-781.1480860556386,19.269471495065982,-35.0410651854735,19.272235371946728,18098.075222067706,0.0,0.19182687041996702,1.940615498026607,2100841.585334012,603.42979371159
325900.0,4504028.589330754,455397.2436130116,4503959.020076684,-779.1366670539408,1021.709400224216,-779.2157169087839,19.37206392151927,-35.14338581772835,19.374835541111395,18098.075222067706,0.0,0.19182687041996702,1.940615498026607,2100841.585334012,603.42979371159
326000.0,4503950.772693006,455499.23866903986,4503881.195547821,-777.1944093758424,1018.1900612803196,-777.2731816906099,19.472774288220535,-35.242928325359124,19.475553433906274,18098.075222067706,0.0,0.19182687041996702,1.940615498026607,2100841.585334012,603.42979371159
326100.0,4503873.150781416,455600.88129811676,4503803.565772908,-775.2421755916434,1014.6609078343665,-775.3206696246209,19.57158281427875,-35.339672606625165,19.57436926791656,18098.075222067706,0.0,0.19182687041996702,1.940615498026607,2100841.585334012,603.42979371159
326200.0,4503795.724584054,455702.1705328153,4503726.131740087,-773.280156840546,1011.1222206649378,-773.3583718719053,19.668470533596803,-35.433599740147095,19.671264075613305,18098.075222067706,0.0,0.19182687041996702,1.940615498026607,2100841.585334012,603.42979371159
326300.0,4503718.495069781,455803.10543387884,4503648.89441829,-771.3085461172013,1007.5742823833549,-771.3864814491394,19.76341930490748,-35.52469199391184,19.76621971439004,18098.075222067706,0.0,0.19182687041996702,1.940615498026607,2100841.585334012,603.42979371159
326400.0,4503641.463188072,455903.68509039865,4503571.85475706,-769.3275381887563,1004.0173773143382,-769.4051931456245,19.856411821026374,-35.612932833163434,19.859218875816335,18098.075222067706,0.0,0.19182687041996702,1.940615498026607,2100841.585334012,603.42979371159
326500.0,4503564.629868836,456003.90861997916,4503495.013686375,-767.3373295110184,1000.4517913759369,-767.4147034394423,19.947431617262005,-35.69830692710747,19.950245094048338,18098.075222067706,0.0,0.19182687041996702,1.940615498026607,2100841.585334012,603.42979371159
326600.0,4503487.99602226,456103.7751688912,4503418.372116484,-765.3381181438197,996.8778119588447,-765.4152104128096,20.03646307900545,-35.78080015446391,20.03928275341886,18098.075222067706,0.0,0.19182687041996702,1.940615498026607,2100841.585334012,603.42979371159
326700.0,4503411.562538645,456203.28391221317,4503341.93093775,-763.3301036656634,993.2957278052195,-763.4069136667158,20.123491448507114,-35.860399607884744,20.126317095214436,18098.075222067706,0.0,0.19182687041996702,1.940615498026607,2100841.585334012,603.42979371159
326800.0,4503335.330288264,456302.4340539603,4503265.691020506,-761.3134870877361,989.7058288871194,-761.3900142349248,20.208502830768854,-35.93709359714851,20.211334223567707,18098.075222067706,0.0,0.19182687041996702,1.940615498026607,2100841.585334012,603.42979371159
326900.0,4503259.300121219,456401.2248272015,4503189.653214914,-759.2884707673703,986.108406284676,-759.364714497429,20.291484198637786,-36.01087165125058,20.294321110551337,18098.075222067706,0.0,0.19182687041996702,1.940615498026607,2100841.585334012,603.42979371159
327000.0,4503183.472867315,456499.65549416386,4503113.81835083,-757.2552583210419,982.5037520641179,-757.3312180934365,20.372423397039654,-36.08172451931455,20.375265600411407,18098.075222067706,0.0,0.19182687041996702,1.940615498026607,2100841.585334012,603.42979371159
327100.0,4503107.849335933,456597.72534632543,4503038.187237691,-755.2140545369846,978.892159155759,-755.2897298339769,20.451309146390255,-36.149644170381066,20.454156412978868,18098.075222067706,0.0,0.19182687041996702,1.940615498026607,2100841.585334012,603.42979371159
327200.0,4503032.430315923,456695.4337044954,4502962.760664396,-753.1650652875062,975.2739212320662,-753.2404556142076,20.528131045139716,-36.21462379202153,20.5309831462136,18098.075222067706,0.0,0.19182687041996702,1.940615498026607,2100841.585334012,603.42979371159
327300.0,4502957.216575495,456792.7799188821,4502887.539399204,-751.1084974410925,971.6493325859213,-751.1836023255078,20.60287957150966,-36.27665778786124,20.60573627794143,18098.075222067706,0.0,0.19182687041996702,1.940615498026607,2100841.585334012,603.42979371159
327400.0,4502882.208862128,456889.76336914935,4502812.52418964,-749.044558774378,968.0186880091875,-749.1193777674407,20.675546084376894,-36.33574177395803,20.67840716673746,18098.075222067706,0.0,0.19182687041996702,1.940615498026607,2100841.585334012,603.42979371159
327500.0,4502807.40790248,456986.38346445985,4502737.715762406,-746.97345788407,964.3822826716912,-747.0479905596677,20.746122823351833,-36.39187257410532,20.748988052004155,18098.075222067706,0.0,0.19182687041996702,1.940615498026607,2100841.585334012,603.42979371159
327600.0,4502732.814402314,457082.6396435073,4502663.114823304,-744.8954040989057,960.7404120007297,-744.9696500538963,20.81460290803183,-36.445048214040284,20.817472053224158,18098.075222067706,0.0,0.19182687041996702,1.940615498026607,2100841.585334012,603.42979371159
327700.0,4502658.429046424,457178.53137453593,4502588.722057171,-742.8106073917254,957.0933715612115,-742.8845662459438,20.880980336443983,-36.49526791458218,20.883853168402545,18098.075222067706,0.0,0.19182687041996702,1.940615498026607,2100841.585334012,603.42979371159
327800.0,4502584.252498581,457274.0581553484,4502514.538127813,-740.7192782917399,953.4414569365341,-740.7929496879956,20.945249982680878,-36.542532083712125,20.948126271701966,18098.075222067706,0.0,0.19182687041996702,1.940615498026607,2100841.585334012,603.42979371159
327900.0,4502510.285401478,457369.2195133017,4502440.563677956,-738.621627797074,949.7849636103057,-738.6950114011397,21.00740759377684,-36.58684230766154,21.01028711031814,18098.075222067706,0.0,0.19182687041996702,1.940615498026607,2100841.585334012,603.42979371159
328000.0,4502436.528376688,457464.01500529126,4502366.799329208,-736.5178672876634,946.1241868490104,-736.590962788254,21.067449785779026,-36.62820134095679,21.070332300550124,18098.075222067706,0.0,0.19182687041996702,1.940615498026607,2100841.585334012,603.42979371159
328100.0,4502362.982024631,457558.4442177235,4502293.245682018,-734.4082084385801,942.4594215857156,-734.4810155473233,21.125374039056474,-36.66661309548209,21.128259323108594,18098.075222067706,0.0,0.19182687041996702,1.940615498026607,2100841.585334012,603.42979371159
328200.0,4502289.646924549,457652.5067664767,4502219.903315655,-732.2928631338657,938.7909623049234,-732.3653815852632,21.18117869289258,-36.702082628625035,21.184066517707276,18098.075222067706,0.0,0.19182687041996702,1.940615498026607,2100841.585334012,603.42979371159
328300.0,4502216.523634486,457746.2022968504,4502146.772788189,-730.1720433809412,935.1191029286513,-730.2442729323216,21.234862939317377,-36.73461613045471,21.237753076894258,18098.075222067706,0.0,0.19182687041996702,1.940615498026607,2100841.585334012,603.42979371159
328400.0,4502143.612691285,457839.53048350336,4502073.854636488,-728.045961225672,931.4441367038453,-728.1179016571342,21.28642681621457,-36.76422090998374,21.289319039157927,18098.075222067706,0.0,0.19182687041996702,1.940615498026607,2100841.585334012,603.42979371159
328500.0,4502070.914610586,457932.4910303808,4502001.14937621,-725.9148286681547,927.7663560912065,-725.9864797825034,21.335871199766594,-36.79090538060098,21.33876528137087,18098.075222067706,0.0,0.19182687041996702,1.940615498026607,2100841.585334012,603.42979371159
328600.0,4501998.429886835,458025.08367063024,4501928.65750182,-723.7788575792938,924.0860526555188,-723.8502192019663,21.38319779617798,-36.8146790446043,21.386093510512033,18098.075222067706,0.0,0.19182687041996702,1.940615498026607,2100841.585334012,603.42979371159
328700.0,4501926.158993298,458117.30816650606,4501856.379486602,-721.6382596182409,920.4035169575636,-721.7093315972253,21.428409132780114,-36.835552476971245,21.431306254770142,18098.075222067706,0.0,0.19182687041996702,1.940615498026607,2100841.585334012,603.42979371159
328800.0,4501854.102382093,458209.1643092643,4501784.315782687,-719.4932461507544,916.7190384476993,-719.5640283565,21.471508548452483,-36.853537308290214,21.474406853963707,18098.075222067706,0.0,0.19182687041996702,1.940615498026607,2100841.585334012,603.42979371159
328900.0,4501782.260484217,458300.65191904607,4501712.466821083,-717.3440281685488,913.0329053611825,-717.4145204938682,21.512500183449276,-36.868646206970986,21.515399449366168,18098.075222067706,0.0,0.19182687041996702,1.940615498026607,2100841.585334012,603.42979371159
329000.0,4501710.63370959,458391.77084475104,4501640.833011721,-715.1908162096917,909.3454046153076,-715.2610185696545,21.551388968608812,-36.88089286071172,21.55428897291382,18098.075222067706,0.0,0.19182687041996702,1.940615498026607,2100841.585334012,603.42979371159
329100.0,4501639.222447106,458482.5209639004,4501569.414743502,-713.033820280107,905.6568217084304,-713.1037326119268,21.588180614019485,-36.89029195732119,21.59108113587032,18098.075222067706,0.0,0.19182687041996702,1.940615498026607,2100841.585334012,603.42979371159
329200.0,4501568.027064685,458572.90218249004,4501498.212384351,-710.8732497762429,901.9674406209466,-710.9428720391555,21.622881597087307,-36.8968591648316,21.625782416892626,18098.075222067706,0.0,0.19182687041996702,1.940615498026607,2100841.585334012,603.42979371159
329300.0,4501497.047909344,458662.91443483415,4501427.226281287,-708.7093134089575,898.2775437182889,-708.778645584092,21.655499150085987,-36.90061111101025,21.65840004957951,18098.075222067706,0.0,0.19182687041996702,1.940615498026607,2100841.585334012,603.42979371159
329400.0,4501426.285307265,458752.5576833986,4501356.456760495,-706.5422191286754,894.5874116560013,-706.6112612189183,21.68604124721285,-36.901565362304055,21.68894200952578,18098.075222067706,0.0,0.19182687041996702,1.940615498026607,2100841.585334012,603.42979371159
329500.0,4501355.739563876,458841.83191862545,4501285.9041274,-704.3721740518621,890.8973232869465,-704.4409260817141,21.71451659116117,-36.89974040223537,21.71741700089294,18098.075222067706,0.0,0.19182687041996702,1.940615498026607,2100841.585334012,603.42979371159
329600.0,4501285.410963939,458930.73715874815,4501215.568666761,-702.1993843888687,887.207555570704,-702.2678464042941,21.74093459919534,-36.89515560923631,21.743834442482665,18098.075222067706,0.0,0.19182687041996702,1.940615498026607,2100841.585334012,603.42979371159
329700.0,4501215.299771641,459019.27344959776,4501145.45064276,-700.0240553731853,883.5183834852032,-700.0922274414552,21.76530538882107,-36.88783123404283,21.768204453405136,18098.075222067706,0.0,0.19182687041996702,1.940615498026607,2100841.585334012,603.42979371159
329800.0,4501145.406230701,459107.4408644005,4501075.550299106,-697.8463911921523,879.8300799406437,-697.9142734016806,21.78763976305646,-36.87778837666021,21.790537838348385,18098.075222067706,0.0,0.19182687041996702,1.940615498026607,2100841.585334012,603.42979371159
329900.0,4501075.73056447,459195.2395035665,4501005.867859143,-695.6665949191621,876.1429156957379,-695.7341873793355,21.80794919528066,-36.86504896287433,21.8108460724251,18098.075222067706,0.0,0.19182687041996702,1.940615498026607,2100841.585334012,603.42979371159
330000.0,4501006.272976055,459282.66949447116,4500936.403525963,-693.4848684473958,872.4571592763228,-693.5521712883972,21.826245813728683,-36.84963572039959,21.829141285665578,18098.075222067706,0.0,0.19182687041996702,1.940615498026607,2100841.585334012,603.42979371159
330100.0,4500937.03364843,459369.7309912272,4500867.15748253,-691.3014124251254,868.7730768963727,-691.3684257977516,21.84254238568496,-36.8315721547332,21.84543624720939,18098.075222067706,0.0,0.19182687041996702,1.940615498026607,2100841.585334012,603.42979371159
330200.0,4500868.012744574,459456.4241744501,4500798.129891803,-689.1164261926141,865.0909323814423,-689.1831502680872,21.856852301321457,-36.81088252465111,21.859744349141522,18098.075222067706,0.0,0.19182687041996702,1.940615498026607,2100841.585334012,603.42979371159
330300.0,4500799.210407597,459542.7492510153,4500729.320896875,-686.9301077206476,861.4109870945757,-686.9965426904206,21.869189557264136,-36.787591817454796,21.872079590057055,18098.075222067706,0.0,0.19182687041996702,1.940615498026607,2100841.585334012,603.42979371159
330400.0,4500730.626760884,459628.7064538085,4500660.730621112,-684.7426535507195,857.7334998646995,-684.8087996262773,21.87956873991272,-36.7617257240028,21.882456558378813,18098.075222067706,0.0,0.19182687041996702,1.940615498026607,2100841.585334012,603.42979371159
330500.0,4500662.26190824,459714.2960414687,4500592.359168294,-682.5542587369004,854.0587269175262,-682.6201161495543,21.88800500850243,-36.7333106135164,21.890890415417257,18098.075222067706,0.0,0.19182687041996702,1.940615498026607,2100841.585334012,603.42979371159
330600.0,4500594.115934039,459799.51829812437,4500524.206622775,-680.3651167894078,850.3869218089826,-680.4306857900859,21.894514077973042,-36.70237350824382,21.89739687823749,18098.075222067706,0.0,0.19182687041996702,1.940615498026607,2100841.585334012,603.42979371159
330700.0,4500526.188903386,459884.3735331236,4500456.273049631,-678.1754196199029,846.7183353611817,-678.2407004789347,21.899112201621566,-36.66894205795594,21.90199220230999,18098.075222067706,0.0,0.19182687041996702,1.940615498026607,2100841.585334012,603.42979371159
330800.0,4500458.480862277,459968.8620807573,4500388.558494831,-675.9853574885254,843.0532156009473,-676.0503504954227,21.901816153634343,-36.63304451439621,21.904693164040697,18098.075222067706,0.0,0.19182687041996702,1.940615498026607,2100841.585334012,603.42979371159
330900.0,4500390.991837765,460052.9842999769,4500321.062985399,-673.7951189526882,839.3918077009002,-673.8598244159202,21.902643211436846,-36.594709705609304,21.905517043118834,18098.075222067706,0.0,0.19182687041996702,1.940615498026607,2100841.585334012,603.42979371159
331000.0,4500323.721838136,460136.74057410605,4500253.786529588,-671.6048908176376,835.7343539231115,-671.6693090644031,21.90161113794966,-36.55396701026153,21.904481604770858,18098.075222067706,0.0,0.19182687041996702,1.940615498026607,2100841.585334012,603.42979371159
331100.0,4500256.670853085,460220.13131054677,4500186.729117058,-669.414858088796,832.0810935653238,-669.4789894647903,21.89873816375784,-36.5108463319637,21.901605081927848,18098.075222067706,0.0,0.19182687041996702,1.940615498026607,2100841.585334012,603.42979371159
331200.0,4500189.838853897,460303.15694048046,4500119.890719061,-667.2252039258908,828.4322629097425,-667.2890487950692,21.89404296918974,-36.46537807359324,21.89690615730229,18098.075222067706,0.0,0.19182687041996702,1.940615498026607,2100841.585334012,603.42979371159
331300.0,4500123.2257936355,460385.817918564,4500053.271288622,-665.0361095988768,824.7880951743881,-665.0996683432147,21.887544666362132,-36.41759311168799,21.89040394543128,18098.075222067706,0.0,0.19182687041996702,1.940615498026607,2100841.585334012,603.42979371159
331400.0,4500056.831607334,460468.1147226209,4499986.870760737,-662.8477544456573,821.148820467009,-662.9110274649063,21.87926278120269,-36.36752277092657,21.88211797469696,18098.075222067706,0.0,0.19182687041996702,1.940615498026607,2100841.585334012,603.42979371159
331500.0,4499990.656212192,460550.0478533281,4499920.689052561,-660.6603158316021,817.5146657415386,-660.7233035430427,21.869217235442235,-36.31519879868717,21.87206816931679,18098.075222067706,0.0,0.19182687041996702,1.940615498026607,2100841.585334012,603.42979371159
331600.0,4499924.699507769,460631.6178338986,4499854.726063615,-658.4739691108664,813.8858547570907,-658.536671949058,21.857428328666153,-36.26065333979683,21.860274831393035,18098.075222067706,0.0,0.19182687041996702,1.940615498026607,2100841.585334012,603.42979371159
331700.0,4499858.961376194,460712.82520975976,4499788.981675981,-656.2888875895018,810.2626080394718,-656.3513060060297,21.843916720365257,-36.203918911397594,21.846758622961655,18098.075222067706,0.0,0.19182687041996702,1.940615498026607,2100841.585334012,603.42979371159
331800.0,4499793.441682368,460793.67054822855,4499723.455754514,-654.1052424903609,806.6451428451982,-654.1673769535803,21.828703412049354,-36.14502837800897,21.831540548103916,18098.075222067706,0.0,0.19182687041996702,1.940615498026607,2100841.585334012,603.42979371159
331900.0,4499728.140274175,460874.15443818265,4499658.148147052,-651.9232029197865,803.0336731279956,-651.9850539145641,21.81180972945154,-36.08401492682158,21.81464193514881,18098.075222067706,0.0,0.19182687041996702,1.940615498026607,2100841.585334012,603.42979371159
332000.0,4499663.056982698,460954.2774897287,4499593.0586846275,-649.742935836075,799.4284095077584,-649.8045038635283,21.793257304824202,-36.02091204322345,21.796084418967098,18098.075222067706,0.0,0.19182687041996702,1.940615498026607,2100841.585334012,603.42979371159
332100.0,4499598.1916224295,461034.04033386736,4499528.187181683,-647.564606019707,795.829559241944,-647.6258915969413,21.773068059313328,-35.95575348654283,21.77588992334382,18098.075222067706,0.0,0.19182687041996702,1.940615498026607,2100841.585334012,603.42979371159
332200.0,4499533.543991496,461113.4436221559,4499463.533436293,-645.3883760453306,792.2373261993778,-645.4493797051745,21.751264185505335,-35.88857326612345,21.75408064352316,18098.075222067706,0.0,0.19182687041996702,1.940615498026607,2100841.585334012,603.42979371159
332300.0,4499469.113871877,461192.48802636785,4499399.097230381,-643.2144062554861,788.6519108364363,-643.2751285462244,21.727868130106053,-35.81940561768245,21.73067902888571,18098.075222067706,0.0,0.19182687041996702,1.940615498026607,2100841.585334012,603.42979371159
332400.0,4499404.901029632,461271.1742381512,4499334.878329952,-641.0428547360544,785.0735101755809,-641.1032962211602,21.702902576750972,-35.748284979949375,21.70570776575679,18098.075222067706,0.0,0.19182687041996702,1.940615498026607,2100841.585334012,603.42979371159
332500.0,4499340.905215125,461349.5029686833,4499270.876485312,-638.8738772934141,781.5023177862078,-638.9340385512791,21.676390429030338,-35.67524597168905,21.679189760429875,18098.075222067706,0.0,0.19182687041996702,1.940615498026607,2100841.585334012,603.42979371159
332600.0,4499277.126163252,461427.47494832537,4499207.0914313,-636.7076274332874,777.9385237677792,-636.7675090569505,21.64835479370178,-35.600323369073315,21.65114812237738,18098.075222067706,0.0,0.19182687041996702,1.940615498026607,2100841.585334012,603.42979371159
332700.0,4499213.563593676,461505.0909262743,4499143.522887519,-634.5442563412565,774.382314735202,-634.6038589381327,21.618818964060047,-35.52355208336442,21.62160614761869,18098.075222067706,0.0,0.19182687041996702,1.940615498026607,2100841.585334012,603.42979371159
332800.0,4499150.21721106,461582.35167021374,4499080.170558568,-632.3839128649287,770.8338738064135,-632.4432370565354,21.587806403594776,-35.44496713906917,21.590587302376296,18098.075222067706,0.0,0.19182687041996702,1.940615498026607,2100841.585334012,603.42979371159
332900.0,4499087.086705297,461659.2579659639,4499017.034134279,-630.226743497728,767.293380592137,-630.2857899194119,21.555340729813715,-35.36460365241279,21.55811520689725,18098.075222067706,0.0,0.19182687041996702,1.940615498026607,2100841.585334012,603.42979371159
333000.0,4499024.17175175,461735.8106171303,4498954.113289951,-628.0728923642894,763.7610111877665,-628.1316616649519,21.521445698351652,-35.28249681027859,21.52421361956055,18098.075222067706,0.0,0.19182687041996702,1.940615498026607,2100841.585334012,603.42979371159
333100.0,4498961.472011488,461812.010444752,4498891.407686588,-625.922501207432,760.2369381673374,-625.9809940492551,21.486145187309816,-35.198681849544556,21.488906421214878,18098.075222067706,0.0,0.19182687041996702,1.940615498026607,2100841.585334012,603.42979371159
333200.0,4498898.987131528,461887.8582869492,4498828.916971139,-623.7757093766838,756.721330579542,-623.8339264348547,21.44946318185717,-35.113194036854054,21.452217599778376,18098.075222067706,0.0,0.19182687041996702,1.940615498026607,2100841.585334012,603.42979371159
333300.0,4498836.716745067,461963.3549985707,4498766.640776733,-621.6326538183333,753.2143539457456,-621.6905957807699,21.411423759139915,-35.026068648875174,21.41417123514659,18098.075222067706,0.0,0.19182687041996702,1.940615498026607,2100841.585334012,603.42979371159
333400.0,4498774.660471734,462038.5014508409,4498704.578722929,-619.4934690669771,749.7161702599549,-619.5511366340528,21.372051073386153,-34.937340952910226,21.37479148429566,18098.075222067706,0.0,0.19182687041996702,1.940615498026607,2100841.585334012,603.42979371159
333500.0,4498712.81791782,462113.2985310075,4498642.730415949,-617.3582872385391,746.2269379906984,-617.4156811228083,21.33136934140625,-34.847046188096996,21.3341025667812,18098.075222067706,0.0,0.19182687041996702,1.940615498026607,2100841.585334012,603.42979371159
333600.0,4498651.18867653,462187.7471419887,4498581.095448923,-615.2272380247301,742.7468120847698,-615.2843589506541,21.28940282832791,-34.75521954700453,21.292128750471985,18098.075222067706,0.0,0.19182687041996702,1.940615498026607,2100841.585334012,603.42979371159
333700.0,4498589.772328217,462261.84820202173,4498519.673402135,-613.1004486889148,739.2759439727822,-613.1572973925872,21.246175833634222,-34.6618961577047,21.24889433758656,18098.075222067706,0.0,0.19182687041996702,1.940615498026607,2100841.585334012,603.42979371159
333800.0,4498528.568440632,462335.60264431126,4498458.46384326,-610.9780440633605,735.8144815764944,-611.034621292235,21.20171267753893,-34.567111066358926,21.204423651067245,18098.075222067706,0.0,0.19182687041996702,1.940615498026607,2100841.585334012,603.42979371159
333900.0,4498467.576569164,462409.0114166791,4498397.466327611,-608.8601465478337,732.3625693178527,-608.9164530604509,21.156037687659982,-34.47089922027086,21.158741021252297,18098.075222067706,0.0,0.19182687041996702,1.940615498026607,2100841.585334012,603.42979371159
334000.0,4498406.796257083,462482.07548121456,4498336.680398383,-606.7468761095116,728.9203481297035,-606.8029126752277,21.109175186017684,-34.37329545143487,21.111870772872834,18098.075222067706,0.0,0.19182687041996702,1.940615498026607,2100841.585334012,603.42979371159
334100.0,4498346.227035785,462554.79581392655,4498276.105586894,-604.6383502841792,725.487955468126,-604.6941176828955,21.061149476358747,-34.274334460579695,21.06383721237565,18098.075222067706,0.0,0.19182687041996702,1.940615498026607,2100841.585334012,603.42979371159
334200.0,4498285.868425033,462627.1734043961,4498215.741412827,-602.5346841786757,722.0655253263357,-602.5901832005688,21.011984831817948,-34.174050801719304,21.014664615583673,18098.075222067706,0.0,0.19182687041996702,1.940615498026607,2100841.585334012,603.42979371159
334300.0,4498225.7199332,462699.2092554312,4498155.587384477,-600.4359904745596,718.6531882501083,-600.491221919814,20.961705482896264,-34.07247886718283,20.96437721567294,18098.075222067706,0.0,0.19182687041996702,1.940615498026607,2100841.585334012,603.42979371159
334400.0,4498165.781057513,462770.9043827226,4498095.642998991,-598.3423794329594,715.2510713546756,-598.3973441114999,20.91033560578196,-33.96965287315374,20.91299919149259,18098.075222067706,0.0,0.19182687041996702,1.940615498026607,2100841.585334012,603.42979371159
334500.0,4498106.051284294,462842.25981450203,4498035.907742607,-596.2539589005733,711.8592983430405,-596.3086576317999,20.857899311028593,-33.86560684573196,20.86055465624181,18098.075222067706,0.0,0.19182687041996702,1.940615498026607,2100841.585334012,603.42979371159
334600.0,4498046.530089199,462913.27659120143,4497976.381090902,-594.1708343167861,708.4779895256644,-594.2252679293106,20.80442063253596,-33.760374607452206,20.807067646449678,18098.075222067706,0.0,0.19182687041996702,1.940615498026607,2100841.585334012,603.42979371159
