t,x,y,z,vx,vy,vz,ax,ay,az,total_mass,fuel_mass,drag_coeff,frontal_area,total_thrust,total_mfr
0.0,4509942.573274993,-56.464539911629586,4509918.5982230855,0.0,0.0,0.0,-6.930552637928437,8.677060953123995e-05,-6.930515794807589,41121.66590803694,21749.65163161806,0.1939561738508999,2.059930667412065,2234285.585289076,599.4148528223552
100.0,4509942.67828898,-56.26699776360456,4509918.703199839,2.1002786924349794,3.950840965245426,2.0995340207640605,21.002744819886313,39.50832984258573,20.99529811821832,39993.47646934465,21689.710146335827,0.1939561738508999,2.059930667412065,2234285.585289076,599.4148528223552
200.0,4509942.993539954,-55.67407600281078,4509919.018339056,4.204737597099248,7.907588243678055,4.203247134976614,21.04448336399186,39.56727253485351,21.037025497214504,39933.53498406241,21629.76866105359,0.1939561738508999,2.059930667412065,2234285.585289076,599.4148528223552
300.0,4509943.519445925,-54.68518431564231,4509919.544058636,6.313376533886729,11.870235451269089,6.311139163717785,21.086219587569865,39.62615049780782,21.078750567712962,39873.59349878018,21569.827175771356,0.1939561738508999,2.059930667412065,2234285.585289076,599.4148528223552
400.0,4509944.256424887,-53.29973303356363,4509920.28077646,8.426195256866514,15.838776071350562,8.423209862267834,21.127952843219372,39.68496242647442,21.12047268255842,39813.652013497944,21509.885690489118,0.1939561738508999,2.059930667412065,2234285.585289076,599.4148528223552
500.0,4509945.204894804,-51.517133146158564,4509921.22891038,10.543193456539965,19.81320345892953,10.539458922363464,21.16968250634559,39.74370705943901,21.16219121739364,39753.71052821571,21449.944205206884,0.1939561738508999,2.059930667412065,2234285.585289076,599.4148528223552
600.0,4509946.365273606,-49.33679631374322,4509922.388878215,12.664370762148659,23.793510845092253,12.659885974504915,21.211407975666596,39.802383179743615,21.2039055711658,39693.769042933476,21390.002719924647,0.1939561738508999,2.059930667412065,2234285.585289076,599.4148528223552
700.0,4509947.737979182,-46.75813487953413,4509923.761097744,14.78972674403289,27.779691341497845,14.784490590313641,21.25312867371737,39.86098961577704,21.245615166630483,39633.82755765124,21330.061234642413,0.1939561738508999,2.059930667412065,2234285.585289076,599.4148528223552
800.0,4509949.323429377,-43.78056188136248,4509925.345986699,16.91926091604055,31.7717379449607,16.913272284940305,21.294844047351525,39.91952524215911,21.287319450853182,39573.886072369,21270.119749360176,0.1939561738508999,2.059930667412065,2234285.585289076,599.4148528223552
900.0,4509951.122041983,-40.40349106292573,4509927.143962761,19.052972737986057,35.76964354212117,19.046230519522847,21.336553568240145,39.97798898061835,21.329017895707974,39513.944587086764,21210.178264077942,0.1939561738508999,2.059930667412065,2234285.585289076,599.4148528223552
1000.0,4509953.134234736,-36.62633688456778,4509929.155443558,21.190861618159108,39.773400914203734,21.18336470369433,21.378256733367714,40.03637980086267,21.370709998373297,39454.00310180453,21150.236778795705,0.1939561738508999,2.059930667412065,2234285.585289076,599.4148528223552
1100.0,4509955.360425311,-32.44851453357895,4509931.38084665,23.332926915882904,43.78300274186192,23.324674198140247,21.41995306552476,40.09469672144254,21.41239528182444,39394.0616165223,21090.29529351347,0.1939561738508999,2.059930667412065,2234285.585289076,599.4148528223552
1200.0,4509957.801031316,-27.86943993400721,4509933.820589538,25.479167944121528,47.79844161010933,25.47015831720498,21.46164211379721,40.1529388106065,21.454073295322704,39334.12013124006,21030.353808231233,0.1939561738508999,2.059930667412065,2234285.585289076,599.4148528223552
1300.0,4509960.456470288,-22.888529755971962,4509936.475089646,27.629583972136125,51.819710013335836,27.619816331547035,21.503323454051973,40.21110518714829,21.49574361490086,39274.17864595783,20970.412322949,0.1939561738508999,2.059930667412065,2234285.585289076,599.4148528223552
1400.0,4509963.32715969,-17.505201424472034,4509939.344764327,29.784174228189528,55.846800360408224,29.77364747084269,21.544996689418806,40.26919502124555,21.537405843844834,39214.23716067559,20910.470837666762,0.1939561738508999,2.059930667412065,2234285.585289076,599.4148528223552
1500.0,4509966.413516903,-11.718873127679405,4509942.4300308535,31.942937902298894,59.87970497985426,31.931650926537678,21.58666145076797,40.32720753528939,21.57905961317123,39154.295675393354,20850.52935238453,0.1939561738508999,2.059930667412065,2234285.585289076,599.4148528223552
1600.0,4509969.7159592295,-5.52896382471038,4509945.731306415,34.10587414903598,63.918416125129454,34.09382585464645,21.62831739718379,40.38514200470465,21.620704582100693,39094.35419011112,20790.58786710229,0.1939561738508999,2.059930667412065,2234285.585289076,599.4148528223552
1700.0,4509973.234903881,1.0651067471339992,4509949.249008116,36.27298209037456,67.96292597996538,36.2601713785986,21.66996421643352,40.44299775876032,21.662340438526684,39034.41270482888,20730.646381820057,0.1939561738508999,2.059930667412065,2234285.585289076,599.4148528223552
1800.0,4509976.970767984,8.063918065666414,4509952.983552972,38.44426081858463,72.01322666379863,38.43068659213203,21.711601625431687,40.50077418136989,21.70396689947959,38974.47121954664,20670.70489653782,0.1939561738508999,2.059930667412065,2234285.585289076,599.4148528223552
1900.0,4509980.92396857,15.468048817658616,4509956.935357904,40.61970939917277,76.06931023727947,40.605370562232274,21.753229370699334,40.55847071188097,21.745583711585912,38914.52973426441,20610.763411255586,0.1939561738508999,2.059930667412065,2234285.585289076,599.4148528223552
2000.0,4509985.094922578,23.278076893241582,4509961.104839742,42.799326873868274,80.13116870785883,42.784222332117615,21.79484722881828,40.61608684585418,21.78719065152231,38854.588248982174,20550.82192597335,0.1939561738508999,2.059930667412065,2234285.585289076,599.4148528223552
2100.0,4509989.484046848,31.494579380868238,4509965.492415217,44.98311226365452,84.19879403545295,44.96724092426933,21.83645500687992,40.67362213583047,21.82878752646426,38794.646763699944,20490.880440691115,0.1939561738508999,2.059930667412065,2234285.585289076,599.4148528223552
2200.0,4509994.091758122,40.11813256284648,4509970.098500961,47.171064571844944,88.27217813818403,47.15442534350662,21.87805254292856,40.731076192087095,21.870374174529307,38734.70527841771,20430.938955408878,0.1939561738508999,2.059930667412065,2234285.585289076,599.4148528223552
2300.0,4509998.918473042,49.14931191145005,4509974.923513509,49.363182787203165,92.35131289819617,49.345774580105605,21.919639706398893,40.78844868338107,21.911950465214314,38674.76379313547,20370.997470126644,0.1939561738508999,2.059930667412065,2234285.585289076,599.4148528223552
2400.0,4510003.964608148,58.58869208561463,4509979.96786929,51.5594658871066,96.43619016754499,51.541287612961874,21.96121639854761,40.84573933768061,21.953516299827022,38614.82230785323,20311.055984844406,0.1939561738508999,2.059930667412065,2234285.585289076,599.4148528223552
2500.0,4510009.230579877,68.43684692822666,4509985.231984634,53.75991284075296,100.52680177415996,53.74096341279583,22.00278255287874,40.902947942883515,21.99507161191118,38554.880822570994,20251.114499562173,0.1939561738508999,2.059930667412065,2234285.585289076,599.4148528223552
2600.0,4510014.716804564,78.69434946401182,4509990.716275765,55.9645226124091,104.62313952787794,55.94480094540038,22.04433813556269,40.960074347522415,22.036616367665495,38494.93933728876,20191.173014279935,0.1939561738508999,2.059930667412065,2234285.585289076,599.4148528223552
2700.0,4510020.423698438,89.36177189803055,4509996.4211588055,58.17329416470139,108.72519522654667,58.152799174930216,22.085883145848634,41.01711846145663,22.078150566355895,38434.99785200653,20131.2315289977,0.1939561738508999,2.059930667412065,2234285.585289076,599.4148528223552
2800.0,4510026.351677626,100.43968561478721,4510002.347049774,60.386226461947146,112.83296066219694,60.36495706723203,22.12741761647023,41.074080256550005,22.119674240721064,38375.05636672429,20071.290043715464,0.1939561738508999,2.059930667412065,2234285.585289076,599.4148528223552
2900.0,4510032.501158152,111.92866117795987,4510008.494364585,62.603318473526286,116.94642762728175,62.58127359321499,22.168941614044215,41.130959767334566,22.161187457370996,38315.11488144206,20011.34855843323,0.1939561738508999,2.059930667412065,2234285.585289076,599.4148528223552
3000.0,4510038.872555936,123.82926833075739,4510014.863519051,64.82456917729255,121.06558792098143,64.80174773226082,22.210455239462046,41.18775709165978,22.20269031717843,38255.17339615982,19951.407073150993,0.1939561738508999,2.059930667412065,2234285.585289076,599.4148528223552
3100.0,4510045.466286796,136.14207599691014,4510021.454928884,67.04997756302359,125.19043335557282,67.02637847567267,22.251958628273954,41.244472391326646,22.244182955662843,38195.231910877585,19891.46558786876,0.1939561738508999,2.059930667412065,2234285.585289076,599.4148528223552
3200.0,4510052.282766452,148.86765228230084,4510028.269009694,69.27954263590915,129.3209557628614,69.25516483016204,22.293451951065617,41.30110589270674,22.28566554336698,38135.29042559535,19831.52410258652,0.1939561738508999,2.059930667412065,2234285.585289076,599.4148528223552
3300.0,4510059.322410524,162.0065644772417,4510035.306176995,71.51326342007656,133.4571470006744,71.48810582137311,22.33493541382711,41.35765788734578,22.327138286225694,38075.34894031311,19771.582617304288,0.1939561738508999,2.059930667412065,2234285.585289076,599.4148528223552
3400.0,4510066.585634535,175.55937905940385,4510042.566846201,73.7511389621528,137.59899895941396,73.72520049744354,22.37640925831385,41.41412873255122,22.368601425926762,38015.40745503087,19711.64113202205,0.1939561738508999,2.059930667412065,2234285.585289076,599.4148528223552
3500.0,4510074.072853915,189.52666169740493,4510050.051432637,75.99316833486232,141.74650356866775,75.96644793260103,22.41787376239949,41.47051885196365,22.410055240263738,37955.46596974864,19651.699646739817,0.1939561738508999,2.059930667412065,2234285.585289076,599.4148528223552
3600.0,4510081.784484003,203.9089772550608,4510057.760351531,78.2393506406598,145.89965280387665,78.21184723079485,22.45932924042067,41.52682873611188,22.45150004348049,37895.524484466405,19591.75816145758,0.1939561738508999,2.059930667412065,2234285.585289076,599.4148528223552
3700.0,4510089.720940047,218.70688979630646,4510065.69401803,80.48968501539696,150.05843869305673,80.46139752936138,22.50077604351318,41.58305894295123,22.492936186607366,37835.582999184175,19531.816676175345,0.1939561738508999,2.059930667412065,2234285.585289076,599.4148528223552
3800.0,4510097.882637214,233.92096259079213,4510073.85284719,82.74417063202274,154.22285332357447,82.71509800272298,22.54221455993957,41.63921009838456,22.534364057788654,37775.64151390194,19471.875190893108,0.1939561738508999,2.059930667412065,2234285.585289076,599.4148528223552
3900.0,4510106.269990589,249.55175812015923,4510082.237253989,85.0028067043157,158.39288884897334,84.97294786611917,22.583645215408126,41.69528289676635,22.575784082601455,37715.7000286197,19411.933705610874,0.1939561738508999,2.059930667412065,2234285.585289076,599.4148528223552
4000.0,4510114.883415179,265.5998380850016,4510090.847653331,87.26559249064806,162.56853749584994,87.23494637936928,22.625068473382786,41.75127810138895,22.617196724365527,37655.75854333746,19351.992220328637,0.1939561738508999,2.059930667412065,2234285.585289076,599.4148528223552
4100.0,4510123.723325923,282.06576341251673,4510099.684460046,89.53252729778026,166.74979157077797,89.50109285066577,22.666484835383965,41.80719654495089,22.658602484444035,37595.817058055225,19292.050735046403,0.1939561738508999,2.059930667412065,2234285.585289076,599.4148528223552
4200.0,4510132.79013769,298.9500942648518,4510108.748088896,91.80361048468525,170.9366434672783,91.77138664039721,22.707894841280325,41.863039130007415,22.7000019025352,37535.87557277299,19232.109249764166,0.1939561738508999,2.059930667412065,2234285.585289076,599.4148528223552
4300.0,4510142.084265288,316.25339004814873,4510118.038954585,94.07884146640147,175.12908567283304,94.0458271649999,22.749299069571045,41.918806829402364,22.741395556954505,37475.93408749076,19172.167764481932,0.1939561738508999,2.059930667412065,2234285.585289076,599.4148528223552
4400.0,4510151.606123471,333.97620942229287,4510127.55747176,96.35821971791373,179.32711077594234,96.32441390083744,22.790698137658552,41.974500686681516,22.782784064907347,37415.99260220852,19112.226279199695,0.1939561738508999,2.059930667412065,2234285.585289076,599.4148528223552
4500.0,4510161.356126942,352.11911031136964,4510137.304055018,98.64174477806084,183.5307114732213,98.60714638810701,22.832092702111744,42.03012181648733,22.8241680827522,37356.05111692629,19052.28479391746,0.1939561738508999,2.059930667412065,2234285.585289076,599.4148528223552
4600.0,4510171.334690361,370.6826499148325,4510147.279118916,100.92941625346923,187.73988057653565,100.89402423477168,22.873483458919296,42.08567140493432,22.865548306253825,37296.10963164405,18992.343308635223,0.1939561738508999,2.059930667412065,2234285.585289076,599.4148528223552
4700.0,4510181.542228356,389.66738471938635,4510157.483077972,103.22123382251137,191.95461102017416,103.1850471205174,22.91487114373308,42.14115070996543,22.906925470826632,37236.168146361815,18932.40182335299,0.1939561738508999,2.059930667412065,2234285.585289076,599.4148528223552
4800.0,4510191.979155522,409.07387051159026,4510167.9163466785,105.51719723928811,196.17489586805567,105.48021480073409,22.956256532101644,42.196561061688925,22.948300351768108,37176.22666107958,18872.460338070752,0.1939561738508999,2.059930667412065,2234285.585289076,599.4148528223552
4900.0,4510202.645886435,428.9026623911821,4510178.579339506,107.81730633763398,200.40072832096902,107.77952711051947,22.99764043969348,42.251903862695634,22.989673764481992,37116.28517579734,18812.51885278852,0.1939561738508999,2.059930667412065,2234285.585289076,599.4148528223552
5000.0,4510213.542835659,449.1543147851291,4510189.472470913,110.12156103514425,204.63210172384368,110.08298396870481,23.039023722509885,42.307180588356154,23.031046564691128,37056.3436905151,18752.57736750628,0.1939561738508999,2.059930667412065,2234285.585289076,599.4148528223552
5100.0,4510224.670417754,469.8293814624067,4510200.596155355,112.42996133722289,208.86900957304934,112.39058538190149,23.080407277087772,42.36239278709865,23.07241964864018,36996.40220523287,18692.635882224047,0.1939561738508999,2.059930667412065,2234285.585289076,599.4148528223552
5200.0,4510236.029047285,490.9284155495088,4510211.950807291,114.7425073411503,213.11144552372224,114.70233144856736,23.121792040691727,42.41754208066585,23.113793953287658,36936.460719950635,18632.69439694181,0.1939561738508999,2.059930667412065,2234285.585289076,599.4148528223552
5300.0,4510247.619138831,512.4519695466921,4510223.536841197,117.05919924016979,217.35940339711632,117.01822236309185,23.16317899149557,42.472630164352175,23.155170456487447,36876.519234668405,18572.752911659576,0.1939561738508999,2.059930667412065,2234285.585289076,599.4148528223552
5400.0,4510259.4411069965,534.4005953449563,4510235.3546715705,119.38003732759172,221.6128771879771,119.33825841989866,23.20456914875328,42.52765880722027,23.196550177159654,36816.57774938617,18512.81142637734,0.1939561738508999,2.059930667412065,2234285.585289076,599.4148528223552
5500.0,4510271.495366419,556.7748442437627,4510247.404712946,121.70502200091427,225.87186107193625,121.66244001756522,23.245963572959187,42.582629852297046,23.2379341754508,36756.63626410393,18452.869941095105,0.1939561738508999,2.059930667412065,2234285.585289076,599.4148528223552
5600.0,4510283.782331781,579.5752669694941,4510259.687379903,124.03415376595972,230.13634941292503,123.99076766295745,23.28736336599725,42.63754521674904,23.27932355288306,36696.69477882169,18392.928455812867,0.1939561738508999,2.059930667412065,2234285.585289076,599.4148528223552
5700.0,4510296.302417825,602.8024136946559,4510272.203087076,126.36743324102514,234.4063367706039,126.32324197537922,23.328769671279534,42.6924068920369,23.320719452492668,36636.753293539456,18332.986970530634,0.1939561738508999,2.059930667412065,2234285.585289076,599.4148528223552
5800.0,4510309.056039356,626.4568340578212,4510284.9522491675,128.70486116104652,238.68181790780704,128.65986369073488,23.37018367387358,42.74721694404916,23.362123058957334,36576.81180825722,18273.045485248396,0.1939561738508999,2.059930667412065,2234285.585289076,599.4148528223552
5900.0,4510322.04361126,650.5390771843211,4510297.93528096,131.04643838177498,242.96278779799897,131.00063366570424,23.411606600618814,42.80197751321477,23.40353559871257,36516.87032297499,18213.103999966163,0.1939561738508999,2.059930667412065,2234285.585289076,599.4148528223552
6000.0,4510335.265548517,675.0496917076811,4510311.152597329,133.39216588396428,247.2492416327416,133.34555288192857,23.453039720231974,42.85669081459515,23.444958340057116,36456.92883769275,18153.162514683925,0.1939561738508999,2.059930667412065,2234285.585289076,599.4148528223552
6100.0,4510348.722266209,699.989225791805,4510324.604613252,135.74204477756828,251.5411748291694,135.69462245020662,23.494484343401083,42.91135913795436,23.486392593246922,36396.98735241052,18093.22102940169,0.1939561738508999,2.059930667412065,2234285.585289076,599.4148528223552
6200.0,4510362.414179538,725.3582271539059,4510338.291743827,138.09607630594724,255.83858303747076,138.04784361469967,23.53594182286853,42.965984847808826,23.527839710578192,36337.04586712828,18033.279544119454,0.1939561738508999,2.059930667412065,2234285.585289076,599.4148528223552
6300.0,4510376.341703835,751.1572430881861,4510352.214404282,140.45426185008205,260.14146214837314,140.40521775714416,23.577413553502645,43.0205703834553,23.569301086458967,36277.104381846046,17973.33805883722,0.1939561738508999,2.059930667412065,2234285.585289076,599.4148528223552
6400.0,4510390.505254576,777.3868204902657,4510366.37300999,142.81660293279495,264.44980830063025,142.76674640107112,23.61890097235825,43.07511825897808,23.61077815746966,36217.16289656381,17913.396573554983,0.1939561738508999,2.059930667412065,2234285.585289076,599.4148528223552
6500.0,4510404.905247399,804.0475058823594,4510380.767976483,145.18310122297595,268.76361788850875,145.13243121603105,23.660405558725778,43.12963106323473,23.652272402412198,36157.22141128157,17853.45508827275,0.1939561738508999,2.059930667412065,2234285.585289076,599.4148528223552
6600.0,4510419.542098113,831.1398454392024,4510395.399719469,147.55156040659574,273.07881940745676,147.50007665557916,23.570057580863516,42.94005273169045,23.561960101614098,36097.27992599933,17793.51360299051,0.1939561738508999,2.059930667412065,2234285.585289076,599.4148528223552
6700.0,4510434.415330011,858.6627329525431,4510410.267762447,149.91279522316665,277.37840988825866,149.86050066480007,23.60384766415965,42.9802195001496,23.59574254795699,36037.3384407171,17733.572117708278,0.1939561738508999,2.059930667412065,2234285.585289076,599.4148528223552
6800.0,4510449.524854322,886.6157799641534,4510425.372016719,152.2774014187433,281.68199621434866,152.2242952932395,23.63734389966564,43.01978275206313,23.629231260119663,35977.396955434866,17673.63063242604,0.1939561738508999,2.059930667412065,2234285.585289076,599.4148528223552
6900.0,4510464.871006706,914.999383025002,4510440.712817869,154.6453493618811,285.98951757510537,154.59143092090036,23.670541398911205,43.05873373682575,23.662421351282426,35917.455470152636,17613.689147143807,0.1939561738508999,2.059930667412065,2234285.585289076,599.4148528223552
7000.0,4510480.454119836,943.8139325615181,4510456.290498497,157.01660893701566,290.3009122939718,156.96187744382914,23.703435377030114,43.09706390427613,23.695308038191907,35857.5139848704,17553.74766186157,0.1939561738508999,2.059930667412065,2234285.585289076,599.4148528223552
7100.0,4510496.2745233495,973.0598127900151,4510472.105388167,159.39114955507287,294.61611784895007,159.33560428472205,23.736021157621966,43.13476491345257,23.727886646021126,35797.57249958816,17493.806176579335,0.1939561738508999,2.059930667412065,2234285.585289076,599.4148528223552
7200.0,4510512.332543802,1002.737401633208,4510488.157813363,161.76894016456265,298.93507089396644,161.71258040401483,23.768294177553962,43.171828641224124,23.760152613169673,35737.63101430592,17433.864691297098,0.1939561738508999,2.059930667412065,2234285.585289076,599.4148528223552
7300.0,4510528.628504622,1032.8470706389098,4510504.448097441,164.14994926315018,303.2577072810937,164.09277431144966,23.800249991697456,43.20824719078786,23.792101495998644,35677.689529023686,17373.923206014864,0.1939561738508999,2.059930667412065,2234285.585289076,599.4148528223552
7400.0,4510545.162726063,1063.3891849009929,4510520.976560588,166.53414490969783,307.58396208361734,166.47615407811293,23.831884277598668,43.244012900030974,23.82372897349977,35617.74804374145,17313.981720732627,0.1939561738508999,2.059930667412065,2234285.585289076,599.4148528223552
7500.0,4510561.935525168,1094.3641029826983,4510537.743519776,168.92149473677125,311.91376961993166,168.8626873489367,23.86319284008037,43.27911834975238,23.85503085189556,35557.80655845922,17254.040235450393,0.1939561738508999,2.059930667412065,2234285.585289076,599.4148528223552
7600.0,4510578.947215716,1125.7721768423767,4510554.749288718,171.31196596360255,316.2470634782516,171.2523413556572,23.894171615770766,43.313556371736944,23.88600306916666,35497.86507317698,17194.098750168156,0.1939561738508999,2.059930667412065,2234285.585289076,599.4148528223552
7700.0,4510596.198108193,1157.6137517617378,4510571.994177835,173.70552540950297,320.5837765421257,173.6450829302228,23.924816677559406,43.3473200566821,23.91664169950626,35437.92358789475,17134.157264885922,0.1939561738508999,2.059930667412065,2234285.585289076,599.4148528223552
7800.0,4510613.6885097455,1189.8891662766946,4510589.478494207,176.10213950771796,324.92384101673406,176.04087851864406,23.95512423897483,43.38040276196746,23.946942957696297,35377.982102612514,17074.215779603684,0.1939561738508999,2.059930667412065,2234285.585289076,599.4148528223552
7900.0,4510631.418724145,1222.5987521108723,4510607.202541544,178.5017743197164,329.26718845595695,178.43969419527784,23.985090658482537,43.41279811926501,23.976903203403964,35318.040617330276,17014.27429432145,0.1939561738508999,2.059930667412065,2234285.585289076,599.4148528223552
8000.0,4510649.389051749,1255.7428341118643,4510625.166620143,180.90439554990576,333.6137497901965,180.8414956775373,24.014712443700272,43.444500041984504,24.006518945395587,35258.09913204804,16954.332809039213,0.1939561738508999,2.059930667412065,2234285.585289076,599.4148528223552
8100.0,4510667.599789473,1289.3217301903067,4510643.371026855,183.30996856076538,337.9634553549353,183.24624834101968,24.0439862555275,43.47550273254873,24.035786845664763,35198.1576467658,16894.39132375698,0.1939561738508999,2.059930667412065,2234285.585289076,599.4148528223552
8200.0,4510686.051230747,1323.335751261844,4510661.816055054,185.7184583883884,342.31623492001495,185.65391723504283,24.072908912186648,43.505800689494095,24.064703723472217,35138.216161483564,16834.449838474742,0.1939561738508999,2.059930667412065,2234285.585289076,599.4148528223552
8300.0,4510704.743665493,1357.7852011920593,4510680.501994602,188.1298297584238,346.67201771961595,188.0644670985815,24.101477393173177,43.53538871439182,24.093266559294598,35078.274676201334,16774.50835319251,0.1939561738508999,2.059930667412065,2234285.585289076,599.4148528223552
8400.0,4510723.677380089,1392.6703767444353,4510699.429131821,190.54404710240928,351.03073248292185,190.47786237659446,24.129688843110504,43.56426191858228,24.121472498678134,35018.3331909191,16714.56686791027,0.1939561738508999,2.059930667412065,2234285.585289076,599.4148528223552
8500.0,4510742.8526573405,1427.9915675314169,4510718.597749462,192.9610745744851,355.39230746544763,192.89406723673252,24.157540575509135,43.59241572972181,24.149318855996498,34958.39170563687,16654.625382628037,0.1939561738508999,2.059930667412065,2234285.585289076,599.4148528223552
8600.0,4510762.269776459,1463.7490559686375,4510738.008126682,195.3808760684794,359.7566704810143,195.3130455864177,24.185030076425207,43.61984589813341,24.176803118108182,34898.45022035463,16594.6838973458,0.1939561738508999,2.059930667412065,2234285.585289076,599.4148528223552
8700.0,4510781.92901303,1499.9431172323757,4510757.660539013,197.80341523535458,364.1237489343488,197.7347610902835,24.212155008015383,43.64654850295603,24.203922947910232,34838.50873507239,16534.742412063566,0.1939561738508999,2.059930667412065,2234285.585289076,599.4148528223552
8800.0,4510801.8306389935,1536.5740192203002,4510777.555258347,200.22865550100434,368.4934698542898,200.15917718796587,24.238913211988113,43.67251995809251,24.230676187788333,34778.567249790154,16474.80092678133,0.1939561738508999,2.059930667412065,2234285.585289076,599.4148528223552
8900.0,4510821.974922623,1573.6420225155673,4510797.692552904,202.656560084391,372.8657599275783,202.58625711223377,24.26530271294346,43.69775701794276,24.25706086295564,34718.62576450792,16414.859441499095,0.1939561738508999,2.059930667412065,2234285.585289076,599.4148528223552
9000.0,4510842.362128502,1611.1473803543245,4510818.072687221,205.0870920160114,377.2405455332119,205.01596390744893,24.291321721604838,43.72225678292776,24.283075184683412,34658.68427922568,16354.917956216857,0.1939561738508999,2.059930667412065,2234285.585289076,599.4148528223552
9100.0,4510862.9925175095,1649.090338596677,4510838.69592213,207.52021415668096,381.6177527773406,207.44826044834323,24.316968637933634,43.746016704789014,24.30871755341464,34598.74279394345,16294.976470934624,0.1939561738508999,2.059930667412065,2234285.585289076,599.4148528223552
9200.0,4510883.866346804,1687.4711357011693,4510859.562514743,209.95588921662358,385.99730752868294,209.88310945910186,24.34224205412984,43.769034591668934,24.333986561763748,34538.80130866121,16235.034985652386,0.1939561738508999,2.059930667412065,2234285.585289076,599.4148528223552
9300.0,4510904.983869808,1726.290002702835,4510880.672718437,212.3940797748561,390.3791354544386,212.32047353274112,24.367140757510363,43.79130861295751,24.358880997393943,34478.85982337898,16175.093500370152,0.1939561738508999,2.059930667412065,2234285.585289076,599.4148528223552
9400.0,4510926.345336193,1765.5471631948606,4510902.026782844,214.834748298855,394.7631620566754,214.76031515076818,24.391663733267638,43.812837303910236,24.383399845774992,34418.918338096744,16115.152015087915,0.1939561738508999,2.059930667412065,2234285.585289076,599.4148528223552
9500.0,4510947.950991876,1805.2428333139108,4510923.624953838,217.277857164493,399.1493127091665,217.20259670311074,24.41581016710269,43.83361957002712,24.40754229281549,34358.97685281451,16055.210529805681,0.1939561738508999,2.059930667412065,2234285.585289076,599.4148528223552
9600.0,4510969.801079008,1845.3772217291594,4510945.467473528,219.72336867623304,403.53751269465425,219.64728050830396,24.439579447731003,43.85365469118997,24.431307727367827,34299.03536753227,15995.269044523444,0.1939561738508999,2.059930667412065,2234285.585289076,599.4148528223552
9700.0,4510991.895835964,1885.9505296350667,4510967.5545802545,222.1712450875667,407.92768724251613,222.0943288339219,24.462971169259507,43.87294232555533,24.454695743604585,34239.09388225003,15935.32755924121,0.1939561738508999,2.059930667412065,2234285.585289076,599.4148528223552
9800.0,4511014.235497347,1926.9629507479433,4510989.88650858,224.62144862168427,412.31976156680815,224.54370391724032,24.485985133431747,43.891482513198,24.477706143262896,34179.152396967795,15875.386073958973,0.1939561738508999,2.059930667412065,2234285.585289076,599.4148528223552
9900.0,4511036.820293979,1968.4146713063344,4511012.463489292,227.07394149236285,416.7136609046607,226.99536798611751,24.50862135173809,43.90927567949998,24.50033893775411,34119.210911685564,15815.444588676739,0.1939561738508999,2.059930667412065,2234285.585289076,599.4148528223552
10000.0,4511059.650452904,2010.3058700752622,4511035.285749401,229.5286859250591,421.1093105550009,229.44928328007984,24.530880047393055,43.926322638288646,24.522594350140473,34059.26942640333,15755.503103394502,0.1939561738508999,2.059930667412065,2234285.585289076,599.4148528223552
10100.0,4511082.726197393,2052.6367183543543,4511058.353512142,231.98564417819313,425.5066359175765,231.90541207159816,24.552761657170343,43.94262459470779,24.544472816969602,33999.3279411211,15695.561618112268,0.1939561738508999,2.059930667412065,2234285.585289076,599.4148528223552
10200.0,4511106.0477469405,2095.4073799898893,4511081.66699698,234.4447785646093,429.9055625322544,234.36371668754137,24.574266833102683,43.958183147834625,24.565974989973885,33939.38645583886,15635.62013283003,0.1939561738508999,2.059930667412065,2234285.585289076,599.4148528223552
10300.0,4511129.6153172795,2138.618011390785,4511105.226419618,236.9060514732002,434.306016118568,236.82415953079274,24.59539644403588,43.97300029302397,24.58710173762405,33879.44497055662,15575.678647547797,0.1939561738508999,2.059930667412065,2234285.585289076,599.4148528223552
10400.0,4511153.429120385,2182.2687615485515,4511129.031992002,239.36942539067923,438.7079226154861,239.28670310201517,24.616151577044302,43.98707842399311,24.60785414654428,33819.503485274385,15515.73716226556,0.1939561738508999,2.059930667412065,2234285.585289076,599.4148528223552
10500.0,4511177.489364487,2226.359772061234,4511153.083922335,241.83486292348775,443.1112082213775,241.75131002155067,24.636533538697005,44.00042033462806,24.62823352277797,33759.56199999215,15455.795676983325,0.1939561738508999,2.059930667412065,2234285.585289076,599.4148528223552
10600.0,4511201.7962540835,2270.8911771613552,4511177.382415088,244.302326819822,447.51579943414316,244.2179430514398,24.656543856182545,44.01302922052666,24.648241392912286,33699.62051470991,15395.854191701088,0.1939561738508999,2.059930667412065,2234285.585289076,599.4148528223552
10700.0,4511226.349989954,2315.863103747886,4511201.927671016,246.7717799917652,451.9216230914889,246.68656511754605,24.676184278283166,44.024908680261326,24.667879505052053,33639.67902942768,15335.912706418854,0.1939561738508999,2.059930667412065,2234285.585289076,599.4148528223552
10800.0,4511251.150769181,2361.2756714222414,4511226.719887178,249.24318553751002,456.32860641131197,249.15713933177096,24.695456776203066,44.036062716371205,24.687149829647883,33579.73754414544,15275.971221136617,0.1939561738508999,2.059930667412065,2234285.585289076,599.4148528223552
10900.0,4511276.198785163,2407.1289925283254,4511251.759256952,251.71650676365687,460.73667703217257,251.62962901434446,24.714363544246503,44.04649573607598,24.706054560174138,33519.79605886321,15216.029735854383,0.1939561738508999,2.059930667412065,2234285.585289076,599.4148528223552
11000.0,4511301.494227645,2453.4231721966235,4511277.045970061,254.19170720757242,465.1457630538238,254.10399771617597,24.73290700034641,44.05621255171316,24.724596113657462,33459.854573580975,15156.088250572146,0.1939561738508999,2.059930667412065,2234285.585289076,599.4148528223552
11100.0,4511327.037282734,2500.15830839235,4511302.580212593,256.66875065979406,469.55579307777185,256.580209241251,24.751089786443753,44.06521838089963,24.742777131056062,33399.91308829874,15096.146765289912,0.1939561738508999,2.059930667412065,2234285.585289076,599.4148528223552
11200.0,4511352.828132933,2547.334491967653,4511328.362167033,259.14760118646456,473.9666962478383,259.05822766905845,24.768914768713678,44.07351884641107,24.760600477485944,33339.9716030165,15036.205280007674,0.1939561738508999,2.059930667412065,2234285.585289076,599.4148528223552
11300.0,4511378.866957163,2594.951806717873,4511354.392012288,261.62822315178244,478.37840229069735,261.5380173770331,24.786385037643218,44.08111997578793,24.778069242298642,33280.03011773426,14976.26379472544,0.1939561738508999,2.059930667412065,2234285.585289076,599.4148528223552
11400.0,4511405.153930802,2643.010329441854,4511380.669923717,264.11058124045246,482.7908415563599,264.01954306299854,24.803503907956657,44.088028200661654,24.79518673900673,33220.088632452025,14916.322309443203,0.1939561738508999,2.059930667412065,2234285.585289076,599.4148528223552
11500.0,4511431.689225708,2691.5101300062993,4511407.196073168,266.5946404801214,487.2039450585765,266.50276976759534,24.820274918389302,44.094250355802956,24.811956505057786,33160.147147169795,14856.38082416097,0.1939561738508999,2.059930667412065,2234285.585289076,599.4148528223552
11600.0,4511458.473010264,2740.45127141416,4511433.9706290085,269.0803662637839,491.6176445151317,268.98766289667924,24.83670183131239,44.09979367789734,24.828382301459484,33100.20566188756,14796.439338878732,0.1939561738508999,2.059930667412065,2234285.585289076,599.4148528223552
11700.0,4511485.5054494105,2789.8338098770514,4511460.993756168,271.56772437214306,496.03187238800257,271.4741882436743,24.852788632205236,44.10466580404173,24.844468112252066,33040.26417660533,14736.497853596498,0.1939561738508999,2.059930667412065,2234285.585289076,599.4148528223552
11800.0,4511512.786704685,2839.65779489167,4511488.265616174,274.05668099591145,500.44656192335293,273.9623120118662,24.86853952897841,44.10887476996907,24.860218143831823,32980.32269132309,14676.55636831426,0.1939561738508999,2.059930667412065,2234285.585289076,599.4148528223552
11900.0,4511540.316934265,2889.9232693202084,4511515.7863671975,276.5472027580369,504.86164719133745,276.4520008366206,24.883958951150735,44.112429008006856,24.87563682412852,32920.38120604085,14616.614883032027,0.1939561738508999,2.059930667412065,2234285.585289076,599.4148528223552
12000.0,4511568.096293016,2940.630269474734,4511543.556164094,279.0392567358384,509.27706312568745,278.9432218075116,24.89905154887197,44.11533734475498,24.890728801628438,32860.439720758615,14556.67339774979,0.1939561738508999,2.059930667412065,2234285.585289076,599.4148528223552
12100.0,4511596.124932533,2991.778825205518,4511571.575158454,281.53281048303757,513.6927455630517,281.4359424903457,24.913822191804474,44.11760899850782,24.90549894425661,32800.49823547638,14496.731912467556,0.1939561738508999,2.059930667412065,2234285.585289076,599.4148528223552
12200.0,4511624.403001191,3043.3689599932827,4511599.843498644,284.0278320516705,518.1086312820668,283.93013094906655,24.928275967856884,44.119253576408184,24.919952338110978,32740.556750194144,14436.790427185319,0.1939561738508999,2.059930667412065,2234285.585289076,599.4148528223552
12300.0,4511652.930644196,3095.4006910453427,4511628.36132987,286.5242900138664,522.5246580421283,286.4257557675258,24.942418181772414,44.12028107133837,24.93409428605129,32680.61526491191,14376.848941903085,0.1939561738508999,2.059930667412065,2234285.585289076,599.4148528223552
12400.0,4511681.708003639,3147.874029395606,4511657.1287942175,289.0221534834775,526.9407646218402,288.9227860711062,24.956254353574444,44.12070185855376,24.947930306145345,32620.673779629673,14316.907456620847,0.1939561738508999,2.059930667412065,2234285.585289076,599.4148528223552
12500.0,4511710.73521855,3200.788980008405,4511686.146030715,291.521392137547,531.3568908571142,291.42119154818204,24.969790216874763,44.12052669206905,24.96146612997786,32560.73229434744,14256.965971338614,0.1939561738508999,2.059930667412065,2234285.585289076,599.4148528223552
12600.0,4511740.012424954,3254.1455418861146,4511715.413175388,294.02197623760054,535.7729776788943,293.9209424714037,24.983031717038173,44.11976670078623,24.974707700815866,32500.7908090652,14197.024486056376,0.1939561738508999,2.059930667412065,2234285.585289076,599.4148528223552
12700.0,4511769.539755935,3307.94370818053,4511744.930361321,296.52387665074724,540.1889671504836,296.4220097187917,24.99598500921351,44.11843338438295,24.98766117164046,32440.849323782968,14137.083000774142,0.1939561738508999,2.059930667412065,2234285.585289076,599.4148528223552
12800.0,4511799.317341693,3362.183466307948,4511774.697718716,299.0270648705777,544.6048025044458,298.9243647946274,25.008656456226692,44.116538608953974,25.000332903040704,32380.90783850073,14077.141515491905,0.1939561738508999,2.059930667412065,2234285.585289076,599.4148528223552
12900.0,4511829.3453096105,3416.864798067923,4511804.715374958,301.53151303784404,549.0204281790614,301.42797985012663,25.021052626345625,44.11409460242366,25.012729460979365,32320.966353218497,14017.200030209671,0.1939561738508999,2.059930667412065,2234285.585289076,599.4148528223552
13000.0,4511859.623784318,3471.987679765641,4511834.983454679,304.0371939609103,553.4357898543107,303.9328277038829,25.033180290913013,44.11111394972311,25.024857614426654,32261.02486793626,13957.258544927434,0.1939561738508999,2.059930667412065,2234285.585289076,599.4148528223552
13100.0,4511890.152887758,3527.55208233787,4511865.50207983,306.5440811359596,557.8508344873655,306.438881862068,25.045046421851158,44.107609587739695,25.03672433286598,32201.083382654026,13897.3170596452,0.1939561738508999,2.059930667412065,2234285.585289076,599.4148528223552
13200.0,4511920.932739262,3583.557971482433,4511896.271369744,309.0521487669455,562.2655103475636,308.94611653837694,25.056658189046033,44.1035948000524,25.04833678367898,32141.14189737179,13837.375574362963,0.1939561738508999,2.059930667412065,2234285.585289076,599.4148528223552
13300.0,4511951.963455614,3640.00530779115,4511927.291441216,311.5613717852759,566.6797670508454,311.45450667370505,25.068022957607468,44.099083211448146,25.059702329406775,32081.200412089554,13777.434089080729,0.1939561738508999,2.059930667412065,2234285.585289076,599.4148528223552
13400.0,4511983.245151131,3696.8940468861997,4511958.562408569,314.0717258692167,571.0935555936326,313.9640279555455,25.079148285011428,44.094088782229946,25.07082852489332,32021.258926807317,13717.492603798491,0.1939561738508999,2.059930667412065,2234285.585289076,599.4148528223552
13500.0,4512014.777937737,3754.2241395598376,4511990.0843837345,316.58318746300404,575.5068283861268,316.4746568370949,25.090041918130726,44.088625802328885,25.081723114317185,31961.317441525083,13657.551118516258,0.1939561738508999,2.059930667412065,2234285.585289076,599.4148528223552
13600.0,4512046.561925037,3811.9955319174137,4512021.857476327,319.09573379565364,579.9195392850096,318.9863705560572,25.10071179014877,44.08270888521078,25.092394028106504,31901.375956242846,13597.60963323402,0.1939561738508999,2.059930667412065,2234285.585289076,599.4148528223552
13700.0,4512078.5972203985,3870.2081655236316,4512053.881793725,321.60934289945675,584.3316436255232,321.4991471531326,25.111166017372305,44.07635296160647,25.10284937975286,31841.434470960612,13537.668147951787,0.1939561738508999,2.059930667412065,2234285.585289076,599.4148528223552
13800.0,4512110.883929036,3928.8619775519824,4512086.157441154,324.1239936281511,588.7430982529149,324.0129654901833,25.12141289593452,44.06957327305082,25.113097462515615,31781.492985678375,13477.72666266955,0.1939561738508999,2.059930667412065,2234285.585289076,599.4148528223552
13900.0,4512143.4221540885,3987.956900937291,4512118.684521765,326.6396656747578,593.1538615532272,326.5278052680644,25.131460898400142,44.0623853652516,25.12314674602826,31721.55150039614,13417.785177387315,0.1939561738508999,2.059930667412065,2234285.585289076,599.4148528223552
14000.0,4512176.211996709,4047.4928645313066,4512151.463136724,329.1563395890733,597.5638934834146,329.04364704411006,25.14131867027362,44.05480508129082,25.133005872807907,31661.610015113904,13357.843692105078,0.1939561738508999,2.059930667412065,2234285.585289076,599.4148528223552
14100.0,4512209.253556148,4107.469793261274,4512184.493385294,331.6739967948076,601.9731556007737,331.5604722492662,25.150995026414456,44.04684855466602,25.14268365467186,31601.66852983167,13297.902206822844,0.1939561738508999,2.059930667412065,2234285.585289076,599.4148528223552
14200.0,4512242.546929844,4167.887608291411,4512217.775364928,334.1926196063592,606.3816110916682,334.0782632048601,25.16049894736475,44.03853220218117,25.152189069066555,31541.727044549432,13237.960721540607,0.1939561738508999,2.059930667412065,2234285.585289076,599.4148528223552
14300.0,4512276.09221351,4228.746227187217,4512251.3091713535,336.7121912452188,610.7892247995369,336.59700313899873,25.169839575589094,44.02987271668773,25.161531255308827,31481.7855592672,13178.019236258373,0.1939561738508999,2.059930667412065,2234285.585289076,599.4148528223552
14400.0,4512309.889501228,4290.0455640825585,4512285.094898669,339.23269585599223,615.1959632521668,339.1166762025867,25.1790262116397,44.02088705969941,25.17071951075241,31421.84407398496,13118.077750976136,0.1939561738508999,2.059930667412065,2234285.585289076,599.4148528223552
14500.0,4512343.938885543,4351.7855298494305,4512319.132639434,341.7541185220364,619.6017946882223,341.63726748495685,25.188068310238695,44.01159245386649,25.179763286871616,31361.902588702727,13058.136265693902,0.1939561738508999,2.059930667412065,2234285.585289076,599.4148528223552
14600.0,4512378.2404575525,4413.966032270344,4512353.422484765,344.27644528069936,624.0066890830145,344.1587630291059,25.19697547629516,44.002006375341566,25.18867218527989,31301.96110342049,12998.194780411664,0.1939561738508999,2.059930667412065,2234285.585289076,599.4148528223552
14700.0,4512412.79430701,4476.586976213246,4512387.96452443,346.7996631381586,628.4106181735016,346.68114984652766,25.20575746084847,43.99214654602203,25.19745595367453,31242.019618138256,12938.25329512943,0.1939561738508999,2.059930667412065,2234285.585289076,599.4148528223552
14800.0,4512447.600522417,4539.648263808904,4512422.75884695,349.3237600838504,632.8135554825072,349.20441593163787,25.214424156954383,43.982030925699,25.206124481724345,31182.07813285602,12878.311809847193,0.1939561738508999,2.059930667412065,2234285.585289076,599.4148528223552
14900.0,4512482.659191122,4603.149794630668,4512457.805539691,351.84872510448434,637.2154763421493,351.7285502757845,25.22298559550731,43.97167770410129,25.214687796893333,31122.136647573785,12818.37032456496,0.1939561738508999,2.059930667412065,2234285.585289076,599.4148528223552
15000.0,4512517.970399426,4667.091465876542,4512493.104688972,354.3745481976375,641.6163579164675,354.25354288083753,25.231451941013756,43.96110529286142,25.223156060215675,31062.195162291548,12758.428839282722,0.1939561738508999,2.059930667412065,2234285.585289076,599.4148528223552
15100.0,4512553.534232678,4731.473172553473,4512528.656380163,356.9012203849229,646.0161792232435,356.7793847723531,25.23983348731115,43.950332317394135,25.23153956201614,31002.253677009314,12698.487354000488,0.1939561738508999,2.059930667412065,2234285.585289076,599.4148528223552
15200.0,4512589.350775382,4796.294807663781,4512564.460697785,359.4287337247275,650.4149211550048,359.306068012308,25.248140653243844,43.93937760870798,25.239848717587552,30942.312191727076,12638.54586871825,0.1939561738508999,2.059930667412065,2234285.585289076,599.4148528223552
15300.0,4512625.4201112995,4861.556262393655,4512600.517725621,361.9570813245158,654.812566499206,361.8335857113989,25.256383978302033,43.928260195161215,25.248094062831285,30882.370706444843,12578.604383436017,0.1939561738508999,2.059930667412065,2234285.585289076,599.4148528223552
15400.0,4512661.742323558,4927.257426303614,4512636.827546818,364.4862573526944,659.2090999575826,364.3619320409037,25.264574118217123,43.91699929415044,25.256286249854256,30822.429221162605,12518.66289815378,0.1939561738508999,2.059930667412065,2234285.585289076,599.4148528223552
15500.0,4512698.317494752,4993.3981875208765,4512673.390243991,367.01625705003545,663.6045081646708,366.89110224410126,25.272721840532775,43.905614303766455,25.26443604254144,30762.48773588037,12458.721412871546,0.1939561738508999,2.059930667412065,2234285.585289076,599.4148528223552
15600.0,4512735.145707057,5059.978432933524,4512710.205899336,369.5470767406546,667.9987797054906,369.42109264724604,25.280838020147236,43.89412479441008,25.272554312099878,30702.546250598134,12398.779927589308,0.1939561738508999,2.059930667412065,2234285.585289076,599.4148528223552
15700.0,4512772.227042334,5126.998048386407,4512747.274594735,372.0787138425422,672.3919051323879,371.9519006700961,25.288933634828886,43.882550500371174,25.280652032575762,30642.6047653159,12338.838442307075,0.1939561738508999,2.059930667412065,2234285.585289076,599.4148528223552
15800.0,4512809.561582242,5194.45691887868,4512784.596411867,374.611166877645,676.7838769810342,374.483524835992,25.297019760723593,43.8709113114046,25.288740276363367,30582.663280033663,12278.896957024837,0.1939561738508999,2.059930667412065,2234285.585289076,599.4148528223552
15900.0,4512847.149408347,5262.354928762898,4512822.17143232,377.14443548149745,681.1746897855808,377.01596478148474,25.305107567837837,43.85922726427455,25.296830209689794,30522.72179475143,12218.955471742604,0.1939561738508999,2.059930667412065,2234285.585289076,599.4148528223552
16000.0,4512884.990602235,5330.691961945596,4512859.9997377,379.6785204124005,685.5643400929686,379.5492212655124,25.313208315521837,43.84751853431071,25.30493308809971,30462.78030946919,12159.013986460366,0.1939561738508999,2.059930667412065,2234285.585289076,599.4148528223552
16100.0,4512923.085245624,5399.467902089236,4512898.081409748,382.2134235601483,689.9528264763919,382.08329617812404,25.321333347943458,43.835805426959766,25.313060251930786,30402.838824186958,12099.072501178132,0.1939561738508999,2.059930667412065,2234285.585289076,599.4148528223552
16200.0,4512961.433420478,5468.682632815484,4512936.416530447,384.7491479543024,694.3401495479179,384.61819254875127,25.329494089563884,43.82410836935234,25.321223121790993,30342.89733890472,12039.131015895895,0.1939561738508999,2.059930667412065,2234285.585289076,599.4148528223552
16300.0,4513000.035209122,5538.336037909682,4512975.005182144,387.2856977720123,698.7263119702629,387.1539145540272,25.33770204061807,43.8124479018906,25.329433194040668,30282.955853622487,11979.189530613661,0.1939561738508999,2.059930667412065,2234285.585289076,599.4148528223552
16400.0,4513038.890694356,5608.428001526477,4513013.84744766,389.82307834538574,703.1113184677283,389.69046752515396,25.345968772602845,43.800844669861824,25.337702036282156,30223.01436834025,11919.248045331424,0.1939561738508999,2.059930667412065,2234285.585289076,599.4148528223552
16500.0,4513077.999959569,5678.958408396484,4513052.943410406,392.36129616840657,707.4951758362989,392.2278579548193,25.354305923776693,43.78931941508522,25.346041282861165,30163.072883058016,11859.30656004919,0.1939561738508999,2.059930667412065,2234285.585289076,599.4148528223552
16600.0,4513117.363088863,5749.927144033929,4513092.293154503,394.90035890340454,711.877892952908,394.766093503664,25.362725194683325,43.77789296761373,25.354462630391936,30103.131397775778,11799.365074766953,0.1939561738508999,2.059930667412065,2234285.585289076,599.4148528223552
16700.0,4513156.98016716,5821.334094945175,4513131.896764895,397.44027538707695,716.2594807838738,397.30518300630257,25.371238343683267,43.76658623746269,25.36297783329038,30043.189912493544,11739.423589484719,0.1939561738508999,2.059930667412065,2234285.585289076,599.4148528223552
16800.0,4513196.851280326,5893.179148838042,4513171.754327469,399.9810556360655,720.639952392511,399.845136476898,25.37985718252477,43.75542020642108,25.371598699346496,29983.248427211307,11679.482104202481,0.1939561738508999,2.059930667412065,2234285.585289076,599.4148528223552
16900.0,4513236.976515289,5965.46219483186,4513211.865929171,402.5227108520905,725.0193229459271,402.3859651142952,25.38859357193587,43.74441591991338,25.380337085318015,29923.306941929073,11619.540618920248,0.1939561738508999,2.059930667412065,2234285.585289076,599.4148528223552
17000.0,4513277.355960158,6038.18312366815,4513252.231658131,405.065253426646,729.3976097210065,404.92768130671476,25.39745941724827,43.73359447893056,25.389204892555775,29863.365456646836,11559.59913363801,0.1939561738508999,2.059930667412065,2234285.585289076,599.4148528223552
17100.0,4513317.989704336,6111.341827921871,4513292.851603772,407.60869694525917,733.7748321095918,407.4702986360113,25.406466664062766,43.72297703204797,25.398214062670643,29803.423971364602,11499.657648355776,0.1939561738508999,2.059930667412065,2234285.585289076,599.4148528223552
17200.0,4513358.877838649,6184.938202213141,4513333.7258569375,410.15305619131703,738.1510116228701,410.0138318814995,25.415627293951793,43.71258476752202,25.407376573237606,29743.482486082365,11439.716163073539,0.1939561738508999,2.059930667412065,2234285.585289076,599.4148528223552
17300.0,4513400.020455458,6258.972143419358,4513374.85451001,412.6983471494662,742.5261718949733,412.55829702335325,25.424953320203635,43.70243890547359,25.416704433541376,29683.54100080013,11379.774677791305,0.1939561738508999,2.059930667412065,2234285.585289076,599.4148528223552
17400.0,4513441.417648787,6333.443550887642,4513416.237657028,415.2445870085887,746.9003386858009,415.10371124558054,25.434456783620288,43.692560690179874,25.426209680375763,29623.599515517893,11319.833192509068,0.1939561738508999,2.059930667412065,2234285.585289076,599.4148528223552
17500.0,4513483.069514434,6408.352326647523,4513457.875393811,417.7917941643598,751.2735398830755,417.6500929385813,25.444149748358647,43.68297138245577,25.435904373886284,29563.65803023566,11259.891707226834,0.1939561738508999,2.059930667412065,2234285.585289076,599.4148528223552
17600.0,4513524.976150101,6483.698375623793,4513499.767818076,420.33998822139245,755.6458055036431,420.1974617012913,25.454044297831068,43.67369225215363,25.44580059347213,29503.716544953422,11199.950221944597,0.1939561738508999,2.059930667412065,2234285.585289076,599.4148528223552
17700.0,4513567.137655511,6559.481605849455,4513541.915029561,422.88918999497406,760.017167694027,422.74583834291906,25.464152530656417,43.66474457076521,25.45591043373862,29443.77505967119,11140.008736662363,0.1939561738508999,2.059930667412065,2234285.585289076,599.4148528223552
17800.0,4513609.554132525,6635.701928678685,4513584.317130147,425.4394215124016,764.3876607302475,425.29524488428086,25.474486556676844,43.65614960415312,25.466246000515326,29383.83357438895,11080.067251380126,0.1939561738508999,2.059930667412065,2234285.585289076,599.4148528223552
17900.0,4513652.225685272,6712.359258999745,4513626.974223974,427.9907060139208,768.7573210169212,427.84570455874,25.4850584930371,43.64792860540584,25.476819406936794,29323.892089106717,11020.125766097892,0.1939561738508999,2.059930667412065,2234285.585289076,599.4148528223552
18000.0,4513695.152420264,6789.453515447769,4513669.8864175705,430.54306795327625,773.1261870856505,430.3972418127574,25.495880460321843,43.640102807807885,25.487642769581107,29263.95060382448,10960.184280815654,0.1939561738508999,2.059930667412065,2234285.585289076,599.4148528223552
18100.0,4513738.334446518,6866.984620617349,4513713.053819967,433.0965329978786,777.494299592717,432.949882306059,25.506964578770766,43.63269341796074,25.498728204686323,29204.009118542246,10900.24279553342,0.1939561738508999,2.059930667412065,2234285.585289076,599.4148528223552
18200.0,4513781.7718756795,6944.952501274863,4513756.476542824,435.65112802859653,781.8617013160931,435.50365291142856,25.518322964559406,43.625721609032354,25.510087824432603,29144.06763326001,10840.301310251183,0.1939561738508999,2.059930667412065,2234285.585289076,599.4148528223552
18300.0,4513825.464822144,7023.357088570466,4513800.1547005465,438.2068811391798,786.2284371517852,438.05858171413115,25.529967726149597,43.61920851414235,25.521733733293875,29084.126147977775,10780.35982496895,0.1939561738508999,2.059930667412065,2234285.585289076,599.4148528223552
18400.0,4513869.413403175,7102.1983182496815,4513844.08841041,440.7638216353214,790.5945541095219,440.61469801097616,25.541910960721708,43.61317521990424,25.53367802447129,29024.18466269554,10720.418339686714,0.1939561738508999,2.059930667412065,2234285.585289076,599.4148528223552
18500.0,4513913.617739027,7181.476130864536,4513888.27779268,443.3219800333662,794.9601013078038,443.172032309027,25.55416475068239,43.60764276011333,25.545932776402154,28964.243177413304,10660.476854404478,0.1939561738508999,2.059930667412065,2234285.585289076,599.4148528223552
18600.0,4513958.0779530695,7261.190471984157,4513932.722970734,445.8813880586738,799.3251299683282,445.73061632396485,25.566741160248576,43.602632109581556,25.558510049345138,28904.301692131066,10600.535369122244,0.1939561738508999,2.059930667412065,2234285.585289076,599.4148528223552
18700.0,4514002.794171901,7341.341292404794,4513977.424071182,448.4420786436445,803.6896934098062,448.2904829781159,25.57965223211557,43.598164178132734,25.57142188204942,28844.360206848836,10540.593883840009,0.1939561738508999,2.059930667412065,2234285.585289076,599.4148528223552
18800.0,4514047.766525477,7421.928548359186,4514022.381223983,451.0040859254151,808.0538470411857,450.85166639814827,25.592909984205598,43.59425980475179,25.584680288504423,28784.4187215666,10480.652398557773,0.1939561738508999,2.059930667412065,2234285.585289076,599.4148528223552
18900.0,4514092.9951472245,7502.952201725216,4514067.594562572,453.567445243234,812.4176483542967,453.41420191244873,25.606526406508227,43.590939751907975,25.59829725478123,28724.477236284365,10420.710913275538,0.1939561738508999,2.059930667412065,2234285.585289076,599.4148528223552
19000.0,4514138.480174165,7584.412220233817,4514113.064223978,456.1321931355242,816.7811569159373,455.9781260481869,25.62051345799486,43.58822470001998,25.612284735948194,28664.535751002128,10360.769427993302,0.1939561738508999,2.059930667412065,2234285.585289076,599.4148528223552
19100.0,4514184.221747034,7666.3085776760445,4514158.790348938,458.69836733664226,821.1444343594142,458.54347652807604,25.634883063632817,43.58613524210844,25.62665465308597,28604.594265719894,10300.827942711068,0.1939561738508999,2.059930667412065,2234285.585289076,599.4148528223552
19200.0,4514230.220010401,7748.641254109287,4514204.773082024,461.26600677334267,825.5075443755552,461.11029226683894,25.64964711147968,43.58469187860089,25.641418890382848,28544.652780437656,10240.886457428833,0.1939561738508999,2.059930667412065,2234285.585289076,599.4148528223552
19300.0,4514276.475112786,7831.410236062542,4514251.0125717595,463.8351515609558,829.8705527032122,463.67861336738775,25.664817449873507,43.583915012316936,25.656589292325965,28484.711295155426,10180.944972146597,0.1939561738508999,2.059930667412065,2234285.585289076,599.4148528223552
19400.0,4514322.98720678,7914.615516740729,4514297.508970736,466.40584299928975,834.2335271192692,466.24848111672765,25.680405884711888,43.58382494362048,25.672177660981205,28424.76980987319,10121.003486864363,0.1939561738508999,2.059930667412065,2234285.585289076,599.4148528223552
19500.0,4514369.756449166,7998.257096227969,4514344.262435732,468.97812356826375,838.5965374281742,468.81993798159226,25.696424176819534,43.58444186573871,25.688195753361704,28364.828324590955,10061.062001582128,0.1939561738508999,2.059930667412065,2234285.585289076,599.4148528223552
19600.0,4514416.783001029,8082.334981689802,4514391.273127835,471.5520369232836,842.959655451012,471.3930276038211,25.712884039414963,43.585785860266,25.704655278895427,28304.886839308718,10001.120516299892,0.1939561738508999,2.059930667412065,2234285.585289076,599.4148528223552
19700.0,4514464.067027881,8166.849187574283,4514438.541212552,474.12762789036765,847.3229550141352,473.96779479548775,25.729797135663,43.58787689282872,25.72156789697839,28244.945354026484,9941.179031017657,0.1939561738508999,2.059930667412065,2234285.585289076,599.4148528223552
19800.0,4514511.608699775,8251.799735811925,4514486.066859932,476.70494246103306,851.6865119373703,476.54428553378824,25.747175076334514,43.59073480894923,25.738945214635237,28185.003868744247,9881.237545735421,0.1939561738508999,2.059930667412065,2234285.585289076,599.4148528223552
19900.0,4514559.408191421,8337.186656014437,4514533.850244676,479.28402778695215,856.050404021818,479.1225469556999,25.765029417539928,43.5943793300488,25.756798784253515,28125.062383462013,9821.296060453187,0.1939561738508999,2.059930667412065,2234285.585289076,599.4148528223552
20000.0,4514607.465682302,8423.009985672232,4514581.89154626,481.8649321743871,860.4147110372639,481.702627352418,25.783371658577003,43.59883004966143,25.775140101432182,28065.12089817978,9761.354575170952,0.1939561738508999,2.059930667412065,2234285.585289076,599.4148528223552
20100.0,4514655.781356787,8509.26977035064,4514630.190949045,484.4477050784137,864.7795147092172,484.2845761635826,25.80221323986526,43.60410642980891,25.793980602916616,28005.17941289754,9701.413089888716,0.1939561738508999,2.059930667412065,2234285.585289076,599.4148528223552
20200.0,4514704.355404252,8595.966063884827,4514678.748642394,487.03239709694355,869.1448987055968,486.8684439713025,25.821565540970315,43.61022779754302,25.813331664623725,27945.237927615304,9641.471604606482,0.1939561738508999,2.059930667412065,2234285.585289076,599.4148528223552
20300.0,4514753.188019186,8683.098928573352,4514727.564820785,489.61905996455295,873.5109486230796,489.45428249398725,25.841439878736843,43.61721334168737,25.83320459977544,27885.296442333074,9581.530119324247,0.1939561738508999,2.059930667412065,2234285.585289076,599.4148528223552
20400.0,4514802.279401311,8770.66843537035,4514776.639683924,492.2077465461299,877.8777519731315,492.0421445799966,25.86184750549959,43.6250821097246,25.85361065711038,27825.354957050837,9521.588634042011,0.1939561738508999,2.059930667412065,2234285.585289076,599.4148528223552
20500.0,4514851.629755688,8858.674664076296,4514825.973436858,494.79851083034714,882.2453981677363,494.63208420111624,25.88279960740764,43.633853004890994,25.874561019208617,27765.413471768603,9461.647148759776,0.1939561738508999,2.059930667412065,2234285.585289076,599.4148528223552
20600.0,4514901.239292836,8947.117703527334,4514875.566290087,497.3914079229716,886.6139785048415,497.2241564458699,25.904307302823746,43.64354478341032,25.896066800891532,27705.471986486365,9401.70566347754,0.1939561738508999,2.059930667412065,2234285.585289076,599.4148528223552
20700.0,4514951.108228839,9035.997651783133,4514925.418459677,499.9864940400192,890.9835861535365,499.81841751267683,25.92638164083566,43.654176051932424,25.91813904773367,27645.53050120413,9341.764178195306,0.1939561738508999,2.059930667412065,2234285.585289076,599.4148528223552
20800.0,4515001.236785458,9125.314616313253,4514975.530167367,502.58382650076453,895.3543161389832,502.41492470286494,25.949033599847198,43.66576526511868,25.940788734654223,27585.589015921894,9281.82269291307,0.1939561738508999,2.059930667412065,2234285.585289076,599.4148528223552
20900.0,4515051.625190241,9215.068714181987,4515025.9016406825,505.18346372061535,899.7262653271139,505.01373641354735,25.97227408627234,43.67833072341547,25.96402676461154,27525.647530639664,9221.881207630835,0.1939561738508999,2.059930667412065,2234285.585289076,599.4148528223552
21000.0,4515102.273676632,9305.260072231664,4515076.533113042,507.7854652038599,904.0995324091134,507.61491213037317,25.99611393331522,43.69189057098517,25.987863967383564,27465.706045357427,9161.939722348601,0.1939561738508999,2.059930667412065,2234285.585289076,599.4148528223552
21100.0,4515153.182484079,9395.888827264387,4515127.424823867,510.38989153629774,908.4742178857044,510.218512420161,26.020563899846017,43.70646279381161,26.01231109844403,27405.764560075193,9101.998237066366,0.1939561738508999,2.059930667412065,2234285.585289076,599.4148528223552
21200.0,4515204.351858144,9486.955126222203,4515178.57701869,512.9968043777617,912.8504240512497,512.8245989234241,26.045634669362922,43.72206521796271,26.03737883792477,27345.823074792956,9042.05675178413,0.1939561738508999,2.059930667412065,2234285.585289076,599.4148528223552
21300.0,4515255.782050606,9578.459126365655,4515229.989949262,515.606266454542,917.2282549776907,515.4332343467975,26.07133684905179,43.738715508030374,26.063077789675674,27285.881589510722,8982.115266501894,0.1939561738508999,2.059930667412065,2234285.585289076,599.4148528223552
21400.0,4515307.473319571,9670.400995450736,4515281.663873655,518.2183415517192,921.6078164983364,518.0444824553734,26.09768096892659,43.756431165717444,26.089418480405385,27225.940104228484,8922.173781219659,0.1939561738508999,2.059930667412065,2234285.585289076,599.4148528223552
21500.0,4515359.425929577,9762.780911904212,4515333.5990563715,520.8330945054163,925.9892161915202,520.6584080649579,26.12467748106224,43.775229528591886,26.116411358914394,27165.99861894625,8862.232295937425,0.1939561738508999,2.059930667412065,2234285.585289076,599.4148528223552
21600.0,4515411.640151696,9855.599064997294,4515385.795768449,523.4505911949791,930.3725633641388,523.2750770342526,26.152336758919226,43.795127769006925,26.144066795419857,27106.057133664017,8802.29081065519,0.1939561738508999,2.059930667412065,2234285.585289076,599.4148528223552
21700.0,4515464.116263642,9948.855655017675,4515438.254287561,526.0708985350923,934.7579690350918,525.8945562569746,26.180669096740022,43.81614289315128,26.172395080952167,27046.11564838178,8742.349325372954,0.1939561738508999,2.059930667412065,2234285.585289076,599.4148528223552
21800.0,4515516.85454987,10042.550893439895,4515490.974898123,528.6940844678398,939.1455459186337,528.5169136539207,26.209684709045362,43.83829174027918,26.201406426851413,26986.174163099546,8682.40784009072,0.1939561738508999,2.059930667412065,2234285.585289076,599.4148528223552
21900.0,4515569.855301681,10136.685003094044,4515543.9578913925,531.3202179547199,943.5354084076565,531.1422181649842,26.23939373020825,43.86159098208023,26.231110964341475,26926.232677817312,8622.466354808485,0.1939561738508999,2.059930667412065,2234285.585289076,599.4148528223552
22000.0,4515623.118817323,10231.258218332787,4515597.203565571,533.9493689686199,947.9276725569161,533.7705397411341,26.26980621410355,43.88605712218556,26.261518744179746,26866.291192535075,8562.524869526249,0.1939561738508999,2.059930667412065,2234285.585289076,599.4148528223552
22100.0,4515676.645402091,10326.270785196704,4515650.712225909,536.5816084857623,952.3224560662184,536.4019493363637,26.300932133852545,43.91170649584373,26.292639736401703,26806.34970725284,8502.583384244013,0.1939561738508999,2.059930667412065,2234285.585289076,599.4148528223552
22200.0,4515730.435368428,10421.722961577965,4515704.484184799,539.2170084776277,956.7198782635776,539.0365188996165,26.332781381632316,43.93855526971329,26.32448383013037,26746.408221970603,8442.641898961778,0.1939561738508999,2.059930667412065,2234285.585289076,599.4148528223552
22300.0,4515784.489036024,10517.615017382297,4515758.519761877,541.855641902863,961.1200600883633,541.6743213666982,26.36536376857157,43.96661944180953,26.357060833472115,26686.46673668837,8382.700413679544,0.1939561738508999,2.059930667412065,2234285.585289076,599.4148528223552
22400.0,4515838.806731912,10613.947234689285,4515812.819284125,544.4975826991841,965.5231240744478,544.3154306521823,26.39868902472515,43.99591484159165,26.39038047349119,26626.525251406136,8322.758928397308,0.1939561738508999,2.059930667412065,2234285.585289076,599.4148528223552
22500.0,4515893.38879057,10710.719907910974,4515867.383085963,547.1429057752785,969.9291943333691,546.9599216413154,26.432766799111544,44.02645713016226,26.424452396247183,26566.5837661239,8262.817443115073,0.1939561738508999,2.059930667412065,2234285.585289076,599.4148528223552
22600.0,4515948.235554014,10807.933343948802,4515922.211509349,549.7916870027161,974.3383965375211,549.6078701819324,26.46760665984098,44.058261800627726,26.45928616692302,26506.64228084166,8202.875957832839,0.1939561738508999,2.059930667412065,2234285.585289076,599.4148528223552
22700.0,4516003.347371895,10905.587862348839,4515977.304903871,552.4440032078771,978.750857903386,552.259353076386,26.50321809429867,44.091344178556426,26.494891270008154,26446.70079555943,8142.9344725506035,0.1939561738508999,2.059930667412065,2234285.585289076,599.4148528223552
22800.0,4516058.724601593,11003.683795455365,4516032.663626848,555.0999321639006,983.1667071748183,554.9144480734994,26.539610509407936,44.125719422578385,26.53127710956156,26386.759310277193,8082.992987268368,0.1939561738508999,2.059930667412065,2234285.585289076,599.4148528223552
22900.0,4516114.367608313,11102.221488562775,4516088.288043418,557.7595525826644,987.5860746063969,557.5732338605493,26.576793231965215,44.161402525111974,26.568453009546644,26326.81782499496,8023.051501986132,0.1939561738508999,2.059930667412065,2234285.585289076,599.4148528223552
23000.0,4516170.276765181,11201.201300065819,4516144.178526636,560.4229441068006,992.0090919468535,560.235790055284,26.61477550902884,44.198408313185126,26.606428214219804,26266.876339712722,7963.110016703898,0.1939561738508999,2.059930667412065,2234285.585289076,599.4148528223552
23100.0,4516226.452453327,11300.623601608195,4516200.335457565,563.0901873017551,996.4358924225918,562.9021971979865,26.653566508385772,44.23675144939398,26.645211888597046,26206.93485443049,7903.168531421663,0.1939561738508999,2.059930667412065,2234285.585289076,599.4148528223552
23200.0,4516282.89506199,11400.488778229495,4516256.759225368,565.7613636478955,1000.8666107213062,565.5725367435854,26.69317531908168,44.27644643297247,26.684813118983783,26146.99336914825,7843.227046139427,0.1939561738508999,2.059930667412065,2234285.585289076,599.4148528223552
23300.0,4516339.604988598,11500.79722851052,4516313.450227397,568.4365555326758,1005.3013829757141,568.2468910538225,26.733610951998976,44.3175076009459,26.72524091355276,26087.05188386602,7783.285560857192,0.1939561738508999,2.059930667412065,2234285.585289076,599.4148528223552
23400.0,4516396.582638865,11601.549364716975,4516370.408869287,571.1158462428631,1009.7403467474093,570.9253433894827,26.77488234051561,44.35994912942555,26.76650420300251,26027.110398583784,7723.344075574957,0.1939561738508999,2.059930667412065,2234285.585289076,599.4148528223552
23500.0,4516453.828426877,11702.745612941555,4516427.635565044,573.7993199568319,1014.1836410108497,573.6079779026911,26.816998341203337,44.40378503497195,26.808611841255406,25967.16891330155,7663.402590292722,0.1939561738508999,2.059930667412065,2234285.585289076,599.4148528223552
23600.0,4516511.342775184,11804.386413244436,4516485.130737133,576.4870617369322,1018.6314061374873,576.2948796292844,26.859967734600374,44.449029176087656,26.851572606230054,25907.227428019312,7603.461105010487,0.1939561738508999,2.059930667412065,2234285.585289076,599.4148528223552
23700.0,4516569.126114883,11906.472219792187,4516542.894816567,579.1791575219377,1023.0837838800517,578.9861344812618,26.9037992260211,44.49569525477362,26.89539520065065,25847.28594273708,7543.519619728251,0.1939561738508999,2.059930667412065,2234285.585289076,599.4148528223552
23800.0,4516627.178885713,12009.003500995123,4516600.928242992,581.8756941195775,1027.5409173569956,581.68182923932,26.948501446440893,44.54379681821616,26.940088252931545,25787.34445745484,7483.5781344460165,0.1939561738508999,2.059930667412065,2234285.585289076,599.4148528223552
23900.0,4516685.501536133,12111.9807396431,4516659.231464776,584.5767591991596,1032.0029510371119,584.3820515454788,26.994082953407073,44.593347260517746,26.985660318087827,25727.402972172607,7423.636649163782,0.1939561738508999,2.059930667412065,2234285.585289076,599.4148528223552
24000.0,4516744.094523413,12215.404433039794,4516717.804939096,587.282441284288,1036.4700307243302,587.0868898958021,27.04055223202601,44.644359824559835,27.032119878722106,25667.461486890374,7363.695163881546,0.1939561738508999,2.059930667412065,2234285.585289076,599.4148528223552
24100.0,4516802.958313718,12319.275093135457,4516776.649132018,589.9928297456812,1040.942303542703,589.7964336332183,27.087917695975726,44.696847603908054,27.07947534603676,25607.520001608136,7303.753678599311,0.1939561738508999,2.059930667412065,2234285.585289076,599.4148528223552
24200.0,4516862.093382193,12423.593246658193,4516835.764518586,592.708014794095,1045.4199179215886,592.5107729404466,27.136187688583057,44.75082354482843,27.127735060910656,25547.5785163259,7243.812193317076,0.1939561738508999,2.059930667412065,2234285.585289076,599.4148528223552
24300.0,4516921.500213044,12528.35943524375,4516895.151582904,595.4280874733547,1049.9030235810374,595.2299988330315,27.18537048393649,44.8063004483637,27.176907295011702,25487.63703104367,7183.870708034841,0.1939561738508999,2.059930667412065,2234285.585289076,599.4148528223552
24400.0,4516981.179299624,12633.574215563875,4516954.81081822,598.1531396535019,1054.3917715173911,597.9542031524923,27.23547428804456,44.86329097248671,27.227000251954735,25427.69554576143,7123.929222752606,0.1939561738508999,2.059930667412065,2234285.585289076,599.4148528223552
24500.0,4517041.131144513,12739.238159453223,4517014.742727004,600.8832640240588,1058.8863139891025,600.6834785595905,27.286507240032556,44.9218076343182,27.27802206849786,25367.754060479198,7063.98773747037,0.1939561738508999,2.059930667412065,2234285.585289076,599.4148528223552
24600.0,4517101.356259603,12845.351854034881,4517074.947821036,603.6185540874153,1063.3868045027784,603.417918527719,27.33847741338906,44.981862812428986,27.329980815788566,25307.81257519696,7004.046252188135,0.1939561738508999,2.059930667412065,2234285.585289076,599.4148528223552
24700.0,4517161.8551661745,12951.91590184448,4517135.426621482,606.359104152342,1067.893397799458,606.1576173364183,27.39139281723469,45.04346874917759,27.38288450063198,25247.871089914726,6944.104766905901,0.1939561738508999,2.059930667412065,2234285.585289076,599.4148528223552
24800.0,4517222.628394979,13058.930920952978,4517196.179658975,609.1050093276333,1072.4062498411288,608.9026700650214,27.44526139764929,45.10663755314722,27.43674106681764,25187.929604632493,6884.163281623665,0.1939561738508999,2.059930667412065,2234285.585289076,599.4148528223552
24900.0,4517283.67648632,13166.39754508808,4517257.2074737,611.8563655158845,1076.9255177974885,611.6531725864339,27.50009103901253,45.17138120160254,27.49155839645964,25127.988119350255,6824.22179634143,0.1939561738508999,2.059930667412065,2234285.585289076,599.4148528223552
25000.0,4517344.99999013,13274.316423754364,4517318.510615464,614.6132694074055,1081.451360032957,614.40922156105,27.555889565393304,45.23771154302824,27.5473443113855,25068.04663406802,6764.280311059194,0.1939561738508999,2.059930667412065,2234285.585289076,599.4148528223552
25100.0,4517406.599466049,13382.688222352112,4517380.089643783,617.3758184742751,1085.9839360939443,617.170914430809,27.61266474196468,45.30564029970857,27.604106574550656,25008.105148785784,6704.338825776958,0.1939561738508999,2.059930667412065,2234285.585289076,599.4148528223552
25200.0,4517468.475483505,13491.513622294882,4517441.945127953,620.1441109645386,1090.5234066963808,619.9383494133959,27.67042427644916,45.375179070356054,27.661852891483232,24948.16366350355,6644.397340494723,0.1939561738508999,2.059930667412065,2234285.585289076,599.4148528223552
25300.0,4517530.628621787,13600.793321125853,4517504.077647132,622.9182458965524,1095.069933713512,622.7116254965875,27.729175820598527,45.44633933279642,27.720590911763384,24888.222178221313,6584.455855212487,0.1939561738508999,2.059930667412065,2234285.585289076,599.4148528223552
25400.0,4517593.0594701255,13710.528032632954,4517566.487790414,625.6983230534775,1099.623680163965,625.4908424327484,27.78892697169209,45.519132446681795,27.780328230521018,24828.28069293908,6524.514369930252,0.1939561738508999,2.059930667412065,2234285.585289076,599.4148528223552
25500.0,4517655.768627768,13820.718486962818,4517629.176156907,628.4844429779247,1104.1848102000893,628.2761007334789,27.84968527407226,45.593569656264606,27.84107238997085,24768.33920765684,6464.572884648016,0.1939561738508999,2.059930667412065,2234285.585289076,599.4148528223552
25600.0,4517718.756704053,13931.365430733584,4517692.143355809,631.2767069667563,1108.7534890965771,631.0675016644178,27.91145822069544,45.66966209319395,27.902830880962753,24708.397722374608,6404.63139936578,0.1939561738508999,2.059930667412065,2234285.585289076,599.4148528223552
25700.0,4517782.024318486,14042.469627146571,4517755.390006481,634.0752170660417,1113.3298832393657,633.8651472402014,27.97425325471073,45.74742077935588,27.965611144559958,24648.45623709237,6344.689914083545,0.1939561738508999,2.059930667412065,2234285.585289076,599.4148528223552
25800.0,4517845.572100816,14154.031856096868,4517818.916738521,636.8800760661758,1117.914160114827,636.6691402195827,28.038077771063527,45.826856629752605,28.02942057364207,24588.514751810137,6284.748428801309,0.1939561738508999,2.059930667412065,2234285.585289076,599.4148528223552
25900.0,4517909.400691106,14266.05291428284,4517882.7241918435,639.691387497156,1122.5064882992451,639.4795841007111,28.10293911810598,45.907980455388866,28.09426651451505,24528.5732665279,6224.806943519074,0.1939561738508999,2.059930667412065,2234285.585289076,599.4148528223552
26000.0,4517973.51073981,14378.53361531461,4517946.813016747,642.5092556240243,1127.1070374485882,642.2965831165762,28.168844599250306,45.99080296622812,28.160156268563853,24468.631781245665,6164.865458236838,0.1939561738508999,2.059930667412065,2234285.585289076,599.4148528223552
26100.0,4518037.902907845,14491.474789821532,4518011.1838739915,645.3337854424738,1131.715978288574,645.1202422306166,28.235801474618153,46.07533477413704,28.227097093901364,24408.690295963428,6104.9239729546025,0.1939561738508999,2.059930667412065,2234285.585289076,599.4148528223552
26200.0,4518102.577866663,14604.877285558672,4518075.837434868,648.1650826746234,1136.3334826050339,647.9506671324953,28.303816962718905,46.16158639587529,28.29509620704607,24348.748810681194,6044.982487672367,0.1939561738508999,2.059930667412065,2234285.585289076,599.4148528223552
26300.0,4518167.536298327,14718.741967512364,4518140.774381274,651.00325376496,1140.9597232345775,650.787964234045,28.372898242137516,46.24956825609661,28.364160784609336,24288.807325398957,5985.041002390131,0.1939561738508999,2.059930667412065,2234285.585289076,599.4148528223552
26400.0,4518232.778895578,14833.069718004821,4518205.995405785,653.8484058764525,1145.59487405556,653.6322406653826,28.44305245324557,46.33929069038547,28.434297965005882,24228.865840116723,5925.099517107896,0.1939561738508999,2.059930667412065,2234285.585289076,599.4148528223552
26500.0,4518298.306361911,14947.861436797883,4518271.501211722,656.7006468868351,1150.2391099793517,656.4836042711953,28.514286699913463,46.430763948289965,28.505514850165433,24168.924354834486,5865.15803182566,0.1939561738508999,2.059930667412065,2234285.585289076,599.4148528223552
26600.0,4518364.119411642,15063.118041195883,4518337.29251323,659.5600853850664,1154.8926069419158,659.3421636072003,28.58660805124,46.523998196379786,28.57781850726171,24108.982869552252,5805.216546543425,0.1939561738508999,2.059930667412065,2234285.585289076,599.4148528223552
26700.0,4518430.218769982,15178.84046614771,4518403.370035342,662.4268306679598,1159.5555418956915,662.2080279367774,28.66002354330449,46.619003521337945,28.65121597046393,24049.041384270015,5745.275061261189,0.1939561738508999,2.059930667412065,2234285.585289076,599.4148528223552
26800.0,4518496.60517311,15295.029664348056,4518469.734514054,665.3009927369917,1164.228092801788,665.081307227778,28.734540180906915,46.715789933025775,28.725714242676403,23989.09989898778,5685.333575978953,0.1939561738508999,2.059930667412065,2234285.585289076,599.4148528223552
26900.0,4518563.279368236,15411.68660633791,4518536.3866963945,668.1826822952836,1168.9104386224867,667.9621121495094,28.8101649393354,46.81436736759029,28.801320297305473,23929.158413705543,5625.392090696718,0.1939561738508999,2.059930667412065,2234285.585289076,599.4148528223552
27000.0,4518630.242113678,15528.812280604312,4518603.327340492,671.0720107447626,1173.6027593140543,670.850554069896,28.886904766131693,46.914745690561794,28.878041080024303,23869.21692842331,5565.450605414482,0.1939561738508999,2.059930667412065,2234285.585289076,599.4148528223552
27100.0,4518697.4941789275,15646.407693679406,4518670.557215649,673.9690901834994,1178.3052358198684,673.746745052819,28.964766582872556,47.01693469997387,28.955883510553797,23809.275443141072,5505.509120132247,0.1939561738508999,2.059930667412065,2234285.585289076,599.4148528223552
27200.0,4518765.036344722,15764.473870238824,4518738.077102407,676.8740334032243,1183.018050063854,676.6507978556334,29.04375728694576,47.12094412946761,29.034854484437894,23749.33395785884,5445.567634850011,0.1939561738508999,2.059930667412065,2234285.585289076,599.4148528223552
27300.0,4518832.869403113,15883.01185319942,4518805.88779262,679.786953887023,1187.741384944234,679.5628259268648,29.123883753343893,47.22678365142135,29.114960874836882,23689.3924725766,5385.626149567775,0.1939561738508999,2.059930667412065,2234285.585289076,599.4148528223552
27400.0,4518900.994157532,16002.022703816405,4518873.99008952,682.7079658072112,1192.4754243275909,682.4829434040855,29.20515283645102,47.334462880061544,29.196209534313443,23629.450987294367,5325.68466428554,0.1939561738508999,2.059930667412065,2234285.585289076,599.4148528223552
27500.0,4518969.411422866,16121.5075017799,4518942.384807787,685.6371840233894,1197.2203530432423,685.4112651119706,29.287571371841672,47.443991374589345,29.27860729663101,23569.50950201213,5265.743179003304,0.1939561738508999,2.059930667412065,2234285.585289076,599.4148528223552
27600.0,4519038.122025521,16241.467345310943,4519011.072773618,688.5747240806786,1201.9763568779294,688.3479065605336,29.371146178078327,47.55537864229814,29.362160978550676,23509.568016729896,5205.801693721069,0.1939561738508999,2.059930667412065,2234285.585289076,599.4148528223552
27700.0,4519107.1268034885,16361.90335125697,4519080.054824796,691.5207022081354,1206.7436225708177,691.2929839435437,29.45588405851735,47.66863414170001,29.44687738163661,23449.62653144766,5145.860208438833,0.1939561738508999,2.059930667412065,2234285.585289076,599.4148528223552
27800.0,4519176.426606422,16482.816655186834,4519149.331810756,694.4752353173487,1211.5223378088103,694.2466141371227,29.541791803098135,47.783767285616335,29.532763294044546,23389.685046165425,5085.9187231565975,0.1939561738508999,2.059930667412065,2234285.585289076,599.4148528223552
27900.0,4519246.0222956985,16604.208411485357,4519218.9045926565,697.4384410012174,1216.3126912221737,697.2089146985234,29.628876190167887,47.90078744432438,29.619825492345946,23329.743560883187,5025.977237874362,0.1939561738508999,2.059930667412065,2234285.585289076,599.4148528223552
28000.0,4519315.914744486,16726.079793447447,4519288.7740434455,700.4104375329082,1221.1148723804745,700.1800038650885,29.717143988259412,48.01970394861577,29.70807074330532,23269.802075600954,4966.035752592126,0.1939561738508999,2.059930667412065,2234285.585289076,599.4148528223552
28100.0,4519386.104837817,16848.43199337185,4519358.941047927,703.391343864995,1225.929071788827,703.1600005533907,29.806601957914612,48.1405260929281,29.797505805703032,23209.860590318716,4906.094267309891,0.1939561738508999,2.059930667412065,2234285.585289076,599.4148528223552
28200.0,4519456.593472652,16971.266222654536,4519429.406502834,706.3812796287787,1230.7554808844516,706.1490243585531,29.89725685347582,48.26326313841426,29.888137432126072,23149.919105036483,4846.152782027655,0.1939561738508999,2.059930667412065,2234285.585289076,599.4148528223552
28300.0,4519527.381557949,17094.583711881736,4519500.171316888,709.3803651337882,1235.5942920335403,709.1471955537506,29.989115424888077,48.387924316024254,29.979972370769822,23089.977619754245,4786.2112967454195,0.1939561738508999,2.059930667412065,2234285.585289076,599.4148528223552
28400.0,4519598.4700147305,17218.38571092271,4519571.236410877,712.3887213674615,1240.4456985284335,712.1546350898915,30.08218441949527,48.51451882957001,30.07301736723352,23030.03613447201,4726.269811463184,0.1939561738508999,2.059930667412065,2234285.585289076,599.4148528223552
28500.0,4519669.859776151,17342.67348902222,4519642.602717713,715.4064699950068,1245.3098945851011,715.1714645954795,30.176470583838935,48.64305585878829,30.167279166318536,22970.094649189774,4666.328326180948,0.1939561738508999,2.059930667412065,2234285.585289076,599.4148528223552
28600.0,4519741.551787567,17467.4483348928,4519714.271182511,718.4337333594447,1250.1870753409312,718.1978063766558,30.271980665444776,48.77354456237566,30.26276451381431,22910.15316390754,4606.386840898713,0.1939561738508999,2.059930667412065,2234285.585289076,599.4148528223552
28700.0,4519813.547006602,17592.711556806782,4519786.242762644,721.4706344818287,1255.0774368528232,721.2337834174203,30.36872141461715,48.90599408103087,30.359480158292264,22850.211678625303,4546.445355616477,0.1939561738508999,2.059930667412065,2234285.585289076,599.4148528223552
28800.0,4519885.846403217,17718.46448268817,4519858.518427822,724.5172970616462,1259.9811760955843,724.2795193800328,30.46669958621912,49.04041354046542,30.457432852885287,22790.27019334307,4486.503870334242,0.1939561738508999,2.059930667412065,2234285.585289076,599.4148528223552
28900.0,4519958.450959775,17844.708460204376,4519931.0991601525,727.5738454773975,1264.8984909606281,727.3351386055921,30.56592194145455,49.176812054411215,30.556629357069255,22730.32870806083,4426.562385052006,0.1939561738508999,2.059930667412065,2234285.585289076,599.4148528223552
29000.0,4520031.361671111,17971.444856857812,4520003.985954213,730.6404047873539,1269.8295802549742,730.4007661147944,30.666395249636246,49.31519872759729,30.657076438430597,22670.387222778598,4366.62089976977,0.1939561738508999,2.059930667412065,2234285.585289076,599.4148528223552
29100.0,4520104.579544602,18098.67506007742,4520077.179817116,733.717100730493,1274.7746437005458,733.4765276088689,30.768126289974607,49.45558265875544,30.75878087445445,22610.44573749636,4306.679414487535,0.1939561738508999,2.059930667412065,2234285.585289076,599.4148528223552
29200.0,4520178.105600232,18226.40047731015,4520150.6817685785,736.8040597276129,1279.7338819337674,736.5625494706918,30.87112185331967,49.59797294353818,30.861749454266025,22550.504252214127,4246.737929205299,0.1939561738508999,2.059930667412065,2234285.585289076,599.4148528223552
29300.0,4520251.940870661,18354.62253611239,4520224.49284099,739.9014088826216,1284.7074965054555,739.6589587660758,30.97538874393833,49.74237867749143,30.96598898040739,22490.56276693189,4186.796443923064,0.1939561738508999,2.059930667412065,2234285.585289076,599.4148528223552
29400.0,4520326.086401294,18483.342684241416,4520298.614079482,743.0092759840041,1289.6956898810065,742.765883245237,31.080933781254757,49.888808958956034,31.071506270577302,22430.621281649655,4126.854958640828,0.1939561738508999,2.059930667412065,2234285.585289076,599.4148528223552
29500.0,4520400.5432503475,18612.562389746876,4520373.046541993,746.1277895064648,1294.6986654408747,745.8834513444375,31.18776380161146,50.037272891998754,31.17830815939164,22370.679796367418,4066.913473358593,0.1939561738508999,2.059930667412065,2234285.585289076,599.4148528223552
29600.0,4520475.312488923,18742.283141062333,4520447.791299341,749.2570786127446,1299.7166274813435,749.0117921878025,31.295885660001886,50.18777958928697,31.286401500115574,22310.738311085184,4006.9719880763573,0.1939561738508999,2.059930667412065,2234285.585289076,599.4148528223552
29700.0,4520550.39520107,18872.506447096897,4520522.849435292,752.3972731556145,1304.749781215585,752.1510355893128,31.405306231805305,50.34033817496059,31.395793166397844,22250.796825802947,3947.0305027941217,0.1939561738508999,2.059930667412065,2234285.585289076,599.4148528223552
29800.0,4520625.792483861,19003.23383732698,4520598.222046626,755.5485036800404,1309.798332775007,755.3013120549704,31.516032414521376,50.494957787496475,31.50649005400482,22190.855340520713,3887.089017511886,0.1939561738508999,2.059930667412065,2234285.585289076,599.4148528223552
29900.0,4520701.505447454,19134.466861888202,4520673.9102432085,758.7109014255237,1314.8624892108855,758.462752785138,31.62807112948736,50.651647582536,31.618499082537124,22130.913855238476,3827.1475322296506,0.1939561738508999,2.059930667412065,2234285.585289076,599.4148528223552
30000.0,4520777.535215168,19266.207091667464,4520749.915148062,761.8845983286133,1319.942458496282,761.6354896770513,31.74142932359843,50.810416735711115,31.731827197149464,22070.972369956242,3767.206046947415,0.1939561738508999,2.059930667412065,2234285.585289076,599.4148528223552
30100.0,4520853.882923551,19398.456118395246,4520826.237897431,765.0697270255898,1325.0384495282412,764.8196553275023,31.856113971010622,50.97127444543348,31.846481370253052,22011.030884674004,3707.2645616651794,0.1939561738508999,2.059930667412065,2234285.585289076,599.4148528223552
30200.0,4520930.549722449,19531.215554738126,4520902.879640856,768.2664208553219,1330.1506721302717,768.0153830356953,31.97213207485073,51.13422993568866,31.962468603224913,21951.08939939177,3647.323076382944,0.1939561738508999,2.059930667412065,2234285.585289076,599.4148528223552
30300.0,4521007.536775078,19664.487034391557,4520979.841541245,771.4748138622924,1335.2793370551021,771.2228068062724,32.08949066891127,51.299292458797375,32.07979592810241,21891.147914109533,3587.3815911007086,0.1939561738508999,2.059930667412065,2234285.585289076,599.4148528223552
30400.0,4521084.845258092,19798.272212172946,4521057.1247749375,774.6950407997955,1340.424655987717,774.4420613525103,32.208196819331306,51.46647129814561,32.19847040926351,21831.2064288273,3527.440105818473,0.1939561738508999,2.059930667412065,2234285.585289076,599.4148528223552
30500.0,4521162.4763616575,19932.572764115037,4521134.730531784,777.9272371333021,1345.5868415486632,777.6732820996851,32.32825762628876,51.63577577092744,32.31849914511855,21771.264943545066,3467.4986205362375,0.1939561738508999,2.059930667412065,2234285.585289076,599.4148528223552
30600.0,4521240.431289525,20067.39038755965,4521212.6600152105,781.1715390439957,1350.7661072976343,780.916605188607,32.44968022567481,51.80721523084972,32.43988926978419,21711.32345826283,3407.5571352540023,0.1939561738508999,2.059930667412065,2234285.585289076,599.4148528223552
30700.0,4521318.711259095,20202.726801251792,4521290.914442295,784.4280834324751,1355.9626677373228,784.1721674793229,32.57247179075709,51.980799070810676,32.562647954746055,21651.38197298059,3347.615649971767,0.1939561738508999,2.059930667412065,2234285.585289076,599.4148528223552
30800.0,4521397.317501498,20338.58374543415,4521369.495043837,787.6970079226253,1361.1767383175425,787.440106554986,32.69663953385722,52.15653672559591,32.68678241053576,21591.440487698357,3287.6741646895316,0.1939561738508999,2.059930667412065,2234285.585289076,599.4148528223552
30900.0,4521476.251261662,20474.962981942026,4521448.403064431,790.9784508656556,1366.4085354396193,790.7205607258934,32.82219070799074,52.334437674502425,32.81229988837038,21531.499002416123,3227.732679407296,0.1939561738508999,2.059930667412065,2234285.585289076,599.4148528223552
31000.0,4521555.513798386,20611.86629429873,4521527.639762538,794.2725513443032,1371.6582764610469,794.0136690336886,32.949132608536175,52.51451144400596,32.93920768182098,21471.557517133886,3167.791194125061,0.1939561738508999,2.059930667412065,2234285.585289076,599.4148528223552
31100.0,4521635.106384414,20749.295487811425,4521607.20641056,797.5794491772039,1376.926179700408,797.3195712557314,33.077472574868075,52.69676761035872,33.06751312844517,21411.616031851652,3107.8497088428257,0.1939561738508999,2.059930667412065,2234285.585289076,599.4148528223552
31200.0,4521715.030306511,20887.25238966751,4521687.104294916,800.8992849234265,1382.212464442557,800.6384079096314,33.20721799200506,52.88121580220606,33.1972236114347,21351.67454656942,3047.90822356059,0.1939561738508999,2.059930667412065,2234285.585289076,599.4148528223552
31300.0,4521795.286865532,21025.738849031506,4521767.334716111,804.2321998871739,1387.5173509440633,803.9703202579476,33.33837629224081,53.067865703166184,33.328346561245844,21291.73306128718,2987.9667382783546,0.1939561738508999,2.059930667412065,2234285.585289076,599.4148528223552
31400.0,4521875.877376504,21164.75673714252,4521847.898988818,807.5783361226469,1392.841060438916,807.3154503130517,33.4709549567783,53.256727054408636,33.46088945723332,21231.791576004944,2928.0252529961194,0.1939561738508999,2.059930667412065,2234285.585289076,599.4148528223552
31500.0,4521956.8031686945,21304.307947412282,4521928.798441944,810.9378364390724,1398.1838151444847,810.6739408421549,33.604961517350375,53.44780965720145,33.59485982927021,21171.85009072271,2868.0837677138843,0.1939561738508999,2.059930667412065,2234285.585289076,599.4148528223552
31600.0,4522038.065585689,21444.394395523792,4522010.034418713,814.310844405895,1403.545838267736,814.0459353724983,33.74040355784538,53.641123375459955,33.73026525937322,21111.908605440476,2808.1422824316487,0.1939561738508999,2.059930667412065,2234285.585289076,599.4148528223552
31700.0,4522119.665985471,21585.0180195306,4522091.608276742,817.6975043581311,1408.9273540117067,817.4315781967059,33.87728871592082,53.83667813826755,33.86711338331584,21051.96712015824,2748.200797149413,0.1939561738508999,2.059930667412065,2234285.585289076,599.4148528223552
31800.0,4522201.605740493,21726.18077995675,4522173.521388112,821.0979614018866,1414.3285875822298,820.8310143783006,34.01562468462018,54.03448394239447,34.00541189224466,20992.025634876,2688.259311867178,0.1939561738508999,2.059930667412065,2234285.585289076,599.4148528223552
31900.0,4522283.886237761,21867.884659897416,4522255.775139452,824.5123614200351,1419.749765194912,824.2443897573818,34.15541921397842,54.23455085478949,34.14516853428443,20932.084149593768,2628.317826584943,0.1939561738508999,2.059930667412065,2234285.585289076,599.4148528223552
32000.0,4522366.508878905,22010.131665120232,4522338.370932014,827.9408510780602,1425.1911140823622,827.6718509564655,34.29668011263256,54.43688901507295,34.28639111614815,20872.142664311534,2568.3763413027073,0.1939561738508999,2.059930667412065,2234285.585289076,599.4148528223552
32100.0,4522449.475080263,22152.923824167363,4522421.31018175,831.3835778300574,1430.652862501671,831.1135453864857,34.439415249421614,54.64150863800406,34.42908750473654,20812.201179029296,2508.4348560204717,0.1939561738508999,2.059930667412065,2234285.585289076,599.4148528223552
32200.0,4522532.786272956,22296.263188458346,4522504.594319395,834.840689924899,1436.1352397421365,834.5696212529568,34.58363255499257,54.84842001595071,34.573265628743556,20752.259693747063,2448.4933707382365,0.1939561738508999,2.059930667412065,2234285.585289076,599.4148528223552
32300.0,4522616.443902972,22440.151832393705,4522588.224790542,838.3123364125588,1441.6384761332388,838.0402275622978,34.72934002339768,55.05763352133686,34.71893348025323,20692.31820846483,2388.5518854560014,0.1939561738508999,2.059930667412065,2234285.585289076,599.4148528223552
32400.0,4522700.449431244,22584.591853459384,4522672.203055728,841.7986671505994,1447.1628030528611,841.5255141283174,34.876545713696075,55.269159609089584,34.86609911634078,20632.37672318259,2328.610400173766,0.1939561738508999,2.059930667412065,2234285.585289076,599.4148528223552
32500.0,4522784.804333731,22729.585372332003,4522756.530590511,845.2998328108195,1452.7084529357555,845.0256315788596,35.02525775155153,55.48300881907182,35.014770660669996,20572.435237900358,2268.66891489153,0.1939561738508999,2.059930667412065,2234285.585289076,599.4148528223552
32600.0,4522869.5101015,22875.134532984983,4522841.2088855505,848.8159848860627,1458.2756592822545,848.5407313626116,35.17548433082465,55.69919177849755,35.16495630508485,20512.49375261812,2208.727429609295,0.1939561738508999,2.059930667412065,2234285.585289076,599.4148528223552
32700.0,4522954.56824081,23021.241502795554,4522926.239446696,852.3472756971873,1463.8646566672246,852.0709657560709,35.32723371517854,55.917719204362356,35.316664311214836,20452.552267335886,2148.78594432706,0.1939561738508999,2.059930667412065,2234285.585289076,599.4148528223552
32800.0,4523039.980273193,23167.90847265267,4523011.623795064,855.8938584001969,1469.4756807492652,855.6164878706749,35.48051423967702,56.13860190585333,35.46990301207264,20392.61078205365,2088.8444590448244,0.1939561738508999,2.059930667412065,2234285.585289076,599.4148528223552
32900.0,4523125.7477355385,23315.137657065843,4523097.363467125,859.4558869935323,1475.1089682801487,859.1774516600907,35.63533431237582,56.36185078673863,35.62468081364493,20332.669296771415,2028.9029737625888,0.1939561738508999,2.059930667412065,2234285.585289076,599.4148528223552
33000.0,4523211.872180179,23462.931294274957,4523183.460014788,863.033516325525,1480.7647571145028,862.7540119276671,35.791702415934495,56.58747684778473,35.78100619650373,20272.727811489178,1968.9614884803532,0.1939561738508999,2.059930667412065,2234285.585289076,599.4148528223552
33100.0,4523298.355174974,23611.29164636104,4523269.915005485,866.6269021020128,1486.4432862197357,866.3463243340474,35.949627109221,56.81549118915289,35.938887717410694,20212.786326206944,1909.0200031981176,0.1939561738508999,2.059930667412065,2234285.585289076,599.4148528223552
33200.0,4523385.198303397,23760.22099935806,4523356.730022255,870.2362008941155,1492.1447956862012,869.9545454049447,36.109117028908386,57.04590501277373,36.09833401091321,20152.844840924707,1849.078517915882,0.1939561738508999,2.059930667412065,2234285.585289076,599.4148528223552
33300.0,4523472.403164623,23909.72166336573,4523443.906663837,873.8615701461761,1497.8695267376056,873.5788325390793,36.27018089110205,57.2787296247661,36.25935379097126,20092.903355642473,1789.1370326336464,0.1939561738508999,2.059930667412065,2234285.585289076,599.4148528223552
33400.0,4523559.971373617,24059.795972663374,4523531.4465447515,877.5031681838612,1503.6177217416566,877.2193440162788,36.43282749294395,57.51397643780781,36.42195585256117,20032.96187036024,1729.1955473514108,0.1939561738508999,2.059930667412065,2234285.585289076,599.4148528223552
33500.0,4523647.904561216,24210.446285824884,4523619.351295392,881.161154222428,1509.3896242209519,880.8762390057417,36.597065714237864,57.7516569735341,36.5861490733004,19973.020385078,1669.2540620691752,0.1939561738508999,2.059930667412065,2234285.585289076,599.4148528223552
33600.0,4523736.204374229,24361.674985834754,4523707.622562114,884.8356883751521,1515.1854788641099,884.5496775744642,36.76290451907598,57.991782864929824,36.751942415073756,19913.078899795764,1609.3125767869396,0.1939561738508999,2.059930667412065,2234285.585289076,599.4148528223552
33700.0,4523824.872475518,24513.484480205258,4523796.262007326,888.5269316619227,1521.0055315371421,888.2398206958322,36.93035295747585,58.23436585873057,36.91934492566976,19853.13741451353,1549.371091504704,0.1939561738508999,2.059930667412065,2234285.585289076,599.4148528223552
33800.0,4523913.910544095,24665.877201094765,4523885.271309578,892.2350460180011,1526.850029295067,891.9468302583782,37.09942016701862,58.479417817817186,37.08836574041855,19793.195929231293,1489.4296062224685,0.1939561738508999,2.059930667412065,2234285.585289076,599.4148528223552
33900.0,4524003.32027521,24818.855605427234,4523974.6521636555,895.9601943029456,1532.719220393767,895.670869074704,37.27011537449617,58.72695072361696,37.259014083838494,19733.25444394906,1429.4881209402329,0.1939561738508999,2.059930667412065,2234285.585289076,599.4148528223552
34000.0,4524093.103380447,24972.422175012907,4524064.406280672,899.7025403097042,1538.6133543020865,899.4121008905707,37.44244789757225,58.97697667851942,37.431299271296886,19673.312958666822,1369.5466356579973,0.1939561738508999,2.059930667412065,2234285.585289076,599.4148528223552
34100.0,4524183.261587817,25126.57941667022,4524154.535388163,903.4622487738739,1544.5326817141759,903.170690394156,37.61642714645538,59.22950790830322,37.605230710682406,19613.371473384588,1309.6051503757617,0.1939561738508999,2.059930667412065,2234285.585289076,599.4148528223552
34200.0,4524273.796641851,25281.329862348968,4524245.041230181,907.2394853831303,1550.47745456208,906.9468032254816,37.79206262556661,59.48455676454536,37.7808179040724,19553.429988102354,1249.663665093526,0.1939561738508999,2.059930667412065,2234285.585289076,599.4148528223552
34300.0,4524364.710303695,25436.676069254725,4524335.9255673895,911.0344167868263,1556.4479260285702,910.7406059860087,37.96936393523472,59.74213572706744,37.95807044942762,19493.488502820117,1189.7221798112905,0.1939561738508999,2.059930667412065,2234285.585289076,599.4148528223552
34400.0,4524456.004351213,25592.620619974587,4524427.190177161,914.8472106057625,1562.4443505602246,914.5522662484067,38.14834077340688,60.00225740639934,38.136998042302416,19433.54701753788,1129.780694529055,0.1939561738508999,2.059930667412065,2234285.585289076,599.4148528223552
34500.0,4524547.680579076,25749.1661226042,4524518.836853675,918.6780354421303,1568.4669838807577,918.3819525664934,38.32900293734869,60.26493454621493,38.31761047754434,19373.605532255646,1069.8392092468193,0.1939561738508999,2.059930667412065,2234285.585289076,599.4148528223552
34600.0,4524639.740798867,25906.31521087618,4524610.867408015,922.5270608896288,1574.5160830045959,922.2298344853493,38.511360325387905,60.53018002583276,38.499917651037364,19313.66404697341,1009.8977239645837,0.1939561738508999,2.059930667412065,2234285.585289076,599.4148528223552
34700.0,4524732.186839179,26064.070544289836,4524703.283668269,926.3944575437578,1580.5919062507082,926.0960825516082,38.695422938654346,60.79800686270033,38.68392956144134,19253.722561691175,949.9562386823482,0.1939561738508999,2.059930667412065,2234285.585289076,599.4148528223552
34800.0,4524825.020545715,26222.434808242375,4524796.087479633,930.280397012287,1586.6947132566866,929.9808683239237,38.88120088284108,61.06842821490464,38.86965631195268,19193.781076408937,890.0147534001126,0.1939561738508999,2.059930667412065,2234285.585289076,599.4148528223552
34900.0,4524918.243781387,26381.410714161444,4524889.280704507,934.1850519259056,1592.8247649930827,933.8843643836155,39.068704369981404,61.341457383699755,39.05710811208094,19133.839591126703,830.073268117877,0.1939561738508999,2.059930667412065,2234285.585289076,599.4148528223552
35000.0,4525011.858426425,26541.000999639175,4524982.8652226,938.1085959490501,1598.9823237780006,937.8067443454959,39.257943720250395,61.6171078160655,39.24629527944972,19073.89810584447,770.1317828356414,0.1939561738508999,2.059930667412065,2234285.585289076,599.4148528223552
35100.0,4525105.866378477,26701.208428567676,4525076.842931039,942.051203790918,1605.1676532919485,941.7481828688784,39.44892936377895,61.89539310727761,39.43722824161045,19013.956620562232,710.1902975534058,0.1939561738508999,2.059930667412065,2234285.585289076,599.4148528223552
35200.0,4525200.269552714,26862.035791276034,4525171.215744466,946.0130512166628,1611.3810185929526,945.7088556687723,39.64167184248882,62.176327003502486,39.62991753787669,18954.015135279995,650.2488122711703,0.1939561738508999,2.059930667412065,2234285.585289076,599.4148528223552
35300.0,4525295.069881938,27023.48590466883,4525265.985595149,949.9943150587786,1617.6226861319344,949.6889395272626,39.83618181195757,62.45992340443233,39.82437382118879,18894.07364999776,590.3073269889348,0.1939561738508999,2.059930667412065,2234285.585289076,599.4148528223552
35400.0,4525390.269316687,27185.56161236621,4525361.154433089,953.9951732286718,1623.892923768354,953.6886123050793,40.03247004328745,62.74619636591615,40.02060785998215,18834.132164715527,530.3658417066994,0.1939561738508999,2.059930667412065,2234285.585289076,599.4148528223552
35500.0,4525485.869825345,27348.26578484555,4525456.724226127,958.0158047284247,1630.192000786124,957.7080529533584,40.23054742502146,63.035160102659596,40.21863054010279,18774.19067943329,470.42435642446384,0.1939561738508999,2.059930667412065,2234285.585289076,599.4148528223552
35600.0,4525581.675455384,27511.32141512462,4525552.499074203,958.0999516047477,1630.9258363011822,957.7920631403952,0.9358363177372997,7.4948113507216085,0.9344398757896784,18727.7355977055,423.9692746966745,0.1939561738508999,2.059930667412065,2234285.585289076,599.4148528223552
35700.0,4525677.490485384,27674.45203186337,4525648.2833082685,958.2037479255533,1631.6916386301575,957.8957167325458,1.130657048943151,7.811751053995497,1.1292007287658308,18706.562244967427,402.79592195860016,0.1939561738508999,2.059930667412065,2234285.585289076,599.4148528223552
35800.0,4525773.316864772,27837.660806411735,4525744.078877151,958.326884713977,1632.4889034037326,958.0187048482292,1.3224295673291984,8.12371446363342,1.3209143090178639,18685.38889222935,381.6225692205258,0.1939561738508999,2.059930667412065,2234285.585289076,599.4148528223552
35900.0,4525869.156512475,28000.950860329165,4525839.887699188,958.4690609220561,1633.3171391077803,958.1607265323365,1.5112318118101111,8.4308279411214,1.509658531586041,18664.215539491277,360.44921648245145,0.1939561738508999,2.059930667412065,2234285.585289076,599.4148528223552
36000.0,4525965.0113177,28164.325266648997,4525935.711663006,958.6299831720729,1634.1758666636917,958.321488497655,1.697139187981433,8.7332137375856,1.6955087789680778,18643.042186753202,339.2758637443771,0.1939561738508999,2.059930667412065,2234285.585289076,599.4148528223552
36100.0,4526060.883140692,28327.787051101725,4526031.552628277,958.8093655081328,1635.0646190253028,958.5007048765211,1.8802246679949803,9.030990155809313,1.8785380009639479,18621.868834015128,318.10251100630273,0.1939561738508999,2.059930667412065,2234285.585289076,599.4148528223552
36200.0,4526156.773813457,28491.33919329875,4526127.412426447,959.0069291575015,1635.9829407916566,958.6980969822316,2.060558885842058,9.32427170480387,2.0588168099298922,18600.695481277056,296.9291582682284,0.1939561738508999,2.059930667412065,2234285.585289076,599.4148528223552
36300.0,4526252.685140478,28654.984627878162,4526223.292861442,959.2224023012548,1636.9303878348692,958.9133930797634,2.238210228245066,9.613169247255005,2.2364135716421583,18579.522128538978,275.755805530154,0.1939561738508999,2.059930667412065,2234285.585289076,599.4148528223552
36400.0,4526348.618899394,28818.72624561405,4526319.1957103545,959.4555198538144,1637.906526942413,959.1463281653772,2.41324492144577,9.897790140317245,2.4113944920586796,18558.348775800907,254.58245279207966,0.1939561738508999,2.059930667412065,2234285.585289076,599.4148528223552
36500.0,4526444.57684166,28982.56689449071,4526415.122724104,959.7060232509689,1638.910935473164,959.3966437547028,2.5857271140576046,10.1782383700235,2.5838237001459863,18537.175423062832,233.4091000540053,0.1939561738508999,2.059930667412065,2234285.585289076,599.4148528223552
36600.0,4526540.560693195,29146.50938074315,4526511.075628078,959.9736602459957,1639.9432010265928,959.6640876789243,2.75571895620563,10.454614679674457,2.753763326994891,18516.002070324757,212.23574731593095,0.1939561738508999,2.059930667412065,2234285.585289076,599.4148528223552
36700.0,4526636.572155001,29310.556469865136,4526607.056122755,960.2581847135237,1641.0029211245117,959.9484138887026,2.923280675144685,10.72701669251656,2.9212735814154716,18494.828717586683,191.0623945778566,0.1939561738508999,2.059930667412065,2234285.585289076,599.4148528223552
36800.0,4526732.612903764,29474.710887585992,4526703.065884307,960.5593564607938,1642.0897029048242,960.2493822654933,3.0884706475315635,10.995539028993427,3.0864128221871017,18473.655364848608,169.88904183978224,0.1939561738508999,2.059930667412065,2234285.585289076,599.4148528223552
36900.0,4526828.684592441,29638.975320817393,4526799.106565184,960.8769410459872,1643.2031628267437,960.5667584399321,3.2513454685230094,11.26027341884945,3.2492376271352548,18452.482012110533,148.71568910170788,0.1939561738508999,2.059930667412065,2234285.585289076,599.4148528223552
37000.0,4526924.788850825,29803.3524185712,4526895.1797946775,961.2107096033185,1644.3429263869818,960.9003136169795,3.4119600178526017,11.521308808333302,3.409802859188135,18431.30865937246,127.54233636363351,0.1939561738508999,2.059930667412065,2234285.585289076,599.4148528223552
37100.0,4527020.927286095,29967.84479284947,4526991.287179473,961.5604386745919,1645.5086278464287,961.2498244075302,3.570367523046473,11.778731462761307,3.5681617295730295,18410.135306634387,106.36898362555914,0.1939561738508999,2.059930667412065,2234285.585289076,599.4148528223552
37200.0,4527117.101483347,30132.45501950762,4527087.43030418,961.925910046947,1646.6999099668712,961.6150726662086,3.7266196199285897,12.032625064686012,3.7243658583030204,18388.96195389631,85.19563088748477,0.1939561738508999,2.059930667412065,2234285.585289076,599.4148528223552
37300.0,4527213.3130061105,30297.185639091742,4527183.6107318485,962.3069105965264,1647.9164237573211,961.995845335083,3.8807664105063093,12.283070807813225,3.8784653320448204,18367.788601158238,64.0222781494104,0.1939561738508999,2.059930667412065,2234285.585289076,599.4148528223552
37400.0,4527309.563396852,30462.039157651045,4527279.830004471,962.7032321378113,1649.1578282295397,962.3919342930487,4.0328565184312275,12.530147486989641,4.0305087595626095,18346.615248420163,42.848925411336026,0.1939561738508999,2.059930667412065,2234285.585289076,599.4148528223552
37500.0,4527405.854177461,30627.018047526253,4527376.08964347,963.1146712783872,1650.4237901623717,962.8031362106381,4.182937142094005,12.773931584350866,4.18054332479657,18325.44189568209,21.675572673261655,0.1939561738508999,2.059930667412065,2234285.585289076,599.4148528223552
37600.0,4527502.186849719,30792.1247481149,4527472.391150167,963.5410292789102,1651.7139838745186,963.2292524100291,4.331054105502638,13.014497351875544,4.328614837725592,18304.268542944013,0.5022199351872842,0.1939561738508999,2.059930667412065,2234285.585289076,599.4148528223552
37700.0,4527598.46034361,30957.216652046936,4527568.633481558,961.9319623994187,1650.1292345910254,961.6204883080796,-15.997626963324263,-15.6939042570076,-15.99462819754304,18303.766323008826,0.0,0.1939561738508999,2.059930667412065,2234285.585289076,599.4148528223552
37800.0,4527694.573857541,31122.151610963083,4527664.715862979,960.3413563275928,1648.5749640820227,960.030179257014,-15.815221436202837,-15.39268325471542,-15.812279564334489,18303.766323008826,0.0,0.1939561738508999,2.059930667412065,2234285.585289076,599.4148528223552
37900.0,4527790.529215677,31286.932637245147,4527760.640118024,958.7687748371044,1647.0504658708678,958.4578891639864,-15.637114306657004,-15.098424561520668,-15.634228013239056,18303.766323008826,0.0,0.1939561738508999,2.059930667412065,2234285.585289076,599.4148528223552
38000.0,4527886.328199191,31451.562673645723,4527856.408027312,957.2137943216752,1645.5550537273946,956.903194552375,-15.46318165377901,-14.810929360654438,-15.460349660919794,18303.766323008826,0.0,0.1939561738508999,2.059930667412065,2234285.585289076,599.4148528223552
38100.0,4527981.97254751,31616.044595276628,4527952.021329724,955.6760033457615,1644.0880609488786,955.3656841126024,-15.29330395162951,-14.530005868604153,-15.290525017679006,18303.766323008826,0.0,0.1939561738508999,2.059930667412065,2234285.585289076,599.4148528223552
38200.0,4528077.463959506,31780.381211526972,4528047.481723605,954.1550022145422,1642.6488396718867,953.8449582722534,-15.127365881151075,-14.255469034176663,-15.124638799428633,18303.766323008826,0.0,0.1939561738508999,2.059930667412065,2234285.585289076,599.4148528223552
38300.0,4528172.804094654,31944.575267913926,4528142.790867908,952.6504025622389,1641.2367602134593,952.3406287845206,-14.965256151523327,-13.98714025266893,-14.962579749099415,18303.766323008826,0.0,0.1939561738508999,2.059930667412065,2234285.585289076,599.4148528223552
38400.0,4528267.994574139,32108.62944786898,4528237.950383315,951.161826957852,1639.8512104401557,950.8523183340583,-14.806867330424666,-13.724847094291265,-14.804240466953928,18303.766323008826,0.0,0.1939561738508999,2.059930667412065,2234285.585289076,599.4148528223552
38500.0,4528363.036981937,32272.54637446247,4528332.961853304,949.6889085274456,1638.491595163579,949.3796601593829,-14.652095682676514,-13.468423046002467,-14.649517249279626,18303.766323008826,0.0,0.1939561738508999,2.059930667412065,2234285.585289076,599.4148528223552
38600.0,4528457.932865847,32436.328612068894,4528427.82682519,948.2312905921699,1637.1573355610792,947.9222976910039,-14.500841016806731,-13.217707266016916,-14.498309934998634,18303.766323008826,0.0,0.1939561738508999,2.059930667412065,2234285.585289076,599.4148528223552
38700.0,4528552.683738497,32599.978667975545,4528522.546811128,946.7886263212483,1635.8478686204003,946.4798842045168,-14.353006539086618,-12.972544350270514,-14.350521759748906,18303.766323008826,0.0,0.1939561738508999,2.059930667412065,2234285.585289076,599.4148528223552
38800.0,4528647.2910783095,32763.49899393673,4528617.123289078,945.3605783992066,1634.5626466071124,945.0520824879318,-14.208498714623342,-12.732784110176153,-14.20605921701864,18303.766323008826,0.0,0.1939561738508999,2.059930667412065,2234285.585289076,599.4148528223552
38900.0,4528741.756330439,32926.89198767582,4528711.557703739,943.946818706655,1633.3011365537297,943.6385645225535,-14.06722713510855,-12.49828136102893,-14.064831925934872,18303.766323008826,0.0,0.1939561738508999,2.059930667412065,2234285.585289076,599.4148528223552
39000.0,4528836.080907673,33090.15999433729,4528805.851467458,942.5470280139781,1632.0628197694787,942.2390111767628,-13.929104392883715,-12.268895720521082,-13.926752505366911,18303.766323008826,0.0,0.1939561738508999,2.059930667412065,2234285.585289076,599.4148528223552
39100.0,4528930.266191309,33253.30530789068,4528900.005961099,941.1608956873177,1630.8471913697344,940.8531119120892,-13.794045960939012,-12.044491416748718,-13.791736453961494,18303.766323008826,0.0,0.1939561738508999,2.059930667412065,2234285.585289076,599.4148528223552
39200.0,4529024.313532,33416.330172488466,4528994.022534891,939.7881194062717,1629.653759824202,939.4805645009943,-13.661970078560834,-11.824937105259096,-13.659702035824886,18303.766323008826,0.0,0.1939561738508999,2.059930667412065,2234285.585289076,599.4148528223552
39300.0,4529118.224250572,33579.23678377966,4529087.902509244,938.4284048927589,1628.4820465229618,938.1210747558194,-13.532797642298064,-11.610105694607126,-13.530570171522083,18303.766323008826,0.0,0.1939561738508999,2.059930667412065,2234285.585289076,599.4148528223552
39400.0,4529211.999638811,33742.02729018087,4529181.64717554,937.0814656505328,1627.3315853595518,936.7743562683778,-13.406452101985757,-11.399874180006096,-13.404264334131978,18303.766323008826,0.0,0.1939561738508999,2.059930667412065,2234285.585289076,599.4148528223552
39500.0,4529305.640960235,33904.70379410646,4529275.2577969,935.7470227148524,1626.2019223303005,935.4401301597009,-13.28285936152822,-11.19412348459154,-13.28071045006042,18303.766323008826,0.0,0.1939561738508999,2.059930667412065,2234285.585289076,599.4148528223552
39600.0,4529399.149450832,34067.26835315947,4529368.735608922,934.4248044118456,1625.0926151491672,934.118124839475,-13.161947684229194,-10.992738307963814,-13.159836804398992,18303.766323008826,0.0,0.1939561738508999,2.059930667412065,2234285.585289076,599.4148528223552
39700.0,4529492.526319776,34229.7229812847,4529462.0818204,933.1145461271237,1624.0032328773812,932.8080757747257,-13.043647602393401,-10.795606981563052,-13.041573950553946,18303.766323008826,0.0,0.1939561738508999,2.059930667412065,2234285.585289076,599.4148528223552
39800.0,4529585.772750123,34392.06964988557,4529555.297614019,931.8159900832306,1622.9333555672156,931.509725267334,-12.927891831009473,-10.602621330576666,-12.925854623955168,18303.766323008826,0.0,0.1939561738508999,2.059930667412065,2234285.585289076,599.4148528223552
39900.0,4529678.889899487,34554.310288905916,4529648.3841470275,930.5288851255292,1621.882573919261,930.222822239988,-12.814615185273901,-10.413676541990885,-12.812613659605116,18303.766323008826,0.0,0.1939561738508999,2.059930667412065,2234285.585289076,599.4148528223552
40000.0,4529771.878900684,34716.44678787827,4529741.342551886,929.2529865161501,1620.8504889525946,928.9471220301934,-12.703754501794222,-10.22867103853207,-12.701787913305784,18303.766323008826,0.0,0.1939561738508999,2.059930667412065,2234285.585289076,599.4148528223552
40100.0,4529864.740862375,34878.48099693971,4529834.173936904,927.9880557356462,1619.8367116872791,927.6823861919887,-12.595248563244333,-10.047506358129024,-12.593316186336834,18303.766323008826,0.0,0.1939561738508999,2.059930667412065,2234285.585289076,599.4148528223552
40200.0,4529957.476869668,35040.414727816584,4529926.879386849,926.7338602920139,1618.840862838647,926.4283823050235,-12.489038026335784,-9.870087038683602,-12.487139153448638,18303.766323008826,0.0,0.1939561738508999,2.059930667412065,2234285.585289076,599.4148528223552
40300.0,4530050.087984716,35202.24975477923,4530019.459963537,925.4901735367606,1617.8625725228544,925.1848837906823,-12.385065352911118,-9.696320507835585,-12.383199293976457,18303.766323008826,0.0,0.1939561738508999,2.059930667412065,2234285.585289076,599.4148528223552
40400.0,4530142.5752472915,35363.98781556777,4530111.916706414,924.2567744877119,1616.9014799732215,923.9516697349446,-12.283274744014555,-9.526116977491752,-12.281440825931067,18303.766323008826,0.0,0.1939561738508999,2.059930667412065,2234285.585289076,599.4148528223552
40500.0,4530234.939675347,35525.63061229009,4530204.25063311,923.0334476582693,1615.957233266888,922.7285247176951,-12.183612076794766,-9.35938934288698,-12.181809642920607,18303.766323008826,0.0,0.1939561738508999,2.059930667412065,2234285.585289076,599.4148528223552
40600.0,4530327.182265552,35687.17981229297,4530296.462739982,921.8199828928422,1615.0294890613477,921.5152386482048,-12.086024844093759,-9.19605308594296,-12.084253253757716,18303.766323008826,0.0,0.1939561738508999,2.059930667412065,2234285.585289076,599.4148528223552
40700.0,4530419.303993821,35848.63704900732,4530388.554002634,920.6161752081919,1614.1179123404406,920.3116066065234,-11.99046209659535,-9.036026182722575,-11.988720724625502,18303.766323008826,0.0,0.1939561738508999,2.059930667412065,2234285.585289076,599.4148528223552
40800.0,4530511.305815823,36010.00392276851,4530480.525376434,919.4218246404381,1613.2221761694032,919.1174286905318,-11.896874387406903,-8.87922901477769,-11.895162623676036,18303.766323008826,0.0,0.1939561738508999,2.059930667412065,2234285.585289076,599.4148528223552
40900.0,4530603.188667476,36171.28200161265,4530572.377797003,918.2367360974907,1612.341961458596,917.9325098684187,-11.805213718958573,-8.725584284205235,-11.803530967945637,18303.766323008826,0.0,0.1939561738508999,2.059930667412065,2234285.585289076,599.4148528223552
41000.0,4530694.953465425,36332.472822049574,4530664.112180695,917.0607192166799,1611.4769567355497,916.7566598363537,-11.715433492106007,-8.575016932228714,-11.713779172472984,18303.766323008826,0.0,0.1939561738508999,2.059930667412065,2234285.585289076,599.4148528223552
41100.0,4530786.60110751,36493.577889813554,4530755.729425066,915.8935882273709,1610.6268579249825,915.5896928811438,-11.6274884573331,-8.42745406113988,-11.625862001516602,18303.766323008826,0.0,0.1939561738508999,2.059930667412065,2234285.585289076,599.4148528223552
41200.0,4530878.132473217,36654.5986805923,4530847.230409325,914.7351618183568,1609.7913681364616,914.4314277476664,-11.54133466795621,-8.282824859442893,-11.53973552177323,18303.766323008826,0.0,0.1939561738508999,2.059930667412065,2234285.585289076,599.4148528223552
41300.0,4530969.548424121,36815.53664073517,4530938.615994773,913.5852630098358,1608.9701974593975,913.2816875108845,-11.456929435235523,-8.141060530050119,-11.455357057502745,18303.766323008826,0.0,0.1939561738508999,2.059930667412065,2234285.585289076,599.4148528223552
41400.0,4531060.849804308,36976.39318794115,4531029.887025228,912.4437190297846,1608.1630627650713,912.1402994522587,-11.37423128530257,-8.002094221383627,-11.372685147468736,18303.766323008826,0.0,0.1939561738508999,2.059930667412065,2234285.585289076,599.4148528223552
41500.0,4531152.037440794,37137.16971192747,4531121.0443274425,911.3103611945527,1607.369687515413,911.0070949403769,-11.293199917822946,-7.8658609612532615,-11.291679503613665,18303.766323008826,0.0,0.1939561738508999,2.059930667412065,2234285.585289076,599.4148528223552
41600.0,4531243.1121439235,37297.867575079355,4531212.088711507,910.185024793507,1606.5898015782584,909.881909315634,-11.213796166304476,-7.732297593366441,-11.21230097137908,18303.766323008826,0.0,0.1939561738508999,2.059930667412065,2234285.585289076,599.4148528223552
41700.0,4531334.074707767,37458.48811308166,4531303.020971237,909.0675489775653,1605.823141048827,908.7645817787989,-11.135981959995565,-7.601342716384093,-11.134511491615449,18303.766323008826,0.0,0.1939561738508999,2.059930667412065,2234285.585289076,599.4148528223552
41800.0,4531424.925910497,37619.032635532894,4531393.841884559,907.957776651465,1605.0694480771745,907.6549552833163,-11.059720287273048,-7.472936625357446,-11.058274063981095,18303.766323008826,0.0,0.1939561738508999,2.059930667412065,2234285.585289076,599.4148528223552
41900.0,4531515.666514761,37779.502426542356,4531484.5522138765,906.8555543696207,1604.3284707013847,906.5528764311953,-10.984975160479816,-7.3470212554863625,-10.983552711790452,18303.766323008826,0.0,0.1939561738508999,2.059930667412065,2234285.585289076,599.4148528223552
42000.0,4531606.297268038,37939.89874531081,4531575.152706433,905.7607322354279,1603.5999626862754,905.4581953723439,-10.911711582127332,-7.223540128060298,-10.910312448226781,18303.766323008826,0.0,0.1939561738508999,2.059930667412065,2234285.585289076,599.4148528223552
42100.0,4531696.818902993,38100.22282669532,4531665.644094659,904.6731638038814,1602.8836833674043,904.3707657072168,-10.839895512408784,-7.10243829849623,-10.838519243865155,18303.766323008826,0.0,0.1939561738508999,2.059930667412065,2234285.585289076,599.4148528223552
42200.0,4531787.232137814,38260.47588175871,4531756.027096515,903.5927059873791,1602.1793975001706,903.2904443926478,-10.769493837969398,-6.9836623063886725,-10.768139995452218,18303.766323008826,0.0,0.1939561738508999,2.059930667412065,2234285.585289076,599.4148528223552
42300.0,4531877.537676546,38420.65909830427,4531846.302415819,902.5192189645882,1601.486875113815,902.2170916507434,-10.700474341865421,-6.86716012746016,-10.699142495874227,18303.766323008826,0.0,0.1939561738508999,2.059930667412065,2234285.585289076,599.4148528223552
42400.0,4531967.736209408,38580.77364139598,4531936.470742573,901.452566092258,1600.8058913701318,901.1505708807225,-10.632805674675081,-6.752881127356081,-10.63149540527677,18303.766323008826,0.0,0.1939561738508999,2.059930667412065,2234285.585289076,599.4148528223552
42500.0,4532057.828413114,38740.8206538649,4532026.532753273,900.3926138198669,1600.136226426715,900.0907485735889,-10.56645732669982,-6.640776017183085,-10.56516822327438,18303.766323008826,0.0,0.1939561738508999,2.059930667412065,2234285.585289076,599.4148528223552
42600.0,4532147.81495117,38900.80125680214,4532116.489111216,899.3392316069958,1599.4776653045642,899.0374942295302,-10.5013996012078,-6.5307968107143815,-10.500131262202142,18303.766323008826,0.0,0.1939561738508999,2.059930667412065,2234285.585289076,599.4148528223552
42700.0,4532237.69647418,39060.716550038676,4532206.340466795,898.2922918433273,1598.8299977598906,897.990680277941,-10.437603588687443,-6.42289678321234,-10.43635562137701,18303.766323008826,0.0,0.1939561738508999,2.059930667412065,2234285.585289076,599.4148528223552
42800.0,4532327.473620125,39220.567612612715,4532296.08745779,897.2516697711715,1598.1930181599637,896.950181999972,-10.375041142050273,-6.3170304317683,-10.373813162308137,18303.766323008826,0.0,0.1939561738508999,2.059930667412065,2234285.585289076,599.4148528223552
42900.0,4532417.147014654,39380.3555032247,4532385.730709649,896.2172434104242,1597.5665253628488,895.9158774535113,-10.31368485275621,-6.213153437119067,-10.312476484829402,18303.766323008826,0.0,0.1939561738508999,2.059930667412065,2234285.585289076,599.4148528223552
43000.0,4532506.717271351,39540.081260680556,4532475.27083576,895.18889348587,1596.9503226008942,894.887647400509,-10.253508027815895,-6.11122262686617,-10.252318904108664,18303.766323008826,0.0,0.1939561738508999,2.059930667412065,2234285.585289076,599.4148528223552
43100.0,4532596.184992007,39699.74590432343,4532564.708437721,894.1665033567417,1596.3442173678266,893.8653752365583,-10.194484667630086,-6.01119594003364,-10.193314428493881,18303.766323008826,0.0,0.1939561738508999,2.059930667412065,2234285.585289076,599.4148528223552
43200.0,4532685.550766876,39859.35043445433,4532654.044105599,893.149958948455,1595.748021309327,892.8489469226511,-10.13658944464016,-5.913032392924189,-10.135437738170044,18303.766323008826,0.0,0.1939561738508999,2.059930667412065,2234285.585289076,599.4148528223552
43300.0,4532774.815174932,40018.89583274203,4532743.27841818,892.1391486864404,1595.161550116959,891.8382509190294,-10.079797682745788,-5.816692046201831,-10.078664164583078,18303.766323008826,0.0,0.1939561738508999,2.059930667412065,2234285.585289076,599.4148528223552
43400.0,4532863.97878411,40178.38306262243,4532832.41194322,891.1339634319951,1594.5846234253283,890.833178121057,-10.024085337467493,-5.72213597316694,-10.022969670608404,18303.766323008826,0.0,0.1939561738508999,2.059930667412065,2234285.585289076,599.4148528223552
43500.0,4532953.042151556,40337.813069687865,4532921.445237683,890.1342964200833,1594.0170647123587,889.8336217970384,-9.969428976810256,-5.629326229151307,-9.968330831420317,18303.766323008826,0.0,0.1939561738508999,2.059930667412065,2234285.585289076,599.4148528223552
43600.0,4533042.005823852,40497.186782066616,4533010.378847978,889.1400431990158,1593.4587012025722,888.8394775279171,-9.915805762817001,-5.53822582201839,-9.914724816051056,18303.766323008826,0.0,0.1939561738508999,2.059930667412065,2234285.585289076,599.4148528223552
43700.0,4533130.870337247,40656.5051107928,4533099.213310182,888.1511015719419,1592.9093637732692,887.8506431487845,-9.863193433766382,-5.4487986836928615,-9.862129369593964,18303.766323008826,0.0,0.1939561738508999,2.059930667412065,2234285.585289076,599.4148528223552
43800.0,4533219.636217883,40815.76895016711,4533187.949150269,887.1673715400891,1592.3688868635027,886.8670186921375,-9.811570287000245,-5.361009642697954,-9.810522796036144,18303.766323008826,0.0,0.1939561738508999,2.059930667412065,2234285.585289076,599.4148528223552
43900.0,4533308.30398201,40974.979178108544,4533276.586884321,886.1887552476907,1591.8371083857512,885.8885063328227,-9.760915162349198,-5.274824397649129,-9.759883941689035,18303.766323008826,0.0,0.1939561738508999,2.059930667412065,2234285.585289076,599.4148528223552
44000.0,4533396.8741361955,41134.13665649742,4533365.127018744,885.215156928541,1591.3138696401975,884.9150103346074,-9.711207426137257,-5.1902094916744845,-9.710192179197898,18303.766323008826,0.0,0.1939561738508999,2.059930667412065,2234285.585289076,599.4148528223552
44100.0,4533485.347177534,41293.24223151001,4533453.570050473,884.2464828541234,1590.799015231518,883.9464369983237,-9.662426955736052,-5.107132287713427,-9.661427392100684,18303.766323008826,0.0,0.1939561738508999,2.059930667412065,2234285.585289076,599.4148528223552
44200.0,4533573.723593847,41452.29673394488,4533541.916467173,883.2826412832552,1590.2923929881022,882.9826946115286,-9.614554124653424,-5.025560944670726,-9.613569959921138,18303.766323008826,0.0,0.1939561738508999,2.059930667412065,2234285.585289076,599.4148528223552
44300.0,4533662.003863879,41611.300979541345,4533630.166747432,882.3235424131982,1589.7938538836133,882.0236933996292,-9.567569788129425,-4.945464394381543,-9.566600743769156,18303.766323008826,0.0,0.1939561738508999,2.059930667412065,2234285.585289076,599.4148528223552
44400.0,4533750.188457487,41770.255769290176,4533718.32136096,881.3690983321853,1589.3032519608153,881.0693454784241,-9.521455269224399,-4.866812319363863,-9.52050107243307,18303.766323008826,0.0,0.1939561738508999,2.059930667412065,2234285.585289076,599.4148528223552
44500.0,4533838.277835833,41929.16188973678,4533806.380768767,880.4192229733144,1588.8204442575845,880.1195648080106,-9.47619234537748,-4.789575131323174,-9.475252728942204,18303.766323008826,0.0,0.1939561738508999,2.059930667412065,2234285.585289076,599.4148528223552
44600.0,4533926.272451561,42088.020113277096,4533894.345423352,879.4738320697635,1588.3452907350363,879.1742671480145,-9.431763235414666,-4.713723950375611,-9.430837937578877,18303.766323008826,0.0,0.1939561738508999,2.059930667412065,2234285.585289076,599.4148528223552
44700.0,4534014.172748976,42246.83119844643,4533982.215768878,878.5328431112837,1587.8776542076928,878.2333700140947,-9.388150586997181,-4.6392305849762145,-9.387239351330562,18303.766323008826,0.0,0.1939561738508999,2.059930667412065,2234285.585289076,599.4148528223552
44800.0,4534101.979164219,42405.59589020137,4534069.992241344,877.5961753019253,1587.4174002756254,877.2967926356839,-9.345337464483178,-4.566067512507283,-9.344440039755245,18303.766323008826,0.0,0.1939561738508999,2.059930667412065,2234285.585289076,599.4148528223552
44900.0,4534189.692125435,42564.314920195044,4534157.675268758,876.663749518959,1586.964397258505,876.3644559149207,-9.303307337194314,-4.49420786051472,-9.302423477251565,18303.766323008826,0.0,0.1939561738508999,2.059930667412065,2234285.585289076,599.4148528223552
45000.0,4534277.312052938,42722.98900704582,4534245.265271299,875.7354882729489,1586.5185161314987,875.4362823867359,-9.262044068067667,-4.423625388560281,-9.261173531714148,18303.766323008826,0.0,0.1939561738508999,2.059930667412065,2234285.585289076,599.4148528223552
45100.0,4534364.839359375,42881.61885659978,4534332.762661478,874.8113156689442,1586.0796304629505,874.5121961800551,-9.2215319026803,-4.354294470669851,-9.220674453561486,18303.766323008826,0.0,0.1939561738508999,2.059930667412065,2234285.585289076,599.4148528223552
45200.0,4534452.274449879,43040.20516218696,4534420.167844299,873.8911573687476,1585.6476163537882,873.5921229800791,-9.18175545863191,-4.286190078354274,-9.1809108651218,18303.766323008826,0.0,0.1939561738508999,2.059930667412065,2234285.585289076,599.4148528223552
45300.0,4534539.617722229,43198.74860487166,4534507.481217412,872.9749405542303,1585.2223523786008,872.6759899916101,-9.142699715271863,-4.219287764180866,-9.141867750363181,18303.766323008826,0.0,0.1939561738508999,2.059930667412065,2234285.585289076,599.4148528223552
45400.0,4534626.869566993,43357.249853696914,4534594.70317126,872.0625938916569,1584.8037195283327,871.7637259033867,-9.104350003759322,-4.153563645877773,-9.103530444956725,18303.766323008826,0.0,0.1939561738508999,2.059930667412065,2234285.585289076,599.4148528223552
45500.0,4534714.030367681,43515.70956592335,4534681.834089226,871.1540474969876,1584.3916011545405,870.8552608533975,-9.066691997438326,-4.088994390941033,-9.065884626654498,18303.766323008826,0.0,0.1939561738508999,2.059930667412065,2234285.585289076,599.4148528223552
45600.0,4534801.100500884,43674.12838726252,4534768.874347782,870.2492329021283,1583.9858829151653,869.9505263951407,-9.029711702527432,-4.025557201745999,-9.028916305982035,18303.766323008826,0.0,0.1939561738508999,2.059930667412065,2234285.585289076,599.4148528223552
45700.0,4534888.080336416,43832.50695210487,4534855.824316621,869.3480830220963,1583.58645272177,869.0494554648009,-8.993395449098035,-3.963229801118768,-8.992611817219341,18303.766323008826,0.0,0.1939561738508999,2.059930667412065,2234285.585289076,599.4148528223552
45800.0,4534974.970237453,43990.84588374256,4534942.6843588,868.4505321230741,1583.1932006881955,868.151982349311,-8.957729882343568,-3.901990418373786,-8.956957809672751,18303.766323008826,0.0,0.1939561738508999,2.059930667412065,2234285.585289076,599.4148528223552
45900.0,4535061.770560659,44149.14579458713,4535029.45483087,867.5565157913225,1582.8060190805927,867.2580426552759,-8.92270195412208,-3.8418177757882535,-8.921941239220082,18303.766323008826,0.0,0.1939561738508999,2.059930667412065,2234285.585289076,599.4148528223552
46000.0,4535148.481656324,44307.40728638235,4535116.136083007,866.6659709029253,1582.424802268784,866.3675732787262,-8.888298914761878,-3.7826910754965843,-8.887549360118712,18303.766323008826,0.0,0.1939561738508999,2.059930667412065,2234285.585289076,599.4148528223552
46100.0,4535235.10386849,44465.63095041217,4535202.72845914,865.7788355943422,1582.0494466789166,865.4805123756798,-8.85450830512567,-3.7245899867988204,-8.853769717072149,18303.766323008826,0.0,0.1939561738508999,2.059930667412065,2234285.585289076,599.4148528223552
46200.0,4535321.637535073,44623.817367704025,4535289.232297076,864.8950492337411,1581.6798507473632,864.5967993334831,-8.821317948917846,-3.6674946338571295,-8.820590137539636,18303.766323008826,0.0,0.1939561738508999,2.059930667412065,2234285.585289076,599.4148528223552
46300.0,4535408.082987986,44781.96710922765,4535375.647928621,864.0145523930889,1581.3159148758352,863.7163747429101,-8.788715945232138,-3.6113855837770434,-8.78799872428605,18303.766323008826,0.0,0.1939561738508999,2.059930667412065,2234285.585289076,599.4148528223552
46400.0,4535494.440553258,44940.08073608937,4535461.9756796975,863.1372868209756,1580.9575413876696,862.8391803709952,-8.756690661326319,-3.556243835051357,-8.755983848158792,18303.766323008826,0.0,0.1939561738508999,2.059930667412065,2234285.585289076,599.4148528223552
46500.0,4535580.710551154,45098.15879972216,4535548.215870464,862.2631954161501,1580.6046344852527,861.9651591345763,-8.725230725618294,-3.5020508063579254,-8.724534141086004,18303.766323008826,0.0,0.1939561738508999,2.059930667412065,2234285.585289076,599.4148528223552
46600.0,4535666.89329628,45256.20184207145,4535634.368815429,861.3922222017453,1580.2571002085479,861.0942550745283,-8.69432502089526,-3.4487883256980796,-8.693638489287768,18303.766323008826,0.0,0.1939561738508999,2.059930667412065,2234285.585289076,599.4148528223552
46700.0,4535752.989097703,45414.21039577686,4535720.434823555,860.524312300172,1579.9148463946924,860.2264133306646,-8.66396267772875,-3.396438619864137,-8.663286026693143,18303.766323008826,0.0,0.1939561738508999,2.059930667412065,2234285.585289076,599.4148528223552
46800.0,4535838.998259055,45572.18498434994,4535806.414198377,859.6594119086617,1579.5777826386318,859.3615801172873,-8.634133068087538,-3.3449843042230696,-8.633466128555012,18303.766323008826,0.0,0.1939561738508999,2.059930667412065,2234285.585289076,599.4148528223552
46900.0,4535924.921078642,45730.126122347996,4535892.307238103,858.797468275438,1579.24582025476,858.4997026993656,-8.604825799142814,-3.294408372807591,-8.604168405257115,18303.766323008826,0.0,0.1939561738508999,2.059930667412065,2234285.585289076,599.4148528223552
47000.0,4536010.757849543,45888.034315544224,4535978.114235718,857.9384296764983,1578.9188722395365,857.6407293693247,-8.57603070725889,-3.244694188703923,-8.57538269630658,18303.766323008826,0.0,0.1939561738508999,2.059930667412065,2234285.585289076,599.4148528223552
47100.0,4536096.508859719,46045.91006109403,4536063.835479088,857.082245392988,1578.5968532350491,856.7846094244272,-8.547737852158756,-3.1958254747181667,-8.547099064501236,18303.766323008826,0.0,0.1939561738508999,2.059930667412065,2234285.585289076,599.4148528223552
47200.0,4536182.174392106,46203.753847697815,4536149.471251057,856.2288656891484,1578.2796794934975,855.9312931447272,-8.519937511268559,-3.14778630433006,-8.51930779027581,18303.766323008826,0.0,0.1939561738508999,2.059930667412065,2234285.585289076,599.4148528223552
47300.0,4536267.754724716,46361.56615576028,4536235.021829546,855.3782417908227,1577.9672688425667,855.0807317715833,-8.492620174222276,-3.100561092901301,-8.491999366208258,18303.766323008826,0.0,0.1939561738508999,2.059930667412065,2234285.585289076,599.4148528223552
47400.0,4536353.250130729,46519.34745754624,4536320.487487647,854.5303258645032,1577.6595406516683,854.2328774867116,-8.465776537531296,-3.0541345891483007,-8.465164491690961,18303.766323008826,0.0,0.1939561738508999,2.059930667412065,2234285.585289076,599.4148528223552
47500.0,4536438.660878589,46677.09821733317,4536405.868493715,853.6850709969034,1577.3564157990202,853.3876833917648,-8.43939749940759,-3.008491866859941,-8.438794067755447,18303.766323008826,0.0,0.1939561738508999,2.059930667412065,2234285.585289076,599.4148528223552
47600.0,4536523.987232096,46834.81889156048,4536491.1651114635,852.8424311750406,1577.0578166395437,852.5451034884202,-8.413474154738616,-2.963618316858098,-8.412879192048834,18303.766323008826,0.0,0.1939561738508999,2.059930667412065,2234285.585289076,599.4148528223552
47700.0,4536609.2294504875,46992.50992897557,4536576.377600048,852.0023612668135,1576.7636669735532,851.7050926589636,-8.38799779020601,-2.919499639187659,-8.387411153953991,18303.766323008826,0.0,0.1939561738508999,2.059930667412065,2234285.585289076,599.4148528223552
47800.0,4536694.387788536,47150.17177077689,4536661.506214155,851.1648170020612,1576.4738920162138,850.8676066473538,-8.36295987954598,-2.876121835533141,-8.362381429851352,18303.766323008826,0.0,0.1939561738508999,2.059930667412065,2234285.585289076,599.4148528223552
47900.0,4536779.462496627,47307.8048507539,4536746.551204089,850.3297549540887,1576.188418367748,850.0326020407539,-8.338352078944405,-2.8334712018504216,-8.33778167851543,18303.766323008826,0.0,0.1939561738508999,2.059930667412065,2234285.585289076,599.4148528223552
48000.0,4536864.453820846,47465.409595424106,4536831.512815855,849.4971325216467,1575.9071739843687,849.2000362515168,-8.314166222563,-2.7915343212077213,-8.313603736642312,18303.766323008826,0.0,0.1939561738508999,2.059930667412065,2234285.585289076,599.4148528223552
48100.0,4536949.362003058,47622.98642416727,4536916.391291239,848.6669079113528,1575.6300881499167,848.3698674996114,-8.290394318195101,-2.750298056834379,-8.289839614506782,18303.766323008826,0.0,0.1939561738508999,2.059930667412065,2234285.585289076,599.4148528223552
48200.0,4537034.187280988,47780.53574935675,4537001.186867889,847.8390401205402,1575.3570914481843,847.5420547954761,-8.267028543040057,-2.7097495453580884,-8.266481491737958,18303.766323008826,0.0,0.1939561738508999,2.059930667412065,2234285.585289076,599.4148528223552
48300.0,4537118.929888301,47938.05797648816,4537085.8997793915,847.0134889205231,1575.0881157359056,846.7165579232908,-8.244061239600764,-2.669876190239892,-8.243521713218106,18303.766323008826,0.0,0.1939561738508999,2.059930667412065,2234285.585289076,599.4148528223552
48400.0,4537203.590054675,48095.55350430533,4537170.530255351,846.1902148402671,1574.8230941163936,845.8933374246507,-8.221484911691588,-2.6306656553844756,-8.220952785091743,18303.766323008826,0.0,0.1939561738508999,2.059930667412065,2234285.585289076,599.4148528223552
48500.0,4537288.168005881,48253.02272492368,4537255.078521464,845.3691791504529,1574.561960913808,845.0723545826355,-8.19929222056289,-2.5921058589379395,-8.198767370891343,18303.766323008826,0.0,0.1939561738508999,2.059930667412065,2234285.585289076,599.4148528223552
48600.0,4537372.663963851,48410.46602395103,4537339.54479959,844.5503438479217,1574.3046516480342,844.25357140626,-8.17747598112814,-2.5541849672483004,-8.176958287765585,18303.766323008826,0.0,0.1939561738508999,2.059930667412065,2234285.585289076,599.4148528223552
48700.0,4537457.078146753,48567.88378060595,4537423.929307824,843.7336716404935,1574.0511030101577,843.4369506152963,-8.156029158298814,-2.5168913889989852,-8.15551850281537,18303.766323008826,0.0,0.1939561738508999,2.059930667412065,2234285.585289076,599.4148528223552
48800.0,4537541.410769061,48725.27636783371,4537508.232260572,842.9191259321465,1573.8012528385177,842.6224556254576,-8.134944863418207,-2.480213769499854,-8.134441129528717,18303.766323008826,0.0,0.1939561738508999,2.059930667412065,2234285.585289076,599.4148528223552
48900.0,4537625.662041624,48882.64415241974,4537592.453868612,842.1066708085473,1573.5550400953225,841.810050533934,-8.114216350794582,-2.444140985137264,-8.113719424314935,18303.766323008826,0.0,0.1939561738508999,2.059930667412065,2234285.585289076,599.4148528223552
49000.0,4537709.832171733,49039.987495101,4537676.594339167,841.2962710229248,1573.312404843814,840.9997001052694,-8.093837014327336,-2.4086621379723336,-8.093346783131835,18303.766323008826,0.0,0.1939561738508999,2.059930667412065,2234285.585289076,599.4148528223552
49100.0,4537793.921363186,49197.306750674834,4537760.653875968,840.4878919822754,1573.0732882259638,840.1913697575716,-8.07380038422599,-2.3737665504877636,-8.073316738205705,18303.766323008826,0.0,0.1939561738508999,2.059930667412065,2234285.585289076,599.4148528223552
49200.0,4537877.929816355,49354.602268105846,4537844.632679322,839.6814997338923,1572.8376324406872,839.3850255490455,-8.05410012381785,-2.339443760476199,-8.053622954839934,18303.766323008826,0.0,0.1939561738508999,2.059930667412065,2234285.585289076,599.4148528223552
49300.0,4537961.8577282475,49511.87439063047,4537928.530946171,838.8770609522102,1572.6053807225633,838.5806341648419,-8.034730026441146,-2.305683516065023,-8.03425922830909,18303.766323008826,0.0,0.1939561738508999,2.059930667412065,2234285.585289076,599.4148528223552
49400.0,4538045.7052925695,49669.12345585953,4538012.348870158,838.0745429259553,1572.3764773210435,837.7781629042114,-8.015684012421975,-2.272475770875099,-8.015219480836796,18303.766323008826,0.0,0.1939561738508999,2.059930667412065,2234285.585289076,599.4148528223552
49500.0,4538129.472699787,49826.34979587868,4538096.086641685,837.2739135455948,1572.1508674801391,836.9775796679581,-7.996956126132624,-2.2398106793095645,-7.996497758654912,18303.766323008826,0.0,0.1939561738508999,2.059930667412065,2234285.585289076,599.4148528223552
49600.0,4538213.160137182,49983.55373734688,4538179.7444479745,836.4751412910764,1571.9284974185746,836.1788529461819,-7.978540533126605,-2.2076785919648256,-7.978088229139455,18303.766323008826,0.0,0.1939561738508999,2.059930667412065,2234285.585289076,599.4148528223552
49700.0,4538296.767788917,50140.73560159288,4538263.322473126,835.6781952198494,1571.7093143103905,835.3819518063044,-7.960431517351633,-2.1760700511664823,-7.959985178024433,18303.766323008826,0.0,0.1939561738508999,2.059930667412065,2234285.585289076,599.4148528223552
49800.0,4538380.295836085,50297.895704709816,4538346.820898175,834.8830449551623,1571.493266265991,834.5868458813692,-7.9426234784344425,-2.144975786619519,-7.942183006687454,18303.766323008826,0.0,0.1939561738508999,2.059930667412065,2234285.585289076,599.4148528223552
49900.0,4538463.744456773,50455.0343576479,4538430.239901149,834.0896606746272,1571.280302313617,833.7935053586103,-7.925110929038033,-2.114386711174483,-7.924676229507802,18303.766323008826,0.0,0.1939561738508999,2.059930667412065,2234285.585289076,599.4148528223552
50000.0,4538547.113826109,50612.151866305314,4538513.579657118,833.2980130990459,1571.0703723812398,833.0019009682815,-7.907888492288304,-2.0842939167044365,-7.907459471293821,18303.766323008826,0.0,0.1939561738508999,2.059930667412065,2234285.585289076,599.4148528223552
50100.0,4538630.404116323,50769.24853161728,4538596.840338255,832.5080734814889,1570.86342727886,832.2120039727386,-7.890950899266748,-2.0546886700871987,-7.890527464776401,18303.766323008826,0.0,0.1939561738508999,2.059930667412065,2234285.585289076,599.4148528223552
50200.0,4538713.615496796,50926.3246496434,4538680.022113885,831.7198135966228,1570.659418681203,831.4237861557702,-7.874292986568992,-2.0255624092928546,-7.873875048168224,18303.766323008826,0.0,0.1939561738508999,2.059930667412065,2234285.585289076,599.4148528223552
50300.0,4538796.748134109,51083.380511653275,4538763.125150535,830.9332057302785,1570.458299110803,830.6372198121693,-7.857909693927563,-1.996906739574134,-7.857497162787276,18303.766323008826,0.0,0.1939561738508999,2.059930667412065,2234285.585289076,599.4148528223552
50400.0,4538879.802192101,51240.41640421047,4538846.149611989,830.1482226692533,1570.260021921459,829.852277737538,-7.841796061893147,-1.9687134297494453,-7.841388850738795,18303.766323008826,0.0,0.1939561738508999,2.059930667412065,2234285.585289076,599.4148528223552
50500.0,4538962.777831912,51397.43260925479,4538929.095659334,829.3648376913432,1570.064541282061,829.0689332183232,-7.825947229578298,-1.9409744085863947,-7.8255452526596745,18303.766323008826,0.0,0.1939561738508999,2.059930667412065,2234285.585289076,599.4148528223552
50600.0,4539045.675212034,51554.429404183065,4539011.96345101,828.5830245555962,1569.871812160773,828.2871600220732,-7.810358432457782,-1.9136817612754178,-7.809961605519452,18303.766323008826,0.0,0.1939561738508999,2.059930667412065,2234285.585289076,599.4148528223552
50700.0,4539128.4944883585,51711.40706192822,4539094.753142857,827.802757492785,1569.6817903095614,827.5069323879122,-7.795025000223916,-1.8868277259910373,-7.794633240476326,18303.766323008826,0.0,0.1939561738508999,2.059930667412065,2234285.585289076,599.4148528223552
50800.0,4539211.235814224,51868.36585103696,4539177.464888163,827.0240111960886,1569.4944322490664,826.7282250172267,-7.7799423546980915,-1.8604046905431866,-7.779555580789294,18303.766323008826,0.0,0.1939561738508999,2.059930667412065,2234285.585289076,599.4148528223552
50900.0,4539293.899340461,52025.30603574585,4539260.098837707,826.2467608119832,1569.3096952538017,825.951013064557,-7.765106007794382,-1.8344051891115623,-7.764724139782377,18303.766323008826,0.0,0.1939561738508999,2.059930667412065,2234285.585289076,599.4148528223552
51000.0,4539376.485215436,52182.22787605602,4539342.655139809,825.4709819313316,1569.1275373376777,825.1752721286907,-7.750511559533684,-1.8088218990604616,-7.750134518859376,18303.766323008826,0.0,0.1939561738508999,2.059930667412065,2234285.585289076,599.4148528223552
51100.0,4539458.993585098,52339.131627806346,4539425.133940367,824.6966505806699,1568.9479172398385,824.400978243952,-7.736154696109146,-1.7836476378358683,-7.7357824055698705,18303.766323008826,0.0,0.1939561738508999,2.059930667412065,2234285.585289076,599.4148528223552
51200.0,4539541.424593017,52496.017542745314,4539507.535382907,823.9237432136854,1568.7707944108063,823.6281078716813,-7.722031187999082,-1.7588753599381295,-7.721663571722718,18303.766323008826,0.0,0.1939561738508999,2.059930667412065,2234285.585289076,599.4148528223552
51300.0,4539623.778380435,52652.885868601465,4539589.85960862,823.1522367028798,1568.5961289989236,822.8566378919026,-7.7081368881264885,-1.7344981539689561,-7.7077738715461175,18303.766323008826,0.0,0.1939561738508999,2.059930667412065,2234285.585289076,599.4148528223552
51400.0,4539706.055086296,52809.736849152505,4539672.106756408,822.3821083314155,1568.4238818370882,822.0865455951703,-7.694467730065706,-1.7105092397540411,-7.6941092398948285,18303.766323008826,0.0,0.1939561738508999,2.059930667412065,2234285.585289076,599.4148528223552
51500.0,4539788.254847296,52966.57072429312,4539754.276962918,821.6133357851377,1568.254014429771,821.3178086745955,-7.6810197262919155,-1.686901965533717,-7.680665690500181,18303.766323008826,0.0,0.1939561738508999,2.059930667412065,2234285.585289076,599.4148528223552
51600.0,4539870.3777979165,53123.38773010149,4539836.370362591,820.8458971447707,1568.0864889403128,820.5504052180437,-7.667788966474729,-1.663669805224232,-7.6674393142641994,18303.766323008826,0.0,0.1939561738508999,2.059930667412065,2234285.585289076,599.4148528223552
51700.0,4539952.42407047,53280.18809890455,4539918.3870876925,820.0797708782814,1567.921268178491,819.7843137005009,-7.6547716158127,-1.640806355744136,-7.654426277594609,18303.766323008826,0.0,0.1939561738508999,2.059930667412065,2234285.585289076,599.4148528223552
51800.0,4540034.393795133,53436.97205934204,4540000.327268356,819.3149358334083,1567.758315588349,819.019512976605,-7.6419639134101445,-1.6183053344086193,-7.641622820782153,18303.766323008826,0.0,0.1939561738508999,2.059930667412065,2234285.585289076,599.4148528223552
51900.0,4540116.2870999845,53593.73983642931,4540082.191032621,818.5513712303505,1567.597595236286,818.2559822733368,-7.629362170691507,-1.5961605763832447,-7.629025256415438,18303.766323008826,0.0,0.1939561738508999,2.059930667412065,2234285.585289076,599.4148528223552
52000.0,4540198.104111046,53750.49165161898,4540163.9785064645,817.7890566546129,1567.4390717993954,817.493701182868,-7.616962769856362,-1.5743660322031823,-7.616629967836405,18303.766323008826,0.0,0.1939561738508999,2.059930667412065,2234285.585289076,599.4148528223552
52100.0,4540279.844952313,53907.227722861426,4540245.689813843,817.027972050005,1567.2827105540498,816.7326496555612,-7.604762162369873,-1.552915765348479,-7.60443340763125,18303.766323008826,0.0,0.1939561738508999,2.059930667412065,2234285.585289076,599.4148528223552
52200.0,4540361.509745797,54063.948264664185,4540327.325076724,816.268097711788,1567.1284773647258,815.9728079931199,-7.592756867491123,-1.531803949880224,-7.5924320961591905,18303.766323008826,0.0,0.1939561738508999,2.059930667412065,2234285.585289076,599.4148528223552
52300.0,4540443.098611552,54220.65348815017,4540408.884415125,815.5094142799671,1566.9763386730606,815.2141568418829,-7.580943470835781,-1.511024868131254,-7.580622620115578,18303.766323008826,0.0,0.1939561738508999,2.059930667412065,2234285.585289076,599.4148528223552
52400.0,4540524.611667716,54377.34360111488,4540490.367947142,814.7519027327273,1566.826261487139,814.4566771862611,-7.569318622973858,-1.49057290845308,-7.569001631130086,18303.766323008826,0.0,0.1939561738508999,2.059930667412065,2234285.585289076,599.4148528223552
52500.0,4540606.049030539,54534.0188080825,4540571.775788988,813.9955443800056,1566.6782133710014,813.7003503423133,-7.557879038060711,-1.470442563015787,-7.557565844398108,18303.766323008826,0.0,0.1939561738508999,2.059930667412065,2234285.585289076,599.4148528223552
52600.0,4540687.410814419,54690.67931036099,4540653.108055024,813.2403208572003,1566.5321624343703,812.9451579514558,-7.5466214925003055,-1.450628425659461,-7.546312037344451,18303.766323008826,0.0,0.1939561738508999,2.059930667412065,2234285.585289076,599.4148528223552
52700.0,4540768.697131936,54847.32530609614,4540734.364857792,812.4862141190112,1566.388077322588,812.1910819743057,-7.535542823640968,-1.431125189797591,-7.535237048319466,18303.766323008826,0.0,0.1939561738508999,2.059930667412065,2234285.585289076,599.4148528223552
52800.0,4540849.908093878,55003.95699032466,4540815.5463080425,811.7332064334091,1566.2459272067626,811.4381046846519,-7.524639928500928,-1.4119276463678636,-7.524337775324983,18303.766323008826,0.0,0.1939561738508999,2.059930667412065,2234285.585289076,599.4148528223552
52900.0,4540931.043809277,55160.574555026236,4540896.652514771,810.9812803757319,1566.1056817741155,810.6862086635524,-7.513909762524706,-1.3930306818323859,-7.513611174771079,18303.766323008826,0.0,0.1939561738508999,2.059930667412065,2234285.585289076,599.4148528223552
53000.0,4541012.1043854365,55317.178189174694,4540977.683585246,810.230418822902,1565.9673112185276,809.9353767935546,-7.503349338367898,-1.3744292762230599,-7.50305426026123,18303.766323008826,0.0,0.1939561738508999,2.059930667412065,2234285.585289076,599.4148528223552
53100.0,4541093.089927964,55473.768078788205,4541058.63962504,809.4806049477655,1565.8307862312772,809.1855922530355,-7.4929557247114005,-1.356118501234236,-7.492664101406899,18303.766323008826,0.0,0.1939561738508999,2.059930667412065,2234285.585289076,599.4148528223552
53200.0,4541174.000540798,55630.34440697855,4541139.520738056,808.7318222135475,1565.6960779919687,808.4368385106587,-7.482726045102367,-1.3380935183578035,-7.482437822668837,18303.766323008826,0.0,0.1939561738508999,2.059930667412065,2234285.585289076,599.4148528223552
53300.0,4541254.836326236,55786.90735399951,4541220.32702656,807.9840543684223,1565.5631581596429,807.6890993199468,-7.47265747682247,-1.3203495770620295,-7.472372602225706,18303.766323008826,0.0,0.1939561738508999,2.059930667412065,2234285.585289076,599.4148528223552
53400.0,4541335.597384968,55943.45709729439,4541301.058591206,807.2372854401955,1565.4319988640696,806.9423587139645,-7.462747249782287,-1.302882013012014,-7.4624656708687755,18303.766323008826,0.0,0.1939561738508999,2.059930667412065,2234285.585289076,599.4148528223552
53500.0,4541416.283816097,56099.99381154265,4541381.715531065,806.4914997310952,1565.3025726972146,806.196601000112,-7.452992645441384,-1.2856862463313254,-7.45271431092236,18303.766323008826,0.0,0.1939561738508999,2.059930667412065,2234285.585289076,599.4148528223552
53600.0,4541496.895717173,56256.517668705696,4541462.2979436545,805.7466818126704,1565.1748527048794,805.4518107550244,-7.443390995753026,-1.268757779902825,-7.443115855188836,18303.766323008826,0.0,0.1939561738508999,2.059930667412065,2234285.585289076,599.4148528223552
53700.0,4541577.433184213,56413.02883807188,4541542.8059249595,805.0028165207929,1565.048812378509,804.707972819576,-7.43393968213342,-1.2520921977088306,-7.433667685918201,18303.766323008826,0.0,0.1939561738508999,2.059930667412065,2234285.585289076,599.4148528223552
53800.0,4541657.896311734,56569.527486300634,4541623.239569465,804.2598889507618,1564.9244256471625,803.9650722939853,-7.4246361344538165,-1.2356851632075474,-7.424367233800483,18303.766323008826,0.0,0.1939561738508999,2.059930667412065,2234285.585289076,599.4148528223552
53900.0,4541738.285192772,56726.01377746585,4541703.598970177,803.5178844525078,1564.8016668696457,803.223094533021,-7.415477830056549,-1.2195324177480134,-7.415211976982081,18303.766323008826,0.0,0.1939561738508999,2.059930667412065,2234285.585289076,599.4148528223552
54000.0,4541818.599918913,56882.48787309847,4541783.88421865,802.7767886258936,1564.6805108268,802.4820251413049,-7.4064622927927015,-1.2036297790194035,-7.406199440103725,18303.766323008826,0.0,0.1939561738508999,2.059930667412065,2234285.585289076,599.4148528223552
54100.0,4541898.840580314,57038.94993222831,4541864.095405011,802.0365873161107,1564.5609327139437,801.741849968709,-7.397587092081803,-1.187973139535572,-7.397327193360453,18303.766323008826,0.0,0.1939561738508999,2.059930667412065,2234285.585289076,599.4148528223552
54200.0,4541979.00726573,57195.400111425115,4541944.232617986,801.2972666091688,1564.4429081334645,801.0025551058462,-7.388849841993044,-1.1725584651540357,-7.388592851583112,18303.766323008826,0.0,0.1939561738508999,2.059930667412065,2234285.585289076,599.4148528223552
54300.0,4542059.100062533,57351.83856483894,4542024.29594492,800.5588128274754,1564.3264130875577,800.2641268796525,-7.380248200346597,-1.1573817936269681,-7.379994073339954,18303.766323008826,0.0,0.1939561738508999,2.059930667412065,2234285.585289076,599.4148528223552
54400.0,4542139.119056744,57508.26544423974,4542104.285471802,799.8212125255054,1564.2114239711082,799.5265518490565,-7.3717798678355475,-1.1424392331851678,-7.371528560058825,18303.766323008826,0.0,0.1939561738508999,2.059930667412065,2234285.585289076,599.4148528223552
54500.0,4542219.064333047,57664.68089905631,4542184.201283289,799.0844524855564,1564.097917564711,798.7898168007372,-7.363442587167411,-1.1277269611533558,-7.3631940551689485,18303.766323008826,0.0,0.1939561738508999,2.059930667412065,2234285.585289076,599.4148528223552
54600.0,4542298.935974817,57821.085076414485,4542264.043462728,798.3485197135898,1563.9858710278309,798.0539087449654,-7.355234142224751,-1.1132412225959918,-7.354988343261811,18303.766323008826,0.0,0.1939561738508999,2.059930667412065,2234285.585289076,599.4148528223552
54700.0,4542378.734064139,57977.47812117474,4542343.8120921785,797.613401435154,1563.8752618920944,797.3188149115289,-7.347152357244301,-1.098978328992521,-7.346909249270515,18303.766323008826,0.0,0.1939561738508999,2.059930667412065,2234285.585289076,599.4148528223552
54800.0,4542458.458681835,58133.86017596902,4542423.507252432,796.8790850913896,1563.7660680547137,796.5845227457387,-7.339195096014735,-1.0849346569426657,-7.338954637667803,18303.766323008826,0.0,0.1939561738508999,2.059930667412065,2234285.585289076,599.4148528223552
54900.0,4542538.109907477,58290.23138123702,4542503.129023038,796.1455583351137,1563.6582677720376,795.8510199045144,-7.33136026109161,-1.0711066468988832,-7.331122411681246,18303.766323008826,0.0,0.1939561738508999,2.059930667412065,2234285.585289076,599.4148528223552
55000.0,4542617.687819417,58446.59187526174,4542582.677482319,795.4128090269813,1563.5518396532289,795.1182942525469,-7.323645793030067,-1.0574908019274327,-7.323410512526167,18303.766323008826,0.0,0.1939561738508999,2.059930667412065,2234285.585289076,599.4148528223552
55100.0,4542697.192494799,58602.94179420451,4542662.152707397,794.6808252317235,1563.4467626540636,794.3863338585377,-7.316049669634465,-1.0440836864964258,-7.315816918655511,18303.766323008826,0.0,0.1939561738508999,2.059930667412065,2234285.585289076,599.4148528223552
55200.0,4542776.624009589,58759.28127213929,4542741.554774208,793.9495952144589,1563.3430160708504,793.6551269915117,-7.308569905223767,-1.0308819252889578,-7.308339645025452,18303.766323008826,0.0,0.1939561738508999,2.059930667412065,2234285.585289076,599.4148528223552
55300.0,4542855.982438584,58915.61044108646,4542820.883757528,793.2191074370786,1563.2405795344673,792.9246621172031,-7.30120454991386,-1.0178822020434524,-7.300976742377933,18303.766323008826,0.0,0.1939561738508999,2.059930667412065,2234285.585289076,599.4148528223552
55400.0,4542935.267855439,59071.92943104595,4542900.139730986,792.4893505547016,1563.1394330045134,792.1949278945117,-7.293951688915198,-1.0050812584184996,-7.293726296538531,18303.766323008826,0.0,0.1939561738508999,2.059930667412065,2234285.585289076,599.4148528223552
55500.0,4543014.480332686,59228.23837002988,4542979.32276709,791.7603134121997,1563.0395567635721,791.4659131720294,-7.28680944184531,-0.9924758928812765,-7.28658642772916,18303.766323008826,0.0,0.1939561738508999,2.059930667412065,2234285.585289076,599.4148528223552
55600.0,4543093.619941747,59384.537384094525,4543058.432937238,791.0319850407909,1562.9409314115849,790.7376069846343,-7.279775962056693,-0.980062959620749,-7.279555289896179,18303.766323008826,0.0,0.1939561738508999,2.059930667412065,2234285.585289076,599.4148528223552
55700.0,4543172.686752959,59540.82659737179,4543137.470311745,790.3043546546985,1562.8435378603328,790.009998550151,-7.272849435979484,-0.9678393674845432,-7.272631070053268,18303.766323008826,0.0,0.1939561738508999,2.059930667412065,2234285.585289076,599.4148528223552
55800.0,4543251.68083559,59697.10613210014,4543216.434959853,789.5774116478757,1562.747357328023,789.2830772660759,-7.266028082477282,-0.9558020789365727,-7.265811987637434,18303.766323008826,0.0,0.1939561738508999,2.059930667412065,2234285.585289076,599.4148528223552
55900.0,4543330.602257853,59853.376108654935,4543295.326949756,788.8511455907941,1562.6523713339777,788.5568327063673,-7.259310152217986,-0.9439481090390105,-7.259096293880057,18303.766323008826,0.0,0.1939561738508999,2.059930667412065,2234285.585289076,599.4148528223552
56000.0,4543409.451086931,60009.63664557832,4543374.1463486105,788.125546227294,1562.5585616934243,787.8312546182962,-7.252693927057288,-0.9322745244542571,-7.252482271190563,18303.766323008826,0.0,0.1939561738508999,2.059930667412065,2234285.585289076,599.4148528223552
56100.0,4543488.227388985,60165.88785960854,4543452.893222559,787.4006034714959,1562.465910512385,787.1063329193587,-7.246177719435986,-0.9207784424691818,-7.245968232553919,18303.766323008826,0.0,0.1939561738508999,2.059930667412065,2234285.585289076,599.4148528223552
56200.0,4543566.931229181,60322.12986570878,4543531.567636743,786.6763074047716,1562.3744001826626,786.3820576942486,-7.239759871789569,-0.9094570300388612,-7.239552520940404,18303.766323008826,0.0,0.1939561738508999,2.059930667412065,2234285.585289076,599.4148528223552
56300.0,4543645.562671697,60478.36277709549,4543610.169655322,785.9526482727738,1562.2840133769191,785.6584191918873,-7.2334387559707025,-0.8983075028510283,-7.233233508728275,18303.766323008826,0.0,0.1939561738508999,2.059930667412065,2234285.585289076,599.4148528223552
56400.0,4543724.121779746,60634.586705266214,4543688.699341486,785.2296164825225,1562.1947330438497,784.9354078225117,-7.227212772683947,-0.8873271244100851,-7.227009597138639,18303.766323008826,0.0,0.1939561738508999,2.059930667412065,2234285.585289076,599.4148528223552
56500.0,4543802.60861559,60790.80176002698,4543767.156757477,784.507202599548,1562.106542403446,784.2130141548174,-7.221080350932538,-0.876513205140471,-7.220879215682431,18303.766323008826,0.0,0.1939561738508999,2.059930667412065,2234285.585289076,599.4148528223552
56600.0,4543881.023240554,60947.00804951919,4543845.541964598,783.7853973450879,1562.0194249423473,783.4912289131572,-7.215039947476251,-0.8658631015075711,-7.214840821618425,18303.766323008826,0.0,0.1939561738508999,2.059930667412065,2234285.585289076,599.4148528223552
56700.0,4543959.365715043,61103.20568024603,4543923.855023236,783.0641915933379,1561.933364409281,782.7700429747925,-7.209090046301757,-0.8553742151589201,-7.208892899423757,18303.766323008826,0.0,0.1939561738508999,2.059930667412065,2234285.585289076,599.4148528223552
56800.0,4544037.636098557,61259.394757098504,4544002.095992871,782.3435763687556,1561.848344810585,782.0494473671981,-7.20322915810288,-0.8450439920809597,-7.203033960274341,18303.766323008826,0.0,0.1939561738508999,2.059930667412065,2234285.585289076,599.4148528223552
56900.0,4544115.834449707,61415.57538338093,4544080.264932092,781.6235428434151,1561.764350405817,781.3294332654173,-7.197455819772975,-0.834869921775466,-7.197262541537406,18303.766323008826,0.0,0.1939561738508999,2.059930667412065,2234285.585289076,599.4148528223552
57000.0,4544193.9608262265,61571.747660836074,4544158.361898617,780.9040823344118,1561.681365703441,780.6099919894677,-7.191768593906618,-0.824849536450604,-7.191577206273337,18303.766323008826,0.0,0.1939561738508999,2.059930667412065,2234285.585289076,599.4148528223552
57100.0,4544272.01528499,61727.9116896698,4544236.386949299,780.1851863013171,1561.5993754565995,779.8911150017971,-7.186166068312715,-0.814980410230491,-7.185976542748929,18303.766323008826,0.0,0.1939561738508999,2.059930667412065,2234285.585289076,599.4148528223552
57200.0,4544349.9978820225,61884.067568575374,4544314.340140146,779.4668463436806,1561.518364658958,779.1727939047854,-7.1806468555375975,-0.8052601583807433,-7.180459163960638,18303.766323008826,0.0,0.1939561738508999,2.059930667412065,2234285.585289076,599.4148528223552
57300.0,4544427.908672519,62040.21539475725,4544392.221526334,778.7490541985799,1561.4383185406307,778.4550204382966,-7.175209592397201,-0.795686436548348,-7.175023707166893,18303.766323008826,0.0,0.1939561738508999,2.059930667412065,2234285.585289076,599.4148528223552
57400.0,4544505.747710852,62196.35526395458,4544470.031162217,778.0318017382167,1561.3592225641787,777.7377864772744,-7.169852939520091,-0.7862569400192164,-7.16966883343127,18303.766323008826,0.0,0.1939561738508999,2.059930667412065,2234285.585289076,599.4148528223552
57500.0,4544583.515050589,62352.48727046421,4544547.769101346,777.3150809675578,1561.2810624206834,777.021084029385,-7.164575580898939,-0.7769694029890313,-7.164393227174103,18303.766323008826,0.0,0.1939561738508999,2.059930667412065,2234285.585289076,599.4148528223552
57600.0,4544661.210744506,62508.61150716337,4544625.435396478,776.5988840220211,1561.2038240258903,776.3049052327025,-7.159376223451778,-0.767821597849872,-7.159195595733872,18303.766323008826,0.0,0.1939561738508999,2.059930667412065,2234285.585289076,599.4148528223552
57700.0,4544738.834844597,62664.728065531934,4544703.030099589,775.8832031652042,1561.1274935164256,775.5892423534397,-7.154253596592319,-0.7588113344914019,-7.154074668937655,18303.766323008826,0.0,0.1939561738508999,2.059930667412065,2234285.585289076,599.4148528223552
57800.0,4544816.387402088,62820.83703567433,4544780.553261892,775.1680307866561,1561.0520572460803,774.8740877837196,-7.149206451808514,-0.7499364596151115,-7.14902919867982,18303.766323008826,0.0,0.1939561738508999,2.059930667412065,2234285.585289076,599.4148528223552
57900.0,4544893.868467454,62976.938506341074,4544858.004933841,774.4533593996905,1560.977501782162,774.1594340393896,-7.144233562250537,-0.7411948560638885,-7.144057958510132,18303.766323008826,0.0,0.1939561738508999,2.059930667412065,2234285.585289076,599.4148528223552
58000.0,4544971.278090423,63133.032564949935,4544935.385165148,773.73918163924,1560.9038139019153,773.4452737578763,-7.139333722326451,-0.7325844421636699,-7.13915974322954,18303.766323008826,0.0,0.1939561738508999,2.059930667412065,2234285.585289076,599.4148528223552
58100.0,4545048.616319994,63289.119297606754,4545012.694004799,773.0254902597497,1560.8309805890044,772.7315996960801,-7.134505747306451,-0.7241031710789871,-7.134333368494553,18303.766323008826,0.0,0.1939561738508999,2.059930667412065,2234285.585289076,599.4148528223552
58200.0,4545125.88320445,63445.19878912593,4545089.931501057,772.3122781331112,1560.7589890300617,772.0184047283093,-7.129748472935289,-0.7157490301816565,-7.129577670429772,18303.766323008826,0.0,0.1939561738508999,2.059930667412065,2234285.585289076,599.4148528223552
58300.0,4545203.078791362,63601.2711230505,4545167.097701481,771.5995382466335,1560.6878266112976,771.3056818442519,-7.125060755052142,-0.7075200404312751,-7.124891505247881,18303.766323008826,0.0,0.1939561738508999,2.059930667412065,2234285.585289076,599.4148528223552
58400.0,4545280.2031276105,63757.336381672,4545244.192652932,770.8872637010526,1560.6174809151728,770.5934241469861,-7.120441469218481,-0.6994142557686611,-7.120273748877631,18303.766323008826,0.0,0.1939561738508999,2.059930667412065,2234285.585289076,599.4148528223552
58500.0,4545357.256259387,63913.39464604987,4545321.21640159,770.1754477085773,1560.5479397171298,769.8816248510263,-7.115889510353498,-0.6914297625214318,-7.11572329659938,18303.766323008826,0.0,0.1939561738508999,2.059930667412065,2234285.585289076,599.4148528223552
58600.0,4545434.238232214,64069.44599603061,4545398.16899296,769.4640835909717,1560.479190982383,769.1702772804067,-7.111403792376531,-0.6835646788206777,-7.111239062687623,18303.766323008826,0.0,0.1939561738508999,2.059930667412065,2234285.585289076,599.4148528223552
58700.0,4545511.1490909485,64225.4905102666,4545475.050471885,768.7531647776724,1560.4112228627673,768.4593748667984,-7.106983247856839,-0.6758171540295612,-7.106819980060882,18303.766323008826,0.0,0.1939561738508999,2.059930667412065,2234285.585289076,599.4148528223552
58800.0,4545587.988879797,64381.5282662346,4545551.860882557,768.0426848039411,1560.3440236936435,767.7489111476631,-7.102626827670667,-0.668185368183594,-7.102464999938869,18303.766323008826,0.0,0.1939561738508999,2.059930667412065,2234285.585289076,599.4148528223552
58900.0,4545664.757642325,64537.55934025396,4545628.600268526,767.3326373090506,1560.277581990858,767.0388797644393,-7.098333500664818,-0.6606675314413365,-7.098173091506166,18303.766323008826,0.0,0.1939561738508999,2.059930667412065,2234285.585289076,599.4148528223552
59000.0,4545741.455421466,64693.58380750452,4545705.268672712,766.623016034504,1560.2118864477573,766.3292744607629,-7.0941022533269855,-0.6532618835459287,-7.093943241582663,18303.766323008826,0.0,0.1939561738508999,2.059930667412065,2234285.585289076,599.4148528223552
59100.0,4545818.082259534,64849.60174204419,4545781.866137415,765.9138148222871,1560.1469259322569,765.6200890807191,-7.089932089462832,-0.6459666932975228,-7.089774454300729,18303.766323008826,0.0,0.1939561738508999,2.059930667412065,2234285.585289076,599.4148528223552
59200.0,4545894.63819823,65005.61321682631,4545858.392704324,765.2050276131528,1560.0826894839606,764.9113175671278,-7.085822029879286,-0.6387802580356369,-7.085665750788614,18303.766323008826,0.0,0.1939561738508999,2.059930667412065,2234285.585289076,599.4148528223552
59300.0,4545971.123278658,65161.61830371661,4545934.848414525,764.4966484449358,1560.019166311333,764.202953959859,-7.081771112074306,-0.6317009031319462,-7.081616168860299,18303.766323008826,0.0,0.1939561738508999,2.059930667412065,2234285.585289076,599.4148528223552
59400.0,4546047.537541325,65317.617073510024,4546011.233308517,763.7886714508993,1559.9563457889203,763.4949923941798,-7.077778389932545,-0.6247269814925115,-7.077624762711265,18303.766323008826,0.0,0.1939561738508999,2.059930667412065,2234285.585289076,599.4148528223552
59500.0,4546123.881026161,65473.60959594711,4546087.5474262135,763.0810908581112,1559.8942174546216,762.7874270991312,-7.073842933427368,-0.6178568730702968,-7.073690602620595,18303.766323008826,0.0,0.1939561738508999,2.059930667412065,2234285.585289076,599.4148528223552
59600.0,4546200.153772521,65629.5959397303,4546163.790806957,762.3739009858498,1559.8327710070087,762.0802523959342,-7.069963828328371,-0.6110889843864151,-7.0698127746585895,18303.766323008826,0.0,0.1939561738508999,2.059930667412065,2234285.585289076,599.4148528223552
59700.0,4546276.3558191955,65785.57617253975,4546239.963489526,761.6670962440386,1559.7719963026923,761.3734626964251,-7.0661401759149065,-0.6044217480611287,-7.065990380400375,18303.766323008826,0.0,0.1939561738508999,2.059930667412065,2234285.585289076,599.4148528223552
59800.0,4546352.487204423,65941.55036104913,4546316.065512146,760.9606711317093,1559.7118833537354,760.6670525015195,-7.062371092695084,-0.5978536223536037,-7.062222536644998,18303.766323008826,0.0,0.1939561738508999,2.059930667412065,2234285.585289076,599.4148528223552
59900.0,4546428.547965895,66097.51857094096,4546392.096912496,760.254620235493,1559.652422325112,759.961016399703,-7.0586557101304575,-0.5913830907108273,-7.058508375140183,18303.766323008826,0.0,0.1939561738508999,2.059930667412065,2234285.585289076,599.4148528223552
60000.0,4546504.538140766,66253.4808669218,4546468.057727718,759.5489382281382,1559.5936035322102,759.2553490655505,-7.054993174365915,-0.5850086613249066,-7.05484704231233,18303.766323008826,0.0,0.1939561738508999,2.059930667412065,2234285.585289076,599.4148528223552
60100.0,4546580.457765662,66409.43731273717,4546543.947994426,758.8436198670558,1559.53541743838,758.5500452582713,-7.051382645964882,-0.5787288666988877,-7.051237699001779,18303.766323008826,0.0,0.1939561738508999,2.059930667412065,2234285.585289076,599.4148528223552
60200.0,4546656.306876689,66565.38797118621,4546619.767748714,758.1386599928902,1559.477854652523,757.8450998202809,-7.047823299649773,-0.572542263221026,-7.0476795202033475,18303.766323008826,0.0,0.1939561738508999,2.059930667412065,2234285.585289076,599.4148528223552
60300.0,4546732.085509441,66721.33290413614,4546695.517026166,757.4340535281164,1559.4209059267262,757.140507675798,-7.0443143240473,-0.5664474307469052,-7.044171694811729,18303.766323008826,0.0,0.1939561738508999,2.059930667412065,2234285.585289076,599.4148528223552
60400.0,4546807.793699008,66877.27217253645,4546771.19586186,756.7297954756616,1559.3645621539333,756.4362638294674,-7.0408549214390215,-0.5604429721899671,-7.040713425372099,18303.766323008826,0.0,0.1939561738508999,2.059930667412065,2234285.585289076,599.4148528223552
60500.0,4546883.431479986,67033.20583643288,4546846.8042903785,756.0258809175527,1559.3088143656616,755.7323633650071,-7.037444307516482,-0.5545275131194445,-7.037303927835345,18303.766323008826,0.0,0.1939561738508999,2.059930667412065,2234285.585289076,599.4148528223552
60600.0,4546958.99888648,67189.13395498114,4546922.342345818,755.3223050135869,1559.253653729755,755.0288014438798,-7.034081711141036,-0.5486997013658168,-7.033942431317967,18303.766323008826,0.0,0.1939561738508999,2.059930667412065,2234285.585289076,599.4148528223552
60700.0,4547034.495952118,67345.05658646046,4546997.810061794,754.6190630000264,1559.1990715481768,754.3255733039879,-7.030766374108503,-0.542958206634071,-7.030628177866789,18303.766323008826,0.0,0.1939561738508999,2.059930667412065,2234285.585289076,599.4148528223552
60800.0,4547109.922710054,67500.97378828686,4547073.207471449,753.9161501883168,1559.1450592548426,753.6226742583923,-7.027497550918408,-0.5373017201243926,-7.027360422228295,18303.766323008826,0.0,0.1939561738508999,2.059930667412065,2234285.585289076,599.4148528223552
60900.0,4547185.279192976,67656.88561702632,4547148.534607462,753.2135619638282,1559.0916084134888,752.9200996940539,-7.024274508547246,-0.5317289541592272,-7.0241384316219415,18303.766323008826,0.0,0.1939561738508999,2.059930667412065,2234285.585289076,599.4148528223552
61000.0,4547260.565433115,67812.79212840751,4547223.791502052,752.5112937846183,1559.038710715578,752.217845070597,-7.021096526226607,-0.5262386418183056,-7.020961485518363,18303.766323008826,0.0,0.1939561738508999,2.059930667412065,2234285.585289076,599.4148528223552
61100.0,4547335.781462251,67968.69337733461,4547298.978186991,751.8093411802179,1558.9863579782425,751.5159059190956,-7.017962895225136,-0.5208295365797547,-7.017828875421405,18303.766323008826,0.0,0.1939561738508999,2.059930667412065,2234285.585289076,599.4148528223552
61200.0,4547410.927311723,68124.5894178997,4547374.094693605,751.1076997504382,1558.9345421422615,750.8142778408805,-7.014872918634983,-0.5155004119685327,-7.0147399046546255,18303.766323008826,0.0,0.1939561738508999,2.059930667412065,2234285.585289076,599.4148528223552
61300.0,4547486.00301243,68280.48030339502,4547449.1410527835,750.4063651641987,1558.8832552700737,750.1129565063678,-7.011825911162131,-0.5102500612110521,-7.011693888151695,18303.766323008826,0.0,0.1939561738508999,2.059930667412065,2234285.585289076,599.4148528223552
61400.0,4547561.008594842,68436.36608632507,4547524.117294989,749.7053331583763,1558.8324895438243,749.4119376539085,-7.008821198920703,-0.5050772968962554,-7.008690152250775,18303.766323008826,0.0,0.1939561738508999,2.059930667412065,2234285.585289076,599.4148528223552
61500.0,4547635.944089008,68592.24681841848,4547599.023450257,749.0045995366743,1558.7822372634453,748.7112170886577,-7.005858119231337,-0.49998095064325776,-7.005728034492945,18303.766323008826,0.0,0.1939561738508999,2.059930667412065,2234285.585289076,599.4148528223552
61600.0,4547710.809524558,68748.12255063966,4547673.859548211,748.3041601685119,1558.7324908447686,748.0107906814648,-7.002936020423391,-0.49495987277520087,-7.002806883424476,18303.766323008826,0.0,0.1939561738508999,2.059930667412065,2234285.585289076,599.4148528223552
61700.0,4547785.604930714,68903.99333320033,4547748.625618063,747.6040109879332,1558.6832428176726,747.3106543677823,-7.000054261640508,-0.49001293199841767,-6.999926058402449,18303.766323008826,0.0,0.1939561738508999,2.059930667412065,2234285.585289076,599.4148528223552
61800.0,4547860.330336294,69059.85921557083,4547823.321688621,746.904147992535,1558.6344858242585,746.6108041465943,-6.997212212650513,-0.48513901508878476,-6.997084929404724,18303.766323008826,0.0,0.1939561738508999,2.059930667412065,2234285.585289076,599.4148528223552
61900.0,4547934.98576972,69215.72024649124,4547897.947788297,746.2045672424139,1558.5862126170596,745.9112360793641,-6.994409253658273,-0.480337026582665,-6.994282876842838,18303.766323008826,0.0,0.1939561738508999,2.059930667412065,2234285.585289076,599.4148528223552
62000.0,4548009.571259021,69371.57647398234,4547972.503945112,745.5052648591319,1558.5384160572798,745.2119462889997,-6.991644775122472,-0.4756058884743186,-6.991519291378859,18303.766323008826,0.0,0.1939561738508999,2.059930667412065,2234285.585289076,599.4148528223552
62100.0,4548084.086831843,69527.4279453564,4548046.990186703,744.8062370247001,1558.4910891130637,744.5129309588376,-6.988918177575762,-0.470944539918703,-6.988793573745582,18303.766323008826,0.0,0.1939561738508999,2.059930667412065,2234285.585289076,599.4148528223552
62200.0,4548158.532515451,69683.27470722777,4548121.406540328,744.1074799805796,1558.444224857794,743.8141863316454,-6.986228871448171,-0.4663519369395729,-6.986105134569994,18303.766323008826,0.0,0.1939561738508999,2.059930667412065,2234285.585289076,599.4148528223552
62300.0,4548232.908336741,69839.11680552334,4548195.75303287,743.4089900267012,1558.39781646842,743.11570870864,-6.983576276893921,-0.4618270521430544,-6.983453394200136,18303.766323008826,0.0,0.1939561738508999,2.059930667412065,2234285.585289076,599.4148528223552
62400.0,4548307.214322238,69994.9542854928,4548270.029690848,742.7107635205011,1558.3518572238124,742.417494448525,-6.980959823621531,-0.45736887443658136,-6.980837782535285,18303.766323008826,0.0,0.1939561738508999,2.059930667412065,2234285.585289076,599.4148528223552
62500.0,4548381.450498107,70150.78719171876,4548344.236540418,742.0127968759739,1558.3063405031482,741.7195399665429,-6.978378950727002,-0.4529764087528024,-6.978257738859162,18303.766323008826,0.0,0.1939561738508999,2.059930667412065,2234285.585289076,599.4148528223552
62600.0,4548455.616890158,70306.61556812668,4548418.373607382,741.315086562742,1558.261259784321,741.0218417335461,-6.975833106530037,-0.4486486757783445,-6.975712711676219,18303.766323008826,0.0,0.1939561738508999,2.059930667412065,2234285.585289076,599.4148528223552
62700.0,4548529.713523848,70462.43945799471,4548492.44091719,740.6176291051412,1558.216608642379,740.3243962750818,-6.973321748413733,-0.44438471168834265,-6.973202158551384,18303.766323008826,0.0,0.1939561738508999,2.059930667412065,2234285.585289076,599.4148528223552
62800.0,4548603.740424293,70618.25890396327,4548566.438494949,739.9204210813227,1558.1723807479893,739.6272001704941,-6.970844342666584,-0.4401835678845164,-6.970725545952103,18303.766323008826,0.0,0.1939561738508999,2.059930667412065,2234285.585289076,599.4148528223552
62900.0,4548677.697616267,70774.07394804459,4548640.366365423,739.22345912237,1558.1285698659287,738.9302500520422,-6.968400364328149,-0.43604431073937694,-6.968282349094055,18303.766323008826,0.0,0.1939561738508999,2.059930667412065,2234285.585289076,599.4148528223552
63000.0,4548751.5851242095,70929.884631632,4548714.224553048,738.526739911431,1558.0851698535982,738.2335426040323,-6.965989297036883,-0.43196602134378076,-6.965872051789053,18303.766323008826,0.0,0.1939561738508999,2.059930667412065,2234285.585289076,599.4148528223552
63100.0,4548825.402972232,71085.69099550914,4548788.013081924,737.8302601828667,1558.0421746595644,737.5370745619659,-6.963610632881393,-0.42794779526014204,-6.9634941462963145,18303.766323008826,0.0,0.1939561738508999,2.059930667412065,2234285.585289076,599.4148528223552
63200.0,4548899.151184121,71241.493079859,4548861.731975833,737.1340167214123,1557.9995783221239,736.8408427117024,-6.9612638722540465,-0.4239887422794103,-6.961148133176142,18303.766323008826,0.0,0.1939561738508999,2.059930667412065,2234285.585289076,599.4148528223552
63300.0,4548972.829783346,71397.29092427288,4548935.381258234,736.4380063613548,1557.9573749678932,736.144843888636,-6.958948523707452,-0.4200879861827185,-6.958833521146427,18303.766323008826,0.0,0.1939561738508999,2.059930667412065,2234285.585289076,599.4148528223552
63400.0,4549046.438793059,71553.08456775903,4549008.9609522745,735.7422259857238,1557.9155588104206,735.4490749768872,-6.956664103813536,-0.41624466450724945,-6.956549826941796,18303.766323008826,0.0,0.1939561738508999,2.059930667412065,2234285.585289076,599.4148528223552
63500.0,4549119.978236107,71708.87404875137,4549082.471080791,735.0466725254967,1557.8741241488226,734.7535329085079,-6.954410137025284,-0.41245792831640654,-6.954296575175369,18303.766323008826,0.0,0.1939561738508999,2.059930667412065,2234285.585289076,599.4148528223552
63600.0,4549193.448135028,71864.65940511799,4549155.911666317,734.3513429588166,1557.8330653664425,734.0582146627003,-6.952186155540902,-0.4087269419739414,-6.952073298202989,18303.766323008826,0.0,0.1939561738508999,2.059930667412065,2234285.585289076,599.4148528223552
63700.0,4549266.848512063,72020.4406741694,4549229.282731085,733.6562343102258,1557.7923769295314,733.3631172650497,-6.9499916991704955,-0.4050508829221278,-6.949879535989913,18303.766323008826,0.0,0.1939561738508999,2.059930667412065,2234285.585289076,599.4148528223552
63800.0,4549340.179389156,72176.21789266689,4549302.584297034,732.9613436499101,1557.7520533859515,732.6682377867699,-6.947826315205408,-0.40142894146432856,-6.947714835980227,18303.766323008826,0.0,0.1939561738508999,2.059930667412065,2234285.585289076,599.4148528223552
63900.0,4549413.440787963,72331.99109683053,4549375.81638581,732.2666680929573,1557.7120893639,731.9735733439613,-6.945689558289603,-0.3978603205507873,-6.9455787529682365,18303.766323008826,0.0,0.1939561738508999,2.059930667412065,2234285.585289076,599.4148528223552
64000.0,4549486.63272985,72487.7603223472,4549448.979018776,731.5722047986288,1557.6724795706564,731.279121096883,-6.9435809902936105,-0.39434423556866494,-6.943470848972474,18303.766323008826,0.0,0.1939561738508999,2.059930667412065,2234285.585289076,599.4148528223552
64100.0,4549559.755235904,72643.52560437836,4549522.07221701,730.8779509696427,1557.6332187913472,730.5848782492362,-6.941500180190769,-0.39087991413577783,-6.941390693111964,18303.766323008826,0.0,0.1939561738508999,2.059930667412065,2234285.585289076,599.4148528223552
64200.0,4549632.8083269335,72799.28697756788,4549595.096001314,730.1839038514695,1557.594301887735,729.8908420474601,-6.9394467039357295,-0.3874665958980254,-6.939337861484783,18303.766323008826,0.0,0.1939561738508999,2.059930667412065,2234285.585289076,599.4148528223552
64300.0,4549705.792023474,72955.04447604957,4549668.050392217,729.4900607316404,1557.555723797024,729.1970097800399,-6.937420144345003,-0.38410353233010747,-6.937311937048622,18303.766323008826,0.0,0.1939561738508999,2.059930667412065,2234285.585289076,599.4148528223552
64400.0,4549778.706345791,73110.79813345468,4549740.935409979,728.7964189390665,1557.5174795306882,728.5033787768275,-6.935420090979896,-0.3807899865402008,-6.935312509503787,18303.766323008826,0.0,0.1939561738508999,2.059930667412065,2234285.585289076,599.4148528223552
64500.0,4549851.5513138855,73266.54798291925,4549813.7510745935,728.1029758433706,1557.4795641733167,727.809946408372,-6.933446140031473,-0.3775252330778427,-6.93333917517817,18303.766323008826,0.0,0.1939561738508999,2.059930667412065,2234285.585289076,599.4148528223552
64600.0,4549924.326947497,73422.29405709142,4549886.497405795,727.4097288542293,1557.4419728814798,727.1167100852631,-6.931497894207534,-0.3743085577451837,-6.931391536914284,18303.766323008826,0.0,0.1939561738508999,2.059930667412065,2234285.585289076,599.4148528223552
64700.0,4549997.0332661085,73578.03638813854,4549959.17442306,726.7166754207276,1557.4047008826124,726.4236672574854,-6.929574962621835,-0.3711392574118286,-6.9294692039585035,18303.766323008826,0.0,0.1939561738508999,2.059930667412065,2234285.585289076,599.4148528223552
64800.0,4550069.670288949,73733.77500775419,4550031.782145613,726.0238130307231,1557.3677434739168,725.7308154137828,-6.9276769606850745,-0.368016639832589,-6.927571791852093,18303.766323008826,0.0,0.1939561738508999,2.059930667412065,2234285.585289076,599.4148528223552
64900.0,4550142.238035,73889.5099471651,4550104.320592427,725.331139210222,1557.331096021283,725.0381520810353,-6.925803509998023,-0.3649400234687299,-6.925698922324367,18303.766323008826,0.0,0.1939561738508999,2.059930667412065,2234285.585289076,599.4148528223552
65000.0,4550214.736522996,74045.241237138,4550176.789782232,724.6386515227653,1557.294753958227,724.3456748236445,-6.92395423824644,-0.36190873731209744,-6.923850223187642,18303.766323008826,0.0,0.1939561738508999,2.059930667412065,2234285.585289076,599.4148528223552
65100.0,4550287.165771429,74200.96890798632,4550249.189733515,723.9463475688254,1557.258712784846,723.6533812429311,-6.922128779098087,-0.3589221207127222,-6.922025328234285,18303.766323008826,0.0,0.1939561738508999,2.059930667412065,2234285.585289076,599.4148528223552
65200.0,4550359.525798555,74356.69298957674,4550321.520464525,723.2542249852133,1557.2229680667917,722.9612689765419,-6.920326772101376,-0.35597952320904724,-6.920223877135384,18303.766323008826,0.0,0.1939561738508999,2.059930667412065,2234285.585289076,599.4148528223552
65300.0,4550431.816622394,74512.41351133578,4550393.781993276,722.562281444495,1557.1875154342592,722.2693356978665,-6.918547862585907,-0.35308030436124005,-6.918445515341331,18303.766323008826,0.0,0.1939561738508999,2.059930667412065,2234285.585289076,599.4148528223552
65400.0,4550504.038260736,74668.13050225614,4550465.974337555,721.8705146544188,1557.1523505809937,721.5775791154648,-6.916791701564855,-0.35022383358754616,-6.916689893984228,18303.766323008826,0.0,0.1939561738508999,2.059930667412065,2234285.585289076,599.4148528223552
65500.0,4550576.190731142,74823.84399090307,4550538.097514914,721.1789223573513,1557.117469263312,720.8859969725034,-6.915057945639014,-0.34740949000333543,-6.914956669781963,18303.766323008826,0.0,0.1939561738508999,2.059930667412065,2234285.585289076,599.4148528223552
65600.0,4550648.27405095,74979.5540054205,4550610.15154269,720.4875023297237,1557.0828672991413,720.1945870462018,-6.913346256902614,-0.3446366622630552,-6.913245504944066,18303.766323008826,0.0,0.1939561738508999,2.059930667412065,2234285.585289076,599.4148528223552
65700.0,4550720.288237277,75135.26057353722,4550682.136437992,719.7962523814869,1557.048540567073,719.5033471472877,-6.911656302850861,-0.3419047484050042,-6.9115560670792755,18303.766323008826,0.0,0.1939561738508999,2.059930667412065,2234285.585289076,599.4148528223552
65800.0,4550792.2333070235,75290.96372257285,4550754.0522177145,719.105170355576,1557.0144850054314,718.8122751194618,-6.909987756288962,-0.3392131556984957,-6.909888029104575,18303.766323008826,0.0,0.1939561738508999,2.059930667412065,2234285.585289076,599.4148528223552
65900.0,4550864.109276875,75446.66347944381,4550825.89889854,718.4142541273839,1556.9806966113592,718.1213688388713,-6.908340295242905,-0.33656130049392874,-6.908241069156028,18303.766323008826,0.0,0.1939561738508999,2.059930667412065,2234285.585289076,599.4148528223552
66000.0,4550935.916163306,75602.35987066914,4550897.676496938,717.7235016042434,1556.9471714399156,717.4306262135926,-6.9067136028719,-0.33394860807559373,-6.9066148705012305,18303.766323008826,0.0,0.1939561738508999,2.059930667412065,2234285.585289076,599.4148528223552
66100.0,4551007.653982583,75758.05292237621,4550969.38502917,717.0329107249186,1556.913905603191,716.7400451831226,-6.905107367382127,-0.33137451251655947,-6.905009121453087,18303.766323008826,0.0,0.1939561738508999,2.059930667412065,2234285.585289076,599.4148528223552
66200.0,4551079.3227507705,75913.74266030647,4551041.0245112935,716.3424794591037,1556.880895269435,716.0496237178777,-6.903521281942276,-0.3288384565365515,-6.903423515285383,18303.766323008826,0.0,0.1939561738508999,2.059930667412065,2234285.585289076,599.4148528223552
66300.0,4551150.922483728,76069.4291098209,4551112.594959166,715.6522058069319,1556.8481366621988,715.3593598187027,-6.901955044600377,-0.3263398913618959,-6.901857750149638,18303.766323008826,0.0,0.1939561738508999,2.059930667412065,2234285.585289076,599.4148528223552
66400.0,4551222.45319712,76225.11229590565,4551184.096388444,714.9620877984904,1556.8156260594913,714.6692515163867,-6.900408358202287,-0.3238782765882296,-6.900311528993619,18303.766323008826,0.0,0.1939561738508999,2.059930667412065,2234285.585289076,599.4148528223552
66500.0,4551293.914906411,76380.79224317727,4551255.5288145915,714.2721234933459,1556.7833597929487,713.9792968711873,-6.898880930311452,-0.32145308004524215,-6.898784559481129,18303.766323008826,0.0,0.1939561738508999,2.059930667412065,2234285.585289076,599.4148528223552
66600.0,4551365.307626878,76536.46897588819,4551326.892252877,713.5823109800758,1556.7513342470183,713.2894939723636,-6.897372473130192,-0.3190637776639735,-6.897276553913314,18303.766323008826,0.0,0.1939561738508999,2.059930667412065,2234285.585289076,599.4148528223552
66700.0,4551436.631373604,76692.14251793185,4551398.186718382,712.8926483758087,1556.7195458581552,712.5998409377157,-6.895882703422316,-0.31670985334625046,-6.895787229151311,18303.766323008826,0.0,0.1939561738508999,2.059930667412065,2234285.585289076,599.4148528223552
66800.0,4551507.886161488,76847.81289284791,4551469.412225999,712.2031338257718,1556.6879911140302,711.9103359131328,-6.894411342437226,-0.31439079883657983,-6.894316306540359,18303.766323008826,0.0,0.1939561738508999,2.059930667412065,2234285.585289076,599.4148528223552
66900.0,4551579.072005243,77003.48012382735,4551540.568790438,711.5137655028464,1556.6566665527534,711.2209770721486,-6.892958115835079,-0.312106113595792,-6.892863511835006,18303.766323008826,0.0,0.1939561738508999,2.059930667412065,2234285.585289076,599.4148528223552
67000.0,4551650.188919403,77159.14423371742,4551611.656426227,710.82454160713,1556.625568762108,710.5317626155037,-6.891522753613583,-0.3098553046773504,-6.891428575125917,18303.766323008826,0.0,0.1939561738508999,2.059930667412065,2234285.585289076,599.4148528223552
67100.0,4551721.23691832,77314.80524502663,4551682.675147715,710.1354603655066,1556.5946943787974,709.842690770716,-6.890104990035925,-0.30763788660552593,-6.890011230767824,18303.766323008826,0.0,0.1939561738508999,2.059930667412065,2234285.585289076,599.4148528223552
67200.0,4551792.216016172,77470.46317992953,4551753.624969076,709.4465200312236,1556.5640400877037,709.1537597916578,-6.888704563559919,-0.30545338125558597,-6.888611217308697,18303.766323008826,0.0,0.1939561738508999,2.059930667412065,2234285.585289076,599.4148528223552
67300.0,4551863.126226965,77626.11806027159,4551824.505904311,708.757718883476,1556.5336026211592,708.4649679581395,-6.887321216768482,-0.30330131773612945,-6.8872282774202445,18303.766323008826,0.0,0.1939561738508999,2.059930667412065,2234285.585289076,599.4148528223552
67400.0,4551933.9675645325,77781.76990757382,4551895.31796725,708.0690552269966,1556.5033787582283,707.7763135755013,-6.885954696301285,-0.3011812322734421,-6.885862157829593,18303.766323008826,0.0,0.1939561738508999,2.059930667412065,2234285.585289076,599.4148528223552
67500.0,4552004.740042538,77937.41874303746,4551966.061171553,707.3805273916547,1556.473365324002,707.0877949742105,-6.8846047527875935,-0.29909266809769114,-6.884512609252136,18303.766323008826,0.0,0.1939561738508999,2.059930667412065,2234285.585289076,599.4148528223552
67600.0,4552075.443674483,78093.06458754852,4552036.735530716,706.6921337320596,1556.4435591889023,706.3994105094664,-6.883271140780399,-0.2970351753313307,-6.883179386325689,18303.766323008826,0.0,0.1939561738508999,2.059930667412065,2234285.585289076,599.4148528223552
67700.0,4552146.078473703,78248.70746168231,4552107.341058073,706.003872627172,1556.413957267999,705.7111585608111,-6.881953618691428,-0.2950083108789388,-6.8818622475455316,18303.766323008826,0.0,0.1939561738508999,2.059930667412065,2234285.585289076,599.4148528223552
67800.0,4552216.644453374,78404.34738570784,4552177.877766793,705.315742479921,1556.384556520337,705.0230375317467,-6.880651948727598,-0.29301163831939236,-6.880560955200868,18303.766323008826,0.0,0.1939561738508999,2.059930667412065,2234285.585289076,599.4148528223552
67900.0,4552287.141626512,78559.98437959218,4552248.345669891,704.6277417168282,1556.355353948274,704.3350458493595,-6.879365896828314,-0.2910447277994931,-6.879275275312155,18303.766323008826,0.0,0.1939561738508999,2.059930667412065,2234285.585289076,599.4148528223552
68000.0,4552357.570005978,78715.6184630048,4552318.744780223,703.9398687876367,1556.3263465968287,703.6471819639498,-6.878095232604082,-0.28910715592971353,-6.878004977569728,18303.766323008826,0.0,0.1939561738508999,2.059930667412065,2234285.585289076,599.4148528223552
68100.0,4552427.92960448,78871.24965532175,4552389.075110492,703.2521221649479,1556.2975315530405,702.9594443486677,-6.876839729275988,-0.28719850568139643,-6.876749835273302,18303.766323008826,0.0,0.1939561738508999,2.059930667412065,2234285.585289076,599.4148528223552
68200.0,4552498.220434572,79026.87797562989,4552459.336673251,702.5645003438628,1556.268905945337,702.2718314991556,-6.875599163616363,-0.2853183662859118,-6.875509625272663,18303.766323008826,0.0,0.1939561738508999,2.059930667412065,2234285.585289076,599.4148528223552
68300.0,4552568.442508659,79182.50344273094,4552529.529480902,701.8770018416304,1556.2404669429147,701.5843419331956,-6.874373315890431,-0.2834663331353948,-6.874284127909314,18303.766323008826,0.0,0.1939561738508999,2.059930667412065,2234285.585289076,599.4148528223552
68400.0,4552638.595839002,79338.12607514557,4552599.653545698,701.1896251973005,1556.2122117551262,700.8969741903635,-6.873161969798926,-0.2816420076851719,-6.873073126959138,18303.766323008826,0.0,0.1939561738508999,2.059930667412065,2234285.585289076,599.4148528223552
68500.0,4552708.680437713,79493.74589111736,4552669.708879752,700.5023689713836,1556.1841376308796,700.2097268316883,-6.871964912421804,-0.27984499735789364,-6.871876409576106,18303.766323008826,0.0,0.1939561738508999,2.059930667412065,2234285.585289076,599.4148528223552
68600.0,4552778.696316763,79649.36290861673,4552739.69549503,699.8152317455156,1556.1562418580465,699.5225984393169,-6.870781934162794,-0.2780749154491305,-6.870693766236857,18303.766323008826,0.0,0.1939561738508999,2.059930667412065,2234285.585289076,599.4148528223552
68700.0,4552848.6434879815,79804.97714534483,4552809.6134033585,699.128212122128,1556.1285217628792,698.8355876161846,-6.869612828695005,-0.27633138103467547,-6.869524990686319,18303.766323008826,0.0,0.1939561738508999,2.059930667412065,2234285.585289076,599.4148528223552
68800.0,4552918.521963061,79960.58861873731,4552879.462616426,698.4413087241239,1556.100974709437,698.1486929856912,-6.868457392907462,-0.27461401887939196,-6.868369879884259,18303.766323008826,0.0,0.1939561738508999,2.059930667412065,2234285.585289076,599.4148528223552
68900.0,4552988.331753555,80116.1973459681,4552949.243145783,697.7545201945587,1556.0735980990216,697.461913191382,-6.867315426852481,-0.2729224593474654,-6.867228233952686,18303.766323008826,0.0,0.1939561738508999,2.059930667412065,2234285.585289076,599.4148528223552
69000.0,4553058.072870884,80271.8033439531,4553018.955002847,697.0678451963267,1556.046389369623,696.7752468966338,-6.8661867336940565,-0.27125633831430507,-6.866099856124239,18303.766323008826,0.0,0.1939561738508999,2.059930667412065,2234285.585289076,599.4148528223552
69100.0,4553127.745326335,80427.40662935382,4553088.598198902,696.3812824118523,1556.019345995371,696.088692784347,-6.8650711196571015,-0.26961529707987636,-6.864984552691462,18303.766323008826,0.0,0.1939561738508999,2.059930667412065,2234285.585289076,599.4148528223552
69200.0,4553197.349131064,80583.00721858095,4553158.1727451,695.6948305427865,1555.9924654859979,695.4022495566419,-6.8639683939774745,-0.2679989822833289,-6.86388213295683,18303.766323008826,0.0,0.1939561738508999,2.059930667412065,2234285.585289076,599.4148528223552
69300.0,4553266.884296098,80738.60512779796,4553227.678652466,695.008488309708,1555.9657453863085,694.7159159345599,-6.862878368852977,-0.2664070458192406,-6.862792409183768,18303.766323008826,0.0,0.1939561738508999,2.059930667412065,2234285.585289076,599.4148528223552
69400.0,4553336.3508323375,80894.20037292448,4553297.115931898,694.32225445183,1555.9391832756592,694.0296906577702,-6.861800859395134,-0.2648391447551547,-6.8617151965484595,18303.766323008826,0.0,0.1939561738508999,2.059930667412065,2234285.585289076,599.4148528223552
69500.0,4553405.748750559,81049.79296963979,4553366.484594168,693.6361277267105,1555.912776767444,693.3435724842805,-6.860735683581816,-0.26329494125049935,-6.860650313092458,18303.766323008826,0.0,0.1939561738508999,2.059930667412065,2234285.585289076,599.4148528223552
69600.0,4553475.078061413,81205.38293338622,4553435.784649924,692.9501069099684,1555.8865235085898,692.6575601901532,-6.859682662210674,-0.26177410247689864,-6.859597579676166,18303.766323008826,0.0,0.1939561738508999,2.059930667412065,2234285.585289076,599.4148528223552
69700.0,4553544.338775431,81360.97027937244,4553505.016109695,692.2641907950041,1555.8604211790591,691.9716525692256,-6.858641618853298,-0.2602763005396305,-6.858556819932982,18303.766323008826,0.0,0.1939561738508999,2.059930667412065,2234285.585289076,599.4148528223552
69800.0,4553613.530903023,81516.55502257672,4553574.178983888,691.5783781927234,1555.8344674913603,691.2858484328349,-6.857612379810336,-0.258801212400708,-6.857527860224456,18303.766323008826,0.0,0.1939561738508999,2.059930667412065,2234285.585289076,599.4148528223552
69900.0,4553682.654454481,81672.13717775022,4553643.273282792,690.8926679312681,1555.808660190066,690.6001466095474,-6.856594774067141,-0.2573485198028619,-6.856510529595935,18303.766323008826,0.0,0.1939561738508999,2.059930667412065,2234285.585289076,599.4148528223552
70000.0,4553751.709439982,81827.71675942012,4553712.299016582,690.2070588557485,1555.7829970513383,689.9145459448929,-6.85558863325035,-0.2559179091950219,-6.8555046597331675,18303.766323008826,0.0,0.1939561738508999,2.059930667412065,2234285.585289076,599.4148528223552
70100.0,4553820.695869586,81983.29378189277,4553781.256195315,689.5215498279823,1555.7574758824626,689.2290453011019,-6.854593791585164,-0.25450907165899384,-6.854510084919585,18303.766323008826,0.0,0.1939561738508999,2.059930667412065,2234285.585289076,599.4148528223552
70200.0,4553889.613753244,82138.86825925682,4553850.144828939,688.8361397262363,1555.7320945213874,688.5436435568487,-6.853610085853284,-0.2531217028372263,-6.853526641994267,18303.766323008826,0.0,0.1939561738508999,2.059930667412065,2234285.585289076,599.4148528223552
70300.0,4553958.463100792,82294.4402053862,4553918.964927287,688.1508274449732,1555.7068508362715,687.8583396069976,-6.8526373553516295,-0.2517555028618822,-6.852554170310655,18303.766323008826,0.0,0.1939561738508999,2.059930667412065,2234285.585289076,599.4148528223552
70400.0,4554027.243921957,82450.00963394316,4553987.716500084,687.4656118946018,1555.6817427250396,687.1731323623535,-6.851675441851764,-0.25041017628507506,-6.851592511696012,18303.766323008826,0.0,0.1939561738508999,2.059930667412065,2234285.585289076,599.4148528223552
70500.0,4554095.956226359,82605.5765583812,4554056.399556947,686.7804920012318,1555.6567681149422,686.4880207494166,-6.850724189559951,-0.24908543201016362,-6.850641510411468,18303.766323008826,0.0,0.1939561738508999,2.059930667412065,2234285.585289076,599.4148528223552
70600.0,4554164.600023511,82761.14099194802,4554125.014107387,686.0954667064319,1555.6319249621256,685.8030037101408,-6.849783445077916,-0.24778098322423103,-6.849701013112817,18303.766323008826,0.0,0.1939561738508999,2.059930667412065,2234285.585289076,599.4148528223552
70700.0,4554233.1753228195,82916.70294768832,4554193.560160807,685.4105349669929,1555.6072112512052,685.1180802016966,-6.8488530573643045,-0.24649654733170925,-6.848770868811974,18303.766323008826,0.0,0.1939561738508999,2.059930667412065,2234285.585289076,599.4148528223552
70800.0,4554301.682133589,83072.2624384467,4554262.03772651,684.7256957546932,1555.5826249948484,684.4332491962366,-6.847932877696747,-0.24523184588902083,-6.847850928839053,18303.766323008826,0.0,0.1939561738508999,2.059930667412065,2234285.585289076,599.4148528223552
70900.0,4554370.120465021,83227.81947687041,4554330.446813696,684.040948056069,1555.5581642333618,683.7485096806664,-6.847022759634507,-0.24398660454021068,-6.846941046805036,18303.766323008826,0.0,0.1939561738508999,2.059930667412065,2234285.585289076,599.4148528223552
71000.0,4554438.490326216,83383.37407541208,4554398.787431463,683.3562908721883,1555.5338270342859,683.063860656418,-6.8461225589819685,-0.24276055295394636,-6.846041078565258,18303.766323008826,0.0,0.1939561738508999,2.059930667412065,2234285.585289076,599.4148528223552
71100.0,4554506.7917261785,83538.92624633246,4554467.05958881,682.6717232184275,1555.5096114919954,682.379301139227,-6.845232133752467,-0.24155342476113567,-6.845150882183267,18303.766323008826,0.0,0.1939561738508999,2.059930667412065,2234285.585289076,599.4148528223552
71200.0,4554575.024673812,83694.47600170303,4554535.263294642,681.987244124253,1555.4855157273068,681.6948301589138,-6.844351344132932,-0.2403649574938389,-6.844270317895464,18303.766323008826,0.0,0.1939561738508999,2.059930667412065,2234285.585289076,599.4148528223552
71300.0,4554643.189177924,83850.0233534087,4554603.398557762,681.3028526330053,1555.4615378870906,681.0104467591678,-6.843480052449031,-0.23919489252510634,-6.843399248076263,18303.766323008826,0.0,0.1939561738508999,2.059930667412065,2234285.585289076,599.4148528223552
71400.0,4554711.285247227,84005.56831315032,4554671.4653868815,680.6185478016865,1555.4376761438905,680.3261499973358,-6.8426181231309275,-0.23804297500974575,-6.842537537203865,18303.766323008826,0.0,0.1939561738508999,2.059930667412065,2234285.585289076,599.4148528223552
71500.0,4554779.3128903415,84161.11089244726,4554739.463790618,679.9343287007523,1555.413928695548,679.6419389442127,-6.841765422679611,-0.23690895382612562,-6.84168505182659,18303.766323008826,0.0,0.1939561738508999,2.059930667412065,2234285.585289076,599.4148528223552
71600.0,4554847.272115794,84316.65110263997,4554807.393777496,679.2501944139059,1555.3902937648331,678.9578126838366,-6.840921819633754,-0.23579258151882582,-6.840841660529753,18303.766323008826,0.0,0.1939561738508999,2.059930667412065,2234285.585289076,599.4148528223552
71700.0,4554915.162932021,84472.18895489235,4554875.25535595,678.566144037896,1555.3667695990803,678.2737703132865,-6.840087184537206,-0.23469361424233973,-6.840007233903162,18303.766323008826,0.0,0.1939561738508999,2.059930667412065,2234285.585289076,599.4148528223552
71800.0,4554982.985347369,84627.7244601943,4554943.048534325,677.8821766823182,1555.3433544698303,677.5898109424836,-6.839261389906932,-0.23361181170557838,-6.8391816445090745,18303.766323008826,0.0,0.1939561738508999,2.059930667412065,2234285.585289076,599.4148528223552
71900.0,4555050.739370096,84783.25762936402,4555010.773320876,677.1982914694191,1555.3200466724777,676.9059336939955,-6.838444310201626,-0.2325469371174163,-6.838364766850808,18303.766323008826,0.0,0.1939561738508999,2.059930667412065,2234285.585289076,599.4148528223552
72000.0,4555118.425008372,84938.78847305046,4555078.429723772,676.5144875339034,1555.2968445259235,676.2221377028437,-6.837635821790626,-0.23149875713285825,-6.837556477341687,18303.766323008826,0.0,0.1939561738508999,2.059930667412065,2234285.585289076,599.4148528223552
72100.0,4555186.042270283,85094.3170017356,4555146.017751097,675.8307640227448,1555.2737463722328,675.5384221163143,-6.836835802923615,-0.2304670418004146,-6.836756654274734,18303.766323008826,0.0,0.1939561738508999,2.059930667412065,2234285.585289076,599.4148528223552
72200.0,4555253.591163829,85249.8432257368,4555213.537410848,675.1471200949991,1555.2507505762987,674.8547860937712,-6.836044133700616,-0.22945156451003515,-6.835965177792676,18303.766323008826,0.0,0.1939561738508999,2.059930667412065,2234285.585289076,599.4148528223552
72300.0,4555321.071696927,85405.367155209,4555280.98871094,674.463554921621,1555.2278555255102,674.1712288064728,-6.835260696042598,-0.22845210194205562,-6.8351819298585745,18303.766323008826,0.0,0.1939561738508999,2.059930667412065,2234285.585289076,599.4148528223552
72400.0,4555388.483877411,85560.88880014702,4555348.371659206,673.7800676852831,1555.2050596294257,673.4877494373912,-6.834485373662527,-0.22746843401688607,-6.834406794226872,18303.766323008826,0.0,0.1939561738508999,2.059930667412065,2234285.585289076,599.4148528223552
72500.0,4555455.827713035,85716.40817038772,4555415.686263398,673.0966575801984,1555.1823613194517,672.8043471810352,-6.833718052036916,-0.22650034384554296,-6.8336396564149595,18303.766323008826,0.0,0.1939561738508999,2.059930667412065,2234285.585289076,599.4148528223552
72600.0,4555523.103211472,85871.92527561217,4555482.932531186,672.4133238119452,1555.1597590485262,672.1210212432743,-6.832958618377866,-0.2255476176809973,-6.832880403675219,18303.766323008826,0.0,0.1939561738508999,2.059930667412065,2234285.585289076,599.4148528223552
72700.0,4555590.310380316,86027.44012534783,4555550.110470165,671.730065597295,1555.137251290807,671.4377708411675,-6.8322069616054915,-0.2246100448701958,-6.832128924967466,18303.766323008826,0.0,0.1939561738508999,2.059930667412065,2234285.585289076,599.4148528223552
72800.0,4555657.449227084,86182.95272897059,4555617.220087847,671.0468821640429,1555.1148365413637,670.7545952027936,-6.831462972320931,-0.2236874178070253,-6.831385110931966,18303.766323008826,0.0,0.1939561738508999,2.059930667412065,2234285.585289076,599.4148528223552
72900.0,4555724.519759216,86338.46309570687,4555684.261391671,670.3637727508411,1555.092513315877,670.071493567084,-6.830726542779688,-0.22277953188587912,-6.83064885386278,18303.766323008826,0.0,0.1939561738508999,2.059930667412065,2234285.585289076,599.4148528223552
73000.0,4555791.521984077,86493.97123463573,4555751.2343890015,669.6807366070344,1555.0702801503398,669.3884651836597,-6.829997566865458,-0.22188618545601277,-6.829920047681604,18303.766323008826,0.0,0.1939561738508999,2.059930667412065,2234285.585289076,599.4148528223552
73100.0,4555858.455908956,86649.47715469077,4555818.139087125,668.9977729924992,1555.0481356007638,668.7055093126689,-6.829275940064435,-0.22100717977671072,-6.829198587912088,18303.766323008826,0.0,0.1939561738508999,2.059930667412065,2234285.585289076,599.4148528223552
73200.0,4555925.321541069,86804.98086466224,4555884.975493256,668.3148811774839,1555.0260782428916,668.0226252246285,-6.828561559439957,-0.22014231897304615,-6.828484371654486,18303.766323008826,0.0,0.1939561738508999,2.059930667412065,2234285.585289076,599.4148528223552
73300.0,4555992.11888756,86960.48237319889,4555951.743614538,667.632060442453,1555.0041066719114,667.3398122002675,-6.827854323607626,-0.21929140999241004,-6.827777297560775,18303.766323008826,0.0,0.1939561738508999,2.059930667412065,2234285.585289076,599.4148528223552
73400.0,4556058.847955503,87115.98168880997,4556018.443458041,666.9493100779328,1554.9822195021775,666.6570695303732,-6.827154132710809,-0.21845426256171363,-6.827077265810185,18303.766323008826,0.0,0.1939561738508999,2.059930667412065,2234285.585289076,599.4148528223552
73500.0,4556125.508751898,87271.47881986712,4556085.0750307655,666.2666293843596,1554.9604153669345,665.9743965156395,-6.826460888396611,-0.2176306891453612,-6.826384178085153,18303.766323008826,0.0,0.1939561738508999,2.059930667412065,2234285.585289076,599.4148528223552
73600.0,4556192.101283679,87426.97377460622,4556151.638339642,665.5840176719313,1554.9386929180453,665.291792466518,-6.825774493792144,-0.21682050490374477,-6.82569793754763,18303.766323008826,0.0,0.1939561738508999,2.059930667412065,2234285.585289076,599.4148528223552
73700.0,4556258.6255577095,87582.46656112926,4556218.133391535,664.9014742604596,1554.9170508257234,664.6092567030712,-6.82509485348123,-0.21602352765246935,-6.825018448815766,18303.766323008826,0.0,0.1939561738508999,2.059930667412065,2234285.585289076,599.4148528223552
73800.0,4556325.081580786,87737.95718740617,4556284.560193237,664.2189984792262,1554.89548777827,663.9267885548277,-6.824421873481535,-0.21523957782229203,-6.8243456179410655,18303.766323008826,0.0,0.1939561738508999,2.059930667412065,2234285.585289076,599.4148528223552
73900.0,4556391.469359638,87893.4456612766,4556350.918751477,663.5365896668401,1554.874002481814,663.2443873606404,-6.823755461222012,-0.2144684784195932,-6.823679352385833,18303.766323008826,0.0,0.1939561738508999,2.059930667412065,2234285.585289076,599.4148528223552
74000.0,4556457.78890093,88048.93199045167,4556417.209072919,662.8542471710979,1554.8525936600563,662.5620524685463,-6.823095525520716,-0.21371005498750428,-6.8230195610010025,18303.766323008826,0.0,0.1939561738508999,2.059930667412065,2234285.585289076,599.4148528223552
74100.0,4556524.040211262,88204.41618251578,4556483.431164159,662.1719703488459,1554.8312600540187,661.8797832356287,-6.82244197656306,-0.21296413556771562,-6.822366154004385,18303.766323008826,0.0,0.1939561738508999,2.059930667412065,2234285.585289076,599.4148528223552
74200.0,4556590.2232971685,88359.89824492825,4556549.585031733,661.4897585658442,1554.810000421795,661.1975790278817,-6.821794725880337,-0.2122305506628071,-6.821719042959212,18303.766323008826,0.0,0.1939561738508999,2.059930667412065,2234285.585289076,599.4148528223552
74300.0,4556656.338165122,88515.37818502507,4556615.670682111,660.8076111966335,1554.7888135383073,660.5154392200768,-6.82115368632864,-0.2115091331992207,-6.8210781407530625,18303.766323008826,0.0,0.1939561738508999,2.059930667412065,2234285.585289076,599.4148528223552
74400.0,4556722.384821534,88670.85601002055,4556681.6881217025,660.1255276244035,1554.7676981950658,659.8333631956314,-6.820518772068099,-0.21079971849076629,-6.820443361577097,18303.766323008826,0.0,0.1939561738508999,2.059930667412065,2234285.585289076,599.4148528223552
74500.0,4556788.363272754,88826.33172700899,4556747.637356856,659.4435072408634,1554.746653199931,659.1513503464793,-6.819889898542512,-0.21010214420280812,-6.8198146209057,18303.766323008826,0.0,0.1939561738508999,2.059930667412065,2234285.585289076,599.4148528223552
74600.0,4556854.273525069,88981.80534296625,4556813.518393858,658.7615494461148,1554.7256773768809,658.4694000729435,-6.819266982459268,-0.20941625031693864,-6.8191918354764125,18303.766323008826,0.0,0.1939561738508999,2.059930667412065,2234285.585289076,599.4148528223552
74700.0,4556920.115584709,89137.27686475142,4556879.331238937,658.0796536485263,1554.7047695657811,657.7875117836111,-6.818649941769577,-0.20874187909618408,-6.818574923270165,18303.766323008826,0.0,0.1939561738508999,2.059930667412065,2234285.585289076,599.4148528223552
74800.0,4556985.889457845,89292.74629910832,4556945.075898262,657.3978192646099,1554.6839286221582,657.1056848952097,-6.818038695649067,-0.20807887505082734,-6.817963803491886,18303.766323008826,0.0,0.1939561738508999,2.059930667412065,2234285.585289076,599.4148528223552
74900.0,4557051.59515059,89448.21365266711,4557010.752377944,656.7160457188994,1554.6631534169767,656.423918832486,-6.817433164478688,-0.20742708490475126,-6.817358396551402,18303.766323008826,0.0,0.1939561738508999,2.059930667412065,2234285.585289076,599.4148528223552
75000.0,4557117.232668998,89603.67893194583,4557076.360684037,656.0343324438314,1554.6424428364194,655.7422130280862,-6.816833269825914,-0.2067863575622948,-6.816758624044661,18303.766323008826,0.0,0.1939561738508999,2.059930667412065,2234285.585289076,599.4148528223552
75100.0,4557182.802019069,89759.1421433519,4557141.90082254,655.352678879627,1554.6217957816712,655.0605669224384,-6.8162389344262415,-0.20615654407560668,-6.816164408735219,18303.766323008826,0.0,0.1939561738508999,2.059930667412065,2234285.585289076,599.4148528223552
75200.0,4557248.303206746,89914.60329318355,4557207.372799394,654.671084474176,1554.6012111687055,654.3789799636367,-6.815650082165041,-0.205537497612608,-6.815575674536114,18303.766323008826,0.0,0.1939561738508999,2.059930667412065,2234285.585289076,599.4148528223552
75300.0,4557313.736237917,90070.06238763138,4557272.776620486,653.9895486829232,1554.580687928075,653.6974516073271,-6.815066638059617,-0.20492907342531413,-6.814992346491921,18303.766323008826,0.0,0.1939561738508999,2.059930667412065,2234285.585289076,599.4148528223552
75400.0,4557379.101118417,90225.51943277972,4557338.11229165,653.3080709687556,1554.5602250047032,653.0159813165956,-6.814488528241663,-0.20433112881880403,-6.814414350761219,18303.766323008826,0.0,0.1939561738508999,2.059930667412065,2234285.585289076,599.4148528223552
75500.0,4557444.397854028,90380.97443460817,4557403.379818667,652.6266508018921,1554.5398213576827,652.334568561857,-6.8139156799398775,-0.20374352312051902,-6.813841614599215,18303.766323008826,0.0,0.1939561738508999,2.059930667412065,2234285.585289076,599.4148528223552
75600.0,4557509.626450478,90536.42739899289,4557468.579207263,651.9452876597745,1554.5194759600734,651.6532128207467,-6.813348021463025,-0.2031661176502289,-6.813274066340794,18303.766323008826,0.0,0.1939561738508999,2.059930667412065,2234285.585289076,599.4148528223552
75700.0,4557574.786913443,90691.87833170805,4557533.710463114,651.2639810269607,1554.4991877987043,650.9719135780132,-6.8127854821831155,-0.2025987756903116,-6.812711635383732,18303.766323008826,0.0,0.1939561738508999,2.059930667412065,2234285.585289076,599.4148528223552
75800.0,4557639.87924855,90847.32723842717,4557598.773591844,650.5827303950184,1554.4789558739797,650.2906703254129,-6.812227992518914,-0.20204136245651677,-6.81215425217218,18303.766323008826,0.0,0.1939561738508999,2.059930667412065,2234285.585289076,599.4148528223552
75900.0,4557704.9034613725,91002.7741247245,4557663.768599029,649.9015352624224,1554.4587791996867,649.6094825616059,-6.811675483919772,-0.20149374506930318,-6.811601848180532,18303.766323008826,0.0,0.1939561738508999,2.059930667412065,2234285.585289076,599.4148528223552
76000.0,4557769.859557436,91158.21899607634,4557728.69549019,649.2203951344512,1554.4386568028062,648.9283497920542,-6.811127888849628,-0.20095579252547596,-6.811054355897398,18303.766323008826,0.0,0.1939561738508999,2.059930667412065,2234285.585289076,599.4148528223552
76100.0,4557834.747542216,91313.66185786229,4557793.554270804,648.5393095230871,1554.4185877233272,648.2472715289209,-6.810585140771326,-0.2004273756703615,-6.8105117088099645,18303.766323008826,0.0,0.1939561738508999,2.059930667412065,2234285.585289076,599.4148528223552
76200.0,4557899.567421142,91469.10271536665,4557858.344946297,647.8582779469167,1554.3985710140623,647.5662472909711,-6.810047174131178,-0.19990836717037935,-6.809973841388526,18303.766323008826,0.0,0.1939561738508999,2.059930667412065,2234285.585289076,599.4148528223552
76300.0,4557964.319199592,91624.5415737796,4557923.067522047,647.1772999310334,1554.378605740468,646.8852766034742,-6.809513924343761,-0.1993986414860556,-6.809440689071311,18303.766323008826,0.0,0.1939561738508999,2.059930667412065,2234285.585289076,599.4148528223552
76400.0,4558029.002882898,91779.97843819851,4557987.722003386,646.4963750069415,1554.3586909804656,646.204358998108,-6.808985327776961,-0.1988980748454345,-6.808912188249526,18303.766323008826,0.0,0.1939561738508999,2.059930667412065,2234285.585289076,599.4148528223552
76500.0,4558093.618476347,91935.41331362913,4558052.3083956,645.8155027124615,1554.338825824267,645.5234940128644,-6.808461321737284,-0.19840654521793177,-6.808388276252662,18303.766323008826,0.0,0.1939561738508999,2.059930667412065,2234285.585289076,599.4148528223552
76600.0,4558158.165985179,92090.84620498688,4558116.8267039275,645.1346825916365,1554.3190093742005,644.8426811919558,-6.8079418444553585,-0.19792393228856642,-6.807868891334019,18303.766323008826,0.0,0.1939561738508999,2.059930667412065,2234285.585289076,599.4148528223552
76700.0,4558222.645414589,92246.27711709797,4558181.276933562,644.4539141946415,1554.2992407445417,644.1619200857238,-6.807426835071718,-0.1974501174326192,-6.807353972656472,18303.766323008826,0.0,0.1939561738508999,2.059930667412065,2234285.585289076,599.4148528223552
76800.0,4558287.056769727,92401.70605470065,4558245.659089654,643.773197077692,1554.2795190613451,643.4812102505488,-6.806916233622776,-0.19698498369066425,-6.806843460278473,18303.766323008826,0.0,0.1939561738508999,2.059930667412065,2234285.585289076,599.4148528223552
76900.0,4558351.400055699,92557.13302244636,4558309.973177307,643.092530802956,1554.2598434622787,642.800551248761,-6.806409981027063,-0.19652841574400656,-6.806337295140273,18303.766323008826,0.0,0.1939561738508999,2.059930667412065,2234285.585289076,599.4148528223552
77000.0,4558415.6752775675,92712.55802490086,4558374.219201584,642.4119149384661,1554.2402130964615,642.1199426485533,-6.805908019071628,-0.19608029989046177,-6.805835419050339,18303.766323008826,0.0,0.1939561738508999,2.059930667412065,2234285.585289076,599.4148528223552
77100.0,4558479.882440353,92867.98106654543,4558438.397167503,641.7313490580332,1554.2206271243028,641.4393840238947,-6.805410290398728,-0.1956405240205679,-6.805337774672049,18303.766323008826,0.0,0.1939561738508999,2.059930667412065,2234285.585289076,599.4148528223552
77200.0,4558544.021549031,93023.40215177789,4558502.507080041,641.0508327411617,1554.2010847173442,640.7588749544458,-6.804916738492669,-0.19520897759410735,-6.804844305510533,18303.766323008826,0.0,0.1939561738508999,2.059930667412065,2234285.585289076,599.4148528223552
77300.0,4558608.092608539,93178.8212849138,4558566.548944132,640.3703655729662,1554.1815850581038,640.078415025475,-6.804427307666906,-0.19478555161703634,-6.804354955899774,18303.766323008826,0.0,0.1939561738508999,2.059930667412065,2234285.585289076,599.4148528223552
77400.0,4558672.095623771,93334.23847018753,4558630.522764671,639.6899471440888,1554.162127339923,639.3980038277766,-6.803941943051308,-0.19437013861874441,-6.803869670989892,18303.766323008826,0.0,0.1939561738508999,2.059930667412065,2234285.585289076,599.4148528223552
77500.0,4558736.030599579,93489.65371175327,4558694.428546509,639.0095770506186,1554.1427107668146,638.7176409575894,-6.803460590579659,-0.19396263262966507,-6.803388396734628,18303.766323008826,0.0,0.1939561738508999,2.059930667412065,2234285.585289076,599.4148528223552
77600.0,4558799.897540779,93645.06701368619,4558758.26629446,638.3292548940115,1554.1233345533146,638.0373260165172,-6.802983196977348,-0.19356292915925072,-6.802911079879052,18303.766323008826,0.0,0.1939561738508999,2.059930667412065,2234285.585289076,599.4148528223552
77700.0,4558863.696452143,93800.4783799834,4558822.036013297,637.6489802810115,1554.1039979243349,637.3570586114503,-6.802509709749249,-0.1931709251742786,-6.802437667947449,18303.766323008826,0.0,0.1939561738508999,2.059930667412065,2234285.585289076,599.4148528223552
77800.0,4558927.427338406,93955.88781456502,4558885.737707754,636.9687528235742,1554.0847001150184,636.6768383544879,-6.802040077167795,-0.19278651907746244,-6.801968109231389,18303.766323008826,0.0,0.1939561738508999,2.059930667412065,2234285.585289076,599.4148528223552
77900.0,4558991.090204267,94111.29532127522,4558949.371382526,636.2885721387896,1554.0654403705973,635.9966648628626,-6.801574248261262,-0.19240961068644521,-6.801502352778018,18303.766323008826,0.0,0.1939561738508999,2.059930667412065,2234285.585289076,599.4148528223552
78000.0,4559054.685054381,94266.70090388313,4559012.937042273,635.6084378488079,1554.046217946252,635.3165377588647,-6.801112172802208,-0.1920401012130682,-6.801040348378503,18303.766323008826,0.0,0.1939561738508999,2.059930667412065,2234285.585289076,599.4148528223552
78100.0,4559118.211893371,94422.10456608396,4559076.434691613,634.9283495807649,1554.0270321069727,634.6364566697684,-6.80065380129612,-0.19167789324298087,-6.800582046556679,18303.766323008826,0.0,0.1939561738508999,2.059930667412065,2234285.585289076,599.4148528223552
78200.0,4559181.67072582,94577.50631149985,4559139.864335129,634.2483069667101,1554.0078821274233,633.95642122776,-6.800199084970259,-0.19132289071558684,-6.800127398557902,18303.766323008826,0.0,0.1939561738508999,2.059930667412065,2234285.585289076,599.4148528223552
78300.0,4559245.061556274,94732.9061436809,4559203.225977368,633.5683096435343,1553.9887672918069,633.276431069865,-6.79974797576261,-0.1909749989042175,-6.799676356337997,18303.766323008826,0.0,0.1939561738508999,2.059930667412065,2234285.585289076,599.4148528223552
78400.0,4559308.384389246,94888.30406610611,4559266.51962284,632.8883572528997,1553.9696868937335,632.5964858378786,-6.799300426311085,-0.1906341243966942,-6.799228872552471,18303.766323008826,0.0,0.1939561738508999,2.059930667412065,2234285.585289076,599.4148528223552
78500.0,4559371.63922921,95043.70008218431,4559329.745276021,632.20844944117,1553.9506402360894,631.9165851782959,-6.798856389942869,-0.19030017507615898,-6.798784900545864,18303.766323008826,0.0,0.1939561738508999,2.059930667412065,2234285.585289076,599.4148528223552
78600.0,4559434.826080608,95199.09419525506,4559392.90294135,631.5285858593422,1553.931626630908,631.2367287422434,-6.798415820663924,-0.1899730601021724,-6.79834439434124,18303.766323008826,0.0,0.1939561738508999,2.059930667412065,2234285.585289076,599.4148528223552
78700.0,4559497.944947845,95354.4864085896,4559455.992623232,630.8487661629791,1553.9126453992446,630.5569161854119,-6.797978673148683,-0.189652689892153,-6.7979073086299096,18303.766323008826,0.0,0.1939561738508999,2.059930667412065,2234285.585289076,599.4148528223552
78800.0,4559560.995835292,95509.87672539169,4559519.014326039,630.1689900121432,1553.89369587105,629.87714716799,-6.797544902729895,-0.18933897610305772,-6.797473598761259,18303.766323008826,0.0,0.1939561738508999,2.059930667412065,2234285.585289076,599.4148528223552
78900.0,4559623.978747288,95665.26514879854,4559581.968054106,629.4892570713312,1553.8747773850487,629.1974213545989,-6.7971144653886,-0.18903183161333129,-6.797043220732741,18303.766323008826,0.0,0.1939561738508999,2.059930667412065,2234285.585289076,599.4148528223552
79000.0,4559686.893688136,95820.65168188167,4559644.853811739,628.8095670094095,1553.855889288616,628.5177384142281,-6.796687317744326,-0.188731170505179,-6.796616131180061,18303.766323008826,0.0,0.1939561738508999,2.059930667412065,2234285.585289076,599.4148528223552
79100.0,4559749.740662108,95976.03632764777,4559707.6716032075,628.1299194995514,1553.8370309376605,627.8380980201721,-6.796263417045418,-0.18843690804709723,-6.796192287367523,18303.766323008826,0.0,0.1939561738508999,2.059930667412065,2234285.585289076,599.4148528223552
79200.0,4559812.519673443,96131.41908903953,4559770.42143275,627.450314219174,1553.818201696505,627.1584998499677,-6.795842721159453,-0.18814896067660966,-6.795771647178443,18303.766323008826,0.0,0.1939561738508999,2.059930667412065,2234285.585289076,599.4148528223552
79300.0,4559875.230726349,96286.79996893648,4559833.103304574,626.7707508498771,1553.7994009377705,626.4789435853331,-6.795425188563931,-0.18786724598336743,-6.795354169105841,18303.766323008826,0.0,0.1939561738508999,2.059930667412065,2234285.585289076,599.4148528223552
79400.0,4559937.873825001,96442.17897015584,4559895.717222854,626.0912290773829,1553.7806280422626,625.7994289121068,-6.795010778336996,-0.1875916826924104,-6.794939812243168,18303.766323008826,0.0,0.1939561738508999,2.059930667412065,2234285.585289076,599.4148528223552
79500.0,4560000.448973541,96597.55609545333,4559958.263191733,625.4117485914758,1553.7618823988582,625.1199555201886,-6.7945994501483735,-0.18732219064774272,-6.794528536275248,18303.766323008826,0.0,0.1939561738508999,2.059930667412065,2234285.585289076,599.4148528223552
79600.0,4560062.9561760845,96752.9313475239,4560020.741215324,624.7323090859442,1553.7431634043944,624.4405231034802,-6.794191164250444,-0.18705869079615733,-6.794120301469348,18303.766323008826,0.0,0.1939561738508999,2.059930667412065,2234285.585289076,599.4148528223552
79700.0,4560125.395436714,96908.30472900264,4560083.15129771,624.0529102585224,1553.724470463559,623.7611313598285,-6.793785881469406,-0.1868011051712426,-6.793715068666349,18303.766323008826,0.0,0.1939561738508999,2.059930667412065,2234285.585289076,599.4148528223552
79800.0,4560187.766759482,97063.67624246547,4560145.493442942,623.3735518108339,1553.7058029887835,623.0817799909673,-6.7933835631966515,-0.18654935687772312,-6.793312799272126,18303.766323008826,0.0,0.1939561738508999,2.059930667412065,2234285.585289076,599.4148528223552
79900.0,4560250.070148412,97219.04589042993,4560207.767655044,622.694233448335,1553.6871604001349,622.4024687024623,-6.792984171380222,-0.1863033700759656,-6.792913455249002,18303.766323008826,0.0,0.1939561738508999,2.059930667412065,2234285.585289076,599.4148528223552
80000.0,4560312.305607498,97374.41367535594,4560269.973938009,622.0149548802599,1553.6685421252128,621.7231972036554,-6.792587668516416,-0.18606306996674843,-6.792516999107363,18303.766323008826,0.0,0.1939561738508999,2.059930667412065,2234285.585289076,599.4148528223552
80100.0,4560374.473140704,97529.77959964659,4560332.112295802,621.335715819566,1553.6499475990452,621.0439652076104,-6.792194017641549,-0.1858283827762653,-6.792123393897415,18303.766323008826,0.0,0.1939561738508999,2.059930667412065,2234285.585289076,599.4148528223552
80200.0,4560436.572751969,97685.14366564878,4560394.182732358,620.6565159828803,1553.6313762639866,620.3647724310595,-6.791803182323798,-0.18559923574134232,-6.791732603201041,18303.766323008826,0.0,0.1939561738508999,2.059930667412065,2234285.585289076,599.4148528223552
80300.0,4560498.6044451995,97840.50587565405,4560456.185251585,619.9773550904467,1553.6128275696183,619.6856185943502,-6.791415126655229,-0.18537555709489165,-6.79134459112382,18303.766323008826,0.0,0.1939561738508999,2.059930667412065,2234285.585289076,599.4148528223552
80400.0,4560560.568224276,97995.86623189927,4560518.119857365,619.2982328660745,1553.5943009726486,619.006503421394,-6.791029815243895,-0.18515727605157078,-6.790959322287137,18303.766323008826,0.0,0.1939561738508999,2.059930667412065,2234285.585289076,599.4148528223552
80500.0,4560622.464093053,98151.22473656728,4560579.98655355,618.6191490370861,1553.5757959368161,618.3274266396144,-6.790647213206095,-0.18494432279366352,-6.790576761820436,18303.766323008826,0.0,0.1939561738508999,2.059930667412065,2234285.585289076,599.4148528223552
80600.0,4560684.292055354,98306.58139178768,4560641.785343965,617.9401033342675,1553.5573119327935,617.648387979897,-6.790267286158747,-0.18473662845718608,-6.790196875353606,18303.766323008826,0.0,0.1939561738508999,2.059930667412065,2234285.585289076,599.4148528223552
80700.0,4560746.052114981,98461.93619963748,4560703.516232408,617.2610954918182,1553.5388484380924,616.9693871765401,-6.789890000211881,-0.18453412511818945,-6.789819629009465,18303.766323008826,0.0,0.1939561738508999,2.059930667412065,2234285.585289076,599.4148528223552
80800.0,4560807.744275706,98617.28916214175,4560765.179222653,616.5821252473024,1553.5204049369706,616.2904239672047,-6.789515321961214,-0.18433674577924658,-6.789444989396347,18303.766323008826,0.0,0.1939561738508999,2.059930667412065,2234285.585289076,599.4148528223552
80900.0,4560869.368541275,98772.64028127435,4560826.7743184455,615.9031923416007,1553.5019809203402,615.6114980928674,-6.789143218480909,-0.18414442435620643,-6.78907292360086,18303.766323008826,0.0,0.1939561738508999,2.059930667412065,2234285.585289076,599.4148528223552
81000.0,4560930.924915411,98927.98955895854,4560888.301523507,615.2242965188628,1553.483575885676,614.9326092977724,-6.788773657316386,-0.18395709566506716,-6.788703399180697,18303.766323008826,0.0,0.1939561738508999,2.059930667412065,2234285.585289076,599.4148528223552
81100.0,4560992.413401807,99083.33699706767,4560949.760841533,614.5454375264604,1553.4651893369269,614.253757329385,-6.788406606477276,-0.18377469540911312,-6.7883363841576,18303.766323008826,0.0,0.1939561738508999,2.059930667412065,2234285.585289076,599.4148528223552
81200.0,4561053.834004135,99238.6825974258,4561011.152276192,613.8666151149414,1553.446820784428,613.5749419383454,-6.788042034430488,-0.18359716016621141,-6.787971847010415,18303.766323008826,0.0,0.1939561738508999,2.059930667412065,2234285.585289076,599.4148528223552
81300.0,4561115.186726041,99394.02636180831,4561072.4758311305,613.1878290379844,1553.428469744813,612.8961628784232,-6.787679910093357,-0.18342442737629938,-6.7876097566682585,18303.766323008826,0.0,0.1939561738508999,2.059930667412065,2234285.585289076,599.4148528223552
81400.0,4561176.471571146,99549.3682919426,4561133.7315099705,612.5090790523542,1553.4101357409288,612.217419906473,-6.787320202826921,-0.1832564353290675,-6.787250082503794,18303.766323008826,0.0,0.1939561738508999,2.059930667412065,2234285.585289076,599.4148528223552
81500.0,4561237.688543046,99704.70838950864,4561194.919316308,611.8303649178572,1553.3918183017522,611.53871278239,-6.786962882429304,-0.18309312315182663,-6.786892794326603,18303.766323008826,0.0,0.1939561738508999,2.059930667412065,2234285.585289076,599.4148528223552
81600.0,4561298.837645316,99860.0466561396,4561256.0392537145,611.1516863972988,1553.3735169623053,610.8600412690672,-6.7866079191291915,-0.18293443079756064,-6.786537862376676,18303.766323008826,0.0,0.1939561738508999,2.059930667412065,2234285.585289076,599.4148528223552
81700.0,4561359.918881505,100015.38309342245,4561317.09132574,610.4730432564401,1553.355231263574,610.1814051323521,-6.786255283579409,-0.1827802990331385,-6.786185257317992,18303.766323008826,0.0,0.1939561738508999,2.059930667412065,2234285.585289076,599.4148528223552
81800.0,4561420.932255139,100170.71770289856,4561378.075535912,609.794435263956,1553.3369607524276,609.502804141005,-6.785904946850609,-0.18263066942773298,-6.785834950232208,18303.766323008826,0.0,0.1939561738508999,2.059930667412065,2234285.585289076,599.4148528223552
81900.0,4561481.877769722,100326.05048606427,4561438.991887732,609.1158621913936,1553.3187049815385,608.8242380666572,-6.785556880425038,-0.18248548434137773,-6.785486912612421,18303.766323008826,0.0,0.1939561738508999,2.059930667412065,2234285.585289076,599.4148528223552
82000.0,4561542.755428733,100481.38144437148,4561499.840384682,608.4373238131317,1553.3004635093048,608.1457066837708,-6.785211056190415,-0.18234468691372244,-6.785141116357061,18303.766323008826,0.0,0.1939561738508999,2.059930667412065,2234285.585289076,599.4148528223552
82100.0,4561603.5652356325,100636.71057922821,4561560.621030218,607.75881990634,1553.2822358997712,607.4672097695975,-6.78486744643392,-0.1822082210529472,-6.784797533763863,18303.766323008826,0.0,0.1939561738508999,2.059930667412065,2234285.585289076,599.4148528223552
82200.0,4561664.307193856,100792.03789199916,4561621.333827777,607.08035025094,1553.264021722554,606.7887471041399,-6.784526023836229,-0.18207603142483497,-6.7844561375239225,18303.766323008826,0.0,0.1939561738508999,2.059930667412065,2234285.585289076,599.4148528223552
82300.0,4561724.981306817,100947.36338400628,4561681.978780773,606.4019146295656,1553.2458205527655,606.110318470112,-6.7841867614656906,-0.1819480634420216,-6.784116900715869,18303.766323008826,0.0,0.1939561738508999,2.059930667412065,2234285.585289076,599.4148528223552
82400.0,4561785.587577909,101102.6870565293,4561742.555892598,605.7235128275247,1553.22763197094,605.4319236529008,-6.783849632772569,-0.18182426325338705,-6.783779796800105,18303.766323008826,0.0,0.1939561738508999,2.059930667412065,2234285.585289076,599.4148528223552
82500.0,4561846.126010503,101258.00891080627,4561803.065166623,605.0451446327613,1553.2094555629599,604.7535624405282,-6.783514611583353,-0.18170457773360896,-6.783444799613118,18303.766323008826,0.0,0.1939561738508999,2.059930667412065,2234285.585289076,599.4148528223552
82600.0,4561906.596607949,101413.32894803406,4561863.506606199,604.3668098358183,1553.1912909199852,604.075234623614,-6.783181672095236,-0.18158895447290915,-6.783111883361975,18303.766323008826,0.0,0.1939561738508999,2.059930667412065,2234285.585289076,599.4148528223552
82700.0,4561966.999373577,101568.64716936897,4561923.880214654,603.6885082298005,1553.173137638381,603.3969399953393,-6.782850788870561,-0.18147734176687247,-6.782781022618747,18303.766323008826,0.0,0.1939561738508999,2.059930667412065,2234285.585289076,599.4148528223552
82800.0,4562027.334310695,101723.96357592716,4561984.1859952975,603.0102396103384,1553.1549953196477,602.7186783514094,-6.782521936831444,-0.18136968860649358,-6.782452192315159,18303.766323008826,0.0,0.1939561738508999,2.059930667412065,2234285.585289076,599.4148528223552
82900.0,4562087.601422591,101879.27816878521,4562044.423951417,602.3320037755526,1553.136863570353,602.0404494900191,-6.782195091254473,-0.18126594466835247,-6.78212536773727,18303.766323008826,0.0,0.1939561738508999,2.059930667412065,2234285.585289076,599.4148528223552
83000.0,4562147.800712535,102034.59094898059,4562104.594086282,601.6538005260184,1553.1187420020624,601.362253211817,-6.781870227765415,-0.18116606030488264,-6.781800524520195,18303.766323008826,0.0,0.1939561738508999,2.059930667412065,2234285.585289076,599.4148528223552
83100.0,4562207.932183776,102189.9019175122,4562164.696403139,600.9756296647313,1553.100630231273,600.6840893198708,-6.781547322334103,-0.18106998653487058,-6.78147763864299,18303.766323008826,0.0,0.1939561738508999,2.059930667412065,2234285.585289076,599.4148528223552
83200.0,4562267.995839542,102345.2110753408,4562224.730905219,600.2974909970729,1553.0825278793473,600.0059576196336,-6.781226351269323,-0.18097767503402173,-6.781156686423535,18303.766323008826,0.0,0.1939561738508999,2.059930667412065,2234285.585289076,599.4148528223552
83300.0,4562327.991683043,102500.51842338957,4562284.69759573,599.6193843307774,1553.0644345724472,599.3278579189096,-6.780907291213838,-0.18088907812570978,-6.780837644513574,18303.766323008826,0.0,0.1939561738508999,2.059930667412065,2234285.585289076,599.4148528223552
83400.0,4562387.919717468,102655.8239625445,4562344.596477863,598.9413094758978,1553.046349941471,598.6497900278215,-6.78059011913944,-0.18080414877184275,-6.780520489893749,18303.766323008826,0.0,0.1939561738508999,2.059930667412065,2234285.585289076,599.4148528223552
83500.0,4562447.779945992,102811.12769365491,4562404.42755479,598.263266244774,1553.0282736219885,597.9717537587779,-6.780274812342117,-0.18072284056386964,-6.78020519986879,18303.766323008826,0.0,0.1939561738508999,2.059930667412065,2234285.585289076,599.4148528223552
83600.0,4562507.572371766,102966.42961753394,4562464.190829663,597.585254452,1553.0102052541802,597.2937489264408,-6.7799613484372605,-0.18064510771391507,-6.779891752062702,18303.766323008826,0.0,0.1939561738508999,2.059930667412065,2234285.585289076,599.4148528223552
83700.0,4562567.296997924,103121.72973495895,4562523.886305616,596.9072739143927,1552.9921444827737,596.6157753476938,-6.779649705354984,-0.18057090504606163,-6.779580124414108,18303.766323008826,0.0,0.1939561738508999,2.059930667412065,2234285.585289076,599.4148528223552
83800.0,4562626.953827584,103277.028046672,4562583.513985768,596.2293244509605,1552.9740909569846,595.9378328416113,-6.779339861335465,-0.180500187987728,-6.779270295171578,18303.766323008826,0.0,0.1939561738508999,2.059930667412065,2234285.585289076,599.4148528223552
83900.0,4562686.542863844,103432.32455338031,4562643.073873214,595.5514058828722,1552.9560443304556,595.2599212294277,-6.779031794924418,-0.18043291256121324,-6.778962242889099,18303.766323008826,0.0,0.1939561738508999,2.059930667412065,2234285.585289076,599.4148528223552
84000.0,4562746.064109785,103587.61925575667,4562702.565971037,594.8735180334273,1552.938004261198,594.5820403345067,-6.778725484968588,-0.18036903537534127,-6.778655946421591,18303.766323008826,0.0,0.1939561738508999,2.059930667412065,2234285.585289076,599.4148528223552
84100.0,4562805.517568469,103742.91215443987,4562761.990282299,594.1956607280255,1552.9199704115335,593.9041899823116,-6.778420910611325,-0.18030851361722186,-6.778351384920459,18303.766323008826,0.0,0.1939561738508999,2.059930667412065,2234285.585289076,599.4148528223552
84200.0,4562864.903242943,103898.20325003516,4562821.346810046,593.5178337941375,1552.9019424480357,593.2263700003759,-6.778118051288249,-0.1802513050441638,-6.778048537829278,18303.766323008826,0.0,0.1939561738508999,2.059930667412065,2234285.585289076,599.4148528223552
84300.0,4562924.221136235,104053.4925431147,4562880.635557306,592.8400370612761,1552.883920041475,592.5485802182747,-6.777816886722936,-0.1801973679756607,-6.777747384879468,18303.766323008826,0.0,0.1939561738508999,2.059930667412065,2234285.585289076,599.4148528223552
84400.0,4562983.471251356,104208.78003421785,4562939.856527091,592.1622703609677,1552.8659028667619,591.8708204675951,-6.77751739692274,-0.1801466612855574,-6.777447906086124,18303.766323008826,0.0,0.1939561738508999,2.059930667412065,2234285.585289076,599.4148528223552
84500.0,4563042.653591302,104364.06572385173,4562999.009722395,591.4845335267235,1552.8478906028918,591.1930905819092,-6.777219562174588,-0.18009914439425773,-6.777150081743817,18303.766323008826,0.0,0.1939561738508999,2.059930667412065,2234285.585289076,599.4148528223552
84600.0,4563101.768159051,104519.34961249154,4563058.095146197,590.8068263940125,1552.8298829328915,590.5153903967458,-6.776923363040923,-0.18005477726110466,-6.776853892422518,18303.766323008826,0.0,0.1939561738508999,2.059930667412065,2234285.585289076,599.4148528223552
84700.0,4563160.814957566,104674.631700581,4563117.112801459,590.1291488002339,1552.8118795437651,589.8377197495629,-6.776628780355655,-0.18001352037684626,-6.776559318963585,18303.766323008826,0.0,0.1939561738508999,2.059930667412065,2234285.585289076,599.4148528223552
84800.0,4563219.793989791,104829.91198853268,4563176.062691126,589.4515005846899,1552.7938801264413,589.1600784797209,-6.776335795220206,-0.17997533475621688,-6.776266342475767,18303.766323008826,0.0,0.1939561738508999,2.059930667412065,2234285.585289076,599.4148528223552
84900.0,4563278.705258656,104985.19047672849,4563234.944818129,588.7738815885596,1552.7758843757213,588.4824664284565,-6.776044388999577,-0.1799401819306223,-6.775974944331318,18303.766323008826,0.0,0.1939561738508999,2.059930667412065,2234285.585289076,599.4148528223552
85000.0,4563337.548767077,105140.46716551999,4563293.75918538,588.0962916548723,1552.7578919902278,587.8048834388558,-6.775754543318542,-0.1799080239409481,-6.775685106162146,18303.766323008826,0.0,0.1939561738508999,2.059930667412065,2234285.585289076,599.4148528223552
85100.0,4563396.32451795,105295.7420552288,4563352.50579578,587.4187306284821,1552.7399026723542,587.1273293558289,-6.775466240057808,-0.1798788233304446,-6.775396809856015,18303.766323008826,0.0,0.1939561738508999,2.059930667412065,2234285.585289076,599.4148528223552
85200.0,4563455.0325141605,105451.01514614692,4563411.18465221,586.7411983560424,1552.7219161282148,586.4498040260847,-6.775179461350316,-0.17985254313774202,-6.775110037552824,18303.766323008826,0.0,0.1939561738508999,2.059930667412065,2234285.585289076,599.4148528223552
85300.0,4563513.672758575,105606.28643853721,4563469.795757539,586.0636946859811,1552.7039320675956,585.7723072981056,-6.7748941895775605,-0.17982914688996302,-6.774824771640927,18303.766323008826,0.0,0.1939561738508999,2.059930667412065,2234285.585289076,599.4148528223552
85400.0,4563572.245254046,105761.55593263367,4563528.3391146185,585.3862194684751,1552.6859502039056,585.0948390221226,-6.774610407365942,-0.17980859859590773,-6.774540994753502,18303.766323008826,0.0,0.1939561738508999,2.059930667412065,2234285.585289076,599.4148528223552
85500.0,4563630.750003412,105916.82362864178,4563586.814726287,584.7087725554271,1552.667970254129,584.4173990500918,-6.774328097583249,-0.17979086273939504,-6.774258689765023,18303.766323008826,0.0,0.1939561738508999,2.059930667412065,2234285.585289076,599.4148528223552
85600.0,4563689.187009496,106072.08952673896,4563645.222595367,584.0313538004409,1552.6499919387784,583.7399872356696,-6.774047243335114,-0.17977590427264123,-6.7739778397877215,18303.766323008826,0.0,0.1939561738508999,2.059930667412065,2234285.585289076,599.4148528223552
85700.0,4563747.556275106,106227.35362707482,4563703.562724668,583.3539630587978,1552.632014981848,583.0626034341893,-6.77376782796155,-0.17976368860975594,-6.7736984281681165,18303.766323008826,0.0,0.1939561738508999,2.059930667412065,2234285.585289076,599.4148528223552
85800.0,4563805.857803036,106382.61592977152,4563761.835116982,582.6766001874339,1552.6140391107676,582.3852475026383,-6.773489835033568,-0.17975418162036014,-6.773420438483643,18303.766323008826,0.0,0.1939561738508999,2.059930667412065,2234285.585289076,599.4148528223552
85900.0,4563864.091596068,106537.87643492418,4563820.039775092,581.9992650449166,1552.5960640563578,581.7079192996348,-6.7732132483498235,-0.1797473496232594,-6.7731438545392955,18303.766323008826,0.0,0.1939561738508999,2.059930667412065,2234285.585289076,599.4148528223552
86000.0,4563922.257656965,106693.13514260115,4563878.176701762,581.3219574914219,1552.5780895527848,581.0306186854051,-6.772938051933269,-0.1797431593802138,-6.772868660364285,18303.766323008826,0.0,0.1939561738508999,2.059930667412065,2234285.585289076,599.4148528223552
86100.0,4563980.355988481,106848.39205284436,4563936.245899744,580.644677388713,1552.5601153375171,580.3533455217615,-6.77266423002798,-0.17974157808983787,-6.7725948402088605,18303.766323008826,0.0,0.1939561738508999,2.059930667412065,2234285.585289076,599.4148528223552
86200.0,4564038.386593354,107003.64716566962,4563994.247371777,579.9674246001174,1552.5421411512814,579.6760996720806,-6.772391767095869,-0.179742573381523,-6.772322378541023,18303.766323008826,0.0,0.1939561738508999,2.059930667412065,2234285.585289076,599.4148528223552
86300.0,4564096.349474307,107158.90048106704,4564052.181120585,579.2901989905057,1552.52416673802,578.9988810012811,-6.772120647813582,-0.17974611330950824,-6.772051260043437,18303.766323008826,0.0,0.1939561738508999,2.059930667412065,2234285.585289076,599.4148528223552
86400.0,4564154.244634053,107314.15199900123,4564110.047148879,578.6130004262703,1552.5061918448496,578.3216893758032,-6.771850857069378,-0.1797521663470081,-6.77178146961029,18303.766323008826,0.0,0.1939561738508999,2.059930667412065,2234285.585289076,599.4148528223552
86500.0,4564212.072075289,107469.40171941169,4564167.845459357,577.9358287753042,1552.4882162220179,577.644524663587,-6.771582379960046,-0.17976070138041217,-6.771512992344231,18303.766323008826,0.0,0.1939561738508999,2.059930667412065,2234285.585289076,599.4148528223552
86600.0,4564269.8318007,107624.64964221309,4564225.576054704,577.2586839069807,1552.4702396228643,576.9673867340521,-6.771315201787934,-0.1797716877036163,-6.7712458135533815,18303.766323008826,0.0,0.1939561738508999,2.059930667412065,2234285.585289076,599.4148528223552
86700.0,4564327.523812959,107779.89576729559,4564283.238937592,576.5815656921321,1552.4522618037781,576.290275458077,-6.771049308057939,-0.17978509501238318,-6.770979918748343,18303.766323008826,0.0,0.1939561738508999,2.059930667412065,2234285.585289076,599.4148528223552
86800.0,4564385.148114723,107935.14009452515,4564340.83411068,575.904474003031,1552.4342825241597,575.6131907079794,-6.770784684474591,-0.1798008933988099,-6.770715293639279,18303.766323008826,0.0,0.1939561738508999,2.059930667412065,2234285.585289076,599.4148528223552
86900.0,4564442.7047086395,108090.38262374382,4564398.361576614,575.2274087133692,1552.41630154638,574.9361323574959,-6.7705213169392024,-0.1798190533458861,-6.770451924133054,18303.766323008826,0.0,0.1939561738508999,2.059930667412065,2234285.585289076,599.4148528223552
87000.0,4564500.193597342,108245.62335477,4564455.821338028,574.5503696982387,1552.3983186357432,574.2591002817628,-6.770259191546982,-0.17983954572209487,-6.770189796330358,18303.766323008826,0.0,0.1939561738508999,2.059930667412065,2234285.585289076,599.4148528223552
87100.0,4564557.614783451,108400.8622873988,4564513.213397542,573.8733568341124,1552.3803335604468,573.5820943572968,-6.769998294584273,-0.1798623417761297,-6.769928896522946,18303.766323008826,0.0,0.1939561738508999,2.059930667412065,2234285.585289076,599.4148528223552
87200.0,4564614.968269576,108556.0994214023,4564570.537757766,573.1963699988253,1552.362346091545,572.9051144619759,-6.769738612525798,-0.1798874131316691,-6.769669211190882,18303.766323008826,0.0,0.1939561738508999,2.059930667412065,2234285.585289076,599.4148528223552
87300.0,4564672.2540583145,108711.33475652979,4564627.7944212975,572.5194090715553,1552.3443560029111,572.2281604750208,-6.7694801320319415,-0.17991473178222517,-6.769410726999817,18303.766323008826,0.0,0.1939561738508999,2.059930667412065,2234285.585289076,599.4148528223552
87400.0,4564729.47215225,108866.5682925081,4564684.983390721,571.8424739328054,1552.3263630712006,571.5512322769765,-6.769222839946059,-0.17994427008606326,-6.7691534307983146,18303.766323008826,0.0,0.1939561738508999,2.059930667412065,2234285.585289076,599.4148528223552
87500.0,4564786.622553957,109021.8000290419,4564742.104668609,571.1655644643852,1552.3083670758153,570.8743297496941,-6.768966723291892,-0.1799760007612191,-6.768897309615243,18303.766323008826,0.0,0.1939561738508999,2.059930667412065,2234285.585289076,599.4148528223552
87600.0,4564843.705265995,109177.02996581388,4564799.158257523,570.4886805493928,1552.2903677988672,570.1974527763128,-6.768711769270939,-0.1800098968805548,-6.768642350657176,18303.766323008826,0.0,0.1939561738508999,2.059930667412065,2234285.585289076,599.4148528223552
87700.0,4564900.720290915,109332.25810248511,4564856.144160012,569.8118220721975,1552.272365025144,569.5206012412426,-6.768457965259912,-0.18004593186690132,-6.7683885413058205,18303.766323008826,0.0,0.1939561738508999,2.059930667412065,2234285.585289076,599.4148528223552
87800.0,4564957.6676312545,109487.48443869526,4564913.062378615,569.1349889184223,1552.254358542073,568.8437750301465,-6.768205298808233,-0.18008407948827868,-6.768135869115538,18303.766323008826,0.0,0.1939561738508999,2.059930667412065,2234285.585289076,599.4148528223552
87900.0,4565014.547289539,109642.70897406287,4564969.912915858,568.4581809749267,1552.2363481396885,568.1669740299235,-6.767953757635541,-0.18012431385316974,-6.767884321810841,18303.766323008826,0.0,0.1939561738508999,2.059930667412065,2234285.585289076,599.4148528223552
88000.0,4565071.359268285,109797.93170818563,4565026.695774258,567.7813981297897,1552.2183336105966,567.4901981286919,-6.767703329629268,-0.18016660940586693,-6.767633887283967,18303.766323008826,0.0,0.1939561738508999,2.059930667412065,2234285.585289076,599.4148528223552
88100.0,4565128.1035699975,109953.1526406406,4565083.410956318,567.1046402722936,1552.2003147499422,566.8134472157724,-6.767454002842224,-0.18021094092189086,-6.767384553592477,18303.766323008826,0.0,0.1939561738508999,2.059930667412065,2234285.585289076,599.4148528223552
88200.0,4565184.780197169,110108.3717709845,4565140.058464531,566.427907292907,1552.182291355377,566.1367211816718,-6.76720576549023,-0.18025728350346443,-6.7671363089568715,18303.766323008826,0.0,0.1939561738508999,2.059930667412065,2234285.585289076,599.4148528223552
88300.0,4565241.389152282,110263.58909875389,4565196.63830138,565.7511990832687,1552.1642632270255,565.4600199180667,-6.766958605949795,-0.1803056125750643,-6.766889141758288,18303.766323008826,0.0,0.1939561738508999,2.059930667412065,2234285.585289076,599.4148528223552
88400.0,4565297.930437808,110418.80462346552,4565253.150469337,565.0745155361723,1552.1462301674544,564.7833433177877,-6.766712512755822,-0.1803559038790311,-6.7666430405361915,18303.766323008826,0.0,0.1939561738508999,2.059930667412065,2234285.585289076,599.4148528223552
88500.0,4565354.404056208,110574.0183446165,4565309.594970862,564.3978565455498,1552.1281919816404,564.1066912748039,-6.766467474599313,-0.18040813347122356,-6.766397993986091,18303.766323008826,0.0,0.1939561738508999,2.059930667412065,2234285.585289076,599.4148528223552
88600.0,4565410.810009932,110729.23026168456,4565365.971808407,563.7212220064565,1552.1101484769388,563.4300636842066,-6.766223480325185,-0.18046227771677495,-6.766153990957353,18303.766323008826,0.0,0.1939561738508999,2.059930667412065,2234285.585289076,599.4148528223552
88700.0,4565467.148301421,110884.44037412826,4565422.280984411,563.0446118150556,1552.0920994630533,562.7534604421951,-6.765980518930048,-0.1805183132858718,-6.765911020450973,18303.766323008826,0.0,0.1939561738508999,2.059930667412065,2234285.585289076,599.4148528223552
88800.0,4565523.418933103,111039.64868138726,4565478.522501304,562.3680258686031,1552.0740447520054,562.0768814460608,-6.765738579560036,-0.18057621714960798,-6.765669071617422,18303.766323008826,0.0,0.1939561738508999,2.059930667412065,2234285.585289076,599.4148528223552
88900.0,4565579.621907399,111194.85518288256,4565534.696361505,561.6914640654331,1552.0559841581048,561.4003265941728,-6.765497651508694,-0.18063596657590336,-6.7654281337545195,18303.766323008826,0.0,0.1939561738508999,2.059930667412065,2234285.585289076,599.4148528223552
89000.0,4565635.757226718,111350.05987801668,4565590.802567424,561.014926304943,1552.0379174979198,560.723795785963,-6.765257724214861,-0.18069753912547187,-6.765188196305329,18303.766323008826,0.0,0.1939561738508999,2.059930667412065,2234285.585289076,599.4148528223552
89100.0,4565691.824893458,111505.2627661739,4565646.84112146,560.3384124875789,1552.0198445902477,560.0472889219119,-6.765018787260626,-0.1807609126478532,-6.764949248856105,18303.766323008826,0.0,0.1939561738508999,2.059930667412065,2234285.585289076,599.4148528223552
89200.0,4565747.824910009,111660.46384672051,4565702.812026003,559.6619225148222,1552.0017652560869,559.3708059035343,-6.764780830369263,-0.18082606527749112,-6.764711281134239,18303.766323008826,0.0,0.1939561738508999,2.059930667412065,2234285.585289076,599.4148528223552
89300.0,4565803.757278752,111815.663119005,4565758.715283433,558.9854562891744,1551.9836793186082,558.6943466333654,-6.764543843403233,-0.1808929754298777,-6.76447428300625,18303.766323008826,0.0,0.1939561738508999,2.059930667412065,2234285.585289076,599.4148528223552
89400.0,4565859.622002055,111970.86058235829,4565814.550896118,558.3090137141442,1551.9655866031271,558.0179110149467,-6.764307816362219,-0.18096162179775055,-6.764238244475829,18303.766323008826,0.0,0.1939561738508999,2.059930667412065,2234285.585289076,599.4148528223552
89500.0,4565915.419082279,112126.05623609394,4565870.318866421,557.6325946942334,1551.947486937076,557.3414989528125,-6.764072739381157,-0.18103198334733905,-6.7640031556818725,18303.766323008826,0.0,0.1939561738508999,2.059930667412065,2234285.585289076,599.4148528223552
89600.0,4565971.148521775,112281.25007950833,4565926.019196691,556.9561991349237,1551.9293801499773,556.6651103524767,-6.763838602728328,-0.181104039314667,-6.7637690068965695,18303.766323008826,0.0,0.1939561738508999,2.059930667412065,2234285.585289076,599.4148528223552
89700.0,4566026.8103228845,112436.44211188094,4565981.65188927,556.2798269426636,1551.911266073416,555.9887451204195,-6.763605396803468,-0.18117776920190798,-6.763535788523508,18303.766323008826,0.0,0.1939561738508999,2.059930667412065,2234285.585289076,599.4148528223552
89800.0,4566082.40448794,112591.63233247449,4566037.216946491,555.6034780248547,1551.8931445410144,555.312403164074,-6.763373112135904,-0.18125315277379542,-6.763303491095825,18303.766323008826,0.0,0.1939561738508999,2.059930667412065,2234285.585289076,599.4148528223552
89900.0,4566137.931019262,112746.82074053514,4566092.714370676,554.9271522898395,1551.8750153884048,554.6360843918136,-6.763141739382715,-0.18133017005407503,-6.7630721052743565,18303.766323008826,0.0,0.1939561738508999,2.059930667412065,2234285.585289076,599.4148528223552
90000.0,4566193.389919167,112902.00733529274,4566148.144164139,554.2508496468884,1551.8568784532044,553.9597887129395,-6.762911269326917,-0.18140880132201287,-6.762841621845832,18303.766323008826,0.0,0.1939561738508999,2.059930667412065,2234285.585289076,599.4148528223552
90100.0,4566248.781189959,113057.192115961,4566203.506329185,553.5745700061874,1551.83873357499,553.2835160376678,-6.762681692875703,-0.18148902710895745,-6.762612031721105,18303.766323008826,0.0,0.1939561738508999,2.059930667412065,2234285.585289076,599.4148528223552
90200.0,4566304.104833933,113212.37508173769,4566258.800868111,552.8983132788255,1551.820580595273,552.6072662771176,-6.762453001058662,-0.18157082819493717,-6.7623833259333805,18303.766323008826,0.0,0.1939561738508999,2.059930667412065,2234285.585289076,599.4148528223552
90300.0,4566359.360853376,113367.55623180479,4566314.027783202,552.222079376783,1551.8024193574738,551.9310393432983,-6.762225185026063,-0.18165418560531904,-6.762155495636496,18303.766323008826,0.0,0.1939561738508999,2.059930667412065,2234285.585289076,599.4148528223552
90400.0,4566414.549250566,113522.73556532875,4566369.187076737,551.5458682129187,1551.784249706899,551.2548351490982,-6.761998236047159,-0.18173908060751448,-6.761928532103231,18303.766323008826,0.0,0.1939561738508999,2.059930667412065,2234285.585289076,599.4148528223552
90500.0,4566469.670027774,113677.91308146065,4566424.278750987,550.869679700959,1551.7660714907158,550.5786536082726,-6.761772145508473,-0.1818254947077091,-6.761702426723588,18303.766323008826,0.0,0.1939561738508999,2.059930667412065,2234285.585289076,599.4148528223552
90600.0,4566524.723187259,113833.08877933634,4566479.302808211,550.1935137554857,1551.7478845579296,549.9024946354316,-6.7615469049121995,-0.18191340964768016,-6.761477171003195,18303.766323008826,0.0,0.1939561738508999,2.059930667412065,2234285.585289076,599.4148528223552
90700.0,4566579.708731275,113988.2626580767,4566534.259250663,549.5173702919247,1551.7296887593595,549.2263581460294,-6.761322505874516,-0.18200280740161087,-6.761252756561622,18303.766323008826,0.0,0.1939561738508999,2.059930667412065,2234285.585289076,599.4148528223552
90800.0,4566634.626662064,114143.43471678776,4566589.148080587,548.8412492265347,1551.7114839476158,548.5502440563523,-6.761098940124023,-0.1820936701729926,-6.761029175130815,18303.766323008826,0.0,0.1939561738508999,2.059930667412065,2234285.585289076,599.4148528223552
90900.0,4566689.476981864,114298.60495456091,4566643.969300219,548.1651504763959,1551.693269977077,547.8741522835081,-6.760876199500131,-0.18218598039153922,-6.760806418553495,18303.766323008826,0.0,0.1939561738508999,2.059930667412065,2234285.585289076,599.4148528223552
91000.0,4566744.259692901,114453.77337047308,4566698.722911785,547.489073959399,1551.6750467038678,547.1980827454148,-6.7606542759515165,-0.18227972071016155,-6.760584478781597,18303.766323008826,0.0,0.1939561738508999,2.059930667412065,2234285.585289076,599.4148528223552
91100.0,4566798.974797394,114608.93996358686,4566753.408917506,546.8130195942346,1551.6568139858362,546.5220353607897,-6.7604331615345865,-0.18237487400198144,-6.760363347874753,18303.766323008826,0.0,0.1939561738508999,2.059930667412065,2234285.585289076,599.4148528223552
91200.0,4566853.622297555,114764.10473295074,4566808.027319593,546.1369873003823,1551.638571682532,545.846010049139,-6.760212848411953,-0.1824714233573793,-6.760143017998754,18303.766323008826,0.0,0.1939561738508999,2.059930667412065,2234285.585289076,599.4148528223552
91300.0,4566908.202195588,114919.26767759923,4566862.578120249,545.4609769981003,1551.6203196551858,545.1700067307468,-6.759993328850952,-0.18256935208109812,-6.759923481424077,18303.766323008826,0.0,0.1939561738508999,2.059930667412065,2234285.585289076,599.4148528223552
91400.0,4566962.714493685,115074.42879655307,4566917.06132167,544.7849886084146,1551.6020577666866,544.4940253266651,-6.759774595222167,-0.18266864368937344,-6.759704730524408,18303.766323008826,0.0,0.1939561738508999,2.059930667412065,2234285.585289076,599.4148528223552
91500.0,4567017.159194036,115229.58808881935,4566971.476926043,544.1090220531091,1551.5837858815612,543.8180657587036,-6.759556639997992,-0.18276928190711697,-6.759486757775202,18303.766323008826,0.0,0.1939561738508999,2.059930667412065,2234285.585289076,599.4148528223552
91600.0,4567071.536298821,115384.7455533917,4567025.824935547,543.4330772547158,1551.565503865954,543.1421279494193,-6.759339455751187,-0.18287125066512255,-6.759269555752239,18303.766323008826,0.0,0.1939561738508999,2.059930667412065,2234285.585289076,599.4148528223552
91700.0,4567125.84581021,115539.90118925043,4567080.105352355,542.757154136504,1551.547211587606,542.4662118221066,-6.759123035153489,-0.18297453409733175,-6.759053117130244,18303.766323008826,0.0,0.1939561738508999,2.059930667412065,2234285.585289076,599.4148528223552
91800.0,4567180.087730369,115695.05499536276,4567134.318178631,542.0812526224712,1551.5289089158346,541.7903173007876,-6.758907370974217,-0.18307911653812164,-6.758837434681483,18303.766323008826,0.0,0.1939561738508999,2.059930667412065,2234285.585289076,599.4148528223552
91900.0,4567234.2620614525,115850.20697068285,4567188.463416533,541.4053726373331,1551.510595721514,541.1144443102023,-6.758692456078906,-0.1831849825196332,-6.758622501274397,18303.766323008826,0.0,0.1939561738508999,2.059930667412065,2234285.585289076,599.4148528223552
92000.0,4567288.3688056115,116005.35711415205,4567242.541068208,540.7295141065141,1551.4922718770554,540.4385927757993,-6.7584782834279595,-0.1832921167691461,-6.758408309872268,18303.766323008826,0.0,0.1939561738508999,2.059930667412065,2234285.585289076,599.4148528223552
92100.0,4567342.407964987,116160.50542469905,4567296.551135801,540.0536769561377,1551.4739372563874,539.762762623726,-6.758264846075335,-0.1834005042064821,-6.758194853531886,18303.766323008826,0.0,0.1939561738508999,2.059930667412065,2234285.585289076,599.4148528223552
92200.0,4567396.379541713,116315.65190123997,4567350.493621443,539.3778611130176,1551.4555917349376,539.0869537808194,-6.758052137167233,-0.18351012994144597,-6.757982125402256,18303.766323008826,0.0,0.1939561738508999,2.059930667412065,2234285.585289076,599.4148528223552
92300.0,4567450.283537917,116470.79654267857,4567404.368527264,538.7020665046483,1551.4372351896127,538.4111661745973,-6.757840149940803,-0.18362097927130205,-6.757770118723287,18303.766323008826,0.0,0.1939561738508999,2.059930667412065,2234285.585289076,599.4148528223552
92400.0,4567504.1199557185,116625.93934790637,4567458.175855383,538.026293059196,1551.4188674987809,537.7353997332489,-6.757628877722881,-0.18373303767828728,-6.757558826824551,18303.766323008826,0.0,0.1939561738508999,2.059930667412065,2234285.585289076,599.4148528223552
92500.0,4567557.888797231,116781.0803158028,4567511.915607913,537.3505407054897,1551.4004885422526,537.0596543856259,-6.757418313928724,-0.18384629082715415,-6.757348243124001,18303.766323008826,0.0,0.1939561738508999,2.059930667412065,2234285.585289076,599.4148528223552
92600.0,4567611.59006456,116936.21944523534,4567565.58778696,536.6748093730127,1551.3820982012628,536.3839300612341,-6.757208452060812,-0.18396072456276102,-6.757138361126777,18303.766323008826,0.0,0.1939561738508999,2.059930667412065,2234285.585289076,599.4148528223552
92700.0,4567665.223759804,117091.35673505966,4567619.1923946235,535.9990989918938,1551.3636963584534,535.7082266902241,-6.756999285707598,-0.1840763249076779,-6.756929174423963,18303.766323008826,0.0,0.1939561738508999,2.059930667412065,2234285.585289076,599.4148528223552
92800.0,4567718.789885054,117246.49218411976,4567672.7294329945,535.3234094928983,1551.3452828978548,535.0325442033836,-6.756790808542332,-0.18419307805983964,-6.756720676691406,18303.766323008826,0.0,0.1939561738508999,2.059930667412065,2234285.585289076,599.4148528223552
92900.0,4567772.288442397,117401.62579124814,4567726.198904159,534.6477408074205,1551.326857704869,534.3568825321282,-6.756583014321872,-0.18431097039022148,-6.7565128616885275,18303.766323008826,0.0,0.1939561738508999,2.059930667412065,2234285.585289076,599.4148528223552
93000.0,4567825.719433907,117556.75755526588,4567779.6008101925,533.9720928674745,1551.308420666253,533.6812416084936,-6.756375896885545,-0.1844299884405632,-6.756305723257181,18303.766323008826,0.0,0.1939561738508999,2.059930667412065,2234285.585289076,599.4148528223552
93100.0,4567879.082861659,117711.88747498281,4567832.93515317,533.2964656056866,1551.2899716701002,533.005621365127,-6.756169450153952,-0.18455011892109355,-6.756099255320474,18303.766323008826,0.0,0.1939561738508999,2.059930667412065,2234285.585289076,599.4148528223552
93200.0,4567932.378727715,117867.01554919763,4567886.201935153,532.620858955287,1551.2715106058254,532.3300217352796,-6.755963668127895,-0.18467134870832647,-6.755893451881675,18303.766323008826,0.0,0.1939561738508999,2.059930667412065,2234285.585289076,599.4148528223552
93300.0,4567985.607034135,118022.14177669806,4567939.4011582015,531.9452728501017,1551.253037364147,531.6544426527981,-6.755758544887236,-0.184793664842856,-6.755688307023078,18303.766323008826,0.0,0.1939561738508999,2.059930667412065,2234285.585289076,599.4148528223552
93400.0,4568038.7677829685,118177.26615626094,4567992.532824366,531.2697072245448,1551.2345518370719,530.9788840521171,-6.755554074589789,-0.18491705452719265,-6.755483814904908,18303.766323008826,0.0,0.1939561738508999,2.059930667412065,2234285.585289076,599.4148528223552
93500.0,4568091.86097626,118332.3886866524,4568045.596935692,530.5941620136111,1551.216053917878,530.3033458682513,-6.755350251470278,-0.18504150512364095,-6.7552799697642705,18303.766323008826,0.0,0.1939561738508999,2.059930667412065,2234285.585289076,599.4148528223552
93600.0,4568144.886616049,118487.50936662793,4568098.593494218,529.9186371528679,1551.1975435010995,529.627828036788,-6.755147069839236,-0.1851670041521815,-6.755076765914038,18303.766323008826,0.0,0.1939561738508999,2.059930667412065,2234285.585289076,599.4148528223552
93700.0,4568197.844704367,118642.62819493255,4568151.522501975,529.2431325784476,1551.1790204825109,528.9523304938792,-6.754944524081983,-0.18529353928840983,-6.754874197741853,18303.766323008826,0.0,0.1939561738508999,2.059930667412065,2234285.585289076,599.4148528223552
93800.0,4568250.735243239,118797.74517030093,4568204.38396099,528.5676482270404,1551.160484759111,528.2768531762349,-6.754742608657558,-0.185421098361476,-6.754672259709042,18303.766323008826,0.0,0.1939561738508999,2.059930667412065,2234285.585289076,599.4148528223552
93900.0,4568303.558234685,118952.86029145749,4568257.177873283,527.8921840358872,1551.141936229108,527.601396021115,-6.754541318097744,-0.18554966935208267,-6.7544709463496515,18303.766323008826,0.0,0.1939561738508999,2.059930667412065,2234285.585289076,599.4148528223552
94000.0,4568356.313680717,119107.97355711651,4568309.904240865,527.2167399427719,1551.1233747919057,526.9259589663224,-6.754340647006031,-0.1856792403904845,-6.754270252269401,18303.766323008826,0.0,0.1939561738508999,2.059930667412065,2234285.585289076,599.4148528223552
94100.0,4568409.0015833415,119263.0849659823,4568362.563065744,526.5413158860147,1551.104800348086,526.250541950196,-6.7541405900566325,-0.18580979975452835,-6.754070172144706,18303.766323008826,0.0,0.1939561738508999,2.059930667412065,2234285.585289076,599.4148528223552
94200.0,4568461.62194456,119418.19451674928,4568415.154349921,525.8659118044645,1551.0862127993967,525.5751449116034,-6.753941141993516,-0.18594133586771788,-6.753870700721716,18303.766323008826,0.0,0.1939561738508999,2.059930667412065,2234285.585289076,599.4148528223552
94300.0,4568514.174766366,119573.3022081021,4568467.678095391,525.1905276374928,1551.0676120487356,524.8997677899345,-6.7537422976294375,-0.18607383729730612,-6.753671832815337,18303.766323008826,0.0,0.1939561738508999,2.059930667412065,2234285.585289076,599.4148528223552
94400.0,4568566.660050749,119728.40803871576,4568520.134304142,524.515163324986,1551.0489980001366,524.2244105250938,-6.753544051844997,-0.18620729275241285,-6.753473563308292,18303.766323008826,0.0,0.1939561738508999,2.059930667412065,2234285.585289076,599.4148528223552
94500.0,4568619.077799691,119883.5120072557,4568572.522978156,523.8398188073396,1551.0303705587562,523.5490730574946,-6.7533463995877,-0.18634169108216495,-6.753275887150179,18303.766323008826,0.0,0.1939561738508999,2.059930667412065,2234285.585289076,599.4148528223552
94600.0,4568671.428015169,120038.61411237795,4568624.844119411,523.1644940254506,1551.0117296308583,522.8737553280517,-6.753149335871033,-0.18647702127386862,-6.75307879935656,18303.766323008826,0.0,0.1939561738508999,2.059930667412065,2234285.585289076,599.4148528223552
94700.0,4568723.710699152,120193.71435272922,4568677.097729878,522.4891889207115,1550.9930751238019,522.1984572781752,-6.752952855773573,-0.18661327245120354,-6.752882295008058,18303.766323008826,0.0,0.1939561738508999,2.059930667412065,2234285.585289076,599.4148528223552
94800.0,4568775.925853606,120348.81272694701,4568729.283811521,521.8139034350039,1550.9744069460266,521.5231788497638,-6.7527569544380714,-0.18675043387243848,-6.752686369249443,18303.766323008826,0.0,0.1939561738508999,2.059930667412065,2234285.585289076,599.4148528223552
94900.0,4568828.073480491,120503.90923365972,4568781.4023663,521.1386375106918,1550.9557250070397,520.8479199851987,-6.752561627070586,-0.18688849492867673,-6.752491017288766,18303.766323008826,0.0,0.1939561738508999,2.059930667412065,2234285.585289076,599.4148528223552
95000.0,4568880.153581758,120659.00387148674,4568833.453396169,520.4633910906153,1550.9370292174026,520.1726806273372,-6.7523668689396095,-0.187027445142125,-6.752296234396496,18303.766323008826,0.0,0.1939561738508999,2.059930667412065,2234285.585289076,599.4148528223552
95100.0,4568932.166159357,120814.09663903857,4568885.436903074,519.788164118085,1550.918319488718,519.4974607195062,-6.75217267537521,-0.18716727416438075,-6.75210201590464,18303.766323008826,0.0,0.1939561738508999,2.059930667412065,2234285.585289076,599.4148528223552
95200.0,4568984.111215228,120969.18753491694,4568937.352888959,519.1129565368751,1550.899595733617,518.8222602054966,-6.751979041768195,-0.1873079717747514,-6.751908357205933,18303.766323008826,0.0,0.1939561738508999,2.059930667412065,2234285.585289076,599.4148528223552
95300.0,4569035.988751309,121124.27655771487,4568989.20135576,518.4377682912178,1550.8808578657467,518.147079029557,-6.751785963569264,-0.1874495278785865,-6.751715253752969,18303.766323008826,0.0,0.1939561738508999,2.059930667412065,2234285.585289076,599.4148528223552
95400.0,4569087.798769529,121279.36370601681,4569040.9823054075,517.7625993257974,1550.8621057997573,517.4719171363876,-6.751593436288205,-0.18759193250564243,-6.7515227010574135,18303.766323008826,0.0,0.1939561738508999,2.059930667412065,2234285.585289076,599.4148528223552
95500.0,4569139.541271814,121434.44897839874,4569092.695739828,517.087449585744,1550.84333945129,516.7967744711347,-6.751401455493065,-0.18773517580845972,-6.751330694689165,18303.766323008826,0.0,0.1939561738508999,2.059930667412065,2234285.585289076,599.4148528223552
95600.0,4569191.216260085,121589.53237342821,4569144.341660941,516.4123190166284,1550.8245587369643,516.1216509793846,-6.75121001680939,-0.18787924806077735,-6.751139230275595,18303.766323008826,0.0,0.1939561738508999,2.059930667412065,2234285.585289076,599.4148528223552
95700.0,4569242.823736255,121744.61388966453,4569195.920070661,515.7372075644557,1550.8057635743667,515.4465466071583,-6.751019115919392,-0.1880241396559488,-6.750948303500726,18303.766323008826,0.0,0.1939561738508999,2.059930667412065,2234285.585289076,599.4148528223552
95800.0,4569294.363702234,121899.69352565876,4569247.430970898,515.0621151756602,1550.7869538820382,514.7714613009052,-6.750828748561208,-0.18816984110539556,-6.750757910104479,18303.766323008826,0.0,0.1939561738508999,2.059930667412065,2234285.585289076,599.4148528223552
95900.0,4569345.836159924,122054.77127995391,4569298.874363555,514.3870417970994,1550.768129579463,514.0963950074984,-6.750638910528126,-0.18831634303707512,-6.750568045881905,18303.766323008826,0.0,0.1939561738508999,2.059930667412065,2234285.585289076,599.4148528223552
96000.0,4569397.2411112245,122209.84715108499,4569350.250250531,513.7119873760489,1550.7492905870567,513.4213476742282,-6.750449597667838,-0.18846363619397194,-6.750378706682435,18303.766323008826,0.0,0.1939561738508999,2.059930667412065,2234285.585289076,599.4148528223552
96100.0,4569448.578558029,122364.92113757905,4569401.5586337205,513.0369518601967,1550.730436826155,512.7463192487977,-6.750260805881683,-0.18861171143260613,-6.75018988840913,18303.766323008826,0.0,0.1939561738508999,2.059930667412065,2234285.585289076,599.4148528223552
96200.0,4569499.848502224,122519.99323795535,4569452.79951501,512.3619351976383,1550.7115682190022,512.071309679317,-6.750072531123941,-0.18876055972156547,-6.750001587017962,18303.766323008826,0.0,0.1939561738508999,2.059930667412065,2234285.585289076,599.4148528223552
96300.0,4569551.050945695,122675.06345072541,4569503.9728962835,511.68693733687087,1550.69268468874,511.3963189142978,-6.749884769401086,-0.18891017214005512,-6.749813798517088,18303.766323008826,0.0,0.1939561738508999,2.059930667412065,2234285.585289076,599.4148528223552
96400.0,4569602.185890317,122830.13177439313,4569555.078779418,511.0119582267884,1550.673786159397,510.72134690264863,-6.7496975167710955,-0.1890605398764718,-6.7496265189661395,18303.766323008826,0.0,0.1939561738508999,2.059930667412065,2234285.585289076,599.4148528223552
96500.0,4569653.2533379635,122985.19820745481,4569606.117166287,510.33699781667667,1550.6548725558775,510.04639359366934,-6.7495107693427325,-0.1892116542269865,-6.749439744475517,18303.766323008826,0.0,0.1939561738508999,2.059930667412065,2234285.585289076,599.4148528223552
96600.0,4569704.253290502,123140.26274839934,4569657.0880587585,509.6620560562079,1550.635943803951,509.37145893704627,-6.749324523274873,-0.18936350659416082,-6.749253471205717,18303.766323008826,0.0,0.1939561738508999,2.059930667412065,2234285.585289076,599.4148528223552
96700.0,4569755.185749795,123295.3253957082,4569707.991458694,508.9871328954361,1550.6169998302412,508.69654288284727,-6.749138774775817,-0.18951608848557117,-6.74906769536663,18303.766323008826,0.0,0.1939561738508999,2.059930667412065,2234285.585289076,599.4148528223552
96800.0,4569806.0507177,123450.38614785558,4569758.827367953,508.31222828479196,1550.598040562216,508.0216453815167,-6.7489535201026145,-0.18966939151245546,-6.748882413216885,18303.766323008826,0.0,0.1939561738508999,2.059930667412065,2234285.585289076,599.4148528223552
96900.0,4569856.84819607,123605.44500330844,4569809.595788388,507.63734217507795,1550.5790659281772,507.3467663838707,-6.7487687555604,-0.1898234073883769,-6.748697621063178,18303.766323008826,0.0,0.1939561738508999,2.059930667412065,2234285.585289076,599.4148528223552
97000.0,4569907.57818675,123760.50196052664,4569860.296721845,506.9624745174638,1550.5600758572498,506.67190584109244,-6.7485844775017645,-0.18997812792791233,-6.748513315259637,18303.766323008826,0.0,0.1939561738508999,2.059930667412065,2234285.585289076,599.4148528223552
97100.0,4569958.240691586,123915.55701796299,4569910.930170169,506.2876252634816,1550.5410702793724,505.99706370472717,-6.74840068232608,-0.19013354504534333,-6.748329492207154,18303.766323008826,0.0,0.1939561738508999,2.059930667412065,2234285.585289076,599.4148528223552
97200.0,4570008.835712415,124070.6101740633,4569961.496135198,505.61279436502105,1550.5220491252878,505.3222399266778,-6.748217366478892,-0.1902896507533847,-6.7481461483527765,18303.766323008826,0.0,0.1939561738508999,2.059930667412065,2234285.585289076,599.4148528223552
97300.0,4570059.36325107,124225.66142726655,4570011.994618764,504.9379817743252,1550.503012326532,504.6474344592003,-6.74803452645128,-0.19044643716191362,-6.747963280189066,18303.766323008826,0.0,0.1939561738508999,2.059930667412065,2234285.585289076,599.4148528223552
97400.0,4570109.823309379,124380.71077600487,4570062.425622698,504.26318744398566,1550.4839598154254,503.97264725489913,-6.747852158779242,-0.19060389647672213,-6.747780884253489,18303.766323008826,0.0,0.1939561738508999,2.059930667412065,2234285.585289076,599.4148528223552
97500.0,4570160.215889166,124535.75821870366,4570112.789148822,503.5884113269382,1550.4648915250632,503.2978782667227,-6.747670260043092,-0.1907620209982898,-6.747598957127806,18303.766323008826,0.0,0.1939561738508999,2.059930667412065,2234285.585289076,599.4148528223552
97600.0,4570210.54099225,124690.8037537817,4570163.085198957,502.91365337645846,1550.4458073893059,502.6231274479591,-6.74748882686687,-0.19092080312057044,-6.747417495437484,18303.766323008826,0.0,0.1939561738508999,2.059930667412065,2234285.585289076,599.4148528223552
97700.0,4570260.798620445,124845.84737965117,4570213.313774915,502.23891354615733,1550.4267073427698,501.94839475223176,-6.74730785591773,-0.1910802353297905,-6.747236495851097,18303.766323008826,0.0,0.1939561738508999,2.059930667412065,2234285.585289076,599.4148528223552
97800.0,4570310.988775562,125000.88909471774,4570263.4748785095,501.56419178997703,1550.407591320818,501.2736801334951,-6.74712734390538,-0.191240310203269,-6.747055955079741,18303.766323008826,0.0,0.1939561738508999,2.059930667412065,2234285.585289076,599.4148528223552
97900.0,4570361.111459404,125155.92889738068,4570313.568511544,500.8894880621867,1550.3884592595516,500.59898354603024,-6.746947287581492,-0.19140102040825455,-6.746875869876472,18303.766323008826,0.0,0.1939561738508999,2.059930667412065,2234285.585289076,599.4148528223552
98000.0,4570411.166673774,125310.9667860329,4570363.594675818,500.2148023173781,1550.3693110958002,499.9243049444411,-6.746767683739145,-0.19156235870077173,-6.746696237035725,18303.766323008826,0.0,0.1939561738508999,2.059930667412065,2234285.585289076,599.4148528223552
98100.0,4570461.154420466,125466.00275906101,4570413.553373131,499.5401345104617,1550.3501467671138,499.2496442836499,-6.74658852921227,-0.19172431792449068,-6.746517053392783,18303.766323008826,0.0,0.1939561738508999,2.059930667412065,2234285.585289076,599.4148528223552
98200.0,4570511.074701273,125621.03681484543,4570463.444605272,498.86548459666267,1550.3309662117533,498.5750015188935,-6.74640982087509,-0.1918868910096048,-6.746338315823194,18303.766323008826,0.0,0.1939561738508999,2.059930667412065,2234285.585289076,599.4148528223552
98300.0,4570560.92751798,125776.06895176043,4570513.26837403,498.1908525315166,1550.3117693686827,497.90037660571903,-6.746231555641589,-0.19205007097172747,-6.746160021242257,18303.766323008826,0.0,0.1939561738508999,2.059930667412065,2234285.585289076,599.4148528223552
98400.0,4570610.712872372,125931.09916817423,4570563.024681186,497.5162382708658,1550.2925561775598,497.2257694999803,-6.746053730464965,-0.19221385091080198,-6.745982166604467,18303.766323008826,0.0,0.1939561738508999,2.059930667412065,2234285.585289076,599.4148528223552
98500.0,4570660.430766227,126086.12746244902,4570612.713528521,496.84164177085535,1550.2733265787285,496.55118015783364,-6.745876342337117,-0.192378224010029,-6.745804748903004,18303.766323008826,0.0,0.1939561738508999,2.059930667412065,2234285.585289076,599.4148528223552
98600.0,4570710.081201317,126241.15383294108,4570662.334917809,496.1670629879291,1550.2540805132103,495.87660853573414,-6.74569938828812,-0.1925431835348052,-6.745627765169212,18303.766323008826,0.0,0.1939561738508999,2.059930667412065,2234285.585289076,599.4148528223552
98700.0,4570759.664179413,126396.17827800082,4570711.888850818,495.4925018788262,1550.2348179226958,495.20205459043194,-6.745522865385704,-0.19270872283167495,-6.745451212472067,18303.766323008826,0.0,0.1939561738508999,2.059930667412065,2234285.585289076,599.4148528223552
98800.0,4570809.17970228,126551.20079597287,4570761.375329315,494.81795840057697,1550.2155387495372,494.52751827896833,-6.745346770734769,-0.19287483532730296,-6.7452750879177055,18303.766323008826,0.0,0.1939561738508999,2.059930667412065,2234285.585289076,599.4148528223552
98900.0,4570858.627771679,126706.22138519608,4570810.79435506,494.1434325104995,1550.1962429367402,493.85299955867225,-6.745171101476865,-0.1930415145274512,-6.7450993886488995,18303.766323008826,0.0,0.1939561738508999,2.059930667412065,2234285.585289076,599.4148528223552
99000.0,4570908.008389367,126861.24004400369,4570860.1459298115,493.46892416619596,1550.1769304279555,493.1784983871565,-6.744995854789714,-0.19320875401597662,-6.744924111844581,18303.766323008826,0.0,0.1939561738508999,2.059930667412065,2234285.585289076,599.4148528223552
99100.0,4570957.321557095,127016.25677072328,4570909.430055321,492.7944333255488,1550.157601167472,492.5040147223141,-6.7448210278867275,-0.19337654745384,-6.744749254719348,18303.766323008826,0.0,0.1939561738508999,2.059930667412065,2234285.585289076,599.4148528223552
99200.0,4571006.567276614,127171.27156367694,4570958.646733338,492.1199599467176,1550.1382551002084,491.829548522315,-6.744646618016516,-0.19354488857812557,-6.744574814522989,18303.766323008826,0.0,0.1939561738508999,2.059930667412065,2234285.585289076,599.4148528223552
99300.0,4571055.745549666,127326.28442118128,4571007.795965606,491.44550398813504,1550.1188921717064,491.1550997456024,-6.744472622462432,-0.19371377120108052,-6.744400788540023,18303.766323008826,0.0,0.1939561738508999,2.059930667412065,2234285.585289076,599.4148528223552
99400.0,4571104.856377991,127481.29534154745,4571056.877753867,490.771065408504,1550.0995123281223,490.4806683508893,-6.744299038542108,-0.1938831892091585,-6.744227174089229,18303.766323008826,0.0,0.1939561738508999,2.059930667412065,2234285.585289076,599.4148528223552
99500.0,4571153.899763325,127636.30432308129,4571105.892099855,490.0966441667938,1550.0801155162198,489.8062542971551,-6.744125863606985,-0.19405313656208256,-6.744053968523183,18303.766323008826,0.0,0.1939561738508999,2.059930667412065,2234285.585289076,599.4148528223552
99600.0,4571202.875707401,127791.31136408333,4571154.839005303,489.42224022223695,1550.060701683364,489.1318575436423,-6.743953095041861,-0.19422360729191562,-6.743881169227807,18303.766323008826,0.0,0.1939561738508999,2.059930667412065,2234285.585289076,599.4148528223552
99700.0,4571251.784211945,127946.31646284886,4571203.718471939,488.7478535343259,1550.0412707775122,488.4574780498532,-6.7437807302644694,-0.19439459550215016,-6.743708773621941,18303.766323008826,0.0,0.1939561738508999,2.059930667412065,2234285.585289076,599.4148528223552
99800.0,4571300.6252786815,128101.319617668,4571252.530501487,488.07348406280954,1550.0218227472085,487.78311577554655,-6.74360876672501,-0.19456609536680103,-6.7435367791568845,18303.766323008826,0.0,0.1939561738508999,2.059930667412065,2234285.585289076,599.4148528223552
99900.0,4571349.39890933,128256.32082682579,4571301.275095667,487.3991317676903,1550.0023575415757,487.1087706807344,-6.743437201905746,-0.19473810112952022,-6.743365183315975,18303.766323008826,0.0,0.1939561738508999,2.059930667412065,2234285.585289076,599.4148528223552
100000.0,4571398.105105607,128411.32008860214,4571349.952256194,486.7247966092206,1549.9828751103091,486.43444272567876,-6.743266033320543,-0.19491060710271252,-6.743193983614154,18303.766323008826,0.0,0.1939561738508999,2.059930667412065,2234285.585289076,599.4148528223552
100100.0,4571446.743869223,128566.317401272,4571398.561984782,486.0504785479002,1549.963375403669,485.76013187088876,-6.743095258514492,-0.19508360766667437,-6.743023177597565,18303.766323008826,0.0,0.1939561738508999,2.059930667412065,2234285.585289076,599.4148528223552
100200.0,4571495.315201885,128721.31276310538,4571447.104283137,485.37617754447257,1549.9438583724746,485.0858380771172,-6.742924875063454,-0.19525709726873358,-6.742852762843115,18303.766323008826,0.0,0.1939561738508999,2.059930667412065,2234285.585289076,599.4148528223552
100300.0,4571543.819105298,128876.30617236739,4571495.579152965,484.70189355992215,1549.9243239680968,484.41156130535785,-6.742754880573665,-0.1954310704224064,-6.742682736958073,18303.766323008826,0.0,0.1939561738508999,2.059930667412065,2234285.585289076,599.4148528223552
100400.0,4571592.255581163,129031.29762731829,4571543.986595965,484.0276265554713,1549.9047721424524,483.7373015168421,-6.7425852726813496,-0.1956055217065676,-6.742513097579678,18303.766323008826,0.0,0.1939561738508999,2.059930667412065,2234285.585289076,599.4148528223552
100500.0,4571640.624631174,129186.28712621357,4571592.326613833,483.3533764925771,1549.8852028479964,483.06305867303615,-6.7424160490522995,-0.19578044576462525,-6.742343842374731,18303.766323008826,0.0,0.1939561738508999,2.059930667412065,2234285.585289076,599.4148528223552
100600.0,4571688.9262570245,129341.27466730402,4571640.599208263,482.6791433329289,1549.8656160377168,482.3888327356382,-6.742247207381492,-0.1959558373037109,-6.742174969039204,18303.766323008826,0.0,0.1939561738508999,2.059930667412065,2234285.585289076,599.4148528223552
100700.0,4571737.160460402,129496.26024883571,4571688.804380942,482.0049270384448,1549.8460116651274,481.7146236665752,-6.742078745392709,-0.19613169109387957,-6.742006475297861,18303.766323008826,0.0,0.1939561738508999,2.059930667412065,2234285.585289076,599.4148528223552
100800.0,4571785.327242993,129651.2438690501,4571736.942133557,481.3307275712693,1549.826389684262,481.04043142800043,-6.7419106608381325,-0.19630800196731832,-6.741838358903859,18303.766323008826,0.0,0.1939561738508999,2.059930667412065,2234285.585289076,599.4148528223552
100900.0,4571833.426606476,129806.2255261841,4571785.012467788,480.6565448937701,1549.8067500496682,480.3662559822902,-6.741742951498001,-0.19648476481756957,-6.741670617638389,18303.766323008826,0.0,0.1939561738508999,2.059930667412065,2234285.585289076,599.4148528223552
101000.0,4571881.45855253,129961.20521847009,4571833.015385312,479.98237896853567,1549.7870927164008,479.6920972920415,-6.741575615180225,-0.19666197459876308,-6.74150324931032,18303.766323008826,0.0,0.1939561738508999,2.059930667412065,2234285.585289076,599.4148528223552
101100.0,4571929.423082828,130116.18294413596,4571880.950887804,479.3082297583722,1549.767417640017,479.01795532006906,-6.741408649720004,-0.19683962632485058,-6.741336251755781,18303.766323008826,0.0,0.1939561738508999,2.059930667412065,2234285.585289076,599.4148528223552
101200.0,4571977.320199038,130271.15870140519,4571928.818976932,478.63409722630104,1549.7477247765687,478.3438300294025,-6.741242052979492,-0.19701771506886484,-6.7411696228378535,18303.766323008826,0.0,0.1939561738508999,2.059930667412065,2234285.585289076,599.4148528223552
101300.0,4572025.149902827,130426.13248849692,4571976.619654364,477.95998133555605,1549.7280140825983,477.66972138328396,-6.741075822847426,-0.19719623596217567,-6.741003360446192,18303.766323008826,0.0,0.1939561738508999,2.059930667412065,2234285.585289076,599.4148528223552
101400.0,4572072.912195859,130581.10430362594,4572024.3529217625,477.28588204958083,1549.7082855151318,476.99562934516524,-6.7409099572387765,-0.19737518419376127,-6.74083746249667,18303.766323008826,0.0,0.1939561738508999,2.059930667412065,2234285.585289076,599.4148528223552
101500.0,4572120.60707979,130736.07414500276,4572072.018780786,476.6117993320262,1549.6885390316736,476.32155387870523,-6.74074445409442,-0.19755455500949246,-6.740671926931057,18303.766323008826,0.0,0.1939561738508999,2.059930667412065,2234285.585289076,599.4148528223552
101600.0,4572168.234556276,130891.04201083367,4572119.617233089,475.9377331467476,1549.6687745902004,475.64749494776737,-6.740579311380763,-0.19773434371141715,-6.740506751716645,18303.766323008826,0.0,0.1939561738508999,2.059930667412065,2234285.585289076,599.4148528223552
101700.0,4572215.794626969,131046.0078993208,4572167.148280325,475.26368345780264,1549.6489921491566,474.9734525164171,-6.740414527089438,-0.19791454565706199,-6.740341934845936,18303.766323008826,0.0,0.1939561738508999,2.059930667412065,2234285.585289076,599.4148528223552
101800.0,4572263.287293516,131200.97180866214,4572214.611924142,474.58965022944847,1549.6291916674472,474.2994265489195,-6.740250099236962,-0.19809515625874297,-6.740177474336311,18303.766323008826,0.0,0.1939561738508999,2.059930667412065,2234285.585289076,599.4148528223552
101900.0,4572310.712557562,131355.9337370516,4572262.008166183,473.9156334261393,1549.609373104434,473.62541700973645,-6.7400860258643975,-0.1982761709828782,-6.7400133682296826,18303.766323008826,0.0,0.1939561738508999,2.059930667412065,2234285.585289076,599.4148528223552
102000.0,4572358.070420748,131510.893682679,4572309.33700809,473.2416330125241,1549.5895364199293,472.9514238635246,-6.73992230503704,-0.19845758534931682,-6.739849614592188,18303.766323008826,0.0,0.1939561738508999,2.059930667412065,2234285.585289076,599.4148528223552
102100.0,4572405.36088471,131665.8516437302,4572356.598451501,472.5676489534441,1549.5696815741906,472.2774470751327,-6.739758934844096,-0.19863939493067442,-6.739686211513871,18303.766323008826,0.0,0.1939561738508999,2.059930667412065,2234285.585289076,599.4148528223552
102200.0,4572452.583951083,131820.80761838713,4572403.792498049,471.8936812139304,1549.5498085279153,471.60348660959943,-6.73959591339839,-0.1988215953516795,-6.739523157108375,18303.766323008826,0.0,0.1939561738508999,2.059930667412065,2234285.585289076,599.4148528223552
102300.0,4572499.739621496,131975.7616048278,4572450.919149366,471.21972975920164,1549.5299172422363,470.92954243215075,-6.7394332388360105,-0.1990041822885184,-6.739360449512603,18303.766323008826,0.0,0.1939561738508999,2.059930667412065,2234285.585289076,599.4148528223552
102400.0,4572546.827897577,132130.7136012263,4572497.9784070775,470.54579455466177,1549.5100076787162,470.25561450819794,-6.739270909316051,-0.19918715146820423,-6.739198086886444,18303.766323008826,0.0,0.1939561738508999,2.059930667412065,2234285.585289076,599.4148528223552
102500.0,4572593.848780948,132285.663605753,4572544.970272808,469.87187556589765,1549.490079799342,469.5817028033351,-6.7391089230202805,-0.19937049866794274,-6.739036067412468,18303.766323008826,0.0,0.1939561738508999,2.059930667412065,2234285.585289076,599.4148528223552
102600.0,4572640.80227323,132440.6116165744,4572591.894748178,469.1979727586768,1549.470133566521,468.9078072833369,-6.7389472781528434,-0.19955421971450762,-6.738874389295605,18303.766323008826,0.0,0.1939561738508999,2.059930667412065,2234285.585289076,599.4148528223552
102700.0,4572687.688376038,132595.5576318533,4572638.751834804,468.5240860989453,1549.4501689430751,468.23392791415654,-6.7387859729400015,-0.19973831048363314,-6.738713050762889,18303.766323008826,0.0,0.1939561738508999,2.059930667412065,2234285.585289076,599.4148528223552
102800.0,4572734.507090987,132750.50164974877,4572685.541534299,467.85021555282543,1549.4301858922363,467.56006466192326,-6.738625005629812,-0.1999227668994019,-6.738552050063143,18303.766323008826,0.0,0.1939561738508999,2.059930667412065,2234285.585289076,599.4148528223552
102900.0,4572781.258419685,132905.44366841626,4572732.263848273,467.1763610866136,1549.4101843776414,466.8862174929405,-6.738464374491843,-0.20010758493364647,-6.738391385466693,18303.766323008826,0.0,0.1939561738508999,2.059930667412065,2234285.585289076,599.4148528223552
103000.0,4572827.942363739,133060.38368600764,4572778.918778333,466.5025226667783,1549.3901643633283,466.21238637368344,-6.738304077816906,-0.200292760605362,-6.738231055265096,18303.766323008826,0.0,0.1939561738508999,2.059930667412065,2234285.585289076,599.4148528223552
103100.0,4572874.558924752,133215.3217006711,4572825.506326082,465.82870025995777,1549.3701258137303,465.5385712707972,-6.738144113916781,-0.20047828998012268,-6.738071057770875,18303.766323008826,0.0,0.1939561738508999,2.059930667412065,2234285.585289076,599.4148528223552
103200.0,4572921.108104324,133370.25771055138,4572872.02649312,465.15489383295807,1549.3500686936718,464.8647721510946,-6.737984481123931,-0.2006641691695051,-6.737911391317223,18303.766323008826,0.0,0.1939561738508999,2.059930667412065,2234285.585289076,599.4148528223552
103300.0,4572967.58990405,133525.19171378965,4572918.479281044,464.481103352751,1549.329992968364,464.19098898155397,-6.737825177791237,-0.2008503943305208,-6.737752054257743,18303.766323008826,0.0,0.1939561738508999,2.059930667412065,2234285.585289076,599.4148528223552
103400.0,4573014.004325525,133680.12370852372,4572964.864691447,463.80732878647206,1549.3098986034,463.51722172931744,-6.737666202291728,-0.2010369616650561,-6.737593044966177,18303.766323008826,0.0,0.1939561738508999,2.059930667412065,2234285.585289076,599.4148528223552
103500.0,4573060.351370337,133835.0536928879,4573011.1827259185,463.13357010141846,1549.2897855647504,462.8434703616887,-6.7375075530183395,-0.20122386741932052,-6.737434361836163,18303.766323008826,0.0,0.1939561738508999,2.059930667412065,2234285.585289076,599.4148528223552
103600.0,4573106.631040074,133989.9816650131,4573057.433386046,462.4598272650471,1549.2696538187593,462.16973484613106,-6.7373492283836205,-0.20141110788329822,-6.7372760032809555,18303.766323008826,0.0,0.1939561738508999,2.059930667412065,2234285.585289076,599.4148528223552
103700.0,4573152.843336318,134144.90762302696,4573103.616673415,461.7861002449727,1549.249503332139,461.4960151502656,-6.737191226819504,-0.2015986793902107,-6.737117967733168,18303.766323008826,0.0,0.1939561738508999,2.059930667412065,2234285.585289076,599.4148528223552
103800.0,4573198.988260649,134299.83156505376,4573149.7325896025,461.1123890089658,1549.2293340719673,460.8223112418691,-6.737033546777047,-0.2017865783159847,-6.736960253644545,18303.766323008826,0.0,0.1939561738508999,2.059930667412065,2234285.585289076,599.4148528223552
103900.0,4573245.065814645,134454.7534892145,4573195.781136188,460.4386935249509,1549.2091460056813,460.14862308887234,-6.736876186726188,-0.20197480107872787,-6.736802859485695,18303.766323008826,0.0,0.1939561738508999,2.059930667412065,2234285.585289076,599.4148528223552
104000.0,4573291.075999878,134609.67339362696,4573241.762314744,459.7650137610046,1549.188939101075,459.474950659358,-6.736719145155482,-0.20216334413820844,-6.736645783745839,18303.766323008826,0.0,0.1939561738508999,2.059930667412065,2234285.585289076,599.4148528223552
104100.0,4573337.01881792,134764.5912764057,4573287.676126842,459.0913496853536,1549.1687133262938,458.80129392155897,-6.736562420571893,-0.2023522039953476,-6.736489024932598,18303.766323008826,0.0,0.1939561738508999,2.059930667412065,2234285.585289076,599.4148528223552
104200.0,4573382.894270337,134919.50713566216,4573333.52257405,458.4177012663731,1549.1484686498313,458.1276528438564,-6.736406011500518,-0.20254137719171011,-6.73633258157172,18303.766323008826,0.0,0.1939561738508999,2.059930667412065,2234285.585289076,599.4148528223552
104300.0,4573428.702358694,135074.42096950457,4573379.301657932,457.74406847258496,1549.1282050405248,457.4540273947781,-6.736249916484384,-0.20273086030901008,-6.736176452206873,18303.766323008826,0.0,0.1939561738508999,2.059930667412065,2234285.585289076,599.4148528223552
104400.0,4573474.443084551,135229.33277603812,4573425.013380049,457.0704512726557,1549.1079224675514,456.7804175429965,-6.736094134084195,-0.20292064996861592,-6.736020635399397,18303.766323008826,0.0,0.1939561738508999,2.059930667412065,2234285.585289076,599.4148528223552
104500.0,4573520.116449467,135384.24255336492,4573470.657741959,456.396849635395,1549.0876209004243,456.10682325732705,-6.735938662878106,-0.20311074283106656,-6.735865129728076,18303.766323008826,0.0,0.1939561738508999,2.059930667412065,2234285.585289076,599.4148528223552
104600.0,4573565.722454996,135539.15029958406,4573516.234745218,455.72326352975375,1549.0673003089885,455.4332445067265,-6.735783501461514,-0.20330113559559232,-6.7357099337889235,18303.766323008826,0.0,0.1939561738508999,2.059930667412065,2234285.585289076,599.4148528223552
104700.0,4573611.261102689,135694.05601279158,4573561.744391378,455.04969292482264,1549.0469606634172,454.75968126029113,-6.735628648446817,-0.20349182499964188,-6.735555046194953,18303.766323008826,0.0,0.1939561738508999,2.059930667412065,2234285.585289076,599.4148528223552
104800.0,4573656.732394096,135848.9596910806,4573607.186681987,454.37613778983007,1549.026601934208,454.08613348725504,-6.735474102463197,-0.20368280781841377,-6.735400465575952,18303.766323008826,0.0,0.1939561738508999,2.059930667412065,2234285.585289076,599.4148528223552
104900.0,4573702.136330762,136003.86133254133,4573652.561618591,453.7025980941408,1549.0062240921793,453.41260115698856,-6.735319862156415,-0.20387408086439765,-6.735246190578282,18303.766323008826,0.0,0.1939561738508999,2.059930667412065,2234285.585289076,599.4148528223552
105000.0,4573747.472914229,136158.760935261,4573697.869202732,453.0290738072542,1548.985827108466,452.73908423899655,-6.735165926188584,-0.20406564098691696,-6.735092219864644,18303.766323008826,0.0,0.1939561738508999,2.059930667412065,2234285.585289076,599.4148528223552
105100.0,4573792.742146037,136313.658497324,4573743.109435951,452.3555648988025,1548.9654109545165,452.06558270291686,-6.735012293237963,-0.204257485071682,-6.734938552113888,18303.766323008826,0.0,0.1939561738508999,2.059930667412065,2234285.585289076,599.4148528223552
105200.0,4573837.944027721,136468.55401681195,4573788.282319784,451.6820713385496,1548.9449756020888,451.39209651851854,-6.734858961998749,-0.20444961004034462,-6.734785186020783,18303.766323008826,0.0,0.1939561738508999,2.059930667412065,2234285.585289076,599.4148528223552
105300.0,4573883.078560815,136623.44749180356,4573833.387855765,451.0085930963888,1548.924521023247,450.71862565570046,-6.734705931180881,-0.20464201285006248,-6.734632120295844,18303.766323008826,0.0,0.1939561738508999,2.059930667412065,2234285.585289076,599.4148528223552
105400.0,4573928.1457468495,136778.3389203748,4573878.426045425,450.3351301423419,1548.9040471903577,450.0451700844896,-6.734553199509819,-0.20483469049306577,-6.734479353665097,18303.766323008826,0.0,0.1939561738508999,2.059930667412065,2234285.585289076,599.4148528223552
105500.0,4573973.145587352,136933.22830059892,4573923.396890291,449.6616824465573,1548.8835540760865,449.3717297750396,-6.73440076572636,-0.20502763999622967,-6.734326884869892,18303.766323008826,0.0,0.1939561738508999,2.059930667412065,2234285.585289076,599.4148528223552
105600.0,4574018.078083847,137088.1156305464,4573968.300391888,448.98824997930853,1548.8630416533945,448.6983046976292,-6.734248628586428,-0.20522085842065582,-6.734174712666714,18303.766323008826,0.0,0.1939561738508999,2.059930667412065,2234285.585289076,599.4148528223552
105700.0,4574062.943237855,137243.0009082851,4574013.136551738,448.31483271099285,1548.8425098955352,448.0248948226608,-6.734096786860901,-0.20541434286125523,-6.7340228358269805,18303.766323008826,0.0,0.1939561738508999,2.059930667412065,2234285.585289076,599.4148528223552
105800.0,4574107.741050895,137397.88413188013,4574057.905371359,447.6414306121297,1548.8219587760507,447.35150012065884,-6.733945239335399,-0.2056080904463383,-6.733871253136851,18303.766323008826,0.0,0.1939561738508999,2.059930667412065,2234285.585289076,599.4148528223552
105900.0,4574152.471524483,137552.76529939403,4574102.606852267,446.96804365335913,1548.801388268769,446.6781205622684,-6.733793984810088,-0.20580209833720747,-6.733719963397028,18303.766323008826,0.0,0.1939561738508999,2.059930667412065,2234285.585289076,599.4148528223552
106000.0,4574197.134660129,137707.64440888676,4574147.240995975,446.29467180544054,1548.7807983477999,446.0047561182539,-6.733643022099537,-0.20599636372776362,-6.733568965422607,18303.766323008826,0.0,0.1939561738508999,2.059930667412065,2234285.585289076,599.4148528223552
106100.0,4574241.730459346,137862.52145841563,4574191.807803993,445.6213150392511,1548.7601889875325,445.33140675949744,-6.733492350032474,-0.20619088384410275,-6.7334182580428354,18303.766323008826,0.0,0.1939561738508999,2.059930667412065,2234285.585289076,599.4148528223552
106200.0,4574286.25892364,138017.39644603545,4574236.307277828,444.9479733257845,1548.7395601626315,444.65807245699744,-6.733341967451653,-0.20638565594413333,-6.733267840100984,18303.766323008826,0.0,0.1939561738508999,2.059930667412065,2234285.585289076,599.4148528223552
106300.0,4574330.720054513,138172.2693697985,4574280.739418985,444.2746466361494,1548.7189118480344,443.9847531818674,-6.733191873213648,-0.20658067731718738,-6.733117710454135,18303.766323008826,0.0,0.1939561738508999,2.059930667412065,2234285.585289076,599.4148528223552
106400.0,4574375.113853467,138327.14022775457,4574325.104228965,443.60133494156804,1548.6982440189481,443.31144890533443,-6.733042066188683,-0.20677594528364243,-6.732967867973018,18303.766323008826,0.0,0.1939561738508999,2.059930667412065,2234285.585289076,599.4148528223552
106500.0,4574419.440322,138482.009017951,4574369.401709266,442.9280382133751,1548.677556650846,442.63815959873784,-6.732892545260475,-0.20697145719454768,-6.7328183115418465,18303.766323008826,0.0,0.1939561738508999,2.059930667412065,2234285.585289076,599.4148528223552
106600.0,4574463.699461607,138636.87573843263,4574413.631861383,442.25475642301615,1548.656849719465,441.96488523352787,-6.732743309326024,-0.2071672104312496,-6.732669040058111,18303.766323008826,0.0,0.1939561738508999,2.059930667412065,2234285.585289076,599.4148528223552
106700.0,4574507.891273782,138791.74038724197,4574457.79468681,441.5814895420464,1548.636123200802,441.2916257812643,-6.732594357295479,-0.2073632024050311,-6.732520052432449,18303.766323008826,0.0,0.1939561738508999,2.059930667412065,2234285.585289076,599.4148528223552
106800.0,4574552.015760012,138946.6029624191,4574501.890187036,440.9082375421295,1548.6153770711117,440.61838121361535,-6.732445688091956,-0.2075594305567479,-6.732371347588459,18303.766323008826,0.0,0.1939561738508999,2.059930667412065,2234285.585289076,599.4148528223552
106900.0,4574596.0729217855,139101.46346200173,4574545.918363549,440.23500039503597,1548.5946113069026,439.94515150235605,-6.732297300651372,-0.20775589235647302,-6.73222292446253,18303.766323008826,0.0,0.1939561738508999,2.059930667412065,2234285.585289076,599.4148528223552
107000.0,4574640.062760586,139256.32188402524,4574589.879217831,439.5617780726422,1548.5738258849356,439.2719366193673,-6.732149193922281,-0.20795258530314495,-6.732074782003684,18303.766323008826,0.0,0.1939561738508999,2.059930667412065,2234285.585289076,599.4148528223552
107100.0,4574683.985277894,139411.1782265227,4574633.772751366,438.8885705469291,1548.5530207822196,438.59873653663436,-6.732001366865729,-0.2081495069242223,-6.7319269191734366,18303.766323008826,0.0,0.1939561738508999,2.059930667412065,2234285.585289076,599.4148528223552
107200.0,4574727.840475188,139566.0324875249,4574677.598965631,438.21537778998083,1548.5321959760097,437.92555122624583,-6.7318538184550665,-0.2083466547753363,-6.731779334945595,18303.766323008826,0.0,0.1939561738508999,2.059930667412065,2234285.585289076,599.4148528223552
107300.0,4574771.628353943,139720.88466506038,4574721.357862103,437.54219977398367,1548.511351443804,437.2523806603923,-6.731706547675809,-0.20854402643995612,-6.731632028306131,18303.766323008826,0.0,0.1939561738508999,2.059930667412065,2234285.585289076,599.4148528223552
107400.0,4574815.348915633,139875.7347571554,4574765.049442254,436.8690364712247,1548.4904871633407,436.57922481136507,-6.7315595535254955,-0.20874161952905496,-6.73148499825303,18303.766323008826,0.0,0.1939561738508999,2.059930667412065,2234285.585289076,599.4148528223552
107500.0,4574859.002161726,140030.58276183406,4574808.673707555,436.19588785409064,1548.469603112596,435.90608365155515,-6.731412835013517,-0.2089394316807782,-6.731338243796127,18303.766323008826,0.0,0.1939561738508999,2.059930667412065,2234285.585289076,599.4148528223552
107600.0,4574902.5880936915,140185.4286771182,4574852.230659474,435.52275389506667,1548.4486992697803,435.23295715345193,-6.731266391160957,-0.20913746056011703,-6.731191763956946,18303.766323008826,0.0,0.1939561738508999,2.059930667412065,2234285.585289076,599.4148528223552
107700.0,4574946.106712993,140340.27250102756,4574895.720299474,434.84963456673535,1548.4277756133365,434.55984528964206,-6.731120221000478,-0.2093357038585896,-6.731045557768582,18303.766323008826,0.0,0.1939561738508999,2.059930667412065,2234285.585289076,599.4148528223552
107800.0,4574989.558021092,140495.1142315797,4574939.142629018,434.1765298417754,1548.4068321219372,433.8867480328084,-6.730974323576143,-0.20953415929392094,-6.730899624275524,18303.766323008826,0.0,0.1939561738508999,2.059930667412065,2234285.585289076,599.4148528223552
107900.0,4575032.942019448,140649.95386679008,4574982.497649566,433.50343969296046,1548.3858687744817,433.2136653557286,-6.730828697943287,-0.2097328246097307,-6.7307539625335355,18303.766323008826,0.0,0.1939561738508999,2.059930667412065,2234285.585289076,599.4148528223552
108000.0,4575076.258709515,140804.79140467203,4575025.785362574,432.83036409315815,1548.3648855500935,432.54059723127443,-6.730683343168367,-0.20993169757522293,-6.7306085716094906,18303.766323008826,0.0,0.1939561738508999,2.059930667412065,2234285.585289076,599.4148528223552
108100.0,4575119.50809275,140959.62684323682,4575069.005769497,432.1573030153289,1548.3438824281184,431.8675436324102,-6.730538258328817,-0.21013077598487936,-6.73046345058124,18303.766323008826,0.0,0.1939561738508999,2.059930667412065,2234285.585289076,599.4148528223552
108200.0,4575162.690170602,141114.4601804937,4575112.158871784,431.48425643252494,1548.322859388121,431.19450453219207,-6.730393442512946,-0.2103300576581613,-6.730318598537495,18303.766323008826,0.0,0.1939561738508999,2.059930667412065,2234285.585289076,599.4148528223552
108300.0,4575205.804944519,141269.29141444984,4575155.244670886,430.81122431788896,1548.3018164098833,430.52147990376665,-6.73024889481973,-0.21052954043920571,-6.730174014577647,18303.766323008826,0.0,0.1939561738508999,2.059930667412065,2234285.585289076,599.4148528223552
108400.0,4575248.852415947,141424.1205431104,4575198.2631682465,430.1382066446533,1548.2807534734009,429.84846972037013,-6.7301046143587575,-0.21072922219653747,-6.730029697811677,18303.766323008826,0.0,0.1939561738508999,2.059930667412065,2234285.585289076,599.4148528223552
108500.0,4575291.8325863285,141578.94756447856,4575241.21436531,429.4652033861388,1548.2596705588817,429.1754739553272,-6.729960600250036,-0.21092910082277366,-6.729885647359992,18303.766323008826,0.0,0.1939561738508999,2.059930667412065,2234285.585289076,599.4148528223552
108600.0,4575334.7454571035,141733.77247655558,4575284.098263517,428.79221451575387,1548.2385676467434,428.50249258205,-6.729816851623884,-0.2111291742343383,-6.729741862353302,18303.766323008826,0.0,0.1939561738508999,2.059930667412065,2234285.585289076,599.4148528223552
108700.0,4575377.59102971,141888.59527734068,4575326.914864305,428.11924000699327,1548.2174447176105,427.82952557403706,-6.729673367620804,-0.2113294403711798,-6.729598341932497,18303.766323008826,0.0,0.1939561738508999,2.059930667412065,2234285.585289076,599.4148528223552
108800.0,4575420.369305583,142043.41596483122,4575369.66416911,427.44627983343725,1548.1963017523128,427.1565729048723,-6.729530147391351,-0.2115298971964908,-6.729455085248513,18303.766323008826,0.0,0.1939561738508999,2.059930667412065,2234285.585289076,599.4148528223552
108900.0,4575463.080286154,142198.23453702262,4575412.346179364,426.77333396875053,1548.175138731882,426.4836345482241,-6.729387190095997,-0.2117305426964309,-6.729312091462201,18303.766323008826,0.0,0.1939561738508999,2.059930667412065,2234285.585289076,599.4148528223552
109000.0,4575505.723972852,142353.05099190844,4575454.960896497,426.10040238668125,1548.1539556375508,425.8107104778442,-6.729244494905022,-0.21193137487985597,-6.729169359744214,18303.766323008826,0.0,0.1939561738508999,2.059930667412065,2234285.585289076,599.4148528223552
109100.0,4575548.300367106,142507.86532748037,4575497.508321935,425.42748506106005,1548.132752450749,425.137800667567,-6.7291020609983825,-0.21213239177804666,-6.729026889274878,18303.766323008826,0.0,0.1939561738508999,2.059930667412065,2234285.585289076,599.4148528223552
109200.0,4575590.809470339,142662.67754172822,4575539.988457105,424.7545819657991,1548.1115291531028,424.464905091308,-6.728959887565585,-0.21233359144444344,-6.728884679244068,18303.766323008826,0.0,0.1939561738508999,2.059930667412065,2234285.585289076,599.4148528223552
109300.0,4575633.2512839725,142817.48763264003,4575582.401303427,424.0816930748912,1548.0902857264318,423.7920237230636,-6.728817973805578,-0.2125349719543844,-6.728742728851092,18303.766323008826,0.0,0.1939561738508999,2.059930667412065,2234285.585289076,599.4148528223552
109400.0,4575675.625809426,142972.29559820195,4575624.746862322,423.4088183624086,1548.0690221527473,423.1191565369096,-6.7286763189266185,-0.2127365314048439,-6.728601037304567,18303.766323008826,0.0,0.1939561738508999,2.059930667412065,2234285.585289076,599.4148528223552
109500.0,4575717.933048117,143127.1014363984,4575667.025135206,422.7359578025026,1548.0477384142491,422.44630350700055,-6.728534922146185,-0.2129382679141802,-6.728459603822319,18303.766323008826,0.0,0.1939561738508999,2.059930667412065,2234285.585289076,599.4148528223552
109600.0,4575760.173001458,143281.90514521205,4575709.236123494,422.0631113694019,1548.0264344933246,421.77346460756877,-6.728393782690818,-0.2131401796218786,-6.728318427631244,18303.766323008826,0.0,0.1939561738508999,2.059930667412065,2234285.585289076,599.4148528223552
109700.0,4575802.345670861,143436.70672262376,4575751.379828597,421.39027903741237,1548.0051103725461,421.1006398129234,-6.728252899796035,-0.2133422646883028,-6.728177507967205,18303.766323008826,0.0,0.1939561738508999,2.059930667412065,2234285.585289076,599.4148528223552
109800.0,4575844.451057735,143591.50616661267,4575793.456251926,420.7174607809158,1547.983766034669,420.4278290974496,-6.728112272706223,-0.2135445212944506,-6.7280368440749285,18303.766323008826,0.0,0.1939561738508999,2.059930667412065,2234285.585289076,599.4148528223552
109900.0,4575886.489163485,143746.30347515622,4575835.465394885,420.0446565743692,1547.9624014626293,419.7550324356076,-6.727971900674521,-0.2137469476417079,-6.72789643520789,18303.766323008826,0.0,0.1939561738508999,2.059930667412065,2234285.585289076,599.4148528223552
110000.0,4575928.459989517,143901.09864623015,4575877.40725888,419.3718663923036,1547.9410166395419,419.08224980193177,-6.727831782962693,-0.21394954195160854,-6.72775628062819,18303.766323008826,0.0,0.1939561738508999,2.059930667412065,2234285.585289076,599.4148528223552
110100.0,4575970.3635372305,144055.89167780854,4575919.281845313,418.6990902093237,1547.9196115486989,418.40948117103,-6.727691918841047,-0.21415230246559733,-6.7276163796064665,18303.766323008826,0.0,0.1939561738508999,2.059930667412065,2234285.585289076,599.4148528223552
110200.0,4576012.199808025,144210.68256786375,4575961.089155581,418.0263280001065,1547.8981861735667,417.73672651758255,-6.727552307588309,-0.21435522744479535,-6.727476731421773,18303.766323008826,0.0,0.1939561738508999,2.059930667412065,2234285.585289076,599.4148528223552
110300.0,4576053.968803296,144365.47131436656,4576002.829191081,417.35357973940086,1547.876740497785,417.06398581634147,-6.727412948491538,-0.2145583151697688,-6.727337335361489,18303.766323008826,0.0,0.1939561738508999,2.059930667412065,2234285.585289076,599.4148528223552
110400.0,4576095.670524437,144520.25791528609,4576044.501953208,416.6808454020265,1547.8552745051645,416.3912590421296,-6.727273840845998,-0.21476156394029933,-6.727198190721203,18303.766323008826,0.0,0.1939561738508999,2.059930667412065,2234285.585289076,599.4148528223552
110500.0,4576137.30497284,144675.04236858984,4576086.107443353,416.0081249628732,1547.833788179685,415.7185461698398,-6.727134983955073,-0.21496497207515755,-6.727059296804609,18303.766323008826,0.0,0.1939561738508999,2.059930667412065,2234285.585289076,599.4148528223552
110600.0,4576178.872149892,144829.82467224373,4576127.645662905,415.33541839689997,1547.8122815054928,415.0458471744342,-6.726996377130166,-0.2151685379118829,-6.726920652923423,18303.766323008826,0.0,0.1939561738508999,2.059930667412065,2234285.585289076,599.4148528223552
110700.0,4576220.372056981,144984.60482421212,4576169.116613249,414.6627256791343,1547.7907544669006,414.3731620309433,-6.726858019690586,-0.21537225980656025,-6.726782258397265,18303.766323008826,0.0,0.1939561738508999,2.059930667412065,2234285.585289076,599.4148528223552
110800.0,4576261.804695489,145139.3828224578,4576210.520295772,413.99004678467145,1547.7692070483838,413.70049071446533,-6.726719910963464,-0.21557613613360307,-6.726644112553573,18303.766323008826,0.0,0.1939561738508999,2.059930667412065,2234285.585289076,599.4148528223552
110900.0,4576303.170066798,145294.15866494196,4576251.856711852,413.3173816886734,1547.7476392345798,413.02783320016533,-6.726582050283658,-0.21578016528554064,-6.726506214727501,18303.766323008826,0.0,0.1939561738508999,2.059930667412065,2234285.585289076,599.4148528223552
111000.0,4576344.468172287,145448.93234962435,4576293.12586287,412.6447303663684,1547.7260510102856,412.3551894632745,-6.726444436993626,-0.2159843456728016,-6.7263685642618105,18303.766323008826,0.0,0.1939561738508999,2.059930667412065,2234285.585289076,599.4148528223552
111100.0,4576385.69901333,145603.70387446316,4576334.327750203,411.97209279305,1547.7044423604564,411.68255947908926,-6.726307070443382,-0.21618867572350917,-6.726231160506811,18303.766323008826,0.0,0.1939561738508999,2.059930667412065,2234285.585289076,599.4148528223552
111200.0,4576426.862591303,145758.47323741508,4576375.462375224,411.29946894407647,1547.682813270204,411.00994322297083,-6.726169949990365,-0.21639315388327088,-6.726094002820231,18303.766323008826,0.0,0.1939561738508999,2.059930667412065,2234285.585289076,599.4148528223552
111300.0,4576467.958907576,145913.24043643536,4576416.529739304,410.62685879486986,1547.661163724794,410.33734067034413,-6.726033074999356,-0.21659777861497506,-6.725957090567142,18303.766323008826,0.0,0.1939561738508999,2.059930667412065,2234285.585289076,599.4148528223552
111400.0,4576508.987963518,146068.0054694777,4576457.529843814,409.95426232091546,1547.6394937096459,409.66475179669726,-6.72589644484239,-0.21680254839858884,-6.725820423119865,18303.766323008826,0.0,0.1939561738508999,2.059930667412065,2234285.585289076,599.4148528223552
111500.0,4576549.949760496,146222.76833449447,4576498.462690119,409.28167949776093,1547.6178032103294,408.99217657758066,-6.725760058898674,-0.21700746173095967,-6.725683999857886,18303.766323008826,0.0,0.1939561738508999,2.059930667412065,2234285.585289076,599.4148528223552
111600.0,4576590.844299872,146377.5290294365,4576539.328279584,408.60911030101573,1547.5960922125641,408.3196149886066,-6.7256239165544764,-0.2172125171256165,-6.725547820167758,18303.766323008826,0.0,0.1939561738508999,2.059930667412065,2234285.585289076,599.4148528223552
111700.0,4576631.67158301,146532.28755225323,4576580.12661357,407.9365547063503,1547.5743607022177,407.64706700544826,-6.7254880172030616,-0.2174177131125771,-6.725411883443017,18303.766323008826,0.0,0.1939561738508999,2.059930667412065,2234285.585289076,599.4148528223552
111800.0,4576672.431611267,146687.04390089272,4576620.8576934375,407.26401268949536,1547.5526086653038,406.9745326038391,-6.725352360244602,-0.21762304823815556,-6.72527618908411,18303.766323008826,0.0,0.1939561738508999,2.059930667412065,2234285.585289076,599.4148528223552
111900.0,4576713.1243859995,146841.79807330162,4576661.521520543,406.5914842262414,1547.53083608798,406.30201175957234,-6.725216945086077,-0.21782852106477127,-6.725140736498288,18303.766323008826,0.0,0.1939561738508999,2.059930667412065,2234285.585289076,599.4148528223552
112000.0,4576753.749908563,146996.55006742518,4576702.118096241,405.91896929243774,1547.509042956548,405.6295044484999,-6.725081771141199,-0.2180341301707625,-6.725005525099526,18303.766323008826,0.0,0.1939561738508999,2.059930667412065,2234285.585289076,599.4148528223552
112100.0,4576794.308180308,147151.29988120735,4576742.647421883,405.24646786399205,1547.48722925745,404.9570106465322,-6.724946837830335,-0.21823987415020193,-6.724870554308461,18303.766323008826,0.0,0.1939561738508999,2.059930667412065,2234285.585289076,599.4148528223552
112200.0,4576834.799202585,147306.04751259065,4576783.10949882,404.57397991686963,1547.4653949772685,404.28453032963705,-6.724812144580417,-0.21844575161271224,-6.724735823552282,18303.766323008826,0.0,0.1939561738508999,2.059930667412065,2234285.585289076,599.4148528223552
112300.0,4576875.2229767395,147460.79295951632,4576823.504328398,403.9015054270928,1547.443540102724,403.61206347383944,-6.724677690824868,-0.21865176118328716,-6.724601332264671,18303.766323008826,0.0,0.1939561738508999,2.059930667412065,2234285.585289076,599.4148528223552
112400.0,4576915.579504117,147615.53621992428,4576863.8319119625,403.22904437074016,1547.4216646206737,402.9396100552205,-6.724543476003518,-0.218857901502112,-6.724467079885715,18303.766323008826,0.0,0.1939561738508999,2.059930667412065,2234285.585289076,599.4148528223552
112500.0,4576955.86878606,147770.27729175313,4576904.092250856,402.5565967239461,1547.3997685181102,402.2671700499171,-6.724409499562519,-0.21906417122438765,-6.724333065861817,18303.766323008826,0.0,0.1939561738508999,2.059930667412065,2234285.585289076,599.4148528223552
112600.0,4576996.090823908,147925.01617294014,4576944.285346419,401.8841624628999,1547.3778517821597,401.5947434341212,-6.7242757609542805,-0.21927056902015646,-6.724199289645636,18303.766323008826,0.0,0.1939561738508999,2.059930667412065,2234285.585289076,599.4148528223552
112700.0,4577036.245618998,148079.75286142135,4576984.411199988,401.2117415638455,1547.3559144000808,400.9223301840791,-6.724142259637395,-0.21947709357413203,-6.724065750696012,18303.766323008826,0.0,0.1939561738508999,2.059930667412065,2234285.585289076,599.4148528223552
112800.0,4577076.333172665,148234.48735513154,4577024.4698129,400.53933400308057,1547.3339563592629,400.24993027609094,-6.72400899507653,-0.21968374358552598,-6.7239324484778615,18303.766323008826,0.0,0.1939561738508999,2.059930667412065,2234285.585289076,599.4148528223552
112900.0,4577116.353486242,148389.21965200416,4577064.461186487,399.866939756956,1547.3119776472247,399.5775436865101,-6.72387596674241,-0.2198905177678846,-6.7237993824621425,18303.766323008826,0.0,0.1939561738508999,2.059930667412065,2234285.585289076,599.4148528223552
113000.0,4577156.306561059,148543.9497499715,4577104.38532208,399.19455880187536,1547.2899782516126,398.90517039174256,-6.723743174111678,-0.22009741484891868,-6.7236665521257395,18303.766323008826,0.0,0.1939561738508999,2.059930667412065,2234285.585289076,599.4148528223552
113100.0,4577196.192398445,148698.6776469646,4577144.242221007,398.5221911142942,1547.2679581602001,398.23281036824625,-6.723610616666883,-0.22030443357034438,-6.723533956951442,18303.766323008826,0.0,0.1939561738508999,2.059930667412065,2234285.585289076,599.4148528223552
113200.0,4577236.010999723,148853.4033409133,4577184.031884595,397.8498366707195,1547.2459173608854,397.5604635925306,-6.723478293896363,-0.22051157268771798,-6.723401596427819,18303.766323008826,0.0,0.1939561738508999,2.059930667412065,2234285.585289076,599.4148528223552
113300.0,4577275.762366219,149008.12682974615,4577223.7543141665,397.1774954477093,1547.2238558416905,396.8881300411559,-6.723346205294199,-0.22071883097027822,-6.723269470049181,18303.766323008826,0.0,0.1939561738508999,2.059930667412065,2234285.585289076,599.4148528223552
113400.0,4577315.446499253,149162.84811139057,4577263.409511043,396.50516742187176,1547.2017735907598,396.2158096907326,-6.723214350360128,-0.22092620720078762,-6.723137577315498,18303.766323008826,0.0,0.1939561738508999,2.059930667412065,2234285.585289076,599.4148528223552
113500.0,4577355.063400143,149317.56718377283,4577302.997476543,395.8328525698648,1547.1796705963588,395.54350251792107,-6.723082728599496,-0.22113370017537773,-6.723005917732337,18303.766323008826,0.0,0.1939561738508999,2.059930667412065,2234285.585289076,599.4148528223552
113600.0,4577394.613070205,149472.284044818,4577342.518211985,395.1605508683957,1547.157546846873,394.87120849943074,-6.722951339523173,-0.22134130870339477,-6.722874490810796,18303.766323008826,0.0,0.1939561738508999,2.059930667412065,2234285.585289076,599.4148528223552
113700.0,4577434.095510754,149626.99869244997,4577381.971718681,394.4882622942202,1547.1354023308056,394.19892761201965,-6.72282018264748,-0.22154903160724673,-6.722743296067415,18303.766323008826,0.0,0.1939561738508999,2.059930667412065,2234285.585289076,599.4148528223552
113800.0,4577473.510723101,149781.71112459156,4577421.357997945,393.81598682414216,1547.1132370367777,393.5266598324939,-6.722689257494153,-0.22175686772225547,-6.722612333024149,18303.766323008826,0.0,0.1939561738508999,2.059930667412065,2234285.585289076,599.4148528223552
113900.0,4577512.858708555,149936.42133916437,4577460.677051084,393.14372443501304,1547.0910509535258,392.85440513770726,-6.722558563590238,-0.2219648158965061,-6.722481601208261,18303.766323008826,0.0,0.1939561738508999,2.059930667412065,2234285.585289076,599.4148528223552
114000.0,4577552.139468423,150091.12933408894,4577499.928879407,392.4714751037314,1547.0688440699012,392.1821635045603,-6.722428100468056,-0.22217287499070185,-6.7223511001522835,18303.766323008826,0.0,0.1939561738508999,2.059930667412065,2234285.585289076,599.4148528223552
114100.0,4577591.35300401,150245.83510728466,4577539.11348422,391.79923880724215,1547.046616374868,391.50993491000025,-6.722297867665118,-0.2223810438780182,-6.722220829393943,18303.766323008826,0.0,0.1939561738508999,2.059930667412065,2234285.585289076,599.4148528223552
114200.0,4577630.499316619,150400.53865666984,4577578.230866823,391.1270155225363,1547.024367857503,390.8377193310202,-6.722167864724089,-0.22258932144396185,-6.722090788476112,18303.766323008826,0.0,0.1939561738508999,2.059930667412065,2234285.585289076,599.4148528223552
114300.0,4577669.578407548,150555.2399801617,4577617.281028519,390.4548052266503,1547.0020985069934,390.16551674465876,-6.722038091192688,-0.22279770658622688,-6.721960976946717,18303.766323008826,0.0,0.1939561738508999,2.059930667412065,2234285.585289076,599.4148528223552
114400.0,4577708.5902780965,150709.93907567643,4577656.263970605,389.78260789666564,1546.9798083126364,389.49332712799946,-6.7219085466236645,-0.2230061982145582,-6.721831394358711,18303.766323008826,0.0,0.1939561738508999,2.059930667412065,2234285.585289076,599.4148528223552
114500.0,4577747.534929559,150864.6359411291,4577695.179694377,389.1104235097082,1546.957497263837,388.82115045817034,-6.721779230574717,-0.22321479525061125,-6.721702040269997,18303.766323008826,0.0,0.1939561738508999,2.059930667412065,2234285.585289076,599.4148528223552
114600.0,4577786.412363228,151019.3305744337,4577734.028201127,388.4382520429479,1546.9351653501083,388.1489867123434,-6.721650142608435,-0.2234234966278172,-6.721572914243363,18303.766323008826,0.0,0.1939561738508999,2.059930667412065,2234285.585289076,599.4148528223552
114700.0,4577825.222580397,151174.02297350325,4577772.809492149,387.7660934735982,1546.9128125610687,387.47683586773405,-6.721521282292233,-0.2236323012912468,-6.721444015846425,18303.766323008826,0.0,0.1939561738508999,2.059930667412065,2234285.585289076,599.4148528223552
114800.0,4577863.965582352,151328.71313624972,4577811.523568731,387.0939477789154,1546.8904388864419,386.8046979016007,-6.721392649198315,-0.22384120819748032,-6.721315344651578,18303.766323008826,0.0,0.1939561738508999,2.059930667412065,2234285.585289076,599.4148528223552
114900.0,4577902.641370381,151483.401060584,4577850.170432159,386.42181493619853,1546.8680443160554,386.1325727912444,-6.721264242903593,-0.22405021631447353,-6.72118690023593,18303.766323008826,0.0,0.1939561738508999,2.059930667412065,2234285.585289076,599.4148528223552
115000.0,4577941.249945767,151638.08674441604,4577888.7500837175,385.74969492278865,1546.8456288398393,385.46046051400816,-6.721136062989654,-0.22425932462143092,-6.72105868218126,18303.766323008826,0.0,0.1939561738508999,2.059930667412065,2234285.585289076,599.4148528223552
115100.0,4577979.791309793,151792.77018565475,4577927.262524689,385.07758771606836,1546.823192447825,384.78836104727657,-6.721008109042668,-0.2244685321086734,-6.720930690073927,18303.766323008826,0.0,0.1939561738508999,2.059930667412065,2234285.585289076,599.4148528223552
115200.0,4578018.265463737,151947.45138220806,4577965.707756353,384.4054932934615,1546.8007351301449,384.11627436847544,-6.720880380653373,-0.22467783777751646,-6.720802923504859,18303.766323008826,0.0,0.1939561738508999,2.059930667412065,2234285.585289076,599.4148528223552
115300.0,4578056.672408877,152102.13033198292,4578004.085779987,383.7334116324326,1546.77825687703,383.44420045507115,-6.720752877416995,-0.2248872406401412,-6.720675382069463,18303.766323008826,0.0,0.1939561738508999,2.059930667412065,2234285.585289076,599.4148528223552
115400.0,4578095.012146488,152256.8070328853,4578042.3965968685,383.0613427104864,1546.7557576788097,382.7721392845704,-6.720625598933188,-0.22509673971947283,-6.7205480653675815,18303.766323008826,0.0,0.1939561738508999,2.059930667412065,2234285.585289076,599.4148528223552
115500.0,4578133.284677843,152411.48148282018,4578080.640208269,382.38928650516743,1546.733237525911,382.10009083451973,-6.72049854480601,-0.22530633404905875,-6.720420973003454,18303.766323008826,0.0,0.1939561738508999,2.059930667412065,2234285.585289076,599.4148528223552
115600.0,4578171.490004212,152566.15367969166,4578118.816615459,381.7172429940597,1546.7106964088566,381.4280550825049,-6.720371714643851,-0.2255160226729474,-6.720294104585646,18303.766323008826,0.0,0.1939561738508999,2.059930667412065,2234285.585289076,599.4148528223552
115700.0,4578209.628126863,152720.82362140284,4578156.925819707,381.0452121547861,1546.6881343182647,380.75603200615063,-6.720245108059379,-0.2257258046455691,-6.720167459727005,18303.766323008826,0.0,0.1939561738508999,2.059930667412065,2234285.585289076,599.4148528223552
115800.0,4578247.699047064,152875.4913058559,4578194.967822282,380.373193965008,1546.6655512448472,380.08402158312026,-6.720118724669488,-0.22593567903161776,-6.720041038044601,18303.766323008826,0.0,0.1939561738508999,2.059930667412065,2234285.585289076,599.4148528223552
115900.0,4578285.702766078,153030.15673095206,4578232.942624445,379.701188402425,1546.6429471794088,379.41202379111513,-6.719992564095262,-0.22614564490593625,-6.71991483915969,18303.766323008826,0.0,0.1939561738508999,2.059930667412065,2234285.585289076,599.4148528223552
116000.0,4578323.639285165,153184.81989459172,4578270.85022746,379.02919544477425,1546.620322112847,378.7400386078742,-6.719866625961911,-0.22635570135340052,-6.719788862697659,18303.766323008826,0.0,0.1939561738508999,2.059930667412065,2234285.585289076,599.4148528223552
116100.0,4578361.508605585,153339.4807946743,4578308.690632586,378.35721506983026,1546.5976760361493,378.06806601117387,-6.719740909898727,-0.2265658474688058,-6.719663108287963,18303.766323008826,0.0,0.1939561738508999,2.059930667412065,2234285.585289076,599.4148528223552
116200.0,4578399.310728597,153494.13942909834,4578346.463841082,377.68524725540436,1546.5750089403941,377.3961059788271,-6.719615415539021,-0.22677608235675403,-6.719537575564087,18303.766323008826,0.0,0.1939561738508999,2.059930667412065,2234285.585289076,599.4148528223552
116300.0,4578437.0456554545,153648.79579576146,4578384.1698542,377.0132919793444,1546.5523208167485,376.7241584886836,-6.719490142520115,-0.2269864051315461,-6.719412264163515,18303.766323008826,0.0,0.1939561738508999,2.059930667412065,2234285.585289076,599.4148528223552
116400.0,4578474.71338741,153803.44989256046,4578421.8086731965,376.34134921953427,1546.5296116564675,376.0522235186289,-6.719365090483234,-0.22719681491706747,-6.719287173727641,18303.766323008826,0.0,0.1939561738508999,2.059930667412065,2234285.585289076,599.4148528223552
116500.0,4578512.313925715,153958.10171739123,4578459.38029932,375.6694189538935,1546.5068814508936,375.3803010465844,-6.719240259073525,-0.22740731084668492,-6.71916230390177,18303.766323008826,0.0,0.1939561738508999,2.059930667412065,2234285.585289076,599.4148528223552
116600.0,4578549.847271617,154112.75126814883,4578496.884733821,374.997501160377,1546.4841301914553,374.70839105050663,-6.7191156479399545,-0.22761789206313626,-6.7190376543350325,18303.766323008826,0.0,0.1939561738508999,2.059930667412065,2234285.585289076,599.4148528223552
116700.0,4578587.313426361,154267.39854272743,4578534.321977946,374.32559581697456,1546.4613578696662,374.036493508387,-6.718991256735288,-0.22782855771842578,-6.718913224680354,18303.766323008826,0.0,0.1939561738508999,2.059930667412065,2234285.585289076,599.4148528223552
116800.0,4578624.712391194,154422.0435390204,4578571.692032938,373.65370290171046,1546.4385644771248,373.3646083982516,-6.718867085116053,-0.2280393069737206,-6.7187890145944165,18303.766323008826,0.0,0.1939561738508999,2.059930667412065,2234285.585289076,599.4148528223552
116900.0,4578662.044167356,154576.68625492023,4578608.994900039,372.98182239264315,1546.4157500055126,372.6927356981605,-6.7187431327424765,-0.22825013899924693,-6.718665023737606,18303.766323008826,0.0,0.1939561738508999,2.059930667412065,2234285.585289076,599.4148528223552
117000.0,4578699.308756085,154731.3266883186,4578646.23058049,372.30995426786495,1546.3929144465933,372.02087538620765,-6.718619399278454,-0.2284610529741886,-6.718541251773969,18303.766323008826,0.0,0.1939561738508999,2.059930667412065,2234285.585289076,599.4148528223552
117100.0,4578736.506158621,154885.96483710638,4578683.399075529,371.63809850550155,1546.370057792213,371.34902744052033,-6.718495884391495,-0.22867204808658556,-6.718417698371169,18303.766323008826,0.0,0.1939561738508999,2.059930667412065,2234285.585289076,599.4148528223552
117200.0,4578773.636376197,155040.6006991736,4578720.50038639,370.9662550837117,1546.3471800342982,370.67719183925897,-6.71837258775269,-0.22888312353323606,-6.71829436320045,18303.766323008826,0.0,0.1939561738508999,2.059930667412065,2234285.585289076,599.4148528223552
117300.0,4578810.699410048,155195.23427240952,4578757.534514307,370.29442398068693,1546.3242811648552,370.00536856061666,-6.718249509036652,-0.22909427851959585,-6.7181712459365714,18303.766323008826,0.0,0.1939561738508999,2.059930667412065,2234285.585289076,599.4148528223552
117400.0,4578847.695261404,155349.86555470258,4578794.501460512,369.622605174651,1546.3013611759693,369.3335575828188,-6.718126647921508,-0.2293055122596845,-6.718048346257807,18303.766323008826,0.0,0.1939561738508999,2.059930667412065,2234285.585289076,599.4148528223552
117500.0,4578884.623931493,155504.49454394047,4578831.401226234,368.95079864385986,1546.2784200598041,368.66175888412283,-6.71800400408881,-0.22951682397598605,-6.7179256638458575,18303.766323008826,0.0,0.1939561738508999,2.059930667412065,2234285.585289076,599.4148528223552
117600.0,4578921.485421541,155659.12123801003,4578868.233812698,368.279004366601,1546.2554578086006,367.9899724428179,-6.717881577223542,-0.22972821289935713,-6.71780319838585,18303.766323008826,0.0,0.1939561738508999,2.059930667412065,2234285.585289076,599.4148528223552
117700.0,4578958.279732774,155813.7456347974,4578904.99922113,367.60722232119326,1546.232474414676,367.3181982372243,-6.717759367014045,-0.22993967826893116,-6.717680949566266,18303.766323008826,0.0,0.1939561738508999,2.059930667412065,2234285.585289076,599.4148528223552
117800.0,4578995.006866413,155968.36773218794,4578941.697452753,366.93545248598656,1546.2094698704236,366.6464362456935,-6.717637373151989,-0.23015121933202679,-6.7175589170789225,18303.766323008826,0.0,0.1939561738508999,2.059930667412065,2234285.585289076,599.4148528223552
117900.0,4579031.666823678,156122.9875280662,4578978.328508786,366.26369483936145,1546.1864441683113,365.97468644660756,-6.717515595332347,-0.23036283534405672,-6.717437100618928,18303.766323008826,0.0,0.1939561738508999,2.059930667412065,2234285.585289076,599.4148528223552
118000.0,4579068.259605787,156277.60502031608,4579014.892390448,365.59194935972874,1546.1633973008811,365.30294881837887,-6.717394033253324,-0.23057452556843597,-6.717315499884625,18303.766323008826,0.0,0.1939561738508999,2.059930667412065,2234285.585289076,599.4148528223552
118100.0,4579104.785213955,156432.22020682064,4579051.389098954,364.9202160255294,1546.140329260748,364.6312233394498,-6.717272686616356,-0.23078628927649486,-6.717194114577591,18303.766323008826,0.0,0.1939561738508999,2.059930667412065,2234285.585289076,599.4148528223552
118200.0,4579141.243649396,156586.83308546225,4579087.81863552,364.2484948152339,1546.1172400406003,363.9595099882923,-6.717151555126041,-0.23099812574738807,-6.717072944402555,18303.766323008826,0.0,0.1939561738508999,2.059930667412065,2234285.585289076,599.4148528223552
118300.0,4579177.634913322,156741.44365412253,4579124.181001355,363.57678570734237,1546.094129633197,363.28780874340794,-6.71703063849013,-0.23121003426801026,-6.716951989067405,18303.766323008826,0.0,0.1939561738508999,2.059930667412065,2234285.585289076,599.4148528223552
118400.0,4579213.95900694,156896.0519106824,4579160.47619767,362.90508868038376,1546.0709980313686,362.61611958332713,-6.716909936419458,-0.23142201413290714,-6.716831248283107,18303.766323008826,0.0,0.1939561738508999,2.059930667412065,2234285.585289076,599.4148528223552
118500.0,4579250.215931459,157050.65785302207,4579196.704225673,362.23340371291584,1546.0478452280156,361.94444248660915,-6.716789448627931,-0.23163406464419223,-6.716710721763699,18303.766323008826,0.0,0.1939561738508999,2.059930667412065,2234285.585289076,599.4148528223552
118600.0,4579286.405688084,157205.26147902105,4579232.865086569,361.561730783525,1546.024671216108,361.2727774318417,-6.716669174832488,-0.23184618511146243,-6.716590409226249,18303.766323008826,0.0,0.1939561738508999,2.059930667412065,2234285.585289076,599.4148528223552
118700.0,4579322.5282780165,157359.8627865581,4579268.958781561,360.8900698708255,1546.0014759886842,360.60112439764055,-6.716549114753052,-0.23205837485171413,-6.716470310390811,18303.766323008826,0.0,0.1939561738508999,2.059930667412065,2234285.585289076,599.4148528223552
118800.0,4579358.583702458,157514.46177351137,4579304.985311849,360.21842095345977,1545.978259538851,359.92948336264936,-6.716429268112516,-0.23227063318926194,-6.716350424980397,18303.766323008826,0.0,0.1939561738508999,2.059930667412065,2234285.585289076,599.4148528223552
118900.0,4579394.571962606,157669.05843775824,4579340.944678633,359.54678401009755,1545.9550218597822,359.2578543055394,-6.716309634636689,-0.23248295945565736,-6.71623075272095,18303.766323008826,0.0,0.1939561738508999,2.059930667412065,2234285.585289076,599.4148528223552
119000.0,4579430.493059658,157823.65277717545,4579376.836883108,358.875159019436,1545.9317629447178,358.5862372050092,-6.716190214054266,-0.23269535298960725,-6.7161112933412825,18303.766323008826,0.0,0.1939561738508999,2.059930667412065,2234285.585289076,599.4148528223552
119100.0,4579466.346994808,157978.24478963908,4579412.661926471,358.2035459601992,1545.9084827869638,357.9146320397841,-6.716071006096796,-0.23290781313689646,-6.715992046573074,18303.766323008826,0.0,0.1939561738508999,2.059930667412065,2234285.585289076,599.4148528223552
119200.0,4579502.133769248,158132.83447302453,4579448.419809913,357.53194481113803,1545.8851813798915,357.2430387886164,-6.7159520104986585,-0.23312033925030826,-6.715873012150819,18303.766323008826,0.0,0.1939561738508999,2.059930667412065,2234285.585289076,599.4148528223552
119300.0,4579537.853384167,158287.42182520652,4579484.110534625,356.8603555510296,1545.8618587169362,356.5714574302845,-6.715833226997015,-0.2333329306895474,-6.715754189811804,18303.766323008826,0.0,0.1939561738508999,2.059930667412065,2234285.585289076,599.4148528223552
119400.0,4579573.505840753,158442.00684405916,4579519.734101795,356.1887781586774,1545.8385147915972,355.8998879435932,-6.715714655331784,-0.23354558682116333,-6.715635579296063,18303.766323008826,0.0,0.1939561738508999,2.059930667412065,2234285.585289076,599.4148528223552
119500.0,4579609.091140193,158596.5895274559,4579555.290512608,355.5172126129106,1545.8151495974364,355.2283303073731,-6.715596295245606,-0.23375830701847447,-6.715517180346356,18303.766323008826,0.0,0.1939561738508999,2.059930667412065,2234285.585289076,599.4148528223552
119600.0,4579644.60928367,158751.16987326948,4579590.77976825,354.84565889258414,1545.7917631280786,354.55678450048026,-6.715478146483818,-0.2339710906614939,-6.715398992708137,18303.766323008826,0.0,0.1939561738508999,2.059930667412065,2234285.585289076,599.4148528223552
119700.0,4579680.060272365,158905.74787937212,4579626.201869902,354.17411697657815,1545.7683553772097,353.8852505017962,-6.715360208794412,-0.23418393713685515,-6.715281016129509,18303.766323008826,0.0,0.1939561738508999,2.059930667412065,2234285.585289076,599.4148528223552
119800.0,4579715.444107458,159060.32354363534,4579661.556818743,353.50258684379787,1545.744926338577,353.2137282902274,-6.715242481928019,-0.2343968458377397,-6.715163250361224,18303.766323008826,0.0,0.1939561738508999,2.059930667412065,2234285.585289076,599.4148528223552
119900.0,4579750.7607901255,159214.89686393004,4579696.844615952,352.83106847317333,1545.721476005988,352.5422178447052,-6.715124965637858,-0.2346098161638038,-6.715045695156607,18303.766323008826,0.0,0.1939561738508999,2.059930667412065,2234285.585289076,599.4148528223552
120000.0,4579786.010321544,159369.46783812653,4579732.065262704,352.1595618436592,1545.69800437331,351.87071914418544,-6.715007659679719,-0.23482284752110796,-6.714928350271565,18303.766323008826,0.0,0.1939561738508999,2.059930667412065,2234285.585289076,599.4148528223552
120100.0,4579821.192702885,159524.0364640945,4579767.218760172,351.4880669342344,1545.674511434469,351.1992321676483,-6.7148905638119425,-0.23503593932204728,-6.714811215464544,18303.766323008826,0.0,0.1939561738508999,2.059930667412065,2234285.585289076,599.4148528223552
120200.0,4579856.30793532,159678.60273970303,4579802.305109528,350.8165837239018,1545.65099718345,350.52775689409793,-6.7147736777953595,-0.23524909098527935,-6.714694290496489,18303.766323008826,0.0,0.1939561738508999,2.059930667412065,2234285.585289076,599.4148528223552
120300.0,4579891.356020018,159833.1666628206,4579837.32431194,350.14511219168816,1545.6274616142957,349.8562933025623,-6.714657001393298,-0.2354623019356584,-6.714577575130832,18303.766323008826,0.0,0.1939561738508999,2.059930667412065,2234285.585289076,599.4148528223552
120400.0,4579926.336958147,159987.7282313151,4579872.276368577,349.4736523166438,1545.6039047211057,349.1848413720928,-6.71454053437153,-0.2356755716041649,-6.714461069133453,18303.766323008826,0.0,0.1939561738508999,2.059930667412065,2234285.585289076,599.4148528223552
120500.0,4579961.2507508695,160142.28744305382,4579907.161280603,348.80220407784225,1545.5803264980364,348.51340108176436,-6.714424276498249,-0.23588889942783972,-6.714344772272654,18303.766323008826,0.0,0.1939561738508999,2.059930667412065,2234285.585289076,599.4148528223552
120600.0,4579996.097399349,160296.84429590352,4579941.979049181,348.1307674543802,1545.5567269393002,347.8419724106747,-6.714308227544048,-0.2361022848497172,-6.714228684319128,18303.766323008826,0.0,0.1939561738508999,2.059930667412065,2234285.585289076,599.4148528223552
120700.0,4580030.8769047465,160451.39878773032,4579976.729675472,347.45934242537703,1545.533106039165,347.1705553379445,-6.7141923872818845,-0.2363157273187594,-6.714112805045939,18303.766323008826,0.0,0.1939561738508999,2.059930667412065,2234285.585289076,599.4148528223552
120800.0,4580065.58926822,160605.9509163998,4580011.413160634,346.78792896997487,1545.509463791953,346.499149842717,-6.714076755487062,-0.2365292262897915,-6.713997134228491,18303.766323008826,0.0,0.1939561738508999,2.059930667412065,2234285.585289076,599.4148528223552
120900.0,4580100.234490925,160760.50067977697,4580046.029505826,346.1165270673381,1545.4858001920416,345.8277559041577,-6.713961331937181,-0.23674278122343725,-6.713881671644492,18303.766323008826,0.0,0.1939561738508999,2.059930667412065,2234285.585289076,599.4148528223552
121000.0,4580134.812574018,160915.04807572628,4580080.5787122,345.44513669665326,1545.4621152338607,345.1563735014543,-6.71384611641215,-0.23695639158605591,-6.713766417073941,18303.766323008826,0.0,0.1939561738508999,2.059930667412065,2234285.585289076,599.4148528223552
121100.0,4580169.323518649,161069.59310211163,4580115.06078091,344.77375783712876,1545.4384089118942,344.4850026138164,-6.713731108694125,-0.23717005684967996,-6.713651370299099,18303.766323008826,0.0,0.1939561738508999,2.059930667412065,2234285.585289076,599.4148528223552
121200.0,4580203.7673259685,161224.13575679634,4580149.475713106,344.1023904679947,1545.4146812206782,343.81364322047517,-6.713616308567495,-0.23738377649195172,-6.713536531104453,18303.766323008826,0.0,0.1939561738508999,2.059930667412065,2234285.585289076,599.4148528223552
121300.0,4580238.143997124,161378.67603764325,4580183.823509936,343.4310345685027,1545.3909321548006,343.1422953006833,-6.713501715818864,-0.23759754999606408,-6.713421899276701,18303.766323008826,0.0,0.1939561738508999,2.059930667412065,2234285.585289076,599.4148528223552
121400.0,4580272.453533263,161533.21394251462,4580218.104172547,342.7596901179254,1545.3671617089008,342.4709588337147,-6.713387330237013,-0.23781137685069856,-6.7133074746047265,18303.766323008826,0.0,0.1939561738508999,2.059930667412065,2234285.585289076,599.4148528223552
121500.0,4580306.695935529,161687.74946927218,4580252.317702084,342.0883570955567,1545.343369877669,341.7996337988642,-6.713273151612877,-0.23802525654996526,-6.713193256879553,18303.766323008826,0.0,0.1939561738508999,2.059930667412065,2234285.585289076,599.4148528223552
121600.0,4580340.871205063,161842.28261577713,4580286.4640996875,341.41703548071115,1545.3195566558459,341.12832017544747,-6.713159179739538,-0.23823918859334592,-6.713079245894358,18303.766323008826,0.0,0.1939561738508999,2.059930667412065,2234285.585289076,599.4148528223552
121700.0,4580374.9793430045,161996.81337989017,4580320.543366498,340.74572525272396,1545.295722038222,340.4570179428008,-6.713045414412178,-0.23845317248563314,-6.712965441444418,18303.766323008826,0.0,0.1939561738508999,2.059930667412065,2234285.585289076,599.4148528223552
121800.0,4580409.020350492,162151.34175947143,4580354.555503655,340.07442639095063,1545.271866019637,339.7857270802808,-6.712931855428055,-0.23866720773687336,-6.712851843327084,18303.766323008826,0.0,0.1939561738508999,2.059930667412065,2234285.585289076,599.4148528223552
121900.0,4580442.99422866,162305.86775238055,4580388.500512294,339.4031388747669,1545.247988594979,339.11444756726434,-6.712818502586503,-0.23888129386231027,-6.712738451341777,18303.766323008826,0.0,0.1939561738508999,2.059930667412065,2234285.585289076,599.4148528223552
122000.0,4580476.900978643,162460.3913564767,4580422.378393547,338.7318626835685,1545.2240897591848,338.44317938314805,-6.712705355688882,-0.23909543038232808,-6.712625265289952,18303.766323008826,0.0,0.1939561738508999,2.059930667412065,2234285.585289076,599.4148528223552
122100.0,4580510.740601573,162614.91256961852,4580456.189148547,338.0605977967709,1545.2001695072386,337.77192250734845,-6.712592414538568,-0.23930961682239554,-6.712512284975072,18303.766323008826,0.0,0.1939561738508999,2.059930667412065,2234285.585289076,599.4148528223552
122200.0,4580544.513098579,162769.43138966413,4580489.932778425,337.38934419380905,1545.1762278341719,337.10067691930163,-6.71247967894093,-0.23952385271301094,-6.712399510202593,18303.766323008826,0.0,0.1939561738508999,2.059930667412065,2234285.585289076,599.4148528223552
122300.0,4580578.218470788,162923.94781447115,4580523.609284307,336.7181018541374,1545.152264735063,336.42944259846297,-6.712367148703301,-0.23973813758964777,-6.7122869407799355,18303.766323008826,0.0,0.1939561738508999,2.059930667412065,2234285.585289076,599.4148528223552
122400.0,4580611.856719324,163078.46184189676,4580557.218667319,336.04687075722944,1545.1282802050364,335.75821952430704,-6.712254823634969,-0.23995247099270123,-6.712174576516474,18303.766323008826,0.0,0.1939561738508999,2.059930667412065,2234285.585289076,599.4148528223552
122500.0,4580645.427845313,163232.97346979764,4580590.760928585,335.3756508825777,1545.1042742392622,335.08700767632735,-6.712142703547123,-0.24016685246743344,-6.712062417223484,18303.766323008826,0.0,0.1939561738508999,2.059930667412065,2234285.585289076,599.4148528223552
122600.0,4580678.931849875,163387.48269602994,4580624.236069228,334.7044422096935,1545.0802468329555,334.4158070340362,-6.712030788252879,-0.2403812815639229,-6.711950462714166,18303.766323008826,0.0,0.1939561738508999,2.059930667412065,2234285.585289076,599.4148528223552
122700.0,4580712.368734128,163541.98951844938,4580657.644090365,334.0332447181068,1545.0561979813767,333.7446175769646,-6.711919077567214,-0.24059575783701068,-6.711838712803581,18303.766323008826,0.0,0.1939561738508999,2.059930667412065,2234285.585289076,599.4148528223552
122800.0,4580745.738499191,163696.4939349112,4580690.984993115,333.3620583873659,1545.0321276798302,333.0734392846617,-6.711807571306975,-0.24081028084625059,-6.711727167308656,18303.766323008826,0.0,0.1939561738508999,2.059930667412065,2234285.585289076,599.4148528223552
122900.0,4580779.041146177,163850.9959432702,4580724.2587785935,332.6908831970373,1545.008035923664,332.40227213669505,-6.71169626929084,-0.24102485015585687,-6.7116158260481535,18303.766323008826,0.0,0.1939561738508999,2.059930667412065,2234285.585289076,599.4148528223552
123000.0,4580812.2766762,164005.49554138063,4580757.465447913,332.0197191267056,1544.98392270827,331.7311161126502,-6.711585171339298,-0.24123946533465454,-6.711504688842642,18303.766323008826,0.0,0.1939561738508999,2.059930667412065,2234285.585289076,599.4148528223552
123100.0,4580845.445090372,164159.9927270964,4580790.605002185,331.34856615597323,1544.9597880290823,331.0599711921306,-6.7114742772746485,-0.24145412595603064,-6.711393755514504,18303.766323008826,0.0,0.1939561738508999,2.059930667412065,2234285.585289076,599.4148528223552
123200.0,4580878.5463898005,164314.48749827084,4580823.677442521,330.67742426446034,1544.935631881578,330.38883735475724,-6.71136358692095,-0.24166883159788288,-6.711283025887873,18303.766323008826,0.0,0.1939561738508999,2.059930667412065,2234285.585289076,599.4148528223552
123300.0,4580911.580575593,164468.97985275695,4580856.682770026,330.0062934318045,1544.911454261276,329.7177145801688,-6.7112531001040265,-0.2418835818425739,-6.711172499788656,18303.766323008826,0.0,0.1939561738508999,2.059930667412065,2234285.585289076,599.4148528223552
123400.0,4580944.547648855,164623.4697884072,4580889.620985805,329.3351736376607,1544.8872551637367,329.04660284802105,-6.711142816651432,-0.24209837627688086,-6.711062177044481,18303.766323008826,0.0,0.1939561738508999,2.059930667412065,2234285.585289076,599.4148528223552
123500.0,4580977.447610687,164777.95730307366,4580922.492090963,328.6640648617011,1544.8630345845613,328.3755021379871,-6.71103273639244,-0.2423132144919496,-6.7109520574847,18303.766323008826,0.0,0.1939561738508999,2.059930667412065,2234285.585289076,599.4148528223552
123600.0,4581010.280462193,164932.44239460793,4580955.2960866,327.99296708361476,1544.8387925193924,327.7044124297569,-6.710922859158019,-0.24252809608324694,-6.710842140940357,18303.766323008826,0.0,0.1939561738508999,2.059930667412065,2234285.585289076,599.4148528223552
123700.0,4581043.04620447,165086.9250608612,4580988.032973816,327.3218802831076,1544.8145289639122,327.0333337030374,-6.71081318478081,-0.24274302065051453,-6.71073242724417,18303.766323008826,0.0,0.1939561738508999,2.059930667412065,2234285.585289076,599.4148528223552
123800.0,4581075.744838615,165241.4052996842,4581020.702753707,326.65080443990223,1544.790243913843,326.36226593755197,-6.710703713095112,-0.2429579877977228,-6.710622916230509,18303.766323008826,0.0,0.1939561738508999,2.059930667412065,2234285.585289076,599.4148528223552
123900.0,4581108.376365722,165395.88310892732,4581053.305427369,325.9797395337377,1544.7659373649462,325.69120911304066,-6.710594443936879,-0.24317299713302687,-6.710513607735404,18303.766323008826,0.0,0.1939561738508999,2.059930667412065,2234285.585289076,599.4148528223552
124000.0,4581140.940786885,165550.3584864404,4581085.840995894,325.3086855443694,1544.741609313023,325.0201632092597,-6.710485377143662,-0.2433880482687196,-6.7104045015964795,18303.766323008826,0.0,0.1939561738508999,2.059930667412065,2234285.585289076,599.4148528223552
124100.0,4581173.438103194,165704.831430073,4581118.309460374,324.6376424515688,1544.717259753912,324.3491282059815,-6.710376512554637,-0.24360314082118925,-6.710295597652977,18303.766323008826,0.0,0.1939561738508999,2.059930667412065,2234285.585289076,599.4148528223552
124200.0,4581205.868315738,165859.30193767417,4581150.710821898,323.9666102351236,1544.6928886834908,323.67810408299454,-6.710267850010542,-0.24381827441087447,-6.710186895745716,18303.766323008826,0.0,0.1939561738508999,2.059930667412065,2234285.585289076,599.4148528223552
124300.0,4581238.231425603,166013.77000709253,4581183.045081552,323.2955888748371,1544.6684960976745,323.0070908201031,-6.710159389353705,-0.2440334486622223,-6.71007839571709,18303.766323008826,0.0,0.1939561738508999,2.059930667412065,2234285.585289076,599.4148528223552
124400.0,4581270.527433874,166168.2356361764,4581215.312240423,322.62457835052845,1544.6440819924155,322.33608839712707,-6.710051130427986,-0.24424866320364352,-6.709970097411026,18303.766323008826,0.0,0.1939561738508999,2.059930667412065,2234285.585289076,599.4148528223552
124500.0,4581302.756341633,166322.6988227736,4581247.512299593,321.95357864203226,1544.6196463637032,321.66509679390197,-6.7099430730787795,-0.24446391766747205,-6.7098620006729925,18303.766323008826,0.0,0.1939561738508999,2.059930667412065,2234285.585289076,599.4148528223552
124600.0,4581334.918149962,166477.15956473156,4581279.645260142,321.28258972919855,1544.5951892075634,320.99411599027866,-6.709835217153005,-0.24467921168992304,-6.709754105349976,18303.766323008826,0.0,0.1939561738508999,2.059930667412065,2234285.585289076,599.4148528223552
124700.0,4581367.012859939,166631.61785989738,4581311.71112315,320.6116115918926,1544.5707105200586,320.3231459661232,-6.709727562499073,-0.24489454491105028,-6.709646411290452,18303.766323008826,0.0,0.1939561738508999,2.059930667412065,2234285.585289076,599.4148528223552
124800.0,4581399.040472639,166786.07370611772,4581343.709889693,319.9406442099947,1544.5462102972865,319.6521867013168,-6.709620108966871,-0.24510991697470647,-6.709538918344378,18303.766323008826,0.0,0.1939561738508999,2.059930667412065,2234285.585289076,599.4148528223552
124900.0,4581431.000989138,166940.52710123887,4581375.641560848,319.2696875634001,1544.5216885353807,318.9812381757555,-6.709512856407753,-0.2453253275285019,-6.709431626363173,18303.766323008826,0.0,0.1939561738508999,2.059930667412065,2234285.585289076,599.4148528223552
125000.0,4581462.894410509,167094.9780431067,4581407.506137686,318.5987416320189,1544.4971452305094,318.3103003693502,-6.7094058046745255,-0.24554077622376574,-6.709324535199709,18303.766323008826,0.0,0.1939561738508999,2.059930667412065,2234285.585289076,599.4148528223552
125100.0,4581494.720737821,167249.42652956676,4581439.303621278,317.92780639577586,1544.472580378876,317.6393732620265,-6.709298953621429,-0.24575626271550588,-6.709217644708293,18303.766323008826,0.0,0.1939561738508999,2.059930667412065,2234285.585289076,599.4148528223552
125200.0,4581526.479972144,167403.87255846415,4581471.034012694,317.2568818346101,1544.447993976718,316.9684568337243,-6.709192303104104,-0.2459717866623688,-6.709110954744626,18303.766323008826,0.0,0.1939561738508999,2.059930667412065,2234285.585289076,599.4148528223552
125300.0,4581558.172114543,167558.31612764363,4581502.697313,316.58596792847527,1544.4233860203065,316.2975510643981,-6.709085852979608,-0.24618734772660308,-6.709004465165832,18303.766323008826,0.0,0.1939561738508999,2.059930667412065,2234285.585289076,599.4148528223552
125400.0,4581589.797166083,167712.75723494962,4581534.293523262,315.91506465733914,1544.3987565059465,315.62665593401636,-6.7089796031063775,-0.24640294557401995,-6.708898175830412,18303.766323008826,0.0,0.1939561738508999,2.059930667412065,2234285.585289076,599.4148528223552
125500.0,4581621.355127827,167867.1958782261,4581565.822644542,315.24417200118364,1544.3741054299765,314.9557714225619,-6.708873553344216,-0.24661857987395558,-6.70879208659823,18303.766323008826,0.0,0.1939561738508999,2.059930667412065,2234285.585289076,599.4148528223552
125600.0,4581652.846000836,168021.63205531676,4581597.2846779,314.5732899400046,1544.3494327887674,314.28489751003127,-6.708767703554284,-0.24683425029923373,-6.708686197330502,18303.766323008826,0.0,0.1939561738508999,2.059930667412065,2234285.585289076,599.4148528223552
125700.0,4581684.269786168,168176.0657640649,4581628.679624396,313.90241845381166,1544.324738578723,313.6140341764349,-6.708662053599078,-0.24704995652612965,-6.708580507889791,18303.766323008826,0.0,0.1939561738508999,2.059930667412065,2234285.585289076,599.4148528223552
125800.0,4581715.626484879,168330.49700231344,4581660.007485087,313.2315575226282,1544.3000227962793,312.94318140179695,-6.708556603342421,-0.24726569823433275,-6.70847501813998,18303.766323008826,0.0,0.1939561738508999,2.059930667412065,2234285.585289076,599.4148528223552
125900.0,4581746.916098024,168484.92576790496,4581691.2682610275,312.5607071264911,1544.275285437904,312.27233916615506,-6.708451352649445,-0.24748147510691088,-6.70836972794626,18303.766323008826,0.0,0.1939561738508999,2.059930667412065,2234285.585289076,599.4148528223552
126000.0,4581778.138626655,168639.35205868172,4581722.461953271,311.88986724545066,1544.2505265000962,311.6015074495603,-6.708346301386573,-0.24769728683027464,-6.708264637175116,18303.766323008826,0.0,0.1939561738508999,2.059930667412065,2234285.585289076,599.4148528223552
126100.0,4581809.294071822,168793.77587248557,4581753.588562868,311.2190378595705,1544.2257459793866,310.93068623207705,-6.708241449421516,-0.2479131330941421,-6.708159745694312,18303.766323008826,0.0,0.1939561738508999,2.059930667412065,2234285.585289076,599.4148528223552
126200.0,4581840.382434576,168948.19720715805,4581784.648090866,310.54821894892746,1544.2009438723364,310.25987549378283,-6.708136796623249,-0.24812901359150413,-6.708055053372883,18303.766323008826,0.0,0.1939561738508999,2.059930667412065,2234285.585289076,599.4148528223552
126300.0,4581871.403715961,169102.61606054037,4581815.640538314,309.8774104936113,1544.1761201755373,309.5890752147682,-6.708032342861989,-0.24834492801858923,-6.707950560081103,18303.766323008826,0.0,0.1939561738508999,2.059930667412065,2234285.585289076,599.4148528223552
126400.0,4581902.357917022,169257.0324304734,4581846.565906257,309.20661247372476,1544.1512748856117,308.9182853751366,-6.707928088009199,-0.24856087607483032,-6.707846265690492,18303.766323008826,0.0,0.1939561738508999,2.059930667412065,2234285.585289076,599.4148528223552
126500.0,4581933.245038803,169411.44631479762,4581877.424195738,308.5358248693834,1544.1264079992113,308.24750595500427,-6.70782403193758,-0.24877685746283135,-6.707742170073807,18303.766323008826,0.0,0.1939561738508999,2.059930667412065,2234285.585289076,599.4148528223552
126600.0,4581964.065082342,169565.85771135325,4581908.215407795,307.86504766071545,1544.1015195130178,307.5767369345002,-6.707720174521027,-0.24899287188833258,-6.7076382731049975,18303.766323008826,0.0,0.1939561738508999,2.059930667412065,2234285.585289076,599.4148528223552
126700.0,4581994.81804868,169720.26661798012,4581938.93954347,307.1942808278616,1544.0766094237422,306.9059782937658,-6.7076165156346335,-0.2492089190601783,-6.707534574659212,18303.766323008826,0.0,0.1939561738508999,2.059930667412065,2234285.585289076,599.4148528223552
126800.0,4582025.503938853,169874.67303251778,4581969.596603799,306.523524350975,1544.0516777281239,306.235230012955,-6.70751305515469,-0.24942499869028514,-6.7074310746127965,18303.766323008826,0.0,0.1939561738508999,2.059930667412065,2234285.585289076,599.4148528223552
126900.0,4582056.122753895,170029.07695280542,4582000.186589817,305.8527782102212,1544.0267244229317,305.56449207223403,-6.707409792958647,-0.2496411104936081,-6.707327772843251,18303.766323008826,0.0,0.1939561738508999,2.059930667412065,2234285.585289076,599.4148528223552
127000.0,4582086.674494838,170183.47837668195,4582030.709502557,305.18204238577783,1544.0017495049622,304.8937644517812,-6.707306728925117,-0.24985725418811033,-6.707224669229247,18303.766323008826,0.0,0.1939561738508999,2.059930667412065,2234285.585289076,599.4148528223552
127100.0,4582117.159162715,170337.8773019859,4582061.165343051,304.51131685783474,1543.9767529710402,304.223047131787,-6.70720386293387,-0.2500734294947313,-6.7071217636506,18303.766323008826,0.0,0.1939561738508999,2.059930667412065,2234285.585289076,599.4148528223552
127200.0,4582147.576758552,170492.27372655552,4582091.554112326,303.8406016065936,1543.9517348180186,303.55234009245385,-6.70710119486579,-0.25028963613735444,-6.707019055988253,18303.766323008826,0.0,0.1939561738508999,2.059930667412065,2234285.585289076,599.4148528223552
127300.0,4582177.927283378,170646.66764822876,4582121.875811411,303.1698966122681,1543.9266950427773,302.88164331399605,-6.706998724602897,-0.25050587384277795,-6.706916546124273,18303.766323008826,0.0,0.1939561738508999,2.059930667412065,2234285.585289076,599.4148528223552
127400.0,4582208.2107382165,170801.05906484323,4582152.13044133,302.4992018550834,1543.9016336422235,302.2109567766396,-6.7068964520283165,-0.2507221423406834,-6.706814233941836,18303.766323008826,0.0,0.1939561738508999,2.059930667412065,2234285.585289076,599.4148528223552
127500.0,4582238.42712409,170955.44797423625,4582182.318003107,301.82851731527666,1543.8765506132916,301.5402804606221,-6.7067943770262675,-0.2509384413636059,-6.706712119325213,18303.766323008826,0.0,0.1939561738508999,2.059930667412065,2234285.585289076,599.4148528223552
127600.0,4582268.576442019,171109.83437424482,4582212.438497762,301.15784297309625,1543.8514459529422,300.8696143461928,-6.706692499482059,-0.2511547706469044,-6.706610202159763,18303.766323008826,0.0,0.1939561738508999,2.059930667412065,2234285.585289076,599.4148528223552
127700.0,4582298.658693023,171264.21826270566,4582242.491926315,300.4871788088021,1543.8263196581622,300.1989584136122,-6.706590819282072,-0.2513711299287324,-6.706508482331915,18303.766323008826,0.0,0.1939561738508999,2.059930667412065,2234285.585289076,599.4148528223552
127800.0,4582328.673878119,171418.5996374552,4582272.478289784,299.81652480266547,1543.801171725965,299.5283126431522,-6.70648933631374,-0.2515875189500076,-6.706406959729154,18303.766323008826,0.0,0.1939561738508999,2.059930667412065,2234285.585289076,599.4148528223552
127900.0,4582358.621998322,171572.9784963295,4582302.3975891825,299.1458809349687,1543.7760021533895,298.85767701509593,-6.706388050465568,-0.2518039374543857,-6.706305634240027,18303.766323008826,0.0,0.1939561738508999,2.059930667412065,2234285.585289076,599.4148528223552
128000.0,4582388.503054644,171727.35483716443,4582332.249825524,298.4752471860054,1543.7508109374999,298.18705150973744,-6.7062869616270735,-0.2520203851882289,-6.706204505754105,18303.766323008826,0.0,0.1939561738508999,2.059930667412065,2234285.585289076,599.4148528223552
128100.0,4582418.317048096,171881.72865779547,4582362.034999821,297.80462353608,1543.725598075386,297.516436107382,-6.706186069688821,-0.25223686190058003,-6.706103574161998,18303.766323008826,0.0,0.1939561738508999,2.059930667412065,2234285.585289076,599.4148528223552
128200.0,4582448.063979687,172036.09995605788,4582391.753113083,297.1340099655079,1543.7003635641622,296.84583078834555,-6.706085374542377,-0.25245336734313356,-6.706002839355319,18303.766323008826,0.0,0.1939561738508999,2.059930667412065,2234285.585289076,599.4148528223552
128300.0,4582477.743850425,172190.46872978657,4582421.404166315,296.4634064546154,1543.6751074009678,296.175235532955,-6.7059848760803265,-0.2526699012702084,-6.705902301226699,18303.766323008826,0.0,0.1939561738508999,2.059930667412065,2234285.585289076,599.4148528223552
128400.0,4582507.356661313,172344.83497681623,4582450.988160524,295.7928129837393,1543.6498295829667,295.50465032154784,-6.705884574196239,-0.25288646343872084,-6.705801959669751,18303.766323008826,0.0,0.1939561738508999,2.059930667412065,2234285.585289076,599.4148528223552
128500.0,4582536.902413355,172499.19869498123,4582480.505096713,295.1222295332271,1543.6245301073468,294.8340751344722,-6.705784468784669,-0.25310305360815705,-6.70570181457908,18303.766323008826,0.0,0.1939561738508999,2.059930667412065,2234285.585289076,599.4148528223552
128600.0,4582566.381107553,172653.5598821157,4582509.954975884,294.4516560834368,1543.5992089713197,294.16350995208666,-6.705684559741145,-0.25331967154054713,-6.705601865850256,18303.766323008826,0.0,0.1939561738508999,2.059930667412065,2234285.585289076,599.4148528223552
128700.0,4582595.792744905,172807.9185360534,4582539.337799037,293.78109261473674,1543.5738661721211,293.4929547547602,-6.705584846962159,-0.25353631700043877,-6.705502113379816,18303.766323008826,0.0,0.1939561738508999,2.059930667412065,2234285.585289076,599.4148528223552
128800.0,4582625.137326408,172962.2746546279,4582568.653567168,293.11053910750564,1543.5485017070098,292.82240952287214,-6.70548533034515,-0.25375298975487,-6.7054025570652405,18303.766323008826,0.0,0.1939561738508999,2.059930667412065,2234285.585289076,599.4148528223552
128900.0,4582654.414853058,173116.62823567248,4582597.902281273,292.43999554213235,1543.523115573268,292.151874236812,-6.705386009788507,-0.2539696895733456,-6.705303196804963,18303.766323008826,0.0,0.1939561738508999,2.059930667412065,2234285.585289076,599.4148528223552
129000.0,4582683.625325847,173270.97927702017,4582627.083942346,291.76946189901594,1543.4977077682006,291.4813488769793,-6.705286885191548,-0.25418641622780985,-6.705204032498347,18303.766323008826,0.0,0.1939561738508999,2.059930667412065,2234285.585289076,599.4148528223552
129100.0,4582712.768745768,173425.32777650366,4582656.198551379,291.0989381585654,1543.4722782891354,290.81083342378383,-6.705187956454498,-0.2544031694926212,-6.705105064045658,18303.766323008826,0.0,0.1939561738508999,2.059930667412065,2234285.585289076,599.4148528223552
129200.0,4582741.845113808,173579.67373195544,4582685.246109361,290.42842430119964,1543.4468271334224,290.14032785764505,-6.705089223478516,-0.25461994914452946,-6.705006291348096,18303.766323008826,0.0,0.1939561738508999,2.059930667412065,2234285.585289076,599.4148528223552
129300.0,4582770.854430957,173734.0171412077,4582714.226617279,289.75792030734755,1543.4213542984342,289.46983215899235,-6.704990686165657,-0.25483675496264907,-6.704907714307758,18303.766323008826,0.0,0.1939561738508999,2.059930667412065,2234285.585289076,599.4148528223552
129400.0,4582799.796698198,173888.3580020924,4582743.14007612,289.0874261574476,1543.395859781565,288.79934630826483,-6.7048923444188455,-0.25505358672843464,-6.704809332827611,18303.766323008826,0.0,0.1939561738508999,2.059930667412065,2234285.585289076,599.4148528223552
129500.0,4582828.671916516,174042.6963124412,4582771.986486868,288.4169418319481,1543.3703435802308,288.1288702859113,-6.704794198141921,-0.2552704442256592,-6.704711146811534,18303.766323008826,0.0,0.1939561738508999,2.059930667412065,2234285.585289076,599.4148528223552
129600.0,4582857.480086891,174197.03207008555,4582800.765850504,287.7464673113068,1543.3448056918694,287.4584040723902,-6.704696247239579,-0.255487327240388,-6.704613156164262,18303.766323008826,0.0,0.1939561738508999,2.059930667412065,2234285.585289076,599.4148528223552
129700.0,4582886.221210304,174351.3652728566,4582829.478168009,287.07600257599086,1543.3192461139392,286.7879476481693,-6.704598491617375,-0.25570423556095545,-6.704515360791392,18303.766323008826,0.0,0.1939561738508999,2.059930667412065,2234285.585289076,599.4148528223552
129800.0,4582914.895287732,174505.6959185853,4582858.12344036,286.40554760647706,1543.2936648439206,286.11750099372586,-6.704500931181736,-0.25592116897794326,-6.704417760599387,18303.766323008826,0.0,0.1939561738508999,2.059930667412065,2234285.585289076,599.4148528223552
129900.0,4582943.50232015,174660.02400510226,4582886.701668533,285.7351023832514,1543.268061879314,285.4470640895465,-6.70440356583991,-0.25613812728415497,-6.704320355495542,18303.766323008826,0.0,0.1939561738508999,2.059930667412065,2234285.585289076,599.4148528223552
130000.0,4582972.042308533,174814.34953023793,4582915.212853502,285.06466688680905,1543.2424372176408,284.7766369161269,-6.704306395500007,-0.2563551102745956,-6.704223145387997,18303.766323008826,0.0,0.1939561738508999,2.059930667412065,2234285.585289076,599.4148528223552
130100.0,4583000.515253851,174968.67249182248,4582943.656996239,284.3942410976544,1543.216790856443,284.1062194539721,-6.704209420070944,-0.25657211774644706,-6.704126130185709,18303.766323008826,0.0,0.1939561738508999,2.059930667412065,2234285.585289076,599.4148528223552
130200.0,4583028.921157075,175122.99288768583,4582972.034097715,283.72382499630083,1543.1911227932821,283.43581168359594,-6.7041126394624655,-0.25678914949904713,-6.704029309798463,18303.766323008826,0.0,0.1939561738508999,2.059930667412065,2234285.585289076,599.4148528223552
130300.0,4583057.260019173,175277.31071565766,4583000.344158898,283.05341856327084,1543.1654330257404,282.7654135855215,-6.704016053585132,-0.25700620533386753,-6.703932684136855,18303.766323008826,0.0,0.1939561738508999,2.059930667412065,2234285.585289076,599.4148528223552
130400.0,4583085.5318411095,175431.62597356742,4583028.587180754,282.3830217790957,1543.1397215514191,282.09502514028065,-6.703919662350291,-0.25722328505449077,-6.703836253112271,18303.766323008826,0.0,0.1939561738508999,2.059930667412065,2234285.585289076,599.4148528223552
130500.0,4583113.73662385,175585.9386592443,4583056.763164247,281.7126346243156,1543.1139883679398,281.4246463284141,-6.703823465670093,-0.2574403884665897,-6.703740016636895,18303.766323008826,0.0,0.1939561738508999,2.059930667412065,2234285.585289076,599.4148528223552
130600.0,4583141.874368355,175740.2487705173,4583084.872110341,281.04225707947944,1543.0882334729426,280.7542771304712,-6.703727463457473,-0.2576575153779063,-6.703643974623701,18303.766323008826,0.0,0.1939561738508999,2.059930667412065,2234285.585289076,599.4148528223552
130700.0,4583169.9450755855,175894.5563052151,4583112.9140199935,280.3718891251447,1543.0624568640874,280.08391752701016,-6.703631655626139,-0.25787466559822975,-6.703548126986432,18303.766323008826,0.0,0.1939561738508999,2.059930667412065,2234285.585289076,599.4148528223552
130800.0,4583197.9487465,176048.86126116625,4583140.888894165,279.70153074187766,1543.0366585390525,279.4135674985976,-6.7035360420905645,-0.2580918389393758,-6.703452473639595,18303.766323008826,0.0,0.1939561738508999,2.059930667412065,2234285.585289076,599.4148528223552
130900.0,4583225.8853820525,176203.16363619897,4583168.7967338115,279.0311819102529,1543.0108384955352,278.7432270258087,-6.703440622765988,-0.2583090352151668,-6.703357014498464,18303.766323008826,0.0,0.1939561738508999,2.059930667412065,2234285.585289076,599.4148528223552
131000.0,4583253.754983199,176357.46342814132,4583196.637539888,278.3608426108535,1542.9849967312512,278.0728960892272,-6.703345397568392,-0.2585262542414102,-6.703261749479062,18303.766323008826,0.0,0.1939561738508999,2.059930667412065,2234285.585289076,599.4148528223552
131100.0,4583281.557550891,176511.7606348211,4583224.411313347,277.6905128242711,1542.9591332439345,277.40257466944496,-6.703250366414513,-0.2587434958358793,-6.703166678498153,18303.766323008826,0.0,0.1939561738508999,2.059930667412065,2234285.585289076,599.4148528223552
131200.0,4583309.29308608,176666.05525406593,4583252.118055139,277.02019253110524,1542.9332480313376,276.73226274706235,-6.703155529221821,-0.2589607598182931,-6.703071801473242,18303.766323008826,0.0,0.1939561738508999,2.059930667412065,2234285.585289076,599.4148528223552
131300.0,4583336.961589714,176820.34728370313,4583279.757766212,276.34988171196403,1542.9073410912306,276.06196030268785,-6.7030608859085055,-0.2591780460102956,-6.702977118322554,18303.766323008826,0.0,0.1939561738508999,2.059930667412065,2234285.585289076,599.4148528223552
131400.0,4583364.563062738,176974.63672155986,4583307.330447515,275.67958034746357,1542.8814124214011,275.3916673169381,-6.702966436393488,-0.25939535423543775,-6.702882628965043,18303.766323008826,0.0,0.1939561738508999,2.059930667412065,2234285.585289076,599.4148528223552
131500.0,4583392.0975060975,177128.92356546302,4583334.836099991,275.00928841822804,1542.8554620196549,274.72138377043774,-6.702872180596396,-0.25961268431915674,-6.702788333320368,18303.766323008826,0.0,0.1939561738508999,2.059930667412065,2234285.585289076,599.4148528223552
131600.0,4583419.564920736,177283.2078132393,4583362.274724583,274.3390059048897,1542.8294898838144,274.05110964381953,-6.702778118437562,-0.2598300360887579,-6.702694231308896,18303.766323008826,0.0,0.1939561738508999,2.059930667412065,2234285.585289076,599.4148528223552
131700.0,4583446.965307592,177437.48946271522,4583389.646322233,273.66873278808856,1542.80349601172,273.3808449177241,-6.7026842498380255,-0.26004740937339527,-6.702600322851696,18303.766323008826,0.0,0.1939561738508999,2.059930667412065,2234285.585289076,599.4148528223552
131800.0,4583474.298667606,177591.76851171703,4583416.950893879,272.9984690484727,1542.7774804012283,272.71058957279996,-6.702590574719502,-0.26026480400405283,-6.702506607870518,18303.766323008826,0.0,0.1939561738508999,2.059930667412065,2234285.585289076,599.4148528223552
131900.0,4583501.565001714,177746.0449580708,4583444.188440459,272.3282146666979,1542.7514430502133,272.04034358970335,-6.702497093004408,-0.26048221981352654,-6.702413086287808,18303.766323008826,0.0,0.1939561738508999,2.059930667412065,2234285.585289076,599.4148528223552
132000.0,4583528.764310851,177900.31879960233,4583471.358962908,271.6579696234276,1542.7253839565653,271.37010694909833,-6.702403804615822,-0.26069965663640493,-6.702319758026676,18303.766323008826,0.0,0.1939561738508999,2.059930667412065,2234285.585289076,599.4148528223552
132100.0,4583555.896595949,178054.59003413728,4583498.46246216,270.9877338993331,1542.6993031181912,270.69987963165653,-6.702310709477498,-0.26091711430905257,-6.702226623010911,18303.766323008826,0.0,0.1939561738508999,2.059930667412065,2234285.585289076,599.4148528223552
132200.0,4583582.961857941,178208.85865950107,4583525.498939144,270.317507475093,1542.673200533014,270.02966161805716,-6.702217807513853,-0.26113459266959066,-6.702133681164953,18303.766323008826,0.0,0.1939561738508999,2.059930667412065,2234285.585289076,599.4148528223552
132300.0,4583609.960097754,178363.1246735189,4583552.468394793,269.64729033139366,1542.647076198973,269.35945288898705,-6.702125098649957,-0.26135209155788025,-6.702040932413906,18303.766323008826,0.0,0.1939561738508999,2.059930667412065,2234285.585289076,599.4148528223552
132400.0,4583636.891316316,178517.38807401582,4583579.370830031,268.97708244892885,1542.6209301140234,268.68925342514035,-6.70203258281153,-0.2615696108155042,-6.7019483766835215,18303.766323008826,0.0,0.1939561738508999,2.059930667412065,2234285.585289076,599.4148528223552
132500.0,4583663.755514552,178671.64885881662,4583606.206245786,268.3068838083997,1542.5947622761362,268.0190632072188,-6.701940259924937,-0.2617871502857505,-6.701856013900194,18303.766323008826,0.0,0.1939561738508999,2.059930667412065,2234285.585289076,599.4148528223552
132600.0,4583690.552693385,178825.9070257459,4583632.97464298,267.6366943905146,1542.5685726832978,267.3488822159312,-6.701848129917173,-0.26200470981359403,-6.701763843990942,18303.766323008826,0.0,0.1939561738508999,2.059930667412065,2234285.585289076,599.4148528223552
132700.0,4583717.282853737,178980.16257262806,4583659.676022536,266.9665141759894,1542.5423613335101,266.67871043199386,-6.701756192715864,-0.26222228924568075,-6.7016718668834265,18303.766323008826,0.0,0.1939561738508999,2.059930667412065,2234285.585289076,599.4148528223552
132800.0,4583743.945996527,179134.41549728732,4583686.310385373,266.296343145547,1542.5161282247902,266.00854783613016,-6.701664448249258,-0.26243988843031,-6.701580082505921,18303.766323008826,0.0,0.1939561738508999,2.059930667412065,2234285.585289076,599.4148528223552
132900.0,4583770.542122671,179288.66579754767,4583712.877732409,265.62618127991743,1542.4898733551706,265.3383944090707,-6.70157289644622,-0.26265750721741876,-6.701488490787319,18303.766323008826,0.0,0.1939561738508999,2.059930667412065,2234285.585289076,599.4148528223552
133000.0,4583797.071233087,179442.91347123293,4583739.37806456,264.95602855983793,1542.4635967226984,264.66825013155307,-6.701481537236224,-0.26287514545856444,-6.701397091657123,18303.766323008826,0.0,0.1939561738508999,2.059930667412065,2234285.585289076,599.4148528223552
133100.0,4583823.533328688,179597.1585161667,4583765.81138274,264.2858849660527,1542.4372983254354,263.99811498432194,-6.701390370549345,-0.263092803006909,-6.701305885045437,18303.766323008826,0.0,0.1939561738508999,2.059930667412065,2234285.585289076,599.4148528223552
133200.0,4583849.928410384,179751.40093017244,4583792.177687861,263.6157504793129,1542.4109781614584,263.32798894812896,-6.701299396316255,-0.26331047971720295,-6.701214870882959,18303.766323008826,0.0,0.1939561738508999,2.059930667412065,2234285.585289076,599.4148528223552
133300.0,4583876.256479086,179905.64071107339,4583818.476980833,262.9456250803766,1542.3846362288582,262.6578720037327,-6.701208614468225,-0.26352817544576956,-6.701124049100987,18303.766323008826,0.0,0.1939561738508999,2.059930667412065,2234285.585289076,599.4148528223552
133400.0,4583902.517535702,180059.87785669253,4583844.709262565,262.27550875000867,1542.3582725257402,261.98776413189836,-6.701118024937097,-0.2637458900504882,-6.701033419631388,18303.766323008826,0.0,0.1939561738508999,2.059930667412065,2234285.585289076,599.4148528223552
133500.0,4583928.711581138,180214.11236485277,4583870.8745339615,261.60540146898086,1542.3318870502237,261.3176653133982,-6.701027627655304,-0.2639636233907804,-6.700942982406623,18303.766323008826,0.0,0.1939561738508999,2.059930667412065,2234285.585289076,599.4148528223552
133600.0,4583954.838616298,180368.34423337676,4583896.972795929,260.93530321807157,1542.3054798004423,260.6475755290111,-6.700937422555841,-0.2641813753275928,-6.700852737359714,18303.766323008826,0.0,0.1939561738508999,2.059930667412065,2234285.585289076,599.4148528223552
133700.0,4583980.898642083,180522.57346008698,4583923.004049368,260.26521397806584,1542.279050774543,259.97749475952253,-6.700847409572278,-0.26439914572338324,-6.700762684424255,18303.766323008826,0.0,0.1939561738508999,2.059930667412065,2234285.585289076,599.4148528223552
133800.0,4584006.891659393,180676.80004280573,4583948.96829518,259.59513372975545,1542.252599970687,259.3074229857247,-6.700757588638744,-0.26461693444210493,-6.700672823534406,18303.766323008826,0.0,0.1939561738508999,2.059930667412065,2234285.585289076,599.4148528223552
133900.0,4584032.817669127,180831.02397935512,4583974.865534265,258.9250624539386,1542.2261273870486,258.6373601884163,-6.700667959689926,-0.2648347413491919,-6.700583154624872,18303.766323008826,0.0,0.1939561738508999,2.059930667412065,2234285.585289076,599.4148528223552
134000.0,4584058.676672182,180985.24526755707,4584000.695767517,258.2550001314201,1542.1996330218155,257.9673063484026,-6.70057852266105,-0.26505256631154356,-6.7004936776309085,18303.766323008826,0.0,0.1939561738508999,2.059930667412065,2234285.585289076,599.4148528223552
134100.0,4584084.468669452,181139.46390523337,4584026.458995832,257.5849467430112,1542.173116873189,257.2972614464951,-6.700489277487896,-0.26527040919751127,-6.700404392488317,18303.766323008826,0.0,0.1939561738508999,2.059930667412065,2234285.585289076,599.4148528223552
134200.0,4584110.1936618285,181293.67989020553,4584052.155220103,256.9149022695295,1542.146578939383,256.627225463512,-6.70040022410678,-0.265488269876883,-6.7003152991334405,18303.766323008826,0.0,0.1939561738508999,2.059930667412065,2234285.585289076,599.4148528223552
134300.0,4584135.851650203,181447.893220295,4584077.7844412215,256.2448666917989,1542.1200192186247,255.95719838027762,-6.7003113624545545,-0.2657061482208699,-6.700226397503156,18303.766323008826,0.0,0.1939561738508999,2.059930667412065,2234285.585289076,599.4148528223552
134400.0,4584161.442635463,181602.10389332296,4584103.346660076,255.5748399906497,1542.0934377091542,255.28718017762264,-6.700222692468592,-0.2659240441020909,-6.700137687534858,18303.766323008826,0.0,0.1939561738508999,2.059930667412065,2234285.585289076,599.4148528223552
134500.0,4584186.966618496,181756.31190711047,4584128.841877553,254.90482214691838,1542.066834409224,254.617170836384,-6.700134214086795,-0.2661419573945601,-6.7000491691664745,18303.766323008826,0.0,0.1939561738508999,2.059930667412065,2234285.585289076,599.4148528223552
134600.0,4584212.423600187,181910.5172594784,4584154.270094538,254.2348131414476,1542.040209317099,253.94717033740474,-6.7000459272475705,-0.26635988797367177,-6.699960842336439,18303.766323008826,0.0,0.1939561738508999,2.059930667412065,2234285.585289076,599.4148528223552
134700.0,4584237.813581418,182064.71994824742,4584179.631311915,253.56481295508615,1542.013562431057,253.27717866153412,-6.699957831889854,-0.26657783571618754,-6.699872706983703,18303.766323008826,0.0,0.1939561738508999,2.059930667412065,2234285.585289076,599.4148528223552
134800.0,4584263.136563071,182218.9199712381,4584204.925530564,252.89482156868894,1541.9868937493877,252.60719578962744,-6.699869927953079,-0.26679580050022295,-6.699784763047727,18303.766323008826,0.0,0.1939561738508999,2.059930667412065,2234285.585289076,599.4148528223552
134900.0,4584288.392546024,182373.11732627073,4584230.152751366,252.22483896311684,1541.9602032703929,251.93722170254603,-6.699782215377178,-0.26701378220523303,-6.699697010468467,18303.766323008826,0.0,0.1939561738508999,2.059930667412065,2234285.585289076,599.4148528223552
135000.0,4584313.581531155,182527.31201116554,4584255.312975197,251.55486511923678,1541.9334909923866,251.26725638115718,-6.699694694102585,-0.26723178071200016,-6.699609449186378,18303.766323008826,0.0,0.1939561738508999,2.059930667412065,2234285.585289076,599.4148528223552
135100.0,4584338.703519339,182681.50402374254,4584280.406202934,250.88490001792158,1541.9067569136944,250.59729980633415,-6.699607364070219,-0.26744979590261997,-6.699522079142401,18303.766323008826,0.0,0.1939561738508999,2.059930667412065,2234285.585289076,599.4148528223552
135200.0,4584363.758511449,182835.69336182156,4584305.432435449,250.21494364004994,1541.8800010326538,249.92735195895605,-6.699520225221497,-0.26766782766048985,-6.699434900277974,18303.766323008826,0.0,0.1939561738508999,2.059930667412065,2234285.585289076,599.4148528223552
135300.0,4584388.746508357,182989.88002322227,4584330.391673615,249.54499596650643,1541.853223347614,249.25741281990784,-6.699433277498306,-0.2678858758702944,-6.699347912535008,18303.766323008826,0.0,0.1939561738508999,2.059930667412065,2234285.585289076,599.4148528223552
135400.0,4584413.667510932,183144.06400576423,4584355.2839183025,248.87505697818136,1541.8264238569352,248.58748237008027,-6.6993465208430125,-0.2681039404179938,-6.69926111585589,18303.766323008826,0.0,0.1939561738508999,2.059930667412065,2234285.585289076,599.4148528223552
135500.0,4584438.521520042,183298.24530726677,4584380.109170378,248.20512665597082,1541.7996025589896,247.9175605903698,-6.699259955198456,-0.2683220211908108,-6.6991745101834805,18303.766323008826,0.0,0.1939561738508999,2.059930667412065,2234285.585289076,599.4148528223552
135600.0,4584463.308536552,183452.42392554908,4584404.867430708,247.53520498077654,1541.77275945216,247.24764746167858,-6.699173580507946,-0.268540118077219,-6.699088095461109,18303.766323008826,0.0,0.1939561738508999,2.059930667412065,2234285.585289076,599.4148528223552
135700.0,4584488.028561326,183606.59985843019,4584429.558700158,246.86529193350597,1541.7458945348408,246.57774296491445,-6.699087396715249,-0.2687582309669297,-6.699001871632567,18303.766323008826,0.0,0.1939561738508999,2.059930667412065,2234285.585289076,599.4148528223552
135800.0,4584512.681595226,183760.77310372898,4584454.182979588,246.1953874950721,1541.7190078054368,245.9078470809908,-6.699001403764594,-0.2689763597508801,-6.698915838642099,18303.766323008826,0.0,0.1939561738508999,2.059930667412065,2234285.585289076,599.4148528223552
135900.0,4584537.267639112,183914.94365926416,4584478.74026986,245.5254916463935,1541.6920992623643,245.23795979082658,-6.6989156016006595,-0.2691945043212211,-6.698829996434406,18303.766323008826,0.0,0.1939561738508999,2.059930667412065,2234285.585289076,599.4148528223552
136000.0,4584561.786693841,184069.11152285428,4584503.2305718325,244.85560436839424,1541.66516890405,244.5680810753463,-6.698829990168574,-0.2694126645713061,-6.698744344954639,18303.766323008826,0.0,0.1939561738508999,2.059930667412065,2234285.585289076,599.4148528223552
136100.0,4584586.23876027,184223.27669231774,4584527.653886361,244.18572564200386,1541.638216728931,243.89821091547986,-6.6987445694139165,-0.2696308403956783,-6.698658884148394,18303.766323008826,0.0,0.1939561738508999,2.059930667412065,2234285.585289076,599.4148528223552
136200.0,4584610.623839254,184377.43916547278,4584552.010214301,243.51585544815734,1541.611242735455,243.22834929216262,-6.6986593392826945,-0.26984903169005925,-6.698573613961697,18303.766323008826,0.0,0.1939561738508999,2.059930667412065,2234285.585289076,599.4148528223552
136300.0,4584634.9419316435,184531.59894013748,4584576.299556504,242.845993767795,1541.5842469220806,242.5584961863353,-6.698574299721362,-0.270067238351338,-6.698488534341024,18303.766323008826,0.0,0.1939561738508999,2.059930667412065,2234285.585289076,599.4148528223552
136400.0,4584659.19303829,184685.75601412982,4584600.521913822,242.1761405818625,1541.557229287276,241.88865157894398,-6.6984894506767985,-0.2702854602775589,-6.698403645233273,18303.766323008826,0.0,0.1939561738508999,2.059930667412065,2234285.585289076,599.4148528223552
136500.0,4584683.3771600425,184839.91038526752,4584624.677287103,241.50629587131084,1541.5301898295197,241.21881545093999,-6.698404792096307,-0.2705036973679104,-6.698318946585766,18303.766323008826,0.0,0.1939561738508999,2.059930667412065,2234285.585289076,599.4148528223552
136600.0,4584707.494297747,184994.06205136824,4584648.765677194,240.83645961709618,1541.5031285473003,240.5489877832799,-6.698320323927623,-0.27072194952271433,-6.6982344383462555,18303.766323008826,0.0,0.1939561738508999,2.059930667412065,2234285.585289076,599.4148528223552
136700.0,4584731.544452247,185148.21101024945,4584672.787084941,240.16663180017997,1541.4760454391164,239.87916855692552,-6.6982360461188915,-0.2709402166434147,-6.698150120462907,18303.766323008826,0.0,0.1939561738508999,2.059930667412065,2234285.585289076,599.4148528223552
136800.0,4584755.527624387,185302.35725972848,4584696.741511187,239.49681240152879,1541.448940503476,239.20935775284383,-6.698151958618675,-0.2711584986325662,-6.698065992884302,18303.766323008826,0.0,0.1939561738508999,2.059930667412065,2234285.585289076,599.4148528223552
136900.0,4584779.443815008,185456.50079762252,4584720.628956771,238.82700140211432,1541.4218137388973,238.5395553520069,-6.698068061375949,-0.27137679539382437,-6.6979820555594305,18303.766323008826,0.0,0.1939561738508999,2.059930667412065,2234285.585289076,599.4148528223552
137000.0,4584803.293024947,185610.6416217486,4584744.449422536,238.15719878291335,1541.394665143908,237.86976133539184,-6.697984354340091,-0.2715951068319341,-6.6978983084376935,18303.766323008826,0.0,0.1939561738508999,2.059930667412065,2234285.585289076,599.4148528223552
137100.0,4584827.075255043,185764.77972992358,4584768.202909318,237.48740452490773,1541.367494717045,237.1999756839809,-6.697900837460885,-0.2718134328527191,-6.697814751468889,18303.766323008826,0.0,0.1939561738508999,2.059930667412065,2234285.585289076,599.4148528223552
137200.0,4584850.79050613,185918.91511996422,4584791.889417952,236.8176186090843,1541.3403024568545,236.5301983787613,-6.697817510688511,-0.27203177336307205,-6.697731384603213,18303.766323008826,0.0,0.1939561738508999,2.059930667412065,2234285.585289076,599.4148528223552
137300.0,4584874.438779042,186073.04778968712,4584815.508949271,236.1478410164348,1541.3130883618924,235.86042940072514,-6.697734373973542,-0.27225012827094336,-6.697648207791262,18303.766323008826,0.0,0.1939561738508999,2.059930667412065,2234285.585289076,599.4148528223552
137400.0,4584898.020074611,186227.17773690872,4584839.061504109,235.47807172795598,1541.2858524307235,235.19066873086953,-6.697651427266943,-0.27246849748533153,-6.6975652209840115,18303.766323008826,0.0,0.1939561738508999,2.059930667412065,2234285.585289076,599.4148528223552
137500.0,4584921.534393664,186381.30495944535,4584862.547083294,234.80831072464943,1541.2585946619215,234.52091635019644,-6.697568670520073,-0.2726868809162731,-6.697482424132842,18303.766323008826,0.0,0.1939561738508999,2.059930667412065,2234285.585289076,599.4148528223552
137600.0,4584944.981737032,186535.42945511313,4584885.965687655,234.13855798752158,1541.2313150540692,233.8511722397127,-6.6974861036846525,-0.2729052784748309,-6.697399817189487,18303.766323008826,0.0,0.1939561738508999,2.059930667412065,2234285.585289076,599.4148528223552
137700.0,4584968.362105537,186689.55122172812,4584909.317318018,233.4688134975837,1541.2040136057585,233.1814363804299,-6.697403726712813,-0.2731236900730879,-6.697317400106099,18303.766323008826,0.0,0.1939561738508999,2.059930667412065,2234285.585289076,599.4148528223552
137800.0,4584991.6755000055,186843.67025710622,4584932.601975205,232.79907723585183,1541.1766903155897,232.5117087533644,-6.697321539557036,-0.27334211562413274,-6.69723517283517,18303.766323008826,0.0,0.1939561738508999,2.059930667412065,2234285.585289076,599.4148528223552
137900.0,4585014.921921258,186997.78655906313,4584955.8196600415,232.12934918334668,1541.1493451821716,231.84198933953732,-6.697239542170181,-0.2735605550420531,-6.697153135329584,18303.766323008826,0.0,0.1939561738508999,2.059930667412065,2234285.585289076,599.4148528223552
138000.0,4585038.101370115,187151.90012541448,4584978.9703733465,231.45962932109373,1541.121978204122,231.1722781199745,-6.697157734505482,-0.2737790082419252,-6.697071287542583,18303.766323008826,0.0,0.1939561738508999,2.059930667412065,2234285.585289076,599.4148528223552
138100.0,4585061.213847394,187306.01095397575,4585002.054115938,230.78991763012306,1541.0945893800665,230.50257507570637,-6.697076116516533,-0.27399747513980416,-6.696989629427783,18303.766323008826,0.0,0.1939561738508999,2.059930667412065,2234285.585289076,599.4148528223552
138200.0,4585084.259353912,187460.11904256226,4585025.070888633,230.12021409146942,1541.06717870864,229.83288018776807,-6.696994688157292,-0.2742159556527144,-6.6969081609391505,18303.766323008826,0.0,0.1939561738508999,2.059930667412065,2234285.585289076,599.4148528223552
138300.0,4585107.237890484,187614.22438898918,4585048.020692246,229.45051868617213,1541.039746188485,229.1631934371992,-6.696913449382069,-0.2744344496986409,-6.696826882031018,18303.766323008826,0.0,0.1939561738508999,2.059930667412065,2234285.585289076,599.4148528223552
138400.0,4585130.14945792,187768.3269910716,4585070.90352759,228.78083139527504,1541.012291818252,228.49351480504401,-6.696832400145536,-0.27465295719651917,-6.696745792658068,18303.766323008826,0.0,0.1939561738508999,2.059930667412065,2234285.585289076,599.4148528223552
138500.0,4585152.994057032,187922.42684662444,4585093.719395477,228.11115219982656,1540.9848155966,227.82384427235124,-6.696751540402714,-0.27487147806622725,-6.696664892775342,18303.766323008826,0.0,0.1939561738508999,2.059930667412065,2234285.585289076,599.4148528223552
138600.0,4585175.771688629,188076.52395346249,4585116.468296715,227.44148108087953,1540.9573175221956,227.1541818201741,-6.696670870108963,-0.2750900122285746,-6.696584182338209,18303.766323008826,0.0,0.1939561738508999,2.059930667412065,2234285.585289076,599.4148528223552
138700.0,4585198.482353517,188230.6183094004,4585139.15023211,226.77181801949126,1540.9297975937136,226.48452742957022,-6.696590389219996,-0.27530855960529593,-6.696503661302402,18303.766323008826,0.0,0.1939561738508999,2.059930667412065,2234285.585289076,599.4148528223552
138800.0,4585221.126052501,188384.7099122527,4585161.765202469,226.1021629967235,1540.9022558098366,225.8148810816017,-6.69651009769187,-0.27552712011903996,-6.696423329623989,18303.766323008826,0.0,0.1939561738508999,2.059930667412065,2234285.585289076,599.4148528223552
138900.0,4585243.702786383,188538.7987598338,4585184.313208594,225.43251599364234,1540.8746921692546,225.14524275733496,-6.696429995480971,-0.275745693693362,-6.6963431872593695,18303.766323008826,0.0,0.1939561738508999,2.059930667412065,2234285.585289076,599.4148528223552
139000.0,4585266.212555965,188692.88484995795,4585206.794251287,224.7628769913182,1540.8471066706652,224.4756124378408,-6.696350082544018,-0.2759642802527143,-6.696263234165281,18303.766323008826,0.0,0.1939561738508999,2.059930667412065,2234285.585289076,599.4148528223552
139100.0,4585288.655362047,188846.9681804393,4585229.208331348,224.09324597082585,1540.8194993127738,223.8059901041943,-6.696270358838073,-0.2761828797224386,-6.696183470298796,18303.766323008826,0.0,0.1939561738508999,2.059930667412065,2234285.585289076,599.4148528223552
139200.0,4585311.031205425,189001.04874909183,4585251.555449574,223.42362291324432,1540.791870094293,223.13637573747488,-6.696190824320514,-0.2764014920287565,-6.6961038956173065,18303.766323008826,0.0,0.1939561738508999,2.059930667412065,2234285.585289076,599.4148528223552
139300.0,4585333.340086894,189155.12655372944,4585273.835606761,222.75400779965688,1540.7642190139427,222.4667693187661,-6.696111478949048,-0.27662011709876205,-6.696024510078538,18303.766323008826,0.0,0.1939561738508999,2.059930667412065,2234285.585289076,599.4148528223552
139400.0,4585355.582007249,189309.20159216586,4585296.048803703,222.08440061115104,1540.7365460704502,221.79717082915582,-6.6960323226817104,-0.27683875486041265,-6.695945313640533,18303.766323008826,0.0,0.1939561738508999,2.059930667412065,2234285.585289076,599.4148528223552
139500.0,4585377.75696728,189463.27386221473,4585318.195041191,221.41480132881847,1540.70885126255,221.12758024973604,-6.6959533554768464,-0.27705740524252104,-6.695866306261652,18303.766323008826,0.0,0.1939561738508999,2.059930667412065,2234285.585289076,599.4148528223552
139600.0,4585399.864967777,189617.34336168953,4585340.274320016,220.74520993375498,1540.6811345889835,220.4579975616029,-6.695874577293118,-0.2772760681747472,-6.6957874879005725,18303.766323008826,0.0,0.1939561738508999,2.059930667412065,2234285.585289076,599.4148528223552
139700.0,4585421.906009529,189771.41008840365,4585362.286640965,220.0756264070605,1540.653396048499,219.78842274585668,-6.695795988089505,-0.2774947435875905,-6.695708858516286,18303.766323008826,0.0,0.1939561738508999,2.059930667412065,2234285.585289076,599.4148528223552
139800.0,4585443.88009332,189925.47404017032,4585384.232004827,219.40605072983908,1540.6256356398521,219.11885578360176,-6.69571758782529,-0.2777134314123812,-6.69563041806809,18303.766323008826,0.0,0.1939561738508999,2.059930667412065,2234285.585289076,599.4148528223552
139900.0,4585465.787219936,190079.53521480266,4585406.110412383,218.7364828831988,1540.597853361805,218.44929665594654,-6.69563937646007,-0.277932131581273,-6.695552166515591,18303.766323008826,0.0,0.1939561738508999,2.059930667412065,2234285.585289076,599.4148528223552
140000.0,4585487.627390157,190233.59361011366,4585427.921864418,218.06692284825175,1540.5700492131266,217.77974534400346,-6.695561353953739,-0.27815084402723483,-6.695474103818698,18303.766323008826,0.0,0.1939561738508999,2.059930667412065,2234285.585289076,599.4148528223552
140100.0,4585509.400604765,190387.6492239162,4585449.666361712,217.39737060611407,1540.5422231925925,217.11020182888893,-6.6954835202665,-0.27836956868404394,-6.695396229937624,18303.766323008826,0.0,0.1939561738508999,2.059930667412065,2234285.585289076,599.4148528223552
140200.0,4585531.106864537,190541.70205402307,4585471.343905043,216.7278261379058,1540.514375298985,216.4406660917234,-6.6954058753588495,-0.27858830548627683,-6.695318544832881,18303.766323008826,0.0,0.1939561738508999,2.059930667412065,2234285.585289076,599.4148528223552
140300.0,4585552.746170251,190695.75209824686,4585492.954495189,216.05828942475094,1540.4865055310927,215.77113811363114,-6.695328419191573,-0.2788070543693026,-6.695241048465263,18303.766323008826,0.0,0.1939561738508999,2.059930667412065,2234285.585289076,599.4148528223552
140400.0,4585574.31852268,190849.7993544001,4585514.498132924,215.38876044777743,1540.4586138877107,215.1016178757404,-6.695251151725756,-0.27902581526927567,-6.695163740795875,18303.766323008826,0.0,0.1939561738508999,2.059930667412065,2234285.585289076,599.4148528223552
140500.0,4585595.823922597,191003.84382029518,4585535.974819021,214.71923918811703,1540.4307003676404,214.4321053591833,-6.695174072922783,-0.27924458812312775,-6.695086621786104,18303.766323008826,0.0,0.1939561738508999,2.059930667412065,2234285.585289076,599.4148528223552
140600.0,4585617.262370774,191157.88549374437,4585557.384554252,214.0497256269054,1540.4027649696895,213.7626005450958,-6.695097182744309,-0.2794633728685609,-6.6950096913976225,18303.766323008826,0.0,0.1939561738508999,2.059930667412065,2234285.585289076,599.4148528223552
140700.0,4585638.633867978,191311.92437255982,4585578.727339386,213.38021974528198,1540.3748076926722,213.09310341461767,-6.695020481152275,-0.2796821694440393,-6.694932949592382,18303.766323008826,0.0,0.1939561738508999,2.059930667412065,2234285.585289076,599.4148528223552
140800.0,4585659.938414978,191465.96045455357,4585600.003175191,212.71072152439,1540.3468285354083,212.42361394889247,-6.694943968108922,-0.2799009777887841,-6.694856396332634,18303.766323008826,0.0,0.1939561738508999,2.059930667412065,2234285.585289076,599.4148528223552
140900.0,4585681.176012537,191619.99373753753,4585621.212062431,212.0412309453765,1540.318827496724,211.75413212906753,-6.694867643576753,-0.28011979784276414,-6.694780031580896,18303.766323008826,0.0,0.1939561738508999,2.059930667412065,2234285.585289076,599.4148528223552
141000.0,4585702.346661421,191774.0242193235,4585642.35400187,211.3717479893922,1540.2908045754514,211.08465793629392,-6.694791507518548,-0.2803386295466893,-6.694703855299953,18303.766323008826,0.0,0.1939561738508999,2.059930667412065,2234285.585289076,599.4148528223552
141100.0,4585723.450362389,191928.05189772317,4585663.428994272,210.70227263759156,1540.2627597704284,210.4151913517264,-6.69471555989737,-0.280557472842005,-6.6946278674528825,18303.766323008826,0.0,0.1939561738508999,2.059930667412065,2234285.585289076,599.4148528223552
141200.0,4585744.487116201,192082.0767705481,4585684.437040394,210.03280487113273,1540.2346930804986,209.74573235652343,-6.694639800676547,-0.28077632767088395,-6.694552068003028,18303.766323008826,0.0,0.1939561738508999,2.059930667412065,2234285.585289076,599.4148528223552
141300.0,4585765.456923615,192236.09883560974,4585705.378140995,209.36334467117746,1540.2066045045117,209.0762809318471,-6.694564229819681,-0.2809951939762192,-6.694476456913994,18303.766323008826,0.0,0.1939561738508999,2.059930667412065,2234285.585289076,599.4148528223552
141400.0,4585786.359785387,192390.11809071942,4585726.252296832,208.69389201889118,1540.1784940413227,208.40683705886315,-6.694488847290637,-0.28121407170161805,-6.694401034149663,18303.766323008826,0.0,0.1939561738508999,2.059930667412065,2234285.585289076,599.4148528223552
141500.0,4585807.195702271,192544.1345336884,4585747.059508659,208.0244468954429,1540.1503616897926,207.73740071874087,-6.694413653053547,-0.2814329607913953,-6.694325799674172,18303.766323008826,0.0,0.1939561738508999,2.059930667412065,2234285.585289076,599.4148528223552
141600.0,4585827.964675017,192698.14816232774,4585767.7997772265,207.35500928200526,1540.1222074487875,207.0679718926532,-6.694338647072802,-0.28165186119056596,-6.694250753451926,18303.766323008826,0.0,0.1939561738508999,2.059930667412065,2234285.585289076,599.4148528223552
141700.0,4585848.666704376,192852.15897444845,4585788.473103287,206.68557915975433,1540.0940313171793,206.39855056177655,-6.694263829313056,-0.2818707728448395,-6.69417589544759,18303.766323008826,0.0,0.1939561738508999,2.059930667412065,2234285.585289076,599.4148528223552
141800.0,4585869.301791098,193006.16696786144,4585809.079487588,206.01615650986977,1540.0658332938451,205.7291367072909,-6.694189199739211,-0.2820896957006125,-6.694101225626072,18303.766323008826,0.0,0.1939561738508999,2.059930667412065,2234285.585289076,599.4148528223552
141900.0,4585889.869935927,193160.17214037746,4585829.618930877,205.34674131353478,1540.0376133776674,205.05973031037973,-6.694114758316435,-0.28230862970496307,-6.694026743952556,18303.766323008826,0.0,0.1939561738508999,2.059930667412065,2234285.585289076,599.4148528223552
142000.0,4585910.371139608,193314.17448980716,4585850.091433899,204.67733355193593,1540.0093715675341,204.39033135222996,-6.69404050501014,-0.28252757480564383,-6.693952450392458,18303.766323008826,0.0,0.1939561738508999,2.059930667412065,2234285.585289076,599.4148528223552
142100.0,4585930.805402884,193468.1740139611,4585870.4969973955,204.00793320626335,1539.9811078623381,203.72093981403196,-6.693966439785995,-0.2827465309510763,-6.69387834491146,18303.766323008826,0.0,0.1939561738508999,2.059930667412065,2234285.585289076,599.4148528223552
142200.0,4585951.172726496,193622.17071064975,4585890.835622109,203.33854025771046,1539.9528222609774,203.05155567697952,-6.693892562609916,-0.28296549809034416,-6.693804427475486,18303.766323008826,0.0,0.1939561738508999,2.059930667412065,2234285.585289076,599.4148528223552
142300.0,4585971.4731111815,193776.1645776834,4585911.107308777,202.66915468747422,1539.9245147623553,202.38217892226982,-6.693818873448054,-0.2831844761731863,-6.693730698050698,18303.766323008826,0.0,0.1939561738508999,2.059930667412065,2234285.585289076,599.4148528223552
142400.0,4585991.706557678,193930.15561287227,4585931.312058139,201.99977647675485,1539.8961853653798,201.71280953110346,-6.69374537226681,-0.28340346514999243,-6.693657156603509,18303.766323008826,0.0,0.1939561738508999,2.059930667412065,2234285.585289076,599.4148528223552
142500.0,4586011.8730667215,194084.1438140265,4585951.449870928,201.33040560675596,1539.867834068964,201.04344748468432,-6.693672059032838,-0.2836224649717961,-6.693583803100573,18303.766323008826,0.0,0.1939561738508999,2.059930667412065,2234285.585289076,599.4148528223552
142600.0,4586031.972639044,194238.12917895606,4585971.5207478795,200.66104205868447,1539.8394608720257,200.37409276421965,-6.693598933713014,-0.2838414755902684,-6.6935106375087825,18303.766323008826,0.0,0.1939561738508999,2.059930667412065,2234285.585289076,599.4148528223552
142700.0,4586052.005275377,194392.11170547086,4585991.524689725,199.99168581375065,1539.8110657734876,199.70474535091998,-6.693525996274449,-0.2840604969577123,-6.693437659795257,18303.766323008826,0.0,0.1939561738508999,2.059930667412065,2234285.585289076,599.4148528223552
142800.0,4586071.97097645,194546.09139138067,4586011.461697193,199.32233685316797,1539.7826487722773,199.03540522599909,-6.693453246684513,-0.2842795290270579,-6.693364869927374,18303.766323008826,0.0,0.1939561738508999,2.059930667412065,2234285.585289076,599.4148528223552
142900.0,4586091.86974299,194700.06823449518,4586031.331771012,198.6529951581532,1539.754209867327,198.36607237067406,-6.693380684910774,-0.284498571751854,-6.693292267872713,18303.766323008826,0.0,0.1939561738508999,2.059930667412065,2234285.585289076,599.4148528223552
143000.0,4586111.701575723,194854.04223262396,4586051.134911909,197.98366070992634,1539.7257490575735,197.69674676616518,-6.69330831092106,-0.28471762508626525,-6.693219853599107,18303.766323008826,0.0,0.1939561738508999,2.059930667412065,2234285.585289076,599.4148528223552
143100.0,4586131.466475372,195008.0133835765,4586070.871120607,197.31433348971058,1539.6972663419579,197.02742839369594,-6.693236124683411,-0.2849366889850645,-6.693147627074606,18303.766323008826,0.0,0.1939561738508999,2.059930667412065,2234285.585289076,599.4148528223552
143200.0,4586151.16444266,195161.98168516214,4586090.5403978275,196.6450134787323,1539.668761719426,196.35811723449302,-6.6931641261661,-0.2851557634036283,-6.693075588267492,18303.766323008826,0.0,0.1939561738508999,2.059930667412065,2234285.585289076,599.4148528223552
143300.0,4586170.795478308,195315.94713519013,4586110.1427442925,195.97570065822106,1539.640235188928,195.68881326978627,-6.693092315337616,-0.28537484829792986,-6.6930037371462605,18303.766323008826,0.0,0.1939561738508999,2.059930667412065,2234285.585289076,599.4148528223552
143400.0,4586190.359583031,195469.90973146964,4586129.6781607205,195.30639500940953,1539.6116867494186,195.01951648080862,-6.693020692166685,-0.285593943624536,-6.692932073679649,18303.766323008826,0.0,0.1939561738508999,2.059930667412065,2234285.585289076,599.4148528223552
143500.0,4586209.856757548,195623.86947180968,4586149.146647828,194.6370965135335,1539.5831163998566,194.3502268487962,-6.692949256622234,-0.2858130493405986,-6.692860597836591,18303.766323008826,0.0,0.1939561738508999,2.059930667412065,2234285.585289076,599.4148528223552
143600.0,4586229.287002572,195777.82635401923,4586168.548206328,193.96780515183187,1539.5545241392056,193.6809443549882,-6.692878008673434,-0.2860321654038524,-6.692789309586263,18303.766323008826,0.0,0.1939561738508999,2.059930667412065,2234285.585289076,599.4148528223552
143700.0,4586248.650318815,195931.7803759071,4586187.882836936,193.29852090554664,1539.5259099664324,193.0116689806269,-6.692806948289644,-0.28625129177260666,-6.692718208898038,18303.766323008826,0.0,0.1939561738508999,2.059930667412065,2234285.585289076,599.4148528223552
143800.0,4586267.94670699,196085.73153528207,4586207.150540361,192.6292437559228,1539.4972738805088,192.34240070695756,-6.692736075440457,-0.286470428405742,-6.692647295741508,18303.766323008826,0.0,0.1939561738508999,2.059930667412065,2234285.585289076,599.4148528223552
143900.0,4586287.176167803,196239.67982995274,4586226.3513173135,191.9599736842084,1539.4686158804104,191.67313951522854,-6.6926653900956765,-0.28668957526270433,-6.692576570086491,18303.766323008826,0.0,0.1939561738508999,2.059930667412065,2234285.585289076,599.4148528223552
144000.0,4586306.338701962,196393.62525772766,4586245.4851685,191.2907106716545,1539.4399359651168,191.0038853866912,-6.692594892225301,-0.2869087323034992,-6.692506031902993,18303.766323008826,0.0,0.1939561738508999,2.059930667412065,2234285.585289076,599.4148528223552
144100.0,4586325.434310172,196547.56781641525,4586264.552094625,190.62145469951517,1539.4112341336115,190.33463830259987,-6.692524581799559,-0.28712789948868755,-6.692435681161246,18303.766323008826,0.0,0.1939561738508999,2.059930667412065,2234285.585289076,599.4148528223552
144200.0,4586344.462993136,196701.5075038238,4586283.552096394,189.9522057490474,1539.3825103848822,189.66539824421187,-6.692454458788879,-0.28734707677938065,-6.692365517831689,18303.766323008826,0.0,0.1939561738508999,2.059930667412065,2234285.585289076,599.4148528223552
144300.0,4586363.424751555,196855.4443177616,4586302.485174508,189.2829638015112,1539.35376471792,188.99616519278743,-6.692384523163885,-0.28756626413723374,-6.6922955418849535,18303.766323008826,0.0,0.1939561738508999,2.059930667412065,2234285.585289076,599.4148528223552
144400.0,4586382.319586129,197009.37825603675,4586321.351329666,188.6137288381694,1539.3249971317205,188.32693912958976,-6.6923147748954115,-0.2877854615244422,-6.692225753291879,18303.766323008826,0.0,0.1939561738508999,2.059930667412065,2234285.585289076,599.4148528223552
144500.0,4586401.147497555,197163.30931645728,4586340.150562566,187.94450084028784,1539.2962076252822,187.65772003588492,-6.6922452139545054,-0.28800466890373727,-6.692156152023519,18303.766323008826,0.0,0.1939561738508999,2.059930667412065,2234285.585289076,599.4148528223552
144600.0,4586419.908486529,197317.2374968311,4586358.882873904,187.2752797891352,1539.267396197608,186.98850789294187,-6.692175840312398,-0.28822388623837925,-6.692086738051115,18303.766323008826,0.0,0.1939561738508999,2.059930667412065,2234285.585289076,599.4148528223552
144700.0,4586438.602553745,197471.16279496605,4586377.548264375,186.606065665983,1539.2385628477039,186.31930268203246,-6.692106653940521,-0.2884431134921537,-6.692017511346103,18303.766323008826,0.0,0.1939561738508999,2.059930667412065,2234285.585289076,599.4148528223552
144800.0,4586457.229699893,197625.08520866986,4586396.146734671,185.9368584521057,1539.20970757458,185.65010438443136,-6.692037654810507,-0.28866235062936696,-6.691948471880124,18303.766323008826,0.0,0.1939561738508999,2.059930667412065,2234285.585289076,599.4148528223552
144900.0,4586475.789925665,197779.00473575015,4586414.678285481,185.26765812878045,1539.1808303772498,184.98091298141608,-6.691968842894185,-0.2888815976148411,-6.691879619625013,18303.766323008826,0.0,0.1939561738508999,2.059930667412065,2234285.585289076,599.4148528223552
145000.0,4586494.283231747,197932.92137401446,4586433.142917496,184.59846467728732,1539.15193125473,184.31172845426693,-6.691900218163572,-0.289100854413909,-6.691810954552794,18303.766323008826,0.0,0.1939561738508999,2.059930667412065,2234285.585289076,599.4148528223552
145100.0,4586512.709618828,198086.8351212702,4586451.540631401,183.92927807890914,1539.123010206041,183.642550784267,-6.691831780590881,-0.2893201209924097,-6.691742476635685,18303.766323008826,0.0,0.1939561738508999,2.059930667412065,2234285.585289076,599.4148528223552
145200.0,4586531.069087591,198240.74597532477,4586469.8714278815,183.26009831493147,1539.0940672302067,182.9733799527022,-6.691763530148511,-0.2895393973166846,-6.691674185846094,18303.766323008826,0.0,0.1939561738508999,2.059930667412065,2234285.585289076,599.4148528223552
145300.0,4586549.361638718,198394.65393398533,4586488.135307619,182.59092536664267,1539.065102326254,182.30421594086113,-6.691695466809046,-0.2897586833535712,-6.691606082156607,18303.766323008826,0.0,0.1939561738508999,2.059930667412065,2234285.585289076,599.4148528223552
145400.0,4586567.587272891,198548.55899505905,4586506.3322712965,181.9217592153338,1539.0361154932134,181.63505873003513,-6.691627590545268,-0.28997797907040085,-6.691538165540017,18303.766323008826,0.0,0.1939561738508999,2.059930667412065,2234285.585289076,599.4148528223552
145500.0,4586585.745990788,198702.46115635298,4586524.462319592,181.25259984229865,1539.0071067301185,180.96590830151825,-6.691559901330135,-0.29019728443499243,-6.691470435969287,18303.766323008826,0.0,0.1939561738508999,2.059930667412065,2234285.585289076,599.4148528223552
145600.0,4586603.837793085,198856.36041567405,4586542.525453183,180.5834472288337,1538.9780760360059,180.2967646366073,-6.691492399136787,-0.29041659941564857,-6.691402893417562,18303.766323008826,0.0,0.1939561738508999,2.059930667412065,2234285.585289076,599.4148528223552
145700.0,4586621.8626804575,199010.25677082912,4586560.521672744,179.91430135623813,1538.9490234099158,179.62762771660167,-6.691425083938556,-0.2906359239811518,-6.691335537858178,18303.766323008826,0.0,0.1939561738508999,2.059930667412065,2234285.585289076,599.4148528223552
145800.0,4586639.82065358,199164.15021962495,4586578.450978951,179.24516220581373,1538.9199488508912,178.95849752280347,-6.6913579557089395,-0.29085525810075896,-6.691268369264641,18303.766323008826,0.0,0.1939561738508999,2.059930667412065,2234285.585289076,599.4148528223552
145900.0,4586657.711713122,199318.0407598682,4586596.313372472,178.57602975886493,1538.8908523579782,178.28937403651742,-6.69129101442163,-0.29107460174419875,-6.691201387610648,18303.766323008826,0.0,0.1939561738508999,2.059930667412065,2234285.585289076,599.4148528223552
146000.0,4586675.535859754,199471.9283893654,4586614.10885398,177.90690399669884,1538.861733930226,177.6202572390509,-6.691224260050485,-0.29129395488166526,-6.691134592870063,18303.766323008826,0.0,0.1939561738508999,2.059930667412065,2234285.585289076,599.4148528223552
146100.0,4586693.293094143,199625.81310592307,4586631.837424142,177.23778490062514,1538.8325935666865,176.95114711171382,-6.691157692569542,-0.29151331748381537,-6.69106798501693,18303.766323008826,0.0,0.1939561738508999,2.059930667412065,2234285.585289076,599.4148528223552
146200.0,4586710.983416956,199779.69490734753,4586649.499083624,176.5686724519561,1538.8034312664147,176.28204363581878,-6.6910913119530075,-0.2917326895217641,-6.691001564025458,18303.766323008826,0.0,0.1939561738508999,2.059930667412065,2234285.585289076,599.4148528223552
146300.0,4586728.606828855,199933.5737914451,4586667.093833091,175.89956663200658,1538.7742470284686,175.61294679268087,-6.691025118175271,-0.2919520709670808,-6.690935329870044,18303.766323008826,0.0,0.1939561738508999,2.059930667412065,2234285.585289076,599.4148528223552
146400.0,4586746.163330503,200087.44975602193,4586684.621673203,175.23046742209394,1538.7450408519087,174.94385656361777,-6.690959111210888,-0.2921714617917846,-6.69086928252525,18303.766323008826,0.0,0.1939561738508999,2.059930667412065,2234285.585289076,599.4148528223552
146500.0,4586763.6529225595,200241.32279888415,4586702.0826046225,174.56137480353811,1538.7158127357984,174.27477292994965,-6.690893291034583,-0.2923908619683403,-6.690803421965803,18303.766323008826,0.0,0.1939561738508999,2.059930667412065,2234285.585289076,599.4148528223552
146600.0,4586781.075605683,200395.19291783773,4586719.476628008,173.8922887576616,1538.6865626792041,173.60569587299926,-6.690827657621246,-0.2926102714696546,-6.690737748166601,18303.766323008826,0.0,0.1939561738508999,2.059930667412065,2234285.585289076,599.4148528223552
146700.0,4586798.43138053,200549.0601106886,4586736.803744016,173.22320926578928,1538.6572906811946,172.93662537409182,-6.690762210945943,-0.2928296902690727,-6.69067226110271,18303.766323008826,0.0,0.1939561738508999,2.059930667412065,2234285.585289076,599.4148528223552
146800.0,4586815.720247754,200702.92437524255,4586754.063953301,172.55413630924863,1538.6279967408414,172.26756141455502,-6.690696950983902,-0.2930491183403737,-6.690606960749373,18303.766323008826,0.0,0.1939561738508999,2.059930667412065,2234285.585289076,599.4148528223552
146900.0,4586832.942208009,200856.78570930532,4586771.257256516,171.88506986936954,1538.5986808572184,171.59850397571907,-6.690631877710506,-0.293268555657766,-6.690541847081964,18303.766323008826,0.0,0.1939561738508999,2.059930667412065,2234285.585289076,599.4148528223552
147000.0,4586850.097261945,201010.6441106825,4586788.383654313,171.21600992748438,1538.5693430294025,170.9294530389166,-6.690566991101311,-0.2934880021958853,-6.6904769200760565,18303.766323008826,0.0,0.1939561738508999,2.059930667412065,2234285.585289076,599.4148528223552
147100.0,4586867.185410211,201164.49957717967,4586805.443147341,170.54695646492794,1538.5399832564726,170.26040858548262,-6.690502291132038,-0.29370745792978964,-6.690412179707372,18303.766323008826,0.0,0.1939561738508999,2.059930667412065,2234285.585289076,599.4148528223552
147200.0,4586884.206653453,201318.35210660225,4586822.435736246,169.87790946303744,1538.5106015375106,169.59137059675467,-6.69043777777856,-0.29392692283495553,-6.6903476259517864,18303.766323008826,0.0,0.1939561738508999,2.059930667412065,2234285.585289076,599.4148528223552
147300.0,4586901.160992318,201472.2016967556,4586839.361421675,169.2088689031525,1538.4811978716007,168.92233905407264,-6.690373451016911,-0.2941463968872745,-6.690283258785336,18303.766323008826,0.0,0.1939561738508999,2.059930667412065,2234285.585289076,599.4148528223552
147400.0,4586918.048427448,201626.048345445,4586856.220204271,168.53983476661514,1538.4517722578291,168.25331393877877,-6.690309310823279,-0.2943658800630495,-6.690219078184221,18303.766323008826,0.0,0.1939561738508999,2.059930667412065,2234285.585289076,599.4148528223552
147500.0,4586934.868959485,201779.89205047555,4586873.012084677,167.8708070347697,1538.4223246952847,167.58429523221773,-6.6902453571740175,-0.294585372338991,-6.690155084124791,18303.766323008826,0.0,0.1939561738508999,2.059930667412065,2234285.585289076,599.4148528223552
147600.0,4586951.622589068,201933.7328096524,4586889.737063531,167.20178568896299,1538.3928551830586,166.91528291573653,-6.690181590045628,-0.29480487369221375,-6.6900912765835585,18303.766323008826,0.0,0.1939561738508999,2.059930667412065,2234285.585289076,599.4148528223552
147700.0,4586968.309316834,202087.5706207805,4586906.395141472,166.532770710544,1538.3633637202443,166.2462769706845,-6.690118009414767,-0.29502438410023274,-6.690027655537179,18303.766323008826,0.0,0.1939561738508999,2.059930667412065,2234285.585289076,599.4148528223552
147800.0,4586984.929143421,202241.40548166473,4586922.986319137,165.86376208086423,1538.3338503059374,165.57727737841336,-6.690054615258248,-0.29524390354096,-6.689964220962473,18303.766323008826,0.0,0.1939561738508999,2.059930667412065,2234285.585289076,599.4148528223552
147900.0,4587001.482069462,202395.23739010992,4586939.510597159,165.19475978127733,1538.3043149392356,164.90828412027705,-6.689991407553029,-0.295463431992701,-6.689900972836405,18303.766323008826,0.0,0.1939561738508999,2.059930667412065,2234285.585289076,599.4148528223552
148000.0,4587017.968095588,202549.0663439208,4586955.9679761715,164.52576379313933,1538.2747576192392,164.23929717763187,-6.6899283862762156,-0.2956829694341504,-6.689837911136081,18303.766323008826,0.0,0.1939561738508999,2.059930667412065,2234285.585289076,599.4148528223552
148100.0,4587034.38722243,202702.89234090198,4586972.358456804,163.85677409780857,1538.24517834505,163.5703165318364,-6.6898655514050755,-0.29590251584439037,-6.689775035838774,18303.766323008826,0.0,0.1939561738508999,2.059930667412065,2234285.585289076,599.4148528223552
148200.0,4587050.739450616,202856.71537885797,4586988.682039687,163.18779067664556,1538.215577115772,162.90134216425145,-6.689802902917015,-0.29612207120288575,-6.689712346921895,18303.766323008826,0.0,0.1939561738508999,2.059930667412065,2234285.585289076,599.4148528223552
148300.0,4587067.024780774,203010.53545559326,4587004.938725446,162.51881351101315,1538.1859539305117,162.2323740562401,-6.689740440789585,-0.2963416354894805,-6.689649844362996,18303.766323008826,0.0,0.1939561738508999,2.059930667412065,2234285.585289076,599.4148528223552
148400.0,4587083.243213526,203164.35256891217,4587021.128514707,161.84984258227638,1538.1563087883771,161.56341218916768,-6.689678165000486,-0.29656120868439567,-6.689587528139784,18303.766323008826,0.0,0.1939561738508999,2.059930667412065,2234285.585289076,599.4148528223552
148500.0,4587099.394749497,203318.16671661902,4587037.251408092,161.18087787180252,1538.1266416884785,160.8944565444017,-6.689616075527567,-0.29678079076822517,-6.689525398230109,18303.766323008826,0.0,0.1939561738508999,2.059930667412065,2234285.585289076,599.4148528223552
148600.0,4587115.479389307,203471.97789651793,4587053.307406222,160.51191936096106,1538.0969526299277,160.2255071033119,-6.6895541723488074,-0.29700038172193216,-6.689463454611957,18303.766323008826,0.0,0.1939561738508999,2.059930667412065,2234285.585289076,599.4148528223552
148700.0,4587131.497133575,203625.78610641303,4587069.2965097185,159.8429670311237,1538.0672416118389,159.5565638472703,-6.689492455442337,-0.2972199815268467,-6.6894016972634605,18303.766323008826,0.0,0.1939561738508999,2.059930667412065,2234285.585289076,599.4148528223552
148800.0,4587147.4479829185,203779.59134410828,4587085.218719197,159.17402086366425,1538.037508633328,158.88762675765096,-6.689430924786423,-0.29743959016466187,-6.689340126162891,18303.766323008826,0.0,0.1939561738508999,2.059930667412065,2234285.585289076,599.4148528223552
148900.0,4587163.331937953,203933.39360740763,4587101.074035275,158.50508083995877,1538.007753693512,158.2186958158302,-6.689369580359478,-0.29765920761743114,-6.6892787412886605,18303.766323008826,0.0,0.1939561738508999,2.059930667412065,2234285.585289076,599.4148528223552
149000.0,4587179.148999291,204087.1928941149,4587116.862458564,157.83614694138544,1537.977976791511,157.5497710031864,-6.689308422140046,-0.2978788338675648,-6.689217542619322,18303.766323008826,0.0,0.1939561738508999,2.059930667412065,2234285.585289076,599.4148528223552
149100.0,4587194.899167544,204240.98920203384,4587132.583989679,157.16721914932455,1537.9481779264459,156.8808523011002,-6.68924745010681,-0.2980984688978266,-6.689156530133559,18303.766323008826,0.0,0.1939561738508999,2.059930667412065,2234285.585289076,599.4148528223552
149200.0,4587210.582443323,204394.78252896806,4587148.2386292275,156.49829744515856,1537.9183570974394,156.21193969095427,-6.689186664238593,-0.2983181126913315,-6.689095703810197,18303.766323008826,0.0,0.1939561738508999,2.059930667412065,2234285.585289076,599.4148528223552
149300.0,4587226.198827235,204548.57287272115,4587163.826377819,155.82938181027203,1537.8885143036161,155.54303315413344,-6.689126064514352,-0.2985377652315422,-6.689035063628197,18303.766323008826,0.0,0.1939561738508999,2.059930667412065,2234285.585289076,599.4148528223552
149400.0,4587241.748319887,204702.3602310966,4587179.347236061,155.16047222605158,1537.858649544102,154.87413267202461,-6.689065650913172,-0.29875742650226517,-6.688974609566647,18303.766323008826,0.0,0.1939561738508999,2.059930667412065,2234285.585289076,599.4148528223552
149500.0,4587257.230921881,204856.14460189777,4587194.801204556,154.49156867388598,1537.828762818025,154.20523822601677,-6.689005423414275,-0.29897709648764936,-6.688914341604776,18303.766323008826,0.0,0.1939561738508999,2.059930667412065,2234285.585289076,599.4148528223552
149600.0,4587272.646633822,205009.92598292796,4587210.188283906,153.82267113516602,1537.7988541245145,153.536349797501,-6.6889453819970255,-0.29919677517218235,-6.688854259721943,18303.766323008826,0.0,0.1939561738508999,2.059930667412065,2234285.585289076,599.4148528223552
149700.0,4587287.995456308,205163.7043719904,4587225.508474715,153.15377959128455,1537.7689234627012,152.86746736787043,-6.6888855266409015,-0.2994164625406868,-6.688794363897635,18303.766323008826,0.0,0.1939561738508999,2.059930667412065,2234285.585289076,599.4148528223552
149800.0,4587303.277389939,205317.4797668882,4587240.76177758,152.48489402363649,1537.7389708317173,152.1985909185202,-6.688825857325519,-0.29963615857831855,-6.68873465411147,18303.766323008826,0.0,0.1939561738508999,2.059930667412065,2234285.585289076,599.4148528223552
149900.0,4587318.492435311,205471.2521654244,4587255.9481930975,151.81601441361877,1537.708996230697,151.52972043084753,-6.688766374030629,-0.29985586327056396,-6.688675130343202,18303.766323008826,0.0,0.1939561738508999,2.059930667412065,2234285.585289076,599.4148528223552
150000.0,4587333.640593019,205625.02156540198,4587271.067721864,151.14714074263037,1537.6789996587752,150.86085588625164,-6.688707076736097,-0.3000755766032352,-6.6886157925727,18303.766323008826,0.0,0.1939561738508999,2.059930667412065,2234285.585289076,599.4148528223552
150100.0,4587348.721863657,205778.78796462377,4587286.120364472,150.47827299207222,1537.6489811150886,150.19199726613374,-6.6886479654219295,-0.3002952985624696,-6.688556640779969,18303.766323008826,0.0,0.1939561738508999,2.059930667412065,2234285.585289076,599.4148528223552
150200.0,4587363.736247815,205932.55136089257,4587301.106121514,149.8094111433473,1537.6189405987755,149.52314455189705,-6.688589040068246,-0.30051502913472533,-6.6884976749451335,18303.766323008826,0.0,0.1939561738508999,2.059930667412065,2234285.585289076,599.4148528223552
150300.0,4587378.683746083,206086.31175201107,4587316.024993579,149.14055517786053,1537.588878108975,148.85429772494678,-6.6885303006553025,-0.3007347683067799,-6.688438895048453,18303.766323008826,0.0,0.1939561738508999,2.059930667412065,2234285.585289076,599.4148528223552
150400.0,4587393.5643590465,206240.06913578187,4587330.876981255,148.47170507701887,1537.5587936448278,148.18545676669007,-6.6884717471634785,-0.3009545160657266,-6.68838030107031,18303.766323008826,0.0,0.1939561738508999,2.059930667412065,2234285.585289076,599.4148528223552
150500.0,4587408.378087292,206393.82351000753,4587345.662085127,147.80286082223114,1537.528687205476,147.51662165853608,-6.688413379573261,-0.301174272398971,-6.688321892991193,18303.766323008826,0.0,0.1939561738508999,2.059930667412065,2234285.585289076,599.4148528223552
150600.0,4587423.124931404,206547.57487249043,4587360.380305781,147.13402239490816,1537.4985587900626,146.84779238189586,-6.688355197865274,-0.30139403729423,-6.68826367079173,18303.766323008826,0.0,0.1939561738508999,2.059930667412065,2234285.585289076,599.4148528223552
150700.0,4587437.804891964,206701.32322103297,4587375.031643798,146.46518977646267,1537.468408397732,146.1789689181824,-6.6882972020202685,-0.3016138107395286,-6.688205634452671,18303.766323008826,0.0,0.1939561738508999,2.059930667412065,2234285.585289076,599.4148528223552
150800.0,4587452.417969553,206855.0685534374,4587389.616099758,145.7963629483093,1537.43823602763,145.51015124881062,-6.688239392019096,-0.3018335927231958,-6.688147783954871,18303.766323008826,0.0,0.1939561738508999,2.059930667412065,2234285.585289076,599.4148528223552
150900.0,4587466.964164747,207008.81086750588,4587404.133674241,145.12754189186467,1537.4080416789031,144.84133935519733,-6.688181767842746,-0.3020533832338646,-6.68809011927932,18303.766323008826,0.0,0.1939561738508999,2.059930667412065,2234285.585289076,599.4148528223552
151000.0,4587481.443478123,207162.55016104053,4587418.584367822,144.45872658854722,1537.3778253506994,144.1725332187613,-6.688124329472309,-0.3022731822604668,-6.6880326404071155,18303.766323008826,0.0,0.1939561738508999,2.059930667412065,2234285.585289076,599.4148528223552
151100.0,4587495.855910256,207316.28643184336,4587432.968181076,143.7899170197773,1537.3475870421676,143.5037328209231,-6.688067076889011,-0.30249298979223244,-6.687975347319485,18303.766323008826,0.0,0.1939561738508999,2.059930667412065,2234285.585289076,599.4148528223552
151200.0,4587510.2014617175,207470.01967771628,4587447.285114577,143.12111316697715,1537.3173267524578,142.8349381431052,-6.688010010074186,-0.30271280581868604,-6.68791823999776,18303.766323008826,0.0,0.1939561738508999,2.059930667412065,2234285.585289076,599.4148528223552
151300.0,4587524.480133079,207623.74989646111,4587461.5351688955,142.45231501157082,1537.287044480721,142.16614916673197,-6.6879531290092835,-0.30293263032964446,-6.687861318423395,18303.766323008826,0.0,0.1939561738508999,2.059930667412065,2234285.585289076,599.4148528223552
151400.0,4587538.691924909,207777.47708587965,4587475.7183446,141.78352253498426,1537.2567402261095,141.49736587322957,-6.687896433675872,-0.3031524633152148,-6.687804582577958,18303.766323008826,0.0,0.1939561738508999,2.059930667412065,2234285.585289076,599.4148528223552
151500.0,4587552.836837775,207931.20124377354,4587489.8346422585,141.11473571864522,1537.226413987776,140.82858824402604,-6.687839924055627,-0.30337230476579097,-6.687748032443128,18303.766323008826,0.0,0.1939561738508999,2.059930667412065,2234285.585289076,599.4148528223552
151600.0,4587566.914872241,208084.92236794438,4587503.884062436,140.4459545439833,1537.1960657648744,140.1598162605512,-6.687783600130341,-0.30359215467205203,-6.687691668000699,18303.766323008826,0.0,0.1939561738508999,2.059930667412065,2234285.585289076,599.4148528223552
151700.0,4587580.926028871,208238.64045619368,4587517.866605698,139.77717899242992,1537.16569555656,139.49104990423675,-6.687727461881923,-0.30381201302496014,-6.687635489232584,18303.766323008826,0.0,0.1939561738508999,2.059930667412065,2234285.585289076,599.4148528223552
151800.0,4587594.870308226,208392.35550632284,4587531.782272604,139.10840904541828,1537.1353033619882,138.82228915651615,-6.68767150929239,-0.30403187981575713,-6.687579496120802,18303.766323008826,0.0,0.1939561738508999,2.059930667412065,2234285.585289076,599.4148528223552
151900.0,4587608.747710866,208546.0675161332,4587545.631063716,138.4396446843834,1537.104889180316,138.15353399882466,-6.687615742343868,-0.30425175503596263,-6.687523688647477,18303.766323008826,0.0,0.1939561738508999,2.059930667412065,2234285.585289076,599.4148528223552
152000.0,4587622.558237349,208699.776483426,4587559.41297959,137.77088589076206,1537.0744530107004,137.4847844125993,-6.687560161018599,-0.30447163867737165,-6.687468066794853,18303.766323008826,0.0,0.1939561738508999,2.059930667412065,2234285.585289076,599.4148528223552
152100.0,4587636.301888229,208853.48240600238,4587573.128020783,137.1021326459928,1537.0439948522999,136.81604037927892,-6.687504765298926,-0.3046915307320523,-6.687412630545278,18303.766323008826,0.0,0.1939561738508999,2.059930667412065,2234285.585289076,599.4148528223552
152200.0,4587649.978664062,209007.18528166346,4587586.77618785,136.433384931516,1537.0135147042736,136.14730188030407,-6.687449555167308,-0.3049114311923439,-6.687357379881208,18303.766323008826,0.0,0.1939561738508999,2.059930667412065,2234285.585289076,599.4148528223552
152300.0,4587663.588565399,209160.88510821023,4587600.357481343,135.76464272877368,1536.9830125657813,135.47856889711707,-6.687394530606308,-0.3051313400508538,-6.687302314785212,18303.766323008826,0.0,0.1939561738508999,2.059930667412065,2234285.585289076,599.4148528223552
152400.0,4587677.131592791,209314.58188344358,4587613.871901812,135.09590601920965,1536.9524884359837,134.80984141116198,-6.687339691598598,-0.30535125730045615,-6.687247435239962,18303.766323008826,0.0,0.1939561738508999,2.059930667412065,2234285.585289076,599.4148528223552
152500.0,4587690.6077467855,209468.27560516435,4587627.3194498075,134.42717478426943,1536.9219423140419,134.1411194038846,-6.687285038126947,-0.305571182934288,-6.687192741228225,18303.766323008826,0.0,0.1939561738508999,2.059930667412065,2234285.585289076,599.4148528223552
152600.0,4587704.017027929,209621.9662711733,4587640.700125875,133.75844900540028,1536.8913741991178,133.47240285673246,-6.687230570174246,-0.3057911169457499,-6.687138232732897,18303.766323008826,0.0,0.1939561738508999,2.059930667412065,2234285.585289076,599.4148528223552
152700.0,4587717.359436768,209775.65387927106,4587654.01393056,133.08972866405117,1536.8607840903737,132.80369175115473,-6.687176287723475,-0.30601105932850053,-6.687083909736957,18303.766323008826,0.0,0.1939561738508999,2.059930667412065,2234285.585289076,599.4148528223552
152800.0,4587730.634973844,209929.33842725822,4587667.260864406,132.42101374167274,1536.8301719869733,132.13498606860233,-6.687122190757724,-0.30623101007645664,-6.6870297722235,18303.766323008826,0.0,0.1939561738508999,2.059930667412065,2234285.585289076,599.4148528223552
152900.0,4587743.843639697,210083.01991293527,4587680.440927953,131.75230421971733,1536.7995378880798,131.46628579052785,-6.687068279260195,-0.30645096918379067,-6.686975820175723,18303.766323008826,0.0,0.1939561738508999,2.059930667412065,2234285.585289076,599.4148528223552
153000.0,4587756.985434867,210236.69833410264,4587693.554121743,131.08360007963898,1536.7688817928579,130.79759089838555,-6.687014553214172,-0.30667093664492745,-6.686922053576919,18303.766323008826,0.0,0.1939561738508999,2.059930667412065,2234285.585289076,599.4148528223552
153100.0,4587770.0603598915,210390.37368856062,4587706.600446312,130.41490130289336,1536.7382037004725,130.12890137363138,-6.6869610126030565,-0.3068909124545432,-6.6868684724104845,18303.766323008826,0.0,0.1939561738508999,2.059930667412065,2234285.585289076,599.4148528223552
153200.0,4587783.068415306,210544.04597410947,4587719.579902195,129.74620787093778,1536.707503610089,129.46021719772293,-6.686907657410349,-0.30711089660756324,-6.686815076659922,18303.766323008826,0.0,0.1939561738508999,2.059930667412065,2234285.585289076,599.4148528223552
153300.0,4587796.009601643,210697.71518854934,4587732.492489928,129.07751976523122,1536.676781520873,128.7915383521194,-6.686854487619646,-0.3073308890991598,-6.6867618663088315,18303.766323008826,0.0,0.1939561738508999,2.059930667412065,2234285.585289076,599.4148528223552
153400.0,4587808.883919436,210851.38132968033,4587745.338210043,128.40883696723432,1536.646037431991,128.1228648182817,-6.686801503214643,-0.30755088992474955,-6.686708841340907,18303.766323008826,0.0,0.1939561738508999,2.059930667412065,2234285.585289076,599.4148528223552
153500.0,4587821.691369213,211005.0443953024,4587758.117063069,127.74015945840931,1536.6152713426102,127.45419657767232,-6.686748704179135,-0.3077708990799922,-6.686656001739945,18303.766323008826,0.0,0.1939561738508999,2.059930667412065,2234285.585289076,599.4148528223552
153600.0,4587834.431951503,211158.70438321546,4587770.829049534,127.07148722022005,1536.5844832518976,126.78553361175535,-6.686696090497022,-0.30799091656078864,-6.686603347489846,18303.766323008826,0.0,0.1939561738508999,2.059930667412065,2234285.585289076,599.4148528223552
153700.0,4587847.105666832,211312.36129121936,4587783.474169966,126.402820234132,1536.5536731590207,126.11687590199652,-6.686643662152287,-0.308210942363278,-6.686550878574594,18303.766323008826,0.0,0.1939561738508999,2.059930667412065,2234285.585289076,599.4148528223552
153800.0,4587859.712515724,211466.01511711383,4587796.052424889,125.73415848161221,1536.5228410631476,125.44822342986313,-6.6865914191290265,-0.3084309764838369,-6.686498594978292,18303.766323008826,0.0,0.1939561738508999,2.059930667412065,2234285.585289076,599.4148528223552
153900.0,4587872.252498702,211619.6658586985,4587808.563814826,125.06550194412934,1536.4919869634466,124.7795761768241,-6.686539361411418,-0.3086510189190759,-6.6864464966851065,18303.766323008826,0.0,0.1939561738508999,2.059930667412065,2234285.585289076,599.4148528223552
154000.0,4587884.7256162865,211773.31351377303,4587821.008340298,124.3968506031536,1536.4611108590866,124.11093412434987,-6.6864874889837465,-0.30887106966583955,-6.686394583679331,18303.766323008826,0.0,0.1939561738508999,2.059930667412065,2234285.585289076,599.4148528223552
154100.0,4587897.131868996,211926.95808013683,4587833.386001824,123.72820444015677,1536.4302127492365,123.4422972539125,-6.686435801830381,-0.30909112872120287,-6.686342855945334,18303.766323008826,0.0,0.1939561738508999,2.059930667412065,2234285.585289076,599.4148528223552
154200.0,4587909.471257347,212080.59955558935,4587845.696799922,123.05956343661222,1536.3992926330654,122.7736655469856,-6.686384299935795,-0.30931119608247043,-6.686291313467592,18303.766323008826,0.0,0.1939561738508999,2.059930667412065,2234285.585289076,599.4148528223552
154300.0,4587921.743781854,212234.2379379299,4587857.940735105,122.39092757399483,1536.368350509743,122.10503898504429,-6.686332983284546,-0.3095312717471735,-6.686239956230656,18303.766323008826,0.0,0.1939561738508999,2.059930667412065,2234285.585289076,599.4148528223552
154400.0,4587933.949443032,212387.8732249577,4587870.117807889,121.72229683378104,1536.3373863784393,121.43641754956528,-6.686281851861293,-0.30975135571306933,-6.686188784219192,18303.766323008826,0.0,0.1939561738508999,2.059930667412065,2234285.585289076,599.4148528223552
154500.0,4587946.088241391,212541.50541447196,4587882.228018786,121.05367119744882,1536.306400238324,120.76780122202678,-6.686230905650777,-0.3099714479781384,-6.686137797417938,18303.766323008826,0.0,0.1939561738508999,2.059930667412065,2234285.585289076,599.4148528223552
154600.0,4587958.16017744,212695.13450427173,4587894.271368303,120.38505064647764,1536.275392088567,120.09918998390852,-6.686180144637839,-0.3101915485405831,-6.6860869958117375,18303.766323008826,0.0,0.1939561738508999,2.059930667412065,2234285.585289076,599.4148528223552
154700.0,4587970.165251689,212848.760492156,4587906.247856951,119.7164351623485,1536.2443619283392,119.43058381669175,-6.686129568807402,-0.3104116573988257,-6.686036379385514,18303.766323008826,0.0,0.1939561738508999,2.059930667412065,2234285.585289076,599.4148528223552
154800.0,4587982.103464642,213002.38337592367,4587918.1574852355,119.04782472654391,1536.2133097568108,118.76198270185924,-6.686079178144497,-0.31063177455150687,-6.685985948124294,18303.766323008826,0.0,0.1939561738508999,2.059930667412065,2234285.585289076,599.4148528223552
154900.0,4587993.974816802,213156.0031533736,4587930.00025366,118.37921932054785,1536.1822355731524,118.09338662089522,-6.686028972634219,-0.3108518999974832,-6.685935702013181,18303.766323008826,0.0,0.1939561738508999,2.059930667412065,2234285.585289076,599.4148528223552
155000.0,4588005.779308673,213309.61982230452,4587941.776162727,117.71061892584581,1536.151139376535,117.42479555528543,-6.685978952261771,-0.31107203373582615,-6.685885641037371,18303.766323008826,0.0,0.1939561738508999,2.059930667412065,2234285.585289076,599.4148528223552
155100.0,4588017.516940754,213463.2333805151,4587953.485212937,117.04202352392473,1536.120021166129,116.75620948651706,-6.685929117012443,-0.3112921757658206,-6.685835765182155,18303.766323008826,0.0,0.1939561738508999,2.059930667412065,2234285.585289076,599.4148528223552
155200.0,4588029.187713544,213616.84382580392,4587965.127404789,116.37343309627303,1536.0888809411053,116.0876283960788,-6.685879466871599,-0.31151232608696156,-6.685786074432903,18303.766323008826,0.0,0.1939561738508999,2.059930667412065,2234285.585289076,599.4148528223552
155300.0,4588040.791627538,213770.45115596947,4587976.702738781,115.7048476243806,1536.0577187006352,115.41905226546076,-6.685830001824708,-0.3117324846989544,-6.685736568775077,18303.766323008826,0.0,0.1939561738508999,2.059930667412065,2234285.585289076,599.4148528223552
155400.0,4588052.328683233,213924.05536881016,4587988.211215408,115.03626708973877,1536.0265344438892,114.75048107615454,-6.685780721857317,-0.31195265160171215,-6.685687248194231,18303.766323008826,0.0,0.1939561738508999,2.059930667412065,2234285.585289076,599.4148528223552
155500.0,4588063.79888112,214077.65646212435,4587999.6528351605,114.36769147384031,1535.9953281700384,114.08191480965316,-6.685731626955052,-0.31217282679535335,-6.685638112675986,18303.766323008826,0.0,0.1939561738508999,2.059930667412065,2234285.585289076,599.4148528223552
155600.0,4588075.202221691,214231.25443371024,4588011.027598533,113.6991207581794,1535.9640998782538,113.41335344745106,-6.685682717103638,-0.3123930102802018,-6.685589162206071,18303.766323008826,0.0,0.1939561738508999,2.059930667412065,2234285.585289076,599.4148528223552
155700.0,4588086.538705435,214384.84928136604,4588022.335506014,113.03055492425169,1535.9328495677062,112.74479697104414,-6.685633992288875,-0.31261320205678333,-6.685540396770282,18303.766323008826,0.0,0.1939561738508999,2.059930667412065,2234285.585289076,599.4148528223552
155800.0,4588097.808332838,214538.4410028898,4588033.57655809,112.3619939535542,1535.9015772375662,112.07624536192968,-6.68558545249666,-0.3128334021258261,-6.685491816354515,18303.766323008826,0.0,0.1939561738508999,2.059930667412065,2234285.585289076,599.4148528223552
155900.0,4588109.011104387,214692.02959607952,4588044.750755248,111.6934378275854,1535.8702828870046,111.40769860160637,-6.685537097712957,-0.31305361048825675,-6.685443420944739,18303.766323008826,0.0,0.1939561738508999,2.059930667412065,2234285.585289076,599.4148528223552
156000.0,4588120.147020564,214845.61505873315,4588055.858097971,111.02488652784513,1535.838966515192,110.73915667157432,-6.685488927923825,-0.3132738271452005,-6.685395210527009,18303.766323008826,0.0,0.1939561738508999,2.059930667412065,2234285.585289076,599.4148528223552
156100.0,4588131.216081853,214999.1973886485,4588066.898586743,110.35634003583462,1535.8076281212989,110.07061955333502,-6.685440943115394,-0.3134940520979785,-6.685347185087456,18303.766323008826,0.0,0.1939561738508999,2.059930667412065,2234285.585289076,599.4148528223552
156200.0,4588142.218288732,215152.77658362332,4588077.872222042,109.68779833305649,1535.7762677044957,109.40208722839135,-6.6853931432738944,-0.31371428534810764,-6.685299344612308,18303.766323008826,0.0,0.1939561738508999,2.059930667412065,2234285.585289076,599.4148528223552
156300.0,4588153.153641678,215306.35264145528,4588088.7790043475,109.01926140101473,1535.7448852639525,108.73355967824754,-6.6853455283856205,-0.3139345268972973,-6.685251689087866,18303.766323008826,0.0,0.1939561738508999,2.059930667412065,2234285.585289076,599.4148528223552
156400.0,4588164.02214117,215459.92555994197,4588099.618934136,108.3507292212147,1535.7134807988393,108.06503688440921,-6.685298098436963,-0.3141547767474494,-6.685204218500513,18303.766323008826,0.0,0.1939561738508999,2.059930667412065,2234285.585289076,599.4148528223552
156500.0,4588174.82378768,215613.49533688088,4588110.392011882,107.68220177516314,1535.682054308326,107.39651882838332,-6.685250853414378,-0.31437503490065527,-6.685156932836708,18303.766323008826,0.0,0.1939561738508999,2.059930667412065,2234285.585289076,599.4148528223552
156600.0,4588185.558581682,215767.06197006942,4588121.098238058,107.01367904436808,1535.6506057915824,106.7280054916782,-6.685203793304414,-0.3145953013591958,-6.685109832082999,18303.766323008826,0.0,0.1939561738508999,2.059930667412065,2234285.585289076,599.4148528223552
156700.0,4588196.226523645,215920.62545730497,4588131.737613137,106.34516101033894,1535.6191352477774,106.0594968558035,-6.685156918093692,-0.3148155761255386,-6.685062916226004,18303.766323008826,0.0,0.1939561738508999,2.059930667412065,2234285.585289076,599.4148528223552
156800.0,4588206.827614039,216074.18579638473,4588142.310137586,105.67664765458647,1535.5876426760803,105.39099290227023,-6.685110227768915,-0.3150358592023378,-6.685016185252431,18303.766323008826,0.0,0.1939561738508999,2.059930667412065,2234285.585289076,599.4148528223552
156900.0,4588217.361853331,216227.7429851059,4588152.8158118725,105.00813895862274,1535.55612807566,104.72249361259068,-6.685063722316856,-0.3152561505924307,-6.684969639149047,18303.766323008826,0.0,0.1939561738508999,2.059930667412065,2234285.585289076,599.4148528223552
157000.0,4588227.829241985,216381.29702126555,4588163.254636463,104.33963490396111,1535.5245914456846,104.05399896827852,-6.685017401724384,-0.3154764502988387,-6.684923277902724,18303.766323008826,0.0,0.1939561738508999,2.059930667412065,2234285.585289076,599.4148528223552
157100.0,4588238.229780465,216534.8479026607,4588173.62661182,103.6711354721163,1535.4930327853228,103.38550895084867,-6.684971265978428,-0.3156967583247643,-6.6848771015003905,18303.766323008826,0.0,0.1939561738508999,2.059930667412065,2234285.585289076,599.4148528223552
157200.0,4588248.563469233,216688.39562708823,4588183.931738406,103.00264064460431,1535.4614520937423,102.71702354181741,-6.684925315066006,-0.3159170746735897,-6.6848311099290605,18303.766323008826,0.0,0.1939561738508999,2.059930667412065,2234285.585289076,599.4148528223552
157300.0,4588258.8303087475,216841.94019234504,4588194.170016682,102.33415040294243,1535.4298493701106,102.04854272270227,-6.684879548974205,-0.31613739934887647,-6.684785303175825,18303.766323008826,0.0,0.1939561738508999,2.059930667412065,2234285.585289076,599.4148528223552
157400.0,4588269.030299466,216995.48159622782,4588204.341447104,101.66566472864922,1535.3982246135947,101.38006647502208,-6.684833967690188,-0.31635773235436265,-6.684739681227842,18303.766323008826,0.0,0.1939561738508999,2.059930667412065,2234285.585289076,599.4148528223552
157500.0,4588279.163441845,217149.0198365333,4588214.446030129,100.99718360324455,1535.3665778233617,100.71159478029695,-6.684788571201205,-0.3165780736939632,-6.684694244072363,18303.766323008826,0.0,0.1939561738508999,2.059930667412065,2234285.585289076,599.4148528223552
157600.0,4588289.229736338,217302.55491105802,4588224.483766211,100.32870700824957,1535.334908998578,100.04312762004828,-6.684743359494563,-0.31679842337176634,-6.684648991696695,18303.766323008826,0.0,0.1939561738508999,2.059930667412065,2234285.585289076,599.4148528223552
157700.0,4588299.229183397,217456.0868175985,4588234.454655804,99.66023492518666,1535.3032181384092,99.37466497579871,-6.684698332557659,-0.31701878139203477,-6.684603924088233,18303.766323008826,0.0,0.1939561738508999,2.059930667412065,2234285.585289076,599.4148528223552
157800.0,4588309.161783473,217609.61555395115,4588244.358699356,98.99176733557947,1535.2715052420212,98.70620682907214,-6.684653490377959,-0.3172391477592024,-6.6845590412344436,18303.766323008826,0.0,0.1939561738508999,2.059930667412065,2234285.585289076,599.4148528223552
157900.0,4588319.027537013,217763.14111791234,4588254.195897318,98.3233042209529,1535.239770308579,98.03775316139375,-6.684608832942999,-0.31745952247787346,-6.684514343122859,18303.766323008826,0.0,0.1939561738508999,2.059930667412065,2234285.585289076,599.4148528223552
158000.0,4588328.826444466,217916.66350727828,4588263.966250137,97.65484556283312,1535.2080133372472,97.36930395428992,-6.684564360240391,-0.3176799055528218,-6.684469829741095,18303.766323008826,0.0,0.1939561738508999,2.059930667412065,2234285.585289076,599.4148528223552
158100.0,4588338.558506274,218070.18271984515,4588273.669758257,96.9863913427475,1535.1762343271898,96.70085918928828,-6.684520072257824,-0.31790029698898914,-6.684425501076837,18303.766323008826,0.0,0.1939561738508999,2.059930667412065,2234285.585289076,599.4148528223552
158200.0,4588348.223722881,218223.69875340906,4588283.306422123,96.31794154222463,1535.1444332775704,96.03241884791771,-6.684475968983049,-0.3181206967914836,-6.684381357117835,18303.766323008826,0.0,0.1939561738508999,2.059930667412065,2234285.585289076,599.4148528223552
158300.0,4588357.822094728,218377.211605766,4588292.876242174,95.64949614279436,1535.1126101875523,95.36398291170828,-6.6844320504039,-0.318341104965579,-6.684337397851922,18303.766323008826,0.0,0.1939561738508999,2.059930667412065,2234285.585289076,599.4148528223552
158400.0,4588367.353622255,218530.72127471186,4588302.379218851,94.98105512598774,1535.0807650562979,94.6955513621913,-6.684388316508279,-0.3185615215167132,-6.684293623267,18303.766323008826,0.0,0.1939561738508999,2.059930667412065,2234285.585289076,599.4148528223552
158500.0,4588376.818305898,218684.2277580425,4588311.815352592,94.312618473337,1535.0488978829694,94.02712418089925,-6.684344767284158,-0.31878194645048696,-6.68425003335104,18303.766323008826,0.0,0.1939561738508999,2.059930667412065,2234285.585289076,599.4148528223552
158600.0,4588386.216146095,218837.7310535537,4588321.184643832,93.64418616637559,1535.017008666728,93.35870134936586,-6.684301402719577,-0.31900237977266227,-6.6842066280920776,18303.766323008826,0.0,0.1939561738508999,2.059930667412065,2234285.585289076,599.4148528223552
158700.0,4588395.547143277,218991.23115904108,4588330.487093006,92.97575818663816,1534.985097406735,92.690282849126,-6.684258222802647,-0.31922282148916203,-6.684163407478229,18303.766323008826,0.0,0.1939561738508999,2.059930667412065,2234285.585289076,599.4148528223552
158800.0,4588404.811297876,219144.72807230023,4588339.722700546,92.30733451566053,1534.9531641021501,92.02186866171577,-6.684215227521558,-0.3194432716060682,-6.684120371497679,18303.766323008826,0.0,0.1939561738508999,2.059930667412065,2234285.585289076,599.4148528223552
158900.0,4588414.008610323,219298.22179112665,4588348.891466881,91.63891513497971,1534.9212087521335,91.35345876867243,-6.6841724168645555,-0.31966373012962046,-6.684077520138672,18303.766323008826,0.0,0.1939561738508999,2.059930667412065,2234285.585289076,599.4148528223552
159000.0,4588423.139081046,219451.71231331577,4588357.993392441,90.97050002613388,1534.8892313558438,90.68505315153438,-6.684129790819965,-0.31988419706621574,-6.684034853389531,18303.766323008826,0.0,0.1939561738508999,2.059930667412065,2234285.585289076,599.4148528223552
159100.0,4588432.20271047,219605.1996366629,4588367.028477653,90.30208917066236,1534.8572319124396,90.01665179184124,-6.684087349376172,-0.32010467242240637,-6.683992371238648,18303.766323008826,0.0,0.1939561738508999,2.059930667412065,2234285.585289076,599.4148528223552
159200.0,4588441.199499021,219758.6837589633,4588375.996722941,89.63368255010566,1534.8252104210785,89.34825467113376,-6.684045092521637,-0.32032515620489904,-6.683950073674473,18303.766323008826,0.0,0.1939561738508999,2.059930667412065,2234285.585289076,599.4148528223552
159300.0,4588450.129447121,219912.16467801214,4588384.898128728,88.96528014600544,1534.7931668809176,88.67986177095383,-6.6840030202448855,-0.32054564842055394,-6.683907960685533,18303.766323008826,0.0,0.1939561738508999,2.059930667412065,2234285.585289076,599.4148528223552
159400.0,4588458.992555191,220065.6423916045,4588393.732695435,88.29688193990448,1534.7611012911132,88.01147307284452,-6.683961132534508,-0.3207661490763835,-6.683866032260421,18303.766323008826,0.0,0.1939561738508999,2.059930667412065,2234285.585289076,599.4148528223552
159500.0,4588467.788823648,220219.11689753534,4588402.500423482,87.6284879133467,1534.729013650821,87.34308855835,-6.6839194293791655,-0.32098665817955097,-6.683824288387796,18303.766323008826,0.0,0.1939561738508999,2.059930667412065,2234285.585289076,599.4148528223552
159600.0,4588476.518252912,220372.5881935996,4588411.201313285,86.96009804787718,1534.6969039591954,86.67470820901559,-6.683877910767587,-0.32120717573736984,-6.6837827290563805,18303.766323008826,0.0,0.1939561738508999,2.059930667412065,2234285.585289076,599.4148528223552
159700.0,4588485.180843396,220526.0562775921,4588419.835365262,86.2917123250421,1534.6647722153912,86.00633200638772,-6.6838365766885595,-0.32142770175730173,-6.683741354254964,18303.766323008826,0.0,0.1939561738508999,2.059930667412065,2234285.585289076,599.4148528223552
159800.0,4588493.776595514,220679.5211473076,4588428.402579824,85.62333072638876,1534.6326184185616,85.33795993201396,-6.683795427130944,-0.3216482362469568,-6.683700163972408,18303.766323008826,0.0,0.1939561738508999,2.059930667412065,2234285.585289076,599.4148528223552
159900.0,4588502.305509678,220832.9828005407,4588436.902957385,84.95495323346557,1534.6004425678593,84.66959196744297,-6.683754462083667,-0.3218687792140916,-6.683659158197634,18303.766323008826,0.0,0.1939561738508999,2.059930667412065,2234285.585289076,599.4148528223552
160000.0,4588510.767586297,220986.441235086,4588445.336498355,84.28657982782205,1534.568244662436,84.00122809422453,-6.683713681535708,-0.32208933066660766,-6.683618336919622,18303.766323008826,0.0,0.1939561738508999,2.059930667412065,2234285.585289076,599.4148528223552
160100.0,4588519.162825779,221139.896448738,4588453.70320314,83.61821049100882,1534.5360247014428,83.33286829390951,-6.683673085476132,-0.32230989061255205,-6.683577700127433,18303.766323008826,0.0,0.1939561738508999,2.059930667412065,2234285.585289076,599.4148528223552
160200.0,4588527.49122853,221293.3484392911,4588462.003072148,82.94984520457758,1534.50378268403,82.66451254804988,-6.683632673894049,-0.3225304590601143,-6.683537247810179,18303.766323008826,0.0,0.1939561738508999,2.059930667412065,2234285.585289076,599.4148528223552
160300.0,4588535.752794954,221446.7972045396,4588470.236105784,82.28148395008112,1534.4715186093472,81.99616083819868,-6.68359244677864,-0.3227510360176268,-6.683496979957039,18303.766323008826,0.0,0.1939561738508999,2.059930667412065,2234285.585289076,599.4148528223552
160400.0,4588543.947525454,221600.2427422777,4588478.40230445,81.61312670907333,1534.4392324765427,81.32781314591003,-6.683552404119153,-0.3229716214935631,-6.683456896557257,18303.766323008826,0.0,0.1939561738508999,2.059930667412065,2234285.585289076,599.4148528223552
160500.0,4588552.075420429,221753.6850502996,4588486.501668546,80.94477346310913,1534.4069242847643,80.65946945273913,-6.6835125459048985,-0.32319221549653776,-6.683416997600143,18303.766323008826,0.0,0.1939561738508999,2.059930667412065,2234285.585289076,599.4148528223552
160600.0,4588560.136480278,221907.1241263993,4588494.534198473,80.27642419374453,1534.374594033159,79.99112974024226,-6.683472872125237,-0.3234128180353031,-6.6833772830750595,18303.766323008826,0.0,0.1939561738508999,2.059930667412065,2234285.585289076,599.4148528223552
160700.0,4588568.130705399,222060.55996837086,4588502.499894626,79.60807888253662,1534.3422417208724,79.32279398997673,-6.683433382769618,-0.3236334291187518,-6.683337752971446,18303.766323008826,0.0,0.1939561738508999,2.059930667412065,2234285.585289076,599.4148528223552
160800.0,4588576.058096186,222213.9925740081,4588510.398757403,78.93973751104349,1534.30986734705,78.65446218350094,-6.683394077827519,-0.3238540487559119,-6.683298407278788,18303.766323008826,0.0,0.1939561738508999,2.059930667412065,2234285.585289076,599.4148528223552
160900.0,4588583.918653032,222367.42194110484,4588518.230787194,78.27140006082433,1534.2774709108357,77.9861343023743,-6.683354957288504,-0.324074676955949,-6.683259245986644,18303.766323008826,0.0,0.1939561738508999,2.059930667412065,2234285.585289076,599.4148528223552
161000.0,4588591.712376328,222520.84806745482,4588525.995984393,77.60306651343936,1534.245052411373,77.31781032815728,-6.683316021142198,-0.32429531372816384,-6.683220269084633,18303.766323008826,0.0,0.1939561738508999,2.059930667412065,2234285.585289076,599.4148528223552
161100.0,4588599.439266464,222674.27095085164,4588533.6943493895,76.93473685044981,1534.212611847804,76.64949024241137,-6.683277269378279,-0.32451595908199166,-6.683181476562438,18303.766323008826,0.0,0.1939561738508999,2.059930667412065,2234285.585289076,599.4148528223552
161200.0,4588607.099323827,222827.6905890889,4588541.325882571,76.26641105341797,1534.1801492192703,75.98117402669914,-6.683238701986479,-0.32473661302700035,-6.683142868409786,18303.766323008826,0.0,0.1939561738508999,2.059930667412065,2234285.585289076,599.4148528223552
161300.0,4588614.692548803,222981.10697996,4588548.890584324,75.59808910390713,1534.147664524912,75.31286166258411,-6.683200318956605,-0.324957275572891,-6.683104444616482,18303.766323008826,0.0,0.1939561738508999,2.059930667412065,2234285.585289076,599.4148528223552
161400.0,4588622.218941775,223134.52012125833,4588556.388455031,74.92977098348159,1534.1151577638686,74.64455313163087,-6.6831621202785145,-0.3251779467294963,-6.683066205172382,18303.766323008826,0.0,0.1939561738508999,2.059930667412065,2234285.585289076,599.4148528223552
161500.0,4588629.678503126,223287.9300107772,4588563.819495077,74.26145667370669,1534.0826289352788,73.976248415405,-6.683124105942132,-0.3253986265067793,-6.683028150067412,18303.766323008826,0.0,0.1939561738508999,2.059930667412065,2234285.585289076,599.4148528223552
161600.0,4588637.071233236,223441.3366463098,4588571.183704841,73.59314615614876,1534.0500780382797,73.30794749547309,-6.683086275937436,-0.32561931491483265,-6.682990279291542,18303.766323008826,0.0,0.1939561738508999,2.059930667412065,2234285.585289076,599.4148528223552
161700.0,4588644.397132483,223594.74002564923,4588578.481084702,72.92483941237514,1534.017505072008,72.63965035340271,-6.683048630254465,-0.32584001196387824,-6.682952592834813,18303.766323008826,0.0,0.1939561738508999,2.059930667412065,2234285.585289076,599.4148528223552
161800.0,4588651.656201244,223748.14014658853,4588585.711635036,72.25653642395413,1533.9849100355987,71.97135697076247,-6.683011168883314,-0.32606071766426536,-6.682915090687318,18303.766323008826,0.0,0.1939561738508999,2.059930667412065,2234285.585289076,599.4148528223552
161900.0,4588658.848439893,223901.53700692064,4588592.875356221,71.58823717245507,1533.9522929281864,71.30306732912193,-6.682973891814141,-0.32628143202647064,-6.682877772839214,18303.766323008826,0.0,0.1939561738508999,2.059930667412065,2234285.585289076,599.4148528223552
162000.0,4588665.973848802,224054.93060443844,4588599.972248627,70.91994163944823,1533.9196537489042,70.63478141005164,-6.682936799037164,-0.3265021550610969,-6.682840639280716,18303.766323008826,0.0,0.1939561738508999,2.059930667412065,2234285.585289076,599.4148528223552
162100.0,4588673.032428344,224208.32093693467,4588607.002312627,70.25164980650489,1533.8869924968847,69.96649919512313,-6.6828998905426475,-0.3267228867788717,-6.6828036900020855,18303.766323008826,0.0,0.1939561738508999,2.059930667412065,2234285.585289076,599.4148528223552
162200.0,4588680.024178886,224361.70800220204,4588613.965548589,69.58336165519728,1533.8543091712586,69.29822066590889,-6.6828631663209315,-0.3269436271906478,-6.68276692499366,18303.766323008826,0.0,0.1939561738508999,2.059930667412065,2234285.585289076,599.4148528223552
162300.0,4588686.949100796,224515.09179803313,4588620.861956882,68.9150771670986,1533.8216037711563,68.62994580398238,-6.68282662636239,-0.3271643763074005,-6.682730344245815,18303.766323008826,0.0,0.1939561738508999,2.059930667412065,2234285.585289076,599.4148528223552
162400.0,4588693.807194441,224668.47232222045,4588627.691537872,68.24679632378302,1533.7888762957066,67.96167459091802,-6.682790270657471,-0.32738513414022846,-6.682693947748994,18303.766323008826,0.0,0.1939561738508999,2.059930667412065,2234285.585289076,599.4148528223552
162500.0,4588700.598460182,224821.8495725564,4588634.454291922,67.57851910682564,1533.7561267440374,67.2934070082912,-6.682754099196678,-0.32760590070035234,-6.682657735493699,18303.766323008826,0.0,0.1939561738508999,2.059930667412065,2234285.585289076,599.4148528223552
162600.0,4588707.322898382,224975.22354683335,4588641.150219394,66.91024549780252,1533.7233551152754,66.62514303767821,-6.682718111970567,-0.3278266759991133,-6.6826217074704815,18303.766323008826,0.0,0.1939561738508999,2.059930667412065,2234285.585289076,599.4148528223552
162700.0,4588713.980509401,225128.59424284354,4588647.779320649,66.24197547829068,1533.690561408546,65.95688266065635,-6.6826823089697465,-0.3280474600479731,-6.682585863669952,18303.766323008826,0.0,0.1939561738508999,2.059930667412065,2234285.585289076,599.4148528223552
162800.0,4588720.571293597,225281.96165837912,4588654.3415960455,65.57370902986804,1533.6577456229738,65.28862585880378,-6.682646690184887,-0.3282682528585125,-6.6825502040827764,18303.766323008826,0.0,0.1939561738508999,2.059930667412065,2234285.585289076,599.4148528223552
162900.0,4588727.0952513255,225435.32579123214,4588660.83704594,64.90544613411348,1533.624907757682,64.62037261369966,-6.6826112556067105,-0.3284890544424311,-6.682514728699677,18303.766323008826,0.0,0.1939561738508999,2.059930667412065,2234285.585289076,599.4148528223552
163000.0,4588733.552382941,225588.68663919464,4588667.265670686,64.23718677260678,1533.5920478117926,63.952122906924025,-6.682576005225995,-0.32870986481154635,-6.682479437511427,18303.766323008826,0.0,0.1939561738508999,2.059930667412065,2234285.585289076,599.4148528223552
163100.0,4588739.942688797,225742.04420005847,4588673.627470638,63.568930926928665,1533.5591657844263,63.283876720057854,-6.6825409390335775,-0.3289306839777926,-6.6824443305088606,18303.766323008826,0.0,0.1939561738508999,2.059930667412065,2234285.585289076,599.4148528223552
163200.0,4588746.266169243,225895.39847161545,4588679.922446147,62.90067857866076,1533.5262616747032,62.61563403468303,-6.682506057020339,-0.32915151195322007,-6.6824094076828615,18303.766323008826,0.0,0.1939561738508999,2.059930667412065,2234285.585289076,599.4148528223552
163300.0,4588752.522824628,226048.7494516573,4588686.150597561,62.23242970938559,1533.4933354817415,61.947394832382365,-6.682471359177225,-0.329372348749995,-6.682374669024368,18303.766323008826,0.0,0.1939561738508999,2.059930667412065,2234285.585289076,599.4148528223552
163400.0,4588758.7126553,226202.09713797565,4588692.311925229,61.564184300686605,1533.4603872046587,61.27915909473955,-6.682436845495229,-0.3295931943803978,-6.682340114524372,18303.766323008826,0.0,0.1939561738508999,2.059930667412065,2234285.585289076,599.4148528223552
163500.0,4588764.835661603,226355.44152836205,4588698.406429495,60.89594233414814,1533.4274168425707,60.610926803339176,-6.6824025159654035,-0.32981404885682336,-6.6823057441739255,18303.766323008826,0.0,0.1939561738508999,2.059930667412065,2234285.585289076,599.4148528223552
163600.0,4588770.8918438805,226508.78262060796,4588704.434110703,60.22770379135542,1533.394424394592,59.94269793976674,-6.682368370578852,-0.3300349121917794,-6.6822715579641265,18303.766323008826,0.0,0.1939561738508999,2.059930667412065,2234285.585289076,599.4148528223552
163700.0,4588776.881202474,226662.12041250474,4588710.394969196,59.559468653894555,1533.3614098598366,59.27447248560862,-6.682334409326726,-0.33025578439788583,-6.682237555886131,18303.766323008826,0.0,0.1939561738508999,2.059930667412065,2234285.585289076,599.4148528223552
163800.0,4588782.803737724,226815.45490184368,4588716.289005313,58.89123690335255,1533.3283732374164,58.60625042245208,-6.6823006322002305,-0.33047666548787447,-6.682203737931136,18303.766323008826,0.0,0.1939561738508999,2.059930667412065,2234285.585289076,599.4148528223552
163900.0,4588788.659449968,226968.78608641596,4588722.116219393,58.223008521317276,1533.2953145264426,57.938031731885246,-6.6822670391906405,-0.3306975554745886,-6.682170104090414,18303.766323008826,0.0,0.1939561738508999,2.059930667412065,2234285.585289076,599.4148528223552
164000.0,4588794.4483395405,227122.11396401268,4588727.876611771,57.55478348937748,1533.2622337260245,57.26981639549714,-6.6822336302892555,-0.33091845437098083,-6.682136654355265,18303.766323008826,0.0,0.1939561738508999,2.059930667412065,2234285.585289076,599.4148528223552
164100.0,4588800.1704067765,227275.43853242483,4588733.570182783,56.88656178912277,1533.2291308352708,56.601604394877626,-6.68220040548745,-0.33113936219011403,-6.682103388717058,18303.766323008826,0.0,0.1939561738508999,2.059930667412065,2234285.585289076,599.4148528223552
164200.0,4588805.825652009,227428.75978944334,4588739.19693276,56.218343402143624,1533.1960058532886,55.93339571161744,-6.682167364776634,-0.33136027894515957,-6.682070307167203,18303.766323008826,0.0,0.1939561738508999,2.059930667412065,2234285.585289076,599.4148528223552
164300.0,4588811.414075567,227582.07773285906,4588744.756862035,55.55012831003136,1533.1628587791836,55.26519032730819,-6.68213450814828,-0.3315812046493971,-6.682037409697172,18303.766323008826,0.0,0.1939561738508999,2.059930667412065,2234285.585289076,599.4148528223552
164400.0,4588816.935677781,227735.39236046275,4588750.249970935,54.88191649437817,1533.12968961206,54.5969882235423,-6.6821018355939135,-0.3318021393162138,-6.682004696298482,18303.766323008826,0.0,0.1939561738508999,2.059930667412065,2234285.585289076,599.4148528223552
164500.0,4588822.390458975,227888.703670045,4588755.676259789,54.21370793677706,1533.0964983510212,53.92878938191306,-6.682069347105092,-0.332023082959103,-6.681972166962694,18303.766323008826,0.0,0.1939561738508999,2.059930667412065,2234285.585289076,599.4148528223552
164600.0,4588827.778419476,228042.01165939643,4588761.03572892,53.545502618821914,1533.0632849951687,53.26059378401461,-6.682037042673447,-0.3322440355916651,-6.681939821681434,18303.766323008826,0.0,0.1939561738508999,2.059930667412065,2234285.585289076,599.4148528223552
164700.0,4588833.099559606,228195.3163263075,4588766.328378653,52.87730052210741,1533.030049543603,52.592401411441905,-6.68200492229065,-0.33246499722760536,-6.681907660446373,18303.766323008826,0.0,0.1939561738508999,2.059930667412065,2234285.585289076,599.4148528223552
164800.0,4588838.353879687,228348.6176685686,4588771.55420931,52.20910162822909,1532.9967919954227,51.92421224579074,-6.681972985948417,-0.3326859678807335,-6.681875683249223,18303.766323008826,0.0,0.1939561738508999,2.059930667412065,2234285.585289076,599.4148528223552
164900.0,4588843.5413800385,228501.91568397,4588776.713221209,51.54090591878332,1532.9635123497258,51.25602626865774,-6.681941233638527,-0.3329069475649643,-6.68184389008176,18303.766323008826,0.0,0.1939561738508999,2.059930667412065,2234285.585289076,599.4148528223552
165000.0,4588848.662060977,228655.21037030194,4588781.805414669,50.87271337536725,1532.9302106056082,50.58784346164034,-6.681909665352802,-0.3331279362943152,-6.6818122809358025,18303.766323008826,0.0,0.1939561738508999,2.059930667412065,2234285.585289076,599.4148528223552
165100.0,4588853.7159228185,228808.5017253545,4588786.830790007,50.20452397957889,1532.896886762165,49.9196638063368,-6.681878281083113,-0.3333489340829068,-6.681780855803221,18303.766323008826,0.0,0.1939561738508999,2.059930667412065,2234285.585289076,599.4148528223552
165200.0,4588858.702965877,228961.7897469177,4588791.789347535,49.536337713017026,1532.8635408184894,49.25148728434618,-6.6818470808213695,-0.3335699409449613,-6.681749614675924,18303.766323008826,0.0,0.1939561738508999,2.059930667412065,2234285.585289076,599.4148528223552
165300.0,4588863.623190464,229115.0744327815,4588796.6810875675,48.86815455728128,1532.8301727736732,48.58331387726837,-6.68181606455956,-0.3337909568948037,-6.681718557545893,18303.766323008826,0.0,0.1939561738508999,2.059930667412065,2234285.585289076,599.4148528223552
165400.0,4588868.476596891,229268.3557807357,4588801.506010414,48.19997449397205,1532.796782626807,47.915143566704025,-6.6817852322896885,-0.3340119819468587,-6.681687684405133,18303.766323008826,0.0,0.1939561738508999,2.059930667412065,2234285.585289076,599.4148528223552
165500.0,4588873.263185466,229421.6337885701,4588806.264116383,47.531797504690545,1532.76337037698,47.246976334254626,-6.681754584003826,-0.3342330161156519,-6.681656995245707,18303.766323008826,0.0,0.1939561738508999,2.059930667412065,2234285.585289076,599.4148528223552
165600.0,4588877.982956494,229574.90845407432,4588810.955405783,46.86362357103875,1532.7299360232796,46.578812161522436,-6.6817241196940875,-0.3344540594158088,-6.681626490059736,18303.766323008826,0.0,0.1939561738508999,2.059930667412065,2234285.585289076,599.4148528223552
165700.0,4588882.635910281,229728.17977503795,4588815.579878917,46.19545267461945,1532.696479564792,45.91065103011049,-6.6816938393526355,-0.3346751118620535,-6.681596168839373,18303.766323008826,0.0,0.1939561738508999,2.059930667412065,2234285.585289076,599.4148528223552
165800.0,4588887.22204713,229881.44774925042,4588820.13753609,45.52728479703621,1532.663001000602,45.242492921622635,-6.6816637429716845,-0.33489617346920936,-6.681566031576833,18303.766323008826,0.0,0.1939561738508999,2.059930667412065,2234285.585289076,599.4148528223552
165900.0,4588891.741367341,230034.71237450116,4588824.6283776015,44.85911991989336,1532.6295003297923,44.57433781766346,-6.681633830543488,-0.33511724425219686,-6.6815360782643625,18303.766323008826,0.0,0.1939561738508999,2.059930667412065,2234285.585289076,599.4148528223552
166000.0,4588896.193871213,230187.97364857947,4588829.052403753,44.19095802479601,1532.595977551445,43.90618569983835,-6.681604102060356,-0.33533832422603455,-6.681506308894275,18303.766323008826,0.0,0.1939561738508999,2.059930667412065,2234285.585289076,599.4148528223552
166100.0,4588900.579559044,230341.2315692745,4588833.4096148405,43.52279909335004,1532.5624326646403,43.23803654975345,-6.6815745575146375,-0.33555941340583734,-6.681476723458913,18303.766323008826,0.0,0.1939561738508999,2.059930667412065,2234285.585289076,599.4148528223552
166200.0,4588904.89843113,230494.48613437542,4588837.700011161,42.85464310716208,1532.5288656684565,42.569890349015665,-6.681545196898733,-0.3357805118068164,-6.681447321950675,18303.766323008826,0.0,0.1939561738508999,2.059930667412065,2234285.585289076,599.4148528223552
166300.0,4588909.150487763,230647.7373416712,4588841.923593008,42.18649004783955,1532.495276561971,41.90174707923266,-6.681516020205096,-0.3360016194442792,-6.681418104362011,18303.766323008826,0.0,0.1939561738508999,2.059930667412065,2234285.585289076,599.4148528223552
166400.0,4588913.335729236,230800.98518895076,4588846.080360673,41.518339896990575,1532.4616653442592,41.233606722012865,-6.6814870274262095,-0.3362227363336273,-6.6813890706854036,18303.766323008826,0.0,0.1939561738508999,2.059930667412065,2234285.585289076,599.4148528223552
166500.0,4588917.454155838,230954.22967400297,4588850.170314448,40.850192636224065,1532.4280320143953,40.565469258965436,-6.681458218554617,-0.33644386249035746,-6.681360220913389,18303.766323008826,0.0,0.1939561738508999,2.059930667412065,2234285.585289076,599.4148528223552
166600.0,4588921.505767859,231107.47079461653,4588854.19345462,40.18204824714966,1532.3943765714516,39.897334671700285,-6.681429593582903,-0.3366649979300603,-6.68133155503855,18303.766323008826,0.0,0.1939561738508999,2.059930667412065,2234285.585289076,599.4148528223552
166700.0,4588925.490565583,231260.70854858012,4588858.149781478,39.513906711377736,1532.3606990144992,39.22920294182806,-6.681401152503694,-0.33688614266841965,-6.681303073053514,18303.766323008826,0.0,0.1939561738508999,2.059930667412065,2234285.585289076,599.4148528223552
166800.0,4588929.408549296,231413.94293368226,4588862.039295304,38.845768010519414,1532.3269993426075,38.561074050960165,-6.681372895309678,-0.33710729672121337,-6.681274774950963,18303.766323008826,0.0,0.1939561738508999,2.059930667412065,2234285.585289076,599.4148528223552
166900.0,4588933.25971928,231567.17394771145,4588865.861996382,38.17763212618654,1532.293277554844,37.8929479807087,-6.681344821993568,-0.33732846010431045,-6.681246660723606,18303.766323008826,0.0,0.1939561738508999,2.059930667412065,2234285.585289076,599.4148528223552
167000.0,4588937.044075815,231720.401588456,4588869.617884993,37.50949903999168,1532.2595336502752,37.22482471268651,-6.681316932548129,-0.3375496328336723,-6.68121873036421,18303.766323008826,0.0,0.1939561738508999,2.059930667412065,2234285.585289076,599.4148528223552
167100.0,4588940.76161918,231873.62585370423,4588873.306961416,36.84136873354813,1532.2257676279653,36.556704228507165,-6.681289226966176,-0.3377708149253519,-6.681190983865582,18303.766323008826,0.0,0.1939561738508999,2.059930667412065,2234285.585289076,599.4148528223552
167200.0,4588944.412349653,232026.8467412443,4588876.92922593,36.1732411884699,1532.1919794869775,35.88858650978494,-6.6812617052405665,-0.33799200639549287,-6.68116342122058,18303.766323008826,0.0,0.1939561738508999,2.059930667412065,2234285.585289076,599.4148528223552
167300.0,4588947.99626751,232180.0642488643,4588880.4846788095,35.50511638637171,1532.158169226373,35.22047153813483,-6.681234367364199,-0.3382132072603292,-6.681136042422097,18303.766323008826,0.0,0.1939561738508999,2.059930667412065,2234285.585289076,599.4148528223552
167400.0,4588951.513373022,232333.27837435223,4588883.973320329,34.83699430886899,1532.1243368452117,34.552359295172536,-6.681207213330019,-0.3384344175361851,-6.6811088474630775,18303.766323008826,0.0,0.1939561738508999,2.059930667412065,2234285.585289076,599.4148528223552
167500.0,4588954.963666461,232486.48911549596,4588887.395150759,34.16887493757787,1532.0904823425515,33.884249762514465,-6.681180243131016,-0.3386556372394739,-6.681081836336509,18303.766323008826,0.0,0.1939561738508999,2.059930667412065,2234285.585289076,599.4148528223552
167600.0,4588958.347148099,232639.69647008332,4588890.7501703715,33.500758254115176,1532.056605717449,33.21614292177772,-6.681153456760227,-0.33887686638669795,-6.68105500903542,18303.766323008826,0.0,0.1939561738508999,2.059930667412065,2234285.585289076,599.4148528223552
167700.0,4588961.663818202,232792.900435902,4588894.038379434,32.832644240098446,1532.0227069689588,32.54803875458009,-6.681126854210724,-0.3390981049944479,-6.681028365552884,18303.766323008826,0.0,0.1939561738508999,2.059930667412065,2234285.585289076,599.4148528223552
167800.0,4588964.913677036,232946.10101073963,4588897.259778212,32.16453287714589,1531.9887860961342,31.87993724254008,-6.681100435475627,-0.3393193530794025,-6.6810019058820185,18303.766323008826,0.0,0.1939561738508999,2.059930667412065,2234285.585289076,599.4148528223552
167900.0,4588968.096724865,233099.29819238372,4588900.414366971,31.496424146876404,1531.9548430980265,31.211838367276858,-6.6810742005481005,-0.339540610658328,-6.680975630015983,18303.766323008826,0.0,0.1939561738508999,2.059930667412065,2234285.585289076,599.4148528223552
168000.0,4588971.212961952,233252.4919786217,4588903.502145973,30.828318030909575,1531.9208779736855,30.54374211041028,-6.681048149421354,-0.33976187774807765,-6.680949537947982,18303.766323008826,0.0,0.1939561738508999,2.059930667412065,2234285.585289076,599.4148528223552
168100.0,4588974.262388558,233405.6823672409,4588906.523115479,30.160214510865664,1531.8868907221593,29.875648453560885,-6.681022282088639,-0.3399831543655917,-6.680923629671268,18303.766323008826,0.0,0.1939561738508999,2.059930667412065,2234285.585289076,599.4148528223552
168200.0,4588977.245004941,233558.86935602853,4588909.47727575,29.492113568365603,1531.8528813424941,29.207557378349875,-6.680996598543236,-0.3402044405278953,-6.680897905179115,18303.766323008826,0.0,0.1939561738508999,2.059930667412065,2234285.585289076,599.4148528223552
168300.0,4588980.160811357,233712.05294277176,4588912.364627041,28.824015185030994,1531.818849833735,28.53946886639913,-6.680971098778495,-0.34042573625210093,-6.6808723644648715,18303.766323008826,0.0,0.1939561738508999,2.059930667412065,2234285.585289076,599.4148528223552
168400.0,4588983.009808063,233865.2331252576,4588915.185169608,28.155919342484104,1531.7847961949244,27.87138289933119,-6.680945782787781,-0.34064704155540515,-6.680847007521902,18303.766323008826,0.0,0.1939561738508999,2.059930667412065,2234285.585289076,599.4148528223552
168500.0,4588985.79199531,234018.40990127303,4588917.938903705,27.487826022347857,1531.750720425104,27.20329945876926,-6.68092065056452,-0.3408683564550897,-6.6808218343436225,18303.766323008826,0.0,0.1939561738508999,2.059930667412065,2234285.585289076,599.4148528223552
168600.0,4588988.507373351,234171.58326860488,4588920.625829584,26.819735206245838,1531.716622523313,26.535218526337193,-6.680895702102169,-0.3410896809685208,-6.680796844923494,18303.766323008826,0.0,0.1939561738508999,2.059930667412065,2234285.585289076,599.4148528223552
168700.0,4588991.155942434,234324.75322503992,4588923.245947494,26.151646875802278,1531.682502488589,25.867140083659503,-6.680870937394229,-0.3413110151131483,-6.68077203925501,18303.766323008826,0.0,0.1939561738508999,2.059930667412065,2234285.585289076,599.4148528223552
168800.0,4588993.737702808,234477.9197683648,4588925.799257684,25.48356101264206,1531.6483603199686,25.19906411236135,-6.680846356434248,-0.341532358906506,-6.680747417331717,18303.766323008826,0.0,0.1939561738508999,2.059930667412065,2234285.585289076,599.4148528223552
168900.0,4588996.252654718,234631.0828963661,4588928.285760399,24.81547759839071,1531.6141960164855,24.530990594068534,-6.680821959215812,-0.34175371236621077,-6.6807229791471965,18303.766323008826,0.0,0.1939561738508999,2.059930667412065,2234285.585289076,599.4148528223552
169000.0,4588998.700798409,234784.24260683026,4588930.705455884,24.147396614674392,1531.5800095771724,23.862919510407497,-6.680797745732546,-0.341975075509962,-6.680698724695071,18303.766323008826,0.0,0.1939561738508999,2.059930667412065,2234285.585289076,599.4148528223552
169100.0,4589001.082134122,234937.39889754364,4588933.058344382,23.479318043119907,1531.54580100106,23.19485084300532,-6.6807737159781135,-0.34219644835554114,-6.6806746539690005,18303.766323008826,0.0,0.1939561738508999,2.059930667412065,2234285.585289076,599.4148528223552
169200.0,4589003.396662097,235090.55176629254,4588935.344426133,22.811241865354685,1531.5115702871772,22.526784573489707,-6.680749869946232,-0.34241783092081246,-6.6806507669626995,18303.766323008826,0.0,0.1939561738508999,2.059930667412065,2234285.585289076,599.4148528223552
169300.0,4589005.644382574,235243.70121086313,4588937.563701375,22.143168063006783,1531.4773174345512,21.858720683488997,-6.680726207630645,-0.34263922322372103,-6.680627063669908,18303.766323008826,0.0,0.1939561738508999,2.059930667412065,2234285.585289076,599.4148528223552
169400.0,4589007.825295788,235396.84722904148,4588939.716170347,21.475096617704885,1531.4430424422073,21.19065915463215,-6.680702729025142,-0.34286062528229283,-6.68060354408441,18303.766323008826,0.0,0.1939561738508999,2.059930667412065,2234285.585289076,599.4148528223552
169500.0,4589009.939401975,235549.98981861357,4588941.801833284,20.807027511078292,1531.408745309169,20.522599968548747,-6.68067943412355,-0.34308203711463525,-6.680580208200035,18303.766323008826,0.0,0.1939561738508999,2.059930667412065,2234285.585289076,599.4148528223552
169600.0,4589011.986701367,235703.12897736527,4588943.820690419,20.138960724756917,1531.374426034458,19.854543106868977,-6.680656322919746,-0.343303458738936,-6.680557056010651,18303.766323008826,0.0,0.1939561738508999,2.059930667412065,2234285.585289076,599.4148528223552
169700.0,4589013.967194197,235856.26470308236,4588945.772741983,19.470896240371285,1531.3400846170944,19.186488551223654,-6.680633395407627,-0.3435248901734619,-6.680534087510156,18303.766323008826,0.0,0.1939561738508999,2.059930667412065,2234285.585289076,599.4148528223552
169800.0,4589015.880880692,236009.39699355056,4588947.657988206,18.802834039552536,1531.3057210560958,18.518436283244185,-6.680610651581155,-0.34374633143656075,-6.680511302692504,18303.766323008826,0.0,0.1939561738508999,2.059930667412065,2234285.585289076,599.4148528223552
169900.0,4589017.7277610805,236162.52584655542,4588949.476429315,18.1347741039324,1531.2713353504787,17.850386284562592,-6.680588091434313,-0.3439677825466587,-6.680488701551678,18303.766323008826,0.0,0.1939561738508999,2.059930667412065,2234285.585289076,599.4148528223552
170000.0,4589019.5078355875,236315.65125988246,4588951.228065537,17.466716415143217,1531.2369274992575,17.18233853681149,-6.680565714961131,-0.3441892435222611,-6.680466284081702,18303.766323008826,0.0,0.1939561738508999,2.059930667412065,2234285.585289076,599.4148528223552
170100.0,4589021.2211044375,236468.77323131706,4588952.912897097,16.79866095481792,1531.2024975014447,16.514293021624088,-6.68054352215567,-0.34441071438195164,-6.680444050276638,18303.766323008826,0.0,0.1939561738508999,2.059930667412065,2234285.585289076,599.4148528223552
170200.0,4589022.867567852,236621.8917586445,4588954.530924216,16.130607704590023,1531.168045356051,15.846249720634194,-6.680521513012045,-0.3446321951443927,-6.680422000130594,18303.766323008826,0.0,0.1939561738508999,2.059930667412065,2234285.585289076,599.4148528223552
170300.0,4589024.447226051,236775.00683964998,4588956.082147115,15.462556646093644,1531.1335710620851,15.178208615476198,-6.680499687524393,-0.34485368582832376,-6.680400133637702,18303.766323008826,0.0,0.1939561738508999,2.059930667412065,2234285.585289076,599.4148528223552
170400.0,4589025.960079254,236928.1184721186,4588957.566566012,14.794507760963473,1531.099074618554,14.510169687785075,-6.680478045686907,-0.34507518645256297,-6.680378450792156,18303.766323008826,0.0,0.1939561738508999,2.059930667412065,2234285.585289076,599.4148528223552
170500.0,4589027.406127675,237081.22665383533,4588958.984181125,14.126461030834784,1531.0645560244625,13.84213291919638,-6.6804565874937945,-0.3452966970360041,-6.680356951588157,18303.766323008826,0.0,0.1939561738508999,2.059930667412065,2234285.585289076,599.4148528223552
170600.0,4589028.785371531,237234.3313825851,4588960.334992668,13.458416437343427,1531.030015278814,13.17409829134625,-6.680435312939334,-0.3455182175976195,-6.680335636019982,18303.766323008826,0.0,0.1939561738508999,2.059930667412065,2234285.585289076,599.4148528223552
170700.0,4589030.097811033,237387.4326561527,4588961.619000854,12.790373962125821,1530.9954523806098,12.506065785871382,-6.680414222017813,-0.34573974815645686,-6.680314504081911,18303.766323008826,0.0,0.1939561738508999,2.059930667412065,2234285.585289076,599.4148528223552
170800.0,4589031.3434463935,237540.53047232277,4588962.836205895,12.122333586818957,1530.960867328849,11.838035384409052,-6.680393314723565,-0.34596128873164006,-6.68029355576828,18303.766323008826,0.0,0.1939561738508999,2.059930667412065,2234285.585289076,599.4148528223552
170900.0,4589032.52227782,237693.62482887998,4588963.9866080005,11.454295293060387,1530.926260122529,11.170007068597098,-6.680372591050974,-0.3461828393423699,-6.680272791073465,18303.766323008826,0.0,0.1939561738508999,2.059930667412065,2234285.585289076,599.4148528223552
171000.0,4589033.634305521,237846.71572360877,4588965.070207378,10.786259062488227,1530.8916307606453,10.501980820073918,-6.680352050994445,-0.3464044000079216,-6.680252209991869,18303.766323008826,0.0,0.1939561738508999,2.059930667412065,2234285.585289076,599.4148528223552
171100.0,4589034.679529701,237999.80315429356,4588966.087004233,10.118224876741149,1530.8569792421915,9.83395662047847,-6.6803316945484275,-0.34662597074764634,-6.680231812517936,18303.766323008826,0.0,0.1939561738508999,2.059930667412065,2234285.585289076,599.4148528223552
171200.0,4589035.657950564,238152.88711871865,4588967.03699877,9.450192717458375,1530.8223055661592,9.16593445145026,-6.680311521707413,-0.3468475515809703,-6.680211598646156,18303.766323008826,0.0,0.1939561738508999,2.059930667412065,2234285.585289076,599.4148528223552
171300.0,4589036.569568312,238305.9676146682,4588967.920191191,8.782162566279682,1530.7876097315382,8.49791429462935,-6.68029153246592,-0.34706914252739385,-6.680191568371044,18303.766323008826,0.0,0.1939561738508999,2.059930667412065,2234285.585289076,599.4148528223552
171400.0,4589037.414383144,238459.0446399263,4588968.736581696,8.11413440484539,1530.752891737316,7.829896131656344,-6.680271726818514,-0.34729074360649215,-6.680171721687162,18303.766323008826,0.0,0.1939561738508999,2.059930667412065,2234285.585289076,599.4148528223552
171500.0,4589038.192395259,238612.11819227695,4588969.486170484,7.446108214796357,1530.7181515824786,7.161879944172391,-6.68025210475979,-0.34751235483791443,-6.6801520585891,18303.766323008826,0.0,0.1939561738508999,2.059930667412065,2234285.585289076,599.4148528223552
171600.0,4589038.903604852,238765.18826950405,4588970.16895775,6.778083977773988,1530.6833892660095,6.493865713819176,-6.680232666284381,-0.34773397624138347,-6.680132579071491,18303.766323008826,0.0,0.1939561738508999,2.059930667412065,2234285.585289076,599.4148528223552
171700.0,4589039.548012119,238918.25486939139,4588970.784943691,6.110061675420215,1530.6486047868907,5.825853422238922,-6.680213411386956,-0.3479556078366955,-6.6801132831289936,18303.766323008826,0.0,0.1939561738508999,2.059930667412065,2234285.585289076,599.4148528223552
171800.0,4589040.125617251,239071.31798972262,4588971.334128499,5.442041289377506,1530.6137981441018,5.157843051074383,-6.68019434006223,-0.3481772496437208,-6.680094170756324,18303.766323008826,0.0,0.1939561738508999,2.059930667412065,2234285.585289076,599.4148528223552
171900.0,4589040.63642044,239224.37762828136,4588971.816512365,4.774022801288854,1530.5789693366207,4.489834581968839,-6.680175452304942,-0.34839890168240173,-6.680075241948216,18303.766323008826,0.0,0.1939561738508999,2.059930667412065,2234285.585289076,599.4148528223552
172000.0,4589041.080421874,239377.4337828511,4588972.232095478,4.106006192797778,1530.5441183634234,3.8218279965660953,-6.680156748109868,-0.34862056397275354,-6.680056496699442,18303.766323008826,0.0,0.1939561738508999,2.059930667412065,2234285.585289076,599.4148528223552
172100.0,4589041.457621741,239530.48645121517,4588972.580878026,3.437991445548313,1530.5092452234837,3.1538232765104786,-6.68013822747183,-0.3488422365348645,-6.680037935004822,18303.766323008826,0.0,0.1939561738508999,2.059930667412065,2234285.585289076,599.4148528223552
172200.0,4589041.768020225,239683.53563115688,4588972.862860194,2.7699785411850164,1530.4743499157735,2.485820403446832,-6.680119890385665,-0.3490639193888941,-6.68001955685919,18303.766323008826,0.0,0.1939561738508999,2.059930667412065,2234285.585289076,599.4148528223552
172300.0,4589042.01161751,239836.58132045937,4588973.078042167,2.101967461352954,1530.4394324392622,1.8178193590205116,-6.680101736846277,-0.3492856125550746,-6.68000136225744,18303.766323008826,0.0,0.1939561738508999,2.059930667412065,2234285.585289076,599.4148528223552
172400.0,4589042.188413777,239989.62351690573,4588973.226424127,1.4339581876977046,1530.4044927929178,1.1498201248773843,-6.680083766848575,-0.34950731605370955,-6.679983351194484,18303.766323008826,0.0,0.1939561738508999,2.059930667412065,2234285.585289076,599.4148528223552
172500.0,4589042.298409207,240142.6622182789,4588973.308006252,0.765950701865351,1530.3695309757063,0.4818226826638232,-6.6800659803875195,-0.349729029905174,-6.6799655236652775,18303.766323008826,0.0,0.1939561738508999,2.059930667412065,2234285.585289076,599.4148528223552
172600.0,4589042.341603977,240295.6974223618,4588973.322788722,0.0979449855024791,1530.334546986591,-0.1861729859732958,-6.680048377458105,-0.34995075412991433,-6.679947879664807,18303.766323008826,0.0,0.1939561738508999,2.059930667412065,2234285.585289076,599.4148528223552
172700.0,4589042.317998262,240448.72912693713,4588973.270771713,-0.5700589797438257,1530.2995408245338,-0.8541668993865971,-6.680030958055355,-0.35017248874844775,-6.679930419188098,18303.766323008826,0.0,0.1939561738508999,2.059930667412065,2234285.585289076,599.4148528223552
172800.0,4589042.227592238,240601.75732978756,4588973.1519554,-1.238061212225983,1530.2645124884941,-1.5221590759282093,-6.680013722174335,-0.35039423378136203,-6.679913142230208,18303.766323008826,0.0,0.1939561738508999,2.059930667412065,2234285.585289076,599.4148528223552
172900.0,4589042.070386077,240754.78202869566,4588972.966339955,-1.9060617302959202,1530.2294619774295,-2.1901495339497687,-6.679996669810136,-0.3506159892493157,-6.679896048786227,18303.766323008826,0.0,0.1939561738508999,2.059930667412065,2234285.585289076,599.4148528223552
173000.0,4589041.846379949,240907.80322144384,4588972.71392555,-2.5740605523050757,1530.1943892902957,-2.8581382918024225,-6.6799798009578915,-0.3508377551730374,-6.679879138851282,18303.766323008826,0.0,0.1939561738508999,2.059930667412065,2234285.585289076,599.4148528223552
173100.0,4589041.555574022,241060.82090581447,4588972.394712353,-3.242057696604403,1530.1592944260458,-3.526125367836832,-6.679963115612768,-0.3510595315733259,-6.679862412420538,18303.766323008826,0.0,0.1939561738508999,2.059930667412065,2234285.585289076,599.4148528223552
173200.0,4589041.197968464,241213.83507958977,4588972.008700532,-3.9100531815443738,1530.1241773836311,-4.194110780403177,-6.679946613769964,-0.3512813184710498,-6.679845869489188,18303.766323008826,0.0,0.1939561738508999,2.059930667412065,2234285.585289076,599.4148528223552
173300.0,4589040.77356344,241366.8457405519,4588971.555890252,-4.578047025474981,1530.089038162001,-4.862094547851157,-6.679930295424713,-0.35150311588714733,-6.679829510052462,18303.766323008826,0.0,0.1939561738508999,2.059930667412065,2234285.585289076,599.4148528223552
173400.0,4589040.282359113,241519.85288648284,4588971.036281677,-5.2460392467457435,1530.0538767601024,-5.530076688529999,-6.679914160572274,-0.3517249238426255,-6.679813334105617,18303.766323008826,0.0,0.1939561738508999,2.059930667412065,2234285.585289076,599.4148528223552
173500.0,4589039.724355645,241672.85651516455,4588970.449874968,-5.914029863705707,1530.0186931768803,-6.198057220788454,-6.67989820920796,-0.3519467423585617,-6.679797341643958,18303.766323008826,0.0,0.1939561738508999,2.059930667412065,2234285.585289076,599.4148528223552
173600.0,4589039.099553194,241825.85662437882,4588969.796670286,-6.582018894703451,1529.9834874112778,-6.866036162974807,-6.679882441327098,-0.3521685714561015,-6.679781532662811,18303.766323008826,0.0,0.1939561738508999,2.059930667412065,2234285.585289076,599.4148528223552
173700.0,4589038.407951918,241978.85321190738,4588969.076667788,-7.250006358087088,1529.9482594622357,-7.5340135334368785,-6.679866856925058,-0.35239041115645947,-6.679765907157544,18303.766323008826,0.0,0.1939561738508999,2.059930667412065,2234285.585289076,599.4148528223552
173800.0,4589037.649551974,242131.8462755318,4588968.289867631,-7.91799227220427,1529.9130093286924,-8.201989350522025,-6.679851455997242,-0.3526122614809188,-6.6797504651235515,18303.766323008826,0.0,0.1939561738508999,2.059930667412065,2234285.585289076,599.4148528223552
173900.0,4589036.824353514,242284.8358130336,4588967.43626997,-8.585976655402192,1529.8777370095845,-8.869963632577145,-6.679836238539078,-0.3528341224508307,-6.67973520655626,18303.766323008826,0.0,0.1939561738508999,2.059930667412065,2234285.585289076,599.4148528223552
174000.0,4589035.932356693,242437.82182219415,4588966.515874956,-9.253959526027591,1529.8424425038465,-9.537936397948682,-6.6798212045460446,-0.3530559940876154,-6.679720131451141,18303.766323008826,0.0,0.1939561738508999,2.059930667412065,2234285.585289076,599.4148528223552
174100.0,4589034.973561659,242590.80430079476,4588965.52868274,-9.921940902426755,1529.8071258104108,-10.205907664982629,-6.679806354013629,-0.3532778764127603,-6.67970523980368,18303.766323008826,0.0,0.1939561738508999,2.059930667412065,2234285.585289076,599.4148528223552
174200.0,4589033.947968562,242743.7832466166,4588964.4746934725,-10.589920802945523,1529.7717869282071,-10.873877452024525,-6.679791686937373,-0.35349976944782163,-6.679690531609415,18303.766323008826,0.0,0.1939561738508999,2.059930667412065,2234285.585289076,599.4148528223552
174300.0,4589032.855577548,242896.75865744075,4588963.353907299,-11.257899245929288,1529.7364258561636,-11.54184577741947,-6.679777203312836,-0.3537216732144224,-6.679676006863902,18303.766323008826,0.0,0.1939561738508999,2.059930667412065,2234285.585289076,599.4148528223552
174400.0,4589031.6963887615,243049.73053104815,4588962.166324366,-11.925876249723,1529.7010425932058,-12.209812659512117,-6.67976290313562,-0.3539435877342538,-6.679661665562735,18303.766323008826,0.0,0.1939561738508999,2.059930667412065,2234285.585289076,599.4148528223552
174500.0,4589030.470402346,243202.69886521966,4588960.911944815,-12.593851832671175,1529.6656371382576,-12.877778116646683,-6.67974878640135,-0.3541655130290737,-6.67964750770154,18303.766323008826,0.0,0.1939561738508999,2.059930667412065,2234285.585289076,599.4148528223552
174600.0,4589029.177618442,243355.66365773603,4588959.590768789,-13.26182601311789,1529.63020949024,-13.545742167166946,-6.679734853105691,-0.35438744912070796,-6.679633533275975,18303.766323008826,0.0,0.1939561738508999,2.059930667412065,2234285.585289076,599.4148528223552
174700.0,4589027.81803719,243508.6249063779,4588958.2027964275,-13.92979880940679,1529.5947596480728,-14.213704829416255,-6.679721103244341,-0.35460939603104913,-6.679619742281735,18303.766323008826,0.0,0.1939561738508999,2.059930667412065,2234285.585289076,599.4148528223552
174800.0,4589026.391658726,243661.5826089258,4588956.748027869,-14.597770239881092,1529.5592876106725,-14.881666121737528,-6.679707536813012,-0.35483135378205605,-6.679606134714529,18303.766323008826,0.0,0.1939561738508999,2.059930667412065,2234285.585289076,599.4148528223552
174900.0,4589024.898483187,243814.53676316014,4588955.226463248,-15.265740322883586,1529.5237933769542,-15.549626062473255,-6.679694153807476,-0.35505332239575543,-6.679592710570121,18303.766323008826,0.0,0.1939561738508999,2.059930667412065,2234285.585289076,599.4148528223552
175000.0,4589023.338510706,243967.48736686126,4588953.6381027,-15.933709076756639,1529.4882769458306,-16.217584669965504,-6.679680954223515,-0.3552753018942398,-6.6795794698442945,18303.766323008826,0.0,0.1939561738508999,2.059930667412065,2234285.585289076,599.4148528223552
175100.0,4589021.711741416,244120.43441780936,4588951.982946358,-16.6016765198422,1529.452738316212,-16.885541962555926,-6.679667938056947,-0.355497292299668,-6.679566412532859,18303.766323008826,0.0,0.1939561738508999,2.059930667412065,2234285.585289076,599.4148528223552
175200.0,4589020.0181754455,244273.37791378453,4588950.260994351,-17.269642670481804,1529.4171774870065,-17.55349795858575,-6.679655105303632,-0.35571929363426597,-6.679553538631673,18303.766323008826,0.0,0.1939561738508999,2.059930667412065,2234285.585289076,599.4148528223552
175300.0,4589018.257812924,244426.31785256675,4588948.472246808,-17.937607547016565,1529.3815944571202,-18.2214526763958,-6.679642455959442,-0.3559413059203251,-6.679540848136603,18303.766323008826,0.0,0.1939561738508999,2.059930667412065,2234285.585289076,599.4148528223552
175400.0,4589016.430653977,244579.2542319359,4588946.616703857,-18.605571167787193,1529.3459892254566,-18.889406134326475,-6.679629990020296,-0.35616332918020266,-6.6795283410435635,18303.766323008826,0.0,0.1939561738508999,2.059930667412065,2234285.585289076,599.4148528223552
175500.0,4589014.536698731,244732.18704967175,4588944.6943656225,-19.27353355113399,1529.3103617909176,-19.557358350717777,-6.679617707482139,-0.35638536343632277,-6.6795160173485,18303.766323008826,0.0,0.1939561738508999,2.059930667412065,2234285.585289076,599.4148528223552
175600.0,4589012.575947307,244885.11630355395,4588942.705232227,-19.941494715396853,1529.2747121524021,-20.225309343909306,-6.679605608340947,-0.35660740871117447,-6.679503877047376,18303.766323008826,0.0,0.1939561738508999,2.059930667412065,2234285.585289076,599.4148528223552
175700.0,4589010.548399827,245038.04199136206,4588940.649303794,-20.609454678915277,1529.2390403088073,-20.89325913224025,-6.679593692592714,-0.3568294650273123,-6.679491920136187,18303.766323008826,0.0,0.1939561738508999,2.059930667412065,2234285.585289076,599.4148528223552
175800.0,4589008.454056411,245190.9641108755,4588938.526580441,-21.277413460028363,1529.2033462590277,-21.561207734049407,-6.679581960233493,-0.3570515324073575,-6.679480146610981,18303.766323008826,0.0,0.1939561738508999,2.059930667412065,2234285.585289076,599.4148528223552
175900.0,4589006.292917174,245343.8826598736,4588936.337062286,-21.94537107707481,1529.1676300019562,-22.22915516767518,-6.679570411259344,-0.35727361087399573,-6.679468556467812,18303.766323008826,0.0,0.1939561738508999,2.059930667412065,2234285.585289076,599.4148528223552
176000.0,4589004.064982234,245496.7976361356,4588934.080749446,-22.613327548392935,1529.1318915364827,-22.897101451455576,-6.679559045666358,-0.357495700449978,-6.67945714970277,18303.766323008826,0.0,0.1939561738508999,2.059930667412065,2234285.585289076,599.4148528223552
176100.0,4589001.7702517025,245649.70903744057,4588931.7576420335,-23.281282892320657,1529.096130861495,-23.56504660372821,-6.679547863450662,-0.35771780115812096,-6.679445926311975,18303.766323008826,0.0,0.1939561738508999,2.059930667412065,2234285.585289076,599.4148528223552
176200.0,4588999.408725692,245802.61686156754,4588929.367740162,-23.949237127195516,1529.0603479758793,-24.232990642830316,-6.679536864608419,-0.35793991302130646,-6.679434886291588,18303.766323008826,0.0,0.1939561738508999,2.059930667412065,2234285.585289076,599.4148528223552
176300.0,4588996.980404313,245955.52110629537,4588926.911043941,-24.617190271354662,1529.0245428785183,-24.900933587098745,-6.67952604913581,-0.35816203606248065,-6.679424029637783,18303.766323008826,0.0,0.1939561738508999,2.059930667412065,2234285.585289076,599.4148528223552
176400.0,4588994.485287673,246108.42176940283,4588924.38755348,-25.285142343134872,1528.9887155682934,-25.568875454869964,-6.679515417029053,-0.35838417030465514,-6.6794133563467755,18303.766323008826,0.0,0.1939561738508999,2.059930667412065,2234285.585289076,599.4148528223552
176500.0,4588991.9233758785,246261.31884866857,4588921.797268886,-25.953093360872543,1528.9528660440833,-26.236816264480066,-6.67950496828439,-0.35860631577090635,-6.679402866414804,18303.766323008826,0.0,0.1939561738508999,2.059930667412065,2234285.585289076,599.4148528223552
176600.0,4588989.294669035,246414.21234187114,4588919.140190262,-26.621043342903697,1528.9169943047643,-26.904756034264768,-6.679494702898095,-0.3588284724843751,-6.679392559838136,18303.766323008826,0.0,0.1939561738508999,2.059930667412065,2234285.585289076,599.4148528223552
176700.0,4588986.599167244,246567.10224678897,4588916.416317713,-27.288992307563984,1528.8811003492108,-27.572694782559413,-6.679484620866473,-0.35905064046826746,-6.679382436613076,18303.766323008826,0.0,0.1939561738508999,2.059930667412065,2234285.585289076,599.4148528223552
176800.0,4588983.836870606,246719.98856120039,4588913.62565134,-27.95694027318869,1528.8451841762942,-28.24063252769898,-6.679474722185858,-0.3592728197458532,-6.679372496735949,18303.766323008826,0.0,0.1939561738508999,2.059930667412065,2234285.585289076,599.4148528223552
176900.0,4588981.007779221,246872.8712828836,4588910.768191241,-28.624887258112732,1528.8092457848843,-28.90856928801808,-6.679465006852606,-0.3594950103404673,-6.679362740203108,18303.766323008826,0.0,0.1939561738508999,2.059930667412065,2234285.585289076,599.4148528223552
177000.0,4588978.111893186,247025.7504096167,4588907.843937514,-29.292833280670667,1528.773285173848,-29.576505081850957,-6.679455474863113,-0.3597172122755091,-6.679353167010946,18303.766323008826,0.0,0.1939561738508999,2.059930667412065,2234285.585289076,599.4148528223552
177100.0,4588975.149212597,247178.62593917767,4588904.852890256,-29.96077835919669,1528.7373023420503,-30.244439927531506,-6.679446126213793,-0.359939425574442,-6.679343777155871,18303.766323008826,0.0,0.1939561738508999,2.059930667412065,2234285.585289076,599.4148528223552
177200.0,4588972.119737546,247331.49786934437,4588901.795049559,-30.628722512024645,1528.7012972883535,-30.91237384339325,-6.679436960901097,-0.36016165026079366,-6.6793345706343334,18303.766323008826,0.0,0.1939561738508999,2.059930667412065,2234285.585289076,599.4148528223552
177300.0,4588969.023468125,247484.36619789456,4588898.670415517,-31.296665757488014,1528.6652700116178,-31.58030684776937,-6.679427978921497,-0.36038388635815644,-6.679325547442796,18303.766323008826,0.0,0.1939561738508999,2.059930667412065,2234285.585289076,599.4148528223552
177400.0,4588965.860404423,247637.23092260587,4588895.478988219,-31.964608113919933,1528.6292205107009,-32.248238958992694,-6.6794191802714975,-0.36060613389018614,-6.6793167075777635,18303.766323008826,0.0,0.1939561738508999,2.059930667412065,2234285.585289076,599.4148528223552
177500.0,4588962.630546531,247790.09204125585,4588892.220767754,-32.63254959965319,1528.593148784458,-32.916170195395694,-6.67941056494763,-0.36082839288060303,-6.679308051035756,18303.766323008826,0.0,0.1939561738508999,2.059930667412065,2234285.585289076,599.4148528223552
177600.0,4588959.333894532,247942.9495516219,4588888.895754209,-33.30049023302022,1528.557054831742,-33.5841005753105,-6.679402132946453,-0.36105066335319164,-6.679299577813337,18303.766323008826,0.0,0.1939561738508999,2.059930667412065,2234285.585289076,599.4148528223552
177700.0,4588955.970448512,248095.80345148128,4588885.503947667,-33.968430032353126,1528.5209386514039,-34.2520301170689,-6.679393884264553,-0.36127294533180015,-6.679291287907084,18303.766323008826,0.0,0.1939561738508999,2.059930667412065,2234285.585289076,599.4148528223552
177800.0,4588952.540208553,248248.6537386112,4588882.045348212,-34.63636901598366,1528.4848002422914,-34.91995883900234,-6.679385818898551,-0.36149523884034107,-6.679283181313611,18303.766323008826,0.0,0.1939561738508999,2.059930667412065,2234285.585289076,599.4148528223552
177900.0,4588949.043174735,248401.50041078872,4588878.519955926,-35.30430720224325,1528.4486396032505,-35.587886759441936,-6.679377936845082,-0.36171754390279026,-6.679275258029551,18303.766323008826,0.0,0.1939561738508999,2.059930667412065,2234285.585289076,599.4148528223552
178000.0,4588945.479347139,248554.3434657908,4588874.927770887,-35.97224460946298,1528.4124567331248,-36.25581389671846,-6.679370238100819,-0.36193986054318794,-6.6792675180515735,18303.766323008826,0.0,0.1939561738508999,2.059930667412065,2234285.585289076,599.4148528223552
178100.0,4588941.8487258395,248707.18290139426,4588871.268793172,-36.64018125597361,1528.3762516307552,-36.923740269162344,-6.6793627226624634,-0.36216218878563844,-6.679259961376374,18303.766323008826,0.0,0.1939561738508999,2.059930667412065,2234285.585289076,599.4148528223552
178200.0,4588938.151310912,248860.01871537583,4588867.543022858,-37.30811716010556,1528.3400242949801,-37.591665895103716,-6.679355390526728,-0.3623845286543088,-6.679252588000662,18303.766323008826,0.0,0.1939561738508999,2.059930667412065,2234285.585289076,599.4148528223552
178300.0,4588934.387102432,249012.8509055121,4588863.7504600175,-37.976052340188936,1528.303774724636,-38.25959079287235,-6.679348241690379,-0.3626068801734313,-6.679245397921198,18303.766323008826,0.0,0.1939561738508999,2.059930667412065,2234285.585289076,599.4148528223552
178400.0,4588930.556100468,249165.67946957957,4588859.891104723,-38.64398681455351,1528.2675029185564,-38.92751498079772,-6.679341276150177,-0.36282924336730016,-6.6792383911347395,18303.766323008826,0.0,0.1939561738508999,2.059930667412065,2234285.585289076,599.4148528223552
178500.0,4588926.658305092,249318.5044053546,4588855.964957044,-39.31192060152873,1528.2312088755725,-39.59543847720896,-6.679334493902943,-0.36305161826027554,-6.679231567638101,18303.766323008826,0.0,0.1939561738508999,2.059930667412065,2234285.585289076,599.4148528223552
178600.0,4588922.6937163705,249471.32571061343,4588851.97201705,-39.97985371944375,1528.1948925945135,-40.263361300434894,-6.6793278949455,-0.36327400487677974,-6.679224927428103,18303.766323008826,0.0,0.1939561738508999,2.059930667412065,2234285.585289076,599.4148528223552
178700.0,4588918.6623343695,249624.1433831322,4588847.912284806,-40.647786186627386,1528.1585540742055,-40.93128346880403,-6.679321479274705,-0.363496403241299,-6.679218470501597,18303.766323008826,0.0,0.1939561738508999,2.059930667412065,2234285.585289076,599.4148528223552
178800.0,4588914.564159154,249776.95742068693,4588843.7857603775,-41.315718021408145,1528.1221933134727,-41.59920500064456,-6.679315246887444,-0.36371881337838374,-6.679212196855465,18303.766323008826,0.0,0.1939561738508999,2.059930667412065,2234285.585289076,599.4148528223552
178900.0,4588910.399190785,249929.7678210535,4588839.592443827,-41.983649242114225,1528.0858103111366,-42.267125914284364,-6.679309197780629,-0.36394123531264794,-6.679206106486614,18303.766323008826,0.0,0.1939561738508999,2.059930667412065,2234285.585289076,599.4148528223552
179000.0,4588906.167429325,250082.5745820077,4588835.332335214,-42.651579867073515,1528.049405066016,-42.93504622805102,-6.679303331951188,-0.36416366906876857,-6.679200199391966,18303.766323008826,0.0,0.1939561738508999,2.059930667412065,2234285.585289076,599.4148528223552
179100.0,4588901.868874831,250235.37770132523,4588831.0054346,-43.319509914613604,1528.0129775769278,-43.602965960271796,-6.679297649396098,-0.36438611467148774,-6.679194475568495,18303.766323008826,0.0,0.1939561738508999,2.059930667412065,2234285.585289076,599.4148528223552
179200.0,4588897.503527361,250388.17717678158,4588826.611742041,-43.98743940306178,1527.976527842686,-44.27088512927366,-6.679292150112329,-0.3646085721456096,-6.679188935013168,18303.766323008826,0.0,0.1939561738508999,2.059930667412065,2234285.585289076,599.4148528223552
179300.0,4588893.071386969,250540.9730061522,4588822.151257592,-44.655368350745015,1527.940055862102,-44.93880375338327,-6.679286834096905,-0.36483104151600315,-6.679183577723002,18303.766323008826,0.0,0.1939561738508999,2.059930667412065,2234285.585289076,599.4148528223552
179400.0,4588888.572453708,250693.7651872124,4588817.623981307,-45.32329677599,1527.9035616339854,-45.606721850926995,-6.679281701346864,-0.36505352280760106,-6.67917840369503,18303.766323008826,0.0,0.1939561738508999,2.059930667412065,2234285.585289076,599.4148528223552
179500.0,4588884.00672763,250846.55371773738,4588813.029913238,-45.99122469712313,1527.8670451571425,-46.274639440230914,-6.679276751859264,-0.36527601604539883,-6.679173412926306,18303.766323008826,0.0,0.1939561738508999,2.059930667412065,2234285.585289076,599.4148528223552
179600.0,4588879.374208785,250999.33859550217,4588808.3690534355,-46.6591521324705,1527.8305064303772,-46.9425565396208,-6.6792719856312,-0.36549852125445675,-6.679168605413923,18303.766323008826,0.0,0.1939561738508999,2.059930667412065,2234285.585289076,599.4148528223552
179700.0,4588874.674897219,251152.11981828173,4588803.641401947,-47.32707910035793,1527.7939454524915,-47.61047316742215,-6.679267402659785,-0.36572103845989834,-6.6791639811549866,18303.766323008826,0.0,0.1939561738508999,2.059930667412065,2234285.585289076,599.4148528223552
179800.0,4588869.908792979,251304.8973838509,4588798.846958817,-47.99500561911092,1527.7573622222844,-48.27838934196016,-6.679263002942159,-0.36594356768691116,-6.679159540146632,18303.766323008826,0.0,0.1939561738508999,2.059930667412065,2234285.585289076,599.4148528223552
179900.0,4588865.075896109,251457.6712899844,4588793.985724092,-48.662931707054724,1527.7207567385526,-48.946305081559736,-6.679258786475481,-0.36616610896074614,-6.679155282386016,18303.766323008826,0.0,0.1939561738508999,2.059930667412065,2234285.585289076,599.4148528223552
180000.0,4588860.176206652,251610.4415344568,4588789.057697815,-49.33085738251429,1527.68412900009,-49.61422040454552,-6.679254753256947,-0.3663886623067188,-6.679151207870326,18303.766323008826,0.0,0.1939561738508999,2.059930667412065,2234285.585289076,599.4148528223552
180100.0,4588855.209724647,251763.20811504257,4588784.062880025,-49.99878266381429,1527.6474790056882,-50.28213532924187,-6.67925090328376,-0.3666112277502077,-6.6791473165967625,18303.766323008826,0.0,0.1939561738508999,2.059930667412065,2234285.585289076,599.4148528223552
180200.0,4588850.176450132,251915.97102951605,4588779.001270762,-50.666707569279126,1527.6108067541359,-50.95004987397285,-6.679247236553171,-0.36683380531665655,-6.679143608562573,18303.766323008826,0.0,0.1939561738508999,2.059930667412065,2234285.585289076,599.4148528223552
180300.0,4588845.0763831455,252068.73027565147,4588773.8728700625,-51.33463211723292,1527.5741122442198,-51.61796405706227,-6.679243753062431,-0.36705639503157156,-6.679140083765,18303.766323008826,0.0,0.1939561738508999,2.059930667412065,2234285.585289076,599.4148528223552
180400.0,4588839.909523721,252221.4858512229,4588768.677677962,-52.00255632599952,1527.5373954747238,-52.28587789683365,-6.67924045280883,-0.3672789969205241,-6.679136742201332,18303.766323008826,0.0,0.1939561738508999,2.059930667412065,2234285.585289076,599.4148528223552
180500.0,4588834.675871891,252374.23775400437,4588763.415694494,-52.6704802139025,1527.500656444429,-52.95379141161024,-6.679237335789679,-0.3675016110091494,-6.679133583868877,18303.766323008826,0.0,0.1939561738508999,2.059930667412065,2234285.585289076,599.4148528223552
180600.0,4588829.375427688,252526.9859817697,4588758.08691969,-53.33840379926518,1527.4638951521144,-53.62170461971504,-6.6792344020023044,-0.36772423732314613,-6.679130608764955,18303.766323008826,0.0,0.1939561738508999,2.059930667412065,2234285.585289076,599.4148528223552
180700.0,4588824.00819114,252679.73053229268,4588752.691353579,-54.0063271004106,1527.4271115965562,-54.28961753947076,-6.679231651444073,-0.3679468758882782,-6.679127816886925,18303.766323008826,0.0,0.1939561738508999,2.059930667412065,2234285.585289076,599.4148528223552
180800.0,4588818.574162276,252832.4714033469,4588747.22899619,-54.674250135661545,1527.3903057765276,-54.957530189199865,-6.679229084112357,-0.36816952673037273,-6.679125208232156,18303.766323008826,0.0,0.1939561738508999,2.059930667412065,2234285.585289076,599.4148528223552
180900.0,4588813.073341122,252985.2085927058,4588741.699847549,-55.342172923340534,1527.3534776908,-55.62544258722455,-6.679226700004562,-0.3683921898753217,-6.679122782798049,18303.766323008826,0.0,0.1939561738508999,2.059930667412065,2234285.585289076,599.4148528223552
181000.0,4588807.5057277,253137.9420981428,4588736.10390768,-56.01009548176984,1527.3166273381416,-56.293354751866744,-6.6792244991181215,-0.36861486534908194,-6.679120540582033,18303.766323008826,0.0,0.1939561738508999,2.059930667412065,2234285.585289076,599.4148528223552
181100.0,4588801.871322033,253290.67191743114,4588730.441176605,-56.678017829271454,1527.2797547173184,-56.96126670144814,-6.679222481450479,-0.3688375531776739,-6.679118481581548,18303.766323008826,0.0,0.1939561738508999,2.059930667412065,2234285.585289076,599.4148528223552
181200.0,4588796.170124141,253443.39804834395,4588724.711654346,-57.34593998416714,1527.2428598270935,-57.629178454290155,-6.679220646999111,-0.369060253387183,-6.679116605794065,18303.766323008826,0.0,0.1939561738508999,2.059930667412065,2234285.585289076,599.4148528223552
181300.0,4588790.402134041,253596.1204886542,4588718.915340921,-58.0138619647784,1527.2059426662274,-58.29709002871397,-6.679218995761514,-0.3692829660037592,-6.679114913217073,18303.766323008826,0.0,0.1939561738508999,2.059930667412065,2234285.585289076,599.4148528223552
181400.0,4588784.567351752,253748.8392361348,4588713.0522363465,-58.68178378942648,1527.1690032334782,-58.9650014430405,-6.6792175277352035,-0.36950569105361714,-6.67911340384809,18303.766323008826,0.0,0.1939561738508999,2.059930667412065,2234285.585289076,599.4148528223552
181500.0,4588778.665777287,253901.5542885585,4588707.122340637,-59.3497054764324,1527.1320415276014,-59.632912715590436,-6.679216242917729,-0.3697284285630363,-6.6791120776846515,18303.766323008826,0.0,0.1939561738508999,2.059930667412065,2234285.585289076,599.4148528223552
181600.0,4588772.697410661,254054.26564369787,4588701.125653807,-60.01762704411691,1527.0950575473494,-60.300823864684205,-6.679215141306643,-0.36995117855836057,-6.679110934724309,18303.766323008826,0.0,0.1939561738508999,2.059930667412065,2234285.585289076,599.4148528223552
181700.0,4588766.662251882,254206.97329932544,4588695.062175867,-60.68554851080052,1527.0580512914726,-60.96873490864199,-6.679214222899537,-0.37017394106599943,-6.679109974964649,18303.766323008826,0.0,0.1939561738508999,2.059930667412065,2234285.585289076,599.4148528223552
181800.0,4588760.560300961,254359.6772532136,4588688.931906828,-61.35346989480353,1527.0210227587183,-61.63664586578375,-6.679213487694022,-0.3703967161124274,-6.679109198403278,18303.766323008826,0.0,0.1939561738508999,2.059930667412065,2234285.585289076,599.4148528223552
181900.0,4588754.391557905,254512.37750313457,4588682.734846696,-62.02139121444597,1526.9839719478314,-62.30455675442918,-6.679212935687723,-0.3706195037241836,-6.6791086050378174,18303.766323008826,0.0,0.1939561738508999,2.059930667412065,2234285.585289076,599.4148528223552
182000.0,4588748.156022719,254665.0740468605,4588676.470995478,-62.68931248804764,1526.9468988575538,-62.972467592897765,-6.67921256687829,-0.3708423039278729,-6.67910819486591,18303.766323008826,0.0,0.1939561738508999,2.059930667412065,2234285.585289076,599.4148528223552
182100.0,4588741.8536954075,254817.76688216339,4588670.140353179,-63.35723373392811,1526.9098034866252,-63.64037839950874,-6.679212381263405,-0.37106511675016535,-6.679107967885233,18303.766323008826,0.0,0.1939561738508999,2.059930667412065,2234285.585289076,599.4148528223552
182200.0,4588735.484575972,254970.4560068151,4588663.742919799,-64.02515497040673,1526.8726858337823,-64.30828919258111,-6.679212378840759,-0.3712879422177967,-6.679107924093476,18303.766323008826,0.0,0.1939561738508999,2.059930667412065,2234285.585289076,599.4148528223552
182300.0,4588729.048664412,255123.1414185874,4588657.27869534,-64.6930762158026,1526.8355458977592,-64.97619999043366,-6.679212559608064,-0.3715107803575678,-6.679108063488339,18303.766323008826,0.0,0.1939561738508999,2.059930667412065,2234285.585289076,599.4148528223552
182400.0,4588722.545960727,255275.82311525184,4588650.747679801,-65.3609974884346,1526.7983836772873,-65.64411081138492,-6.679212923563065,-0.37173363119634595,-6.679108386067568,18303.766323008826,0.0,0.1939561738508999,2.059930667412065,2234285.585289076,599.4148528223552
182500.0,4588715.976464913,255428.50109458,4588644.149873177,-66.0289188066214,1526.7611991710955,-66.31202167375324,-6.679213470703513,-0.37195649476106335,-6.679108891828907,18303.766323008826,0.0,0.1939561738508999,2.059930667412065,2234285.585289076,599.4148528223552
182600.0,4588709.340176964,255581.17535434317,4588637.485275464,-66.69684018868142,1526.72399237791,-66.9799325958567,-6.679214201027196,-0.37217937107871935,-6.679109580770138,18303.766323008826,0.0,0.1939561738508999,2.059930667412065,2234285.585289076,599.4148528223552
182700.0,4588702.637096873,255733.84589231262,4588630.753886655,-67.36476165293287,1526.6867632964538,-67.64784359601319,-6.67921511453191,-0.3724022601763783,-6.679110452889054,18303.766323008826,0.0,0.1939561738508999,2.059930667412065,2234285.585289076,599.4148528223552
182800.0,4588695.86722463,255886.51270625947,4588623.955706742,-68.03268321769376,1526.6495119254478,-68.31575469254037,-6.679216211215477,-0.3726251620811714,-6.679111508183472,18303.766323008826,0.0,0.1939561738508999,2.059930667412065,2234285.585289076,599.4148528223552
182900.0,4588689.030560225,256039.1757939547,4588617.090735713,-68.70060490128185,1526.6122382636097,-68.98366590375566,-6.6792174910757405,-0.37284807682029614,-6.679112746651226,18303.766323008826,0.0,0.1939561738508999,2.059930667412065,2234285.585289076,599.4148528223552
183000.0,4588682.127103645,256191.83515316914,4588610.158973557,-69.36852672201472,1526.574942309655,-69.65157724797632,-6.679218954110555,-0.373071004421016,-6.679114168290171,18303.766323008826,0.0,0.1939561738508999,2.059930667412065,2234285.585289076,599.4148528223552
183100.0,4588675.156854875,256344.49078167352,4588603.1604202585,-70.03644869820971,1526.537624062296,-70.31948874351934,-6.679220600317812,-0.37329394491066203,-6.679115773098193,18303.766323008826,0.0,0.1939561738508999,2.059930667412065,2234285.585289076,599.4148528223552
183200.0,4588668.1198138995,256497.14267723844,4588596.095075802,-70.70437084818396,1526.5002835202422,-70.98740040870153,-6.679222429695412,-0.3735168983166315,-6.679117561073184,18303.766323008826,0.0,0.1939561738508999,2.059930667412065,2234285.585289076,599.4148528223552
183300.0,4588661.015980699,256649.79083763438,4588588.96294017,-71.3722931902544,1526.462920682201,-71.65531226183948,-6.679224442241267,-0.3737398646663881,-6.679119532213054,18303.766323008826,0.0,0.1939561738508999,2.059930667412065,2234285.585289076,599.4148528223552
183400.0,4588653.845355255,256802.43526063167,4588581.7640133435,-72.04021574273774,1526.4255355468765,-72.32322432124957,-6.679226637953332,-0.37396284398746393,-6.67912168651575,18303.766323008826,0.0,0.1939561738508999,2.059930667412065,2234285.585289076,599.4148528223552
183500.0,4588646.607937544,256955.07594400048,4588574.498295299,-72.70813852395052,1526.3881281129702,-72.99113660524799,-6.679229016829565,-0.37418583630745766,-6.679124023979226,18303.766323008826,0.0,0.1939561738508999,2.059930667412065,2234285.585289076,599.4148528223552
183600.0,4588639.303727542,257107.71288551093,4588567.165786014,-73.37606155220905,1526.3506983791808,-73.65904913215071,-6.679231578867942,-0.374408841654035,-6.679126544601456,18303.766323008826,0.0,0.1939561738508999,2.059930667412065,2234285.585289076,599.4148528223552
183700.0,4588631.932725225,257260.34608293296,4588559.766485464,-74.04398484582944,1526.3132463442043,-74.3269619202735,-6.679234324066471,-0.37463186005493004,-6.6791292483804385,18303.766323008826,0.0,0.1939561738508999,2.059930667412065,2234285.585289076,599.4148528223552
183800.0,4588624.4949305635,257412.97553403635,4588552.3003936205,-74.71190842312761,1526.2757720067339,-74.99487498793195,-6.679237252423165,-0.374854891537944,-6.679132135314182,18303.766323008826,0.0,0.1939561738508999,2.059930667412065,2234285.585289076,599.4148528223552
183900.0,4588616.99034353,257565.60123659082,4588544.767510456,-75.37983230241927,1526.2382753654597,-75.66278835344143,-6.679240363936063,-0.3750779361309463,-6.6791352054007245,18303.766323008826,0.0,0.1939561738508999,2.059930667412065,2234285.585289076,599.4148528223552
184000.0,4588609.418964093,257718.22318836593,4588537.16783594,-76.04775650201996,1526.2007564190696,-76.33070203511713,-6.6792436586032276,-0.3753009938618748,-6.679138458638118,18303.766323008826,0.0,0.1939561738508999,2.059930667412065,2234285.585289076,599.4148528223552
184100.0,4588601.780792219,257870.84138713108,4588529.501370038,-76.715681040245,1526.1632151662484,-76.99861605127403,-6.679247136422727,-0.37552406475873495,-6.679141895024428,18303.766323008826,0.0,0.1939561738508999,2.059930667412065,2234285.585289076,599.4148528223552
184200.0,4588594.075827873,258023.45583065558,4588521.768112717,-77.38360593540952,1526.125651605678,-77.66653042022692,-6.679250797392661,-0.37574714884960136,-6.679145514557749,18303.766323008826,0.0,0.1939561738508999,2.059930667412065,2234285.585289076,599.4148528223552
184300.0,4588586.304071019,258176.06651670858,4588513.968063941,-78.05153120582848,1526.0880657360378,-78.33444516029041,-6.679254641511141,-0.37597024616261704,-6.679149317236188,18303.766323008826,0.0,0.1939561738508999,2.059930667412065,2234285.585289076,599.4148528223552
184400.0,4588578.465521619,258328.67344305912,4588506.101223672,-78.71945686981664,1526.050457556004,-79.00236028977893,-6.679258668776297,-0.3761933567259939,-6.679153303057871,18303.766323008826,0.0,0.1939561738508999,2.059930667412065,2234285.585289076,599.4148528223552
184500.0,4588570.560179631,258481.27660747606,4588498.16759187,-79.38738294568857,1526.0128270642501,-79.6702758270067,-6.679262879186282,-0.3764164805680128,-6.679157472020939,18303.766323008826,0.0,0.1939561738508999,2.059930667412065,2234285.585289076,599.4148528223552
184600.0,4588562.588045015,258633.8760077282,4588490.167168492,-80.05530945175866,1525.975174259447,-80.33819179028778,-6.679267272739254,-0.376639617717024,-6.679161824123553,18303.766323008826,0.0,0.1939561738508999,2.059930667412065,2234285.585289076,599.4148528223552
184700.0,4588554.549117726,258786.47164158412,4588482.099953497,-80.72323640634113,1525.9374991402622,-81.00610819793602,-6.679271849433412,-0.3768627682014475,-6.6791663593639,18303.766323008826,0.0,0.1939561738508999,2.059930667412065,2234285.585289076,599.4148528223552
184800.0,4588546.4433977185,258939.06350681238,4588473.965946837,-81.39116382774999,1525.8998017053611,-81.6740250682651,-6.679276609266945,-0.37708593204977253,-6.67917107774017,18303.766323008826,0.0,0.1939561738508999,2.059930667412065,2234285.585289076,599.4148528223552
184900.0,4588538.270884944,259091.6516011813,4588465.765148467,-82.0590917342991,1525.8620819534058,-82.34194241958852,-6.679281552238076,-0.37730910929055816,-6.679175979250577,18303.766323008826,0.0,0.1939561738508999,2.059930667412065,2234285.585289076,599.4148528223552
185000.0,4588530.031579355,259244.23592245913,4588457.497558337,-82.72702014430213,1525.8243398830557,-83.00986027021962,-6.6792866783450435,-0.3775322999524343,-6.679181063893354,18303.766323008826,0.0,0.1939561738508999,2.059930667412065,2234285.585289076,599.4148528223552
185100.0,4588521.725480898,259396.81646841395,4588449.163176396,-83.39494907607258,1525.7865754929671,-83.67777863847154,-6.6792919875861045,-0.37775550406410074,-6.679186331666755,18303.766323008826,0.0,0.1939561738508999,2.059930667412065,2234285.585289076,599.4148528223552
185200.0,4588513.352589522,259549.3932368137,4588440.762002591,-84.06287854792376,1525.7487887817936,-84.34569754265726,-6.679297479959526,-0.37797872165432767,-6.6791917825690374,18303.766323008826,0.0,0.1939561738508999,2.059930667412065,2234285.585289076,599.4148528223552
185300.0,4588504.91290517,259701.9662254262,4588432.294036869,-84.73080857816883,1525.710979748186,-85.01361700108959,-6.6793031554635975,-0.3782019527519563,-6.679197416598491,18303.766323008826,0.0,0.1939561738508999,2.059930667412065,2234285.585289076,599.4148528223552
185400.0,4588496.406427787,259854.53543201918,4588423.759279172,-85.39873918512077,1525.673148390792,-85.68153703208114,-6.679309014096619,-0.37842519738589875,-6.679203233753405,18303.766323008826,0.0,0.1939561738508999,2.059930667412065,2234285.585289076,599.4148528223552
185500.0,4588487.833157313,260007.10085436018,4588415.157729442,-86.0666703870924,1525.6352947082567,-86.34945765394438,-6.679315055856916,-0.3786484555851387,-6.679209234032104,18303.766323008826,0.0,0.1939561738508999,2.059930667412065,2234285.585289076,599.4148528223552
185600.0,4588479.193093689,260159.6624902166,4588406.48938762,-86.73460220239635,1525.5974186992219,-87.01737888499163,-6.679321280742827,-0.3788717273787313,-6.679215417432917,18303.766323008826,0.0,0.1939561738508999,2.059930667412065,2234285.585289076,599.4148528223552
185700.0,4588470.486236852,260312.22033735574,4588397.7542536445,-87.4025346493451,1525.5595203623268,-87.68530074353498,-6.6793276887526964,-0.37909501279580277,-6.679221783954188,18303.766323008826,0.0,0.1939561738508999,2.059930667412065,2234285.585289076,599.4148528223552
185800.0,4588461.712586737,260464.77439354477,4588388.952327451,-88.07046774625097,1525.5215996962077,-88.35322324788642,-6.679334279884903,-0.37931831186555254,-6.679228333594286,18303.766323008826,0.0,0.1939561738508999,2.059930667412065,2234285.585289076,599.4148528223552
185900.0,4588452.87214328,260617.32465655066,4588380.083608973,-88.7384015114261,1525.4836566994977,-89.02114641635774,-6.679341054137826,-0.3795416246172513,-6.679235066351586,18303.766323008826,0.0,0.1939561738508999,2.059930667412065,2234285.585289076,599.4148528223552
186000.0,4588443.964906412,260769.87112414028,4588371.148098145,-89.4063359631825,1525.4456913708273,-89.68907026726059,-6.67934801150986,-0.3797649510802422,-6.679241982224478,18303.766323008826,0.0,0.1939561738508999,2.059930667412065,2234285.585289076,599.4148528223552
186100.0,4588434.990876064,260922.41379408038,4588362.145794896,-90.07427111983199,1525.4077037088236,-90.35699481890644,-6.679355151999436,-0.37998829128394285,-6.679249081211389,18303.766323008826,0.0,0.1939561738508999,2.059930667412065,2234285.585289076,599.4148528223552
186200.0,4588425.950052164,261074.95266413756,4588353.076699157,-90.74220699968625,1525.3696937121115,-91.02492008960662,-6.679362475604974,-0.3802116452578416,-6.6792563633107305,18303.766323008826,0.0,0.1939561738508999,2.059930667412065,2234285.585289076,599.4148528223552
186300.0,4588416.842434639,261227.48773207827,4588343.940810855,-91.41014362105679,1525.3316613793122,-91.69284609767229,-6.679369982324925,-0.38043501303150157,-6.679263828520948,18303.766323008826,0.0,0.1939561738508999,2.059930667412065,2234285.585289076,599.4148528223552
186400.0,4588407.668023414,261380.01899566883,4588334.738129913,-92.07808100225499,1525.2936067090443,-92.36077286141446,-6.6793776721577425,-0.380658394634559,-6.679271476840491,18303.766323008826,0.0,0.1939561738508999,2.059930667412065,2234285.585289076,599.4148528223552
186500.0,4588398.426818413,261532.54645267545,4588325.468656257,-92.74601916159205,1525.2555296999233,-93.02870039914399,-6.679385545101911,-0.38088179009672424,-6.679279308267838,18303.766323008826,0.0,0.1939561738508999,2.059930667412065,2234285.585289076,599.4148528223552
186600.0,4588389.118819555,261685.07010086416,4588316.132389807,-93.41395811737902,1525.217430350562,-93.69662872917158,-6.679393601155913,-0.38110519944778154,-6.679287322801467,18303.766323008826,0.0,0.1939561738508999,2.059930667412065,2234285.585289076,599.4148528223552
186700.0,4588379.7440267615,261837.58993800086,4588306.729330484,-94.08189788792684,1525.1793086595699,-94.36455786980778,-6.679401840318262,-0.3813286227175901,-6.679295520439883,18303.766323008826,0.0,0.1939561738508999,2.059930667412065,2234285.585289076,599.4148528223552
186800.0,4588370.3024399495,261990.1059618513,4588297.259478206,-94.74983849154624,1525.1411646255535,-95.032487839363,-6.679410262587466,-0.38155205993608315,-6.679303901181595,18303.766323008826,0.0,0.1939561738508999,2.059930667412065,2234285.585289076,599.4148528223552
186900.0,4588360.794059034,262142.61817018114,4588287.722832888,-95.41777994654785,1525.1029982471166,-95.70041865614749,-6.679418867962066,-0.38177551113326946,-6.679312465025131,18303.766323008826,0.0,0.1939561738508999,2.059930667412065,2234285.585289076,599.4148528223552
187000.0,4588351.218883931,262295.1265607559,4588278.119394446,-96.08572227124213,1525.0648095228598,-96.36835033847137,-6.679427656440609,-0.3819989763392333,-6.679321211969034,18303.766323008826,0.0,0.1939561738508999,2.059930667412065,2234285.585289076,599.4148528223552
187100.0,4588341.576914551,262447.6311313408,4588268.4491627915,-96.7536654839394,1525.0265984513808,-97.0362829046446,-6.679436628021646,-0.38222245558413365,-6.679330142011853,18303.766323008826,0.0,0.1939561738508999,2.059930667412065,2234285.585289076,599.4148528223552
187200.0,4588331.868150804,262600.13187970116,4588258.712137835,-97.42160960294983,1524.988365031274,-97.70421637297699,-6.67944578270376,-0.3824459488982067,-6.679339255152161,18303.766323008826,0.0,0.1939561738508999,2.059930667412065,2234285.585289076,599.4148528223552
187300.0,4588322.0925926,262752.628803602,4588248.908319486,-98.08955464658347,1524.9501092611313,-98.37215076177823,-6.6794551204855335,-0.38266945631176413,-6.6793485513885384,18303.766323008826,0.0,0.1939561738508999,2.059930667412065,2234285.585289076,599.4148528223552
187400.0,4588312.2502398435,262905.1219008083,4588239.037707652,-98.7575006331502,1524.9118311395407,-99.04008608935786,-6.679464641365572,-0.38289297785519477,-6.679358030719582,18303.766323008826,0.0,0.1939561738508999,2.059930667412065,2234285.585289076,599.4148528223552
187500.0,4588302.341092441,263057.6111690848,4588229.100302237,-99.4254475809598,1524.873530665088,-99.70802237402526,-6.6794743453424825,-0.38311651355896376,-6.679367693143896,18303.766323008826,0.0,0.1939561738508999,2.059930667412065,2234285.585289076,599.4148528223552
187600.0,4588292.365150295,263210.09660619614,4588219.096103145,-100.09339550832188,1524.835207836356,-100.3759596340897,-6.67948423241489,-0.3833400634536135,-6.6793775386601,18303.766323008826,0.0,0.1939561738508999,2.059930667412065,2234285.585289076,599.4148528223552
187700.0,4588282.322413307,263362.5782099069,4588209.025110277,-100.76134443354591,1524.7968626519234,-101.0438978878603,-6.6794943025814355,-0.3835636275697646,-6.679387567266827,18303.766323008826,0.0,0.1939561738508999,2.059930667412065,2234285.585289076,599.4148528223552
187800.0,4588272.212881375,263515.0559779813,4588198.887323534,-101.42929437494126,1524.758495110367,-101.71183715364603,-6.6795045558407695,-0.3837872059381151,-6.679397778962722,18303.766323008826,0.0,0.1939561738508999,2.059930667412065,2234285.585289076,599.4148528223552
187900.0,4588262.036554397,263667.5299081837,4588188.682742813,-102.09724535081712,1524.7201052102598,-102.37977744975576,-6.6795149921915575,-0.3840107985894417,-6.679408173746446,18303.766323008826,0.0,0.1939561738508999,2.059930667412065,2234285.585289076,599.4148528223552
188000.0,4588251.793432269,263819.99999827804,4588178.41136801,-102.76519737948257,1524.681692950172,-103.04771879449821,-6.6795256116324655,-0.3842344055545989,-6.67941875161666,18303.766323008826,0.0,0.1939561738508999,2.059930667412065,2234285.585289076,599.4148528223552
188100.0,4588241.483514885,263972.4662460283,4588168.073199019,-103.43315047924656,1524.6432583286708,-103.71566120618193,-6.67953641416219,-0.3844580268645211,-6.679429512572052,18303.766323008826,0.0,0.1939561738508999,2.059930667412065,2234285.585289076,599.4148528223552
188200.0,4588231.106802138,264124.9286491983,4588157.668235732,-104.10110466841792,1524.6048013443199,-104.38360470311541,-6.679547399779423,-0.3846816625502215,-6.679440456611309,18303.766323008826,0.0,0.1939561738508999,2.059930667412065,2234285.585289076,599.4148528223552
188300.0,4588220.663293915,264277.38720555167,4588147.196478041,-104.76905996530532,1524.5663219956805,-105.05154930360695,-6.679558568482879,-0.3849053126427932,-6.679451583733143,18303.766323008826,0.0,0.1939561738508999,2.059930667412065,2234285.585289076,599.4148528223552
188400.0,4588210.1529901065,264429.8419128519,4588136.657925834,-105.43701638821732,1524.5278202813101,-105.71949502596475,-6.67956992027127,-0.38512897717340905,-6.679462893936257,18303.766323008826,0.0,0.1939561738508999,2.059930667412065,2234285.585289076,599.4148528223552
188500.0,4588199.575890599,264582.29276886233,4588126.052578998,-106.10497395546236,1524.4892961997634,-106.38744188849687,-6.679581455143333,-0.38535265617332237,-6.679474387219381,18303.766323008826,0.0,0.1939561738508999,2.059930667412065,2234285.585289076,599.4148528223552
188600.0,4588188.931995276,264734.7397713462,4588115.380437418,-106.77293268534874,1524.450749749592,-107.05538990951125,-6.679593173097813,-0.38557634967386795,-6.679486063581258,18303.766323008826,0.0,0.1939561738508999,2.059930667412065,2234285.585289076,599.4148528223552
188700.0,4588178.221304022,264887.18291806657,4588104.641500977,-107.44089259618463,1524.4121809293442,-107.7233391073157,-6.679605074133461,-0.3858000577064609,-6.679497923020632,18303.766323008826,0.0,0.1939561738508999,2.059930667412065,2234285.585289076,599.4148528223552
188800.0,4588167.443816717,265039.62220678636,4588093.835769556,-108.10885370627808,1524.3735897375652,-108.39128950021791,-6.6796171582490365,-0.38602378030259804,-6.679509965536255,18303.766323008826,0.0,0.1939561738508999,2.059930667412065,2234285.585289076,599.4148528223552
188900.0,4588156.59953324,265192.0576352683,4588082.9632430365,-108.77681603393705,1524.3349761727973,-109.05924110652545,-6.679629425443316,-0.3862475174938584,-6.679522191126898,18303.766323008826,0.0,0.1939561738508999,2.059930667412065,2234285.585289076,599.4148528223552
189000.0,4588145.688453469,265344.4892012751,4588072.023921294,-109.44477959746933,1524.296340233579,-109.72719394454575,-6.679641875715083,-0.3864712693119032,-6.679534599791338,18303.766323008826,0.0,0.1939561738508999,2.059930667412065,2234285.585289076,599.4148528223552
189100.0,4588134.710577279,265496.9169025692,4588061.017804205,-110.11274441518262,1524.2576819184462,-110.39514803258614,-6.6796545090631305,-0.38669503578847647,-6.679547191528365,18303.766323008826,0.0,0.1939561738508999,2.059930667412065,2234285.585289076,599.4148528223552
189200.0,4588123.665904544,265649.3407369129,4588049.944891645,-110.78071050538446,1524.2190012259316,-111.0631033889538,-6.679667325486266,-0.3869188169554054,-6.679559966336778,18303.766323008826,0.0,0.1939561738508999,2.059930667412065,2234285.585289076,599.4148528223552
189300.0,4588112.554435136,265801.76070206845,4588038.805183484,-111.44867788638233,1524.1802981545645,-111.73106003195583,-6.679680324983292,-0.3871426128446006,-6.679572924215375,18303.766323008826,0.0,0.1939561738508999,2.059930667412065,2234285.585289076,599.4148528223552
189400.0,4588101.376168923,265954.17679579783,4588027.598679595,-112.11664657648355,1524.141572702871,-112.39901797989918,-6.679693507553038,-0.3873664234880566,-6.679586065162978,18303.766323008826,0.0,0.1939561738508999,2.059930667412065,2234285.585289076,599.4148528223552
189500.0,4588090.131105776,266106.58901586296,4588016.325379844,-112.78461659399532,1524.102824869374,-113.06697725109069,-6.679706873194329,-0.38759024891785265,-6.679599389178409,18303.766323008826,0.0,0.1939561738508999,2.059930667412065,2234285.585289076,599.4148528223552
189600.0,4588078.81924556,266258.9973600256,4588004.985284099,-113.45258795722476,1524.0640546525933,-113.73493786383709,-6.679720421906004,-0.38781408916615245,-6.6796128962605,18303.766323008826,0.0,0.1939561738508999,2.059930667412065,2234285.585289076,599.4148528223552
189700.0,4588067.440588139,266411.40182604734,4587993.578392225,-114.12056068447883,1524.0252620510457,-114.40289983644497,-6.679734153686919,-0.3880379442652055,-6.679626586408099,18303.766323008826,0.0,0.1939561738508999,2.059930667412065,2234285.585289076,599.4148528223552
189800.0,4588055.995133377,266563.8024116896,4587982.104704086,-114.78853479406442,1523.9864470632442,-115.07086318722085,-6.679748068535919,-0.388261814247346,-6.679640459620046,18303.766323008826,0.0,0.1939561738508999,2.059930667412065,2234285.585289076,599.4148528223552
189900.0,4588044.482881133,266716.1991147137,4587970.564219541,-115.45651030428826,1523.947609687699,-115.73882793447109,-6.679762166451873,-0.3884856991449952,-6.679654515895205,18303.766323008826,0.0,0.1939561738508999,2.059930667412065,2234285.585289076,599.4148528223552
190000.0,4588032.903831269,266868.5919328808,4587958.956938451,-116.12448723345699,1523.908749922917,-116.40679409650195,-6.679776447433652,-0.3887095989906605,-6.67966875523244,18303.766323008826,0.0,0.1939561738508999,2.059930667412065,2234285.585289076,599.4148528223552
190100.0,4588021.257983639,267020.9808639519,4587947.282860674,-116.79246559987715,1523.8698677674015,-117.0747616916196,-6.679790911480137,-0.3889335138169363,-6.679683177630625,18303.766323008826,0.0,0.1939561738508999,2.059930667412065,2234285.585289076,599.4148528223552
190200.0,4588009.5453381,267173.36590568785,4587935.541986065,-117.46044542185514,1523.830963219653,-117.74273073813006,-6.679805558590208,-0.3891574436565045,-6.679697783088637,18303.766323008826,0.0,0.1939561738508999,2.059930667412065,2234285.585289076,599.4148528223552
190300.0,4587997.765894505,267325.74705584935,4587923.734314478,-118.12842671769728,1523.7920362781688,-118.41070125433927,-6.6798203887627645,-0.389381388542135,-6.679712571605366,18303.766323008826,0.0,0.1939561738508999,2.059930667412065,2234285.585289076,599.4148528223552
190400.0,4587985.919652707,267478.124312197,4587911.859845765,-118.79640950570975,1523.7530869414422,-119.07867325855305,-6.679835401996711,-0.38960534850668677,-6.679727543179713,18303.766323008826,0.0,0.1939561738508999,2.059930667412065,2234285.585289076,599.4148528223552
190500.0,4587974.006612554,267630.49767249107,4587899.918579776,-119.46439380419864,1523.714115207964,-119.7466467690771,-6.679850598290948,-0.3898293235831061,-6.67974269781057,18303.766323008826,0.0,0.1939561738508999,2.059930667412065,2234285.585289076,599.4148528223552
190600.0,4587962.026773895,267782.8671344919,4587887.91051636,-120.13237963146992,1523.6751210762209,-120.41462180421702,-6.679865977644392,-0.3900533138044299,-6.6797580354968495,18303.766323008826,0.0,0.1939561738508999,2.059930667412065,2234285.585289076,599.4148528223552
190700.0,4587949.980136576,267935.2326959596,4587875.835655363,-120.80036700582946,1523.636104544697,-121.08259838227829,-6.679881540055961,-0.39027731920378445,-6.679773556237463,18303.766323008826,0.0,0.1939561738508999,2.059930667412065,2234285.585289076,599.4148528223552
190800.0,4587937.866700442,268087.59435465414,4587863.693996632,-121.46835594558301,1523.597065611873,-121.75057652156629,-6.67989728552459,-0.3905013398143869,-6.67978926003134,18303.766323008826,0.0,0.1939561738508999,2.059930667412065,2234285.585289076,599.4148528223552
190900.0,4587925.686465334,268239.9521083352,4587851.485540006,-122.13634646903624,1523.558004276226,-122.4185562403863,-6.679913214049201,-0.3907253756695439,-6.67980514687739,18303.766323008826,0.0,0.1939561738508999,2.059930667412065,2234285.585289076,599.4148528223552
191000.0,4587913.439431095,268392.30595476256,4587839.21028533,-122.80433859449468,1523.5189205362299,-123.08653755704347,-6.679929325628733,-0.3909494268026549,-6.679821216774556,18303.766323008826,0.0,0.1939561738508999,2.059930667412065,2234285.585289076,599.4148528223552
191100.0,4587901.125597562,268544.6558916956,4587826.868232441,-123.47233234026378,1523.4798143903552,-123.75452048984288,-6.679945620262136,-0.39117349324721074,-6.679837469721776,18303.766323008826,0.0,0.1939561738508999,2.059930667412065,2234285.585289076,599.4148528223552
191200.0,4587888.744964573,268697.0019168937,4587814.459381177,-124.14032772464887,1523.440685837069,-124.42250505708945,-6.679962097948354,-0.39139757503679395,-6.679853905717985,18303.766323008826,0.0,0.1939561738508999,2.059930667412065,2234285.585289076,599.4148528223552
191300.0,4587876.297531962,268849.34402811603,4587801.983731374,-124.80832476595518,1523.401534874835,-125.09049127708806,-6.67997875868634,-0.3916216722050809,-6.679870524762134,18303.766323008826,0.0,0.1939561738508999,2.059930667412065,2234285.585289076,599.4148528223552
191400.0,4587863.783299564,269001.68222312164,4587789.441282866,-125.47632348248783,1523.362361502114,-125.75847916814344,-6.679995602475047,-0.39184578478584037,-6.679887326853174,18303.766323008826,0.0,0.1939561738508999,2.059930667412065,2234285.585289076,599.4148528223552
191500.0,4587851.20226721,269154.0164996694,4587776.832035484,-126.14432389255184,1523.323165717363,-126.42646874856023,-6.680012629313444,-0.39206991281293585,-6.679904311990057,18303.766323008826,0.0,0.1939561738508999,2.059930667412065,2234285.585289076,599.4148528223552
191600.0,4587838.554434729,269306.346855518,4587764.155989059,-126.81232601445214,1523.2839475190356,-127.09446003664294,-6.680029839200495,-0.39229405632032516,-6.67992148017175,18303.766323008826,0.0,0.1939561738508999,2.059930667412065,2234285.585289076,599.4148528223552
191700.0,4587825.839801949,269458.673288426,4587751.41314342,-127.48032986649353,1523.2447069055818,-127.76245305069602,-6.680047232135163,-0.3925182153420602,-6.679938831397206,18303.766323008826,0.0,0.1939561738508999,2.059930667412065,2234285.585289076,599.4148528223552
191800.0,4587813.058368698,269610.99579615187,4587738.603498391,-128.14833546698074,1523.2054438754487,-128.4304478090238,-6.680064808116431,-0.39274238991228994,-6.6799563656654,18303.766323008826,0.0,0.1939561738508999,2.059930667412065,2234285.585289076,599.4148528223552
191900.0,4587800.210134798,269763.3143764538,4587725.727053799,-128.81634283421835,1523.1661584270798,-129.0984443299305,-6.6800825671432715,-0.3929665800652584,-6.679974082975303,18303.766323008826,0.0,0.1939561738508999,2.059930667412065,2234285.585289076,599.4148528223552
192000.0,4587787.2951000715,269915.62902709,4587712.783809465,-129.4843519865109,1523.126850558915,-129.76644263172022,-6.6801005092146655,-0.3931907858353065,-6.679991983325882,18303.766323008826,0.0,0.1939561738508999,2.059930667412065,2234285.585289076,599.4148528223552
192100.0,4587774.31326434,270067.93974581826,4587699.773765212,-130.15236294216274,1523.087520269391,-130.434442732697,-6.680118634329597,-0.3934150072568725,-6.680010066716123,18303.766323008826,0.0,0.1939561738508999,2.059930667412065,2234285.585289076,599.4148528223552
192200.0,4587761.264627422,270220.24653039646,4587686.696920858,-130.82037571947822,1523.0481675569408,-131.10244465116475,-6.68013694248705,-0.39363924436449216,-6.680028333144999,18303.766323008826,0.0,0.1939561738508999,2.059930667412065,2234285.585289076,599.4148528223552
192300.0,4587748.149189135,270372.54937858216,4587673.55327622,-131.48839033676154,1523.008792419994,-131.77044840542726,-6.680155433686008,-0.3938634971927995,-6.680046782611487,18303.766323008826,0.0,0.1939561738508999,2.059930667412065,2234285.585289076,599.4148528223552
192400.0,4587734.966949293,270524.8482881329,4587660.342831115,-132.1564068123168,1522.969394856977,-132.43845401378826,-6.680174107925464,-0.39408776577652826,-6.6800654151145755,18303.766323008826,0.0,0.1939561738508999,2.059930667412065,2234285.585289076,599.4148528223552
192500.0,4587721.71790771,270677.143256806,4587647.065585355,-132.82442516444794,1522.9299748663125,-133.10646149455135,-6.680192965204413,-0.3943120501505113,-6.680084230653252,18303.766323008826,0.0,0.1939561738508999,2.059930667412065,2234285.585289076,599.4148528223552
192600.0,4587708.402064197,270829.43428235856,4587633.721538753,-133.49244541145893,1522.8905324464195,-133.77447086602007,-6.680212005521843,-0.39453635034968115,-6.6801032292264955,18303.766323008826,0.0,0.1939561738508999,2.059930667412065,2234285.585289076,599.4148528223552
192700.0,4587695.019418564,270981.7213625476,4587620.310691118,-134.16046757165356,1522.8510675957139,-134.44248214649778,-6.680231228876752,-0.3947606664090719,-6.680122410833302,18303.766323008826,0.0,0.1939561738508999,2.059930667412065,2234285.585289076,599.4148528223552
192800.0,4587681.569970618,271134.00449513,4587606.833042259,-134.8284916633355,1522.811580312608,-135.11049535428782,-6.680250635268125,-0.39498499836381795,-6.680141775472649,18303.766323008826,0.0,0.1939561738508999,2.059930667412065,2234285.585289076,599.4148528223552
192900.0,4587668.053720166,271286.2836778623,4587593.288591983,-135.49651770480838,1522.7720705955103,-135.77851050769337,-6.680270224694972,-0.3952093462491572,-6.680161323143539,18303.766323008826,0.0,0.1939561738508999,2.059930667412065,2234285.585289076,599.4148528223552
193000.0,4587654.470667011,271438.55890850123,4587579.677340093,-136.16454571437566,1522.732538442826,-136.44652762501755,-6.680289997156281,-0.39543371010042866,-6.6801810538449535,18303.766323008826,0.0,0.1939561738508999,2.059930667412065,2234285.585289076,599.4148528223552
193100.0,4587640.820810957,271590.830184803,4587565.999286392,-136.83257571034076,1522.6929838529568,-137.11454672456335,-6.680309952651053,-0.3956580899530755,-6.6802009675758836,18303.766323008826,0.0,0.1939561738508999,2.059930667412065,2234285.585289076,599.4148528223552
193200.0,4587627.104151802,271743.0975045239,4587552.2544306815,-137.50060771100695,1522.6534068243009,-137.78256782463367,-6.680330091178281,-0.3958824858426444,-6.680221064335322,18303.766323008826,0.0,0.1939561738508999,2.059930667412065,2234285.585289076,599.4148528223552
193300.0,4587613.320689347,271895.36086541985,4587538.44277276,-138.16864173467746,1522.6138073552527,-138.45059094353132,-6.680350412736958,-0.3961068978047862,-6.68024134412225,18303.766323008826,0.0,0.1939561738508999,2.059930667412065,2234285.585289076,599.4148528223552
193400.0,4587599.470423387,272047.62026524683,4587524.5643124245,-138.83667779965538,1522.574185444203,-139.118616099559,-6.680370917326085,-0.39633132587525777,-6.680261806935666,18303.766323008826,0.0,0.1939561738508999,2.059930667412065,2234285.585289076,599.4148528223552
193500.0,4587585.5533537185,272199.8757017606,4587510.619049471,-139.50471592424367,1522.5345410895395,-139.7866433110193,-6.6803916049446554,-0.39655577008992104,-6.680282452774551,18303.766323008826,0.0,0.1939561738508999,2.059930667412065,2234285.585289076,599.4148528223552
193600.0,4587571.569480133,272352.1271727166,4587496.606983693,-140.17275612674524,1522.4948742896458,-140.45467259621472,-6.680412475591658,-0.3967802304847448,-6.6803032816378956,18303.766323008826,0.0,0.1939561738508999,2.059930667412065,2234285.585289076,599.4148528223552
193700.0,4587557.518802423,272504.3746758703,4587482.528114882,-140.8407984254629,1522.455185042902,-141.12270397344767,-6.680433529266086,-0.3970047070958046,-6.68032429352468,18303.766323008826,0.0,0.1939561738508999,2.059930667412065,2234285.585289076,599.4148528223552
193800.0,4587543.401320377,272656.61820897687,4587468.382442828,-141.50884283869934,1522.4154733476848,-141.79073746102043,-6.680454765966931,-0.39722919995928446,-6.680345488433888,18303.766323008826,0.0,0.1939561738508999,2.059930667412065,2234285.585289076,599.4148528223552
193900.0,4587529.217033784,272808.85776979144,4587454.169967319,-142.17688938475715,1522.3757392023672,-142.45877307723518,-6.680476185693179,-0.3974537091114765,-6.680366866364505,18303.766323008826,0.0,0.1939561738508999,2.059930667412065,2234285.585289076,599.4148528223552
194000.0,4587514.965942428,272961.09335606894,4587439.890688141,-142.8449380819388,1522.3359826053183,-143.126810840394,-6.680497788443818,-0.397678234588782,-6.680388427315507,18303.766323008826,0.0,0.1939561738508999,2.059930667412065,2234285.585289076,599.4148528223552
194100.0,4587500.648046095,273113.32496556407,4587425.544605078,-143.5129889485467,1522.296203554904,-143.7948507687989,-6.68051957421782,-0.39790277642771194,-6.680410171285861,18303.766323008826,0.0,0.1939561738508999,2.059930667412065,2234285.585289076,599.4148528223552
194200.0,4587486.263344565,273265.5525960314,4587411.131717914,-144.18104200288312,1522.256402049486,-144.46289288075178,-6.680541543014175,-0.39812733466488853,-6.680432098274549,18303.766323008826,0.0,0.1939561738508999,2.059930667412065,2234285.585289076,599.4148528223552
194300.0,4587471.81183762,273417.7762452254,4587396.652026429,-144.84909726325026,1522.2165780874232,-145.1309371945544,-6.68056369483185,-0.3983519093370448,-6.680454208280535,18303.766323008826,0.0,0.1939561738508999,2.059930667412065,2234285.585289076,599.4148528223552
194400.0,4587457.293525038,273569.9959109003,4587382.105530402,-145.51715474795017,1522.1767316670696,-145.79898372850843,-6.68058602966982,-0.398576500481026,-6.680476501302783,18303.766323008826,0.0,0.1939561738508999,2.059930667412065,2234285.585289076,599.4148528223552
194500.0,4587442.7084065955,273722.21159081016,4587367.492229609,-146.18521447528485,1522.1368627867766,-146.46703250091545,-6.680608547527059,-0.3988011081337905,-6.680498977340262,18303.766323008826,0.0,0.1939561738508999,2.059930667412065,2234285.585289076,599.4148528223552
194600.0,4587428.056482067,273874.4232827089,4587352.812123826,-146.85327646355617,1522.0969714448913,-147.13508353007694,-6.68063124840252,-0.3990257323324092,-6.6805216363919175,18303.766323008826,0.0,0.1939561738508999,2.059930667412065,2234285.585289076,599.4148528223552
194700.0,4587413.3377512265,274026.63098435034,4587338.065212826,-147.52134073106592,1522.0570576397574,-147.80313683429426,-6.68065413229517,-0.3992503731140685,-6.680544478456711,18303.766323008826,0.0,0.1939561738508999,2.059930667412065,2234285.585289076,599.4148528223552
194800.0,4587398.552213844,274178.834693488,4587323.251496382,-148.18940729611575,1522.0171213697147,-148.47119243186867,-6.68067719920396,-0.3994750305160687,-6.6805675035335845,18303.766323008826,0.0,0.1939561738508999,2.059930667412065,2234285.585289076,599.4148528223552
194900.0,4587383.6998696895,274331.0344078754,4587308.370974263,-148.85747617700721,1521.9771626330992,-149.13925034110133,-6.680700449127834,-0.3996997045758264,-6.680590711621477,18303.766323008826,0.0,0.1939561738508999,2.059930667412065,2234285.585289076,599.4148528223552
195000.0,4587368.7807185305,274483.2301252657,4587293.423646237,-149.52554739204177,1521.937181428243,-149.8073105802933,-6.68072388206574,-0.3999243953308748,-6.680614102719328,18303.766323008826,0.0,0.1939561738508999,2.059930667412065,2234285.585289076,599.4148528223552
195100.0,4587353.794760132,274635.42184341204,4587278.409512069,-150.19362095952079,1521.8971777534753,-150.4753731677455,-6.680747498016616,-0.4001491028188643,-6.680637676826069,18303.766323008826,0.0,0.1939561738508999,2.059930667412065,2234285.585289076,599.4148528223552
195200.0,4587338.741994259,274787.60956006736,4587263.3285715245,-150.8616968977455,1521.8571516071204,-151.14343812175875,-6.680771296979391,-0.40037382707756347,-6.680661433940622,18303.766323008826,0.0,0.1939561738508999,2.059930667412065,2234285.585289076,599.4148528223552
195300.0,4587323.622420673,274939.7932729844,4587248.1808243655,-151.52977522501703,1521.8171029874995,-151.8115054606338,-6.680795278952986,-0.4005985681448591,-6.6806853740619,18303.766323008826,0.0,0.1939561738508999,2.059930667412065,2234285.585289076,599.4148528223552
195400.0,4587308.436039134,275091.97297991574,4587232.966270353,-152.19785595963643,1521.77703189293,-152.4795752026713,-6.680819443936322,-0.4008233260587588,-6.680709497188819,18303.766323008826,0.0,0.1939561738508999,2.059930667412065,2234285.585289076,599.4148528223552
195500.0,4587293.182849401,275244.14867861377,4587217.684909244,-152.8659391199046,1521.736938321725,-153.14764736617173,-6.680843791928309,-0.4010481008573898,-6.68073380332028,18303.766323008826,0.0,0.1939561738508999,2.059930667412065,2234285.585289076,599.4148528223552
195600.0,4587277.862851229,275396.3203668308,4587202.336740797,-153.53402472412233,1521.6968222721944,-153.8157219694355,-6.680868322927851,-0.40127289257900123,-6.680758292455181,18303.766323008826,0.0,0.1939561738508999,2.059930667412065,2234285.585289076,599.4148528223552
195700.0,4587262.476044374,275548.4880423189,4587186.921764768,-154.20211279059038,1521.6566837426437,-154.48379903076284,-6.680893036933836,-0.40149770126196344,-6.680782964592401,18303.766323008826,0.0,0.1939561738508999,2.059930667412065,2234285.585289076,599.4148528223552
195800.0,4587247.022428588,275700.65170283,4587171.439980908,-154.8702033376093,1521.6165227313752,-155.15187856845398,-6.680917933945152,-0.40172252694477056,-6.680807819730827,18303.766323008826,0.0,0.1939561738508999,2.059930667412065,2234285.585289076,599.4148528223552
195900.0,4587231.502003623,275852.8113461158,4587155.89138897,-155.53829638347955,1521.5763392366869,-155.819960600809,-6.680943013960678,-0.40194736966604017,-6.680832857869322,18303.766323008826,0.0,0.1939561738508999,2.059930667412065,2234285.585289076,599.4148528223552
196000.0,4587215.914769228,276004.96696992783,4587140.2759887045,-156.20639194650153,1521.5361332568727,-156.4880451461278,-6.680968276979283,-0.4021722294645147,-6.6808580790067555,18303.766323008826,0.0,0.1939561738508999,2.059930667412065,2234285.585289076,599.4148528223552
196100.0,4587200.260725149,276157.1185720176,4587124.593779857,-156.87449004497546,1521.4959047902234,-157.15613222271026,-6.68099372299982,-0.4023971063790615,-6.680883483141969,18303.766323008826,0.0,0.1939561738508999,2.059930667412065,2234285.585289076,599.4148528223552
196200.0,4587184.539871133,276309.26615013625,4587108.844762175,-157.54259069720152,1521.4556538350253,-157.82422184885607,-6.68101935202114,-0.402622000448675,-6.680909070273808,18303.766323008826,0.0,0.1939561738508999,2.059930667412065,2234285.585289076,599.4148528223552
196300.0,4587168.752206923,276461.4097020349,4587093.028935403,-158.21069392147967,1521.4153803895606,-158.49231404286485,-6.681045164042088,-0.4028469117124768,-6.680934840401108,18303.766323008826,0.0,0.1939561738508999,2.059930667412065,2234285.585289076,599.4148528223552
196400.0,4587152.8977322625,276613.5492254644,4587077.146299281,-158.87879973610987,1521.3750844521082,-159.16040882303608,-6.681071159061485,-0.4030718402097158,-6.680960793522685,18303.766323008826,0.0,0.1939561738508999,2.059930667412065,2234285.585289076,599.4148528223552
196500.0,4587136.976446889,276765.6847181755,4587061.196853551,-159.54690815939188,1521.3347660209429,-159.82850620766914,-6.681097337078153,-0.40329678597977114,-6.6809869296373545,18303.766323008826,0.0,0.1939561738508999,2.059930667412065,2234285.585289076,599.4148528223552
196600.0,4587120.988350543,276917.81617791875,4587045.180597952,-160.21501920962535,1521.294425094335,-160.49660621506328,-6.681123698090897,-0.4035217490621509,-6.68101324874391,18303.766323008826,0.0,0.1939561738508999,2.059930667412065,2234285.585289076,599.4148528223552
196700.0,4587104.93344296,277069.9436024445,4587029.09753222,-160.88313290510987,1521.254061670552,-161.1647088635176,-6.681150242098505,-0.40374672949649376,-6.681039750841137,18303.766323008826,0.0,0.1939561738508999,2.059930667412065,2234285.585289076,599.4148528223552
196800.0,4587088.811723873,277222.0669895029,4587012.94765609,-161.55124926414484,1521.213675747856,-161.83281417133114,-6.681176969099775,-0.4039717273225718,-6.6810664359278205,18303.766323008826,0.0,0.1939561738508999,2.059930667412065,2234285.585289076,599.4148528223552
196900.0,4587072.623193017,277374.18633684405,4586996.730969297,-162.21936830502958,1521.1732673245065,-162.50092215680277,-6.681203879093457,-0.40419674258028715,-6.681093304002709,18303.766323008826,0.0,0.1939561738508999,2.059930667412065,2234285.585289076,599.4148528223552
197000.0,4587056.367850122,277526.30164221773,4586980.447471569,-162.88749004606325,1521.1328363987577,-163.16903283823126,-6.681230972078322,-0.4044217753096781,-6.6811203550645635,18303.766323008826,0.0,0.1939561738508999,2.059930667412065,2234285.585289076,599.4148528223552
197100.0,4587040.045694917,277678.41290337365,4586964.097162639,-163.55561450554492,1521.0923829688609,-163.8371462339152,-6.681258248053108,-0.40464682555091586,-6.681147589112115,18303.766323008826,0.0,0.1939561738508999,2.059930667412065,2234285.585289076,599.4148528223552
197200.0,4587023.65672713,277830.5201180613,4586947.680042231,-164.22374170177352,1521.0519070330627,-164.50526236215316,-6.68128570701655,-0.40487189334430784,-6.68117500614409,18303.766323008826,0.0,0.1939561738508999,2.059930667412065,2234285.585289076,599.4148528223552
197300.0,4587007.200946485,277982.62328403,4586931.196110074,-164.89187165304782,1521.0114085896057,-165.17338124124348,-6.681313348967364,-0.4050969787302978,-6.6812026061591965,18303.766323008826,0.0,0.1939561738508999,2.059930667412065,2234285.585289076,599.4148528223552
197400.0,4586990.678352706,278134.7223990289,4586914.645365891,-165.56000437766653,1520.9708876367288,-165.8415028894844,-6.681341173904244,-0.40532208174946627,-6.681230389156123,18303.766323008826,0.0,0.1939561738508999,2.059930667412065,2234285.585289076,599.4148528223552
197500.0,4586974.088945515,278286.817460807,4586898.027809404,-166.22813989392816,1520.9303441726665,-166.50962732517405,-6.681369181825887,-0.40554720244253345,-6.681258355133559,18303.766323008826,0.0,0.1939561738508999,2.059930667412065,2234285.585289076,599.4148528223552
197600.0,4586957.432724633,278438.90846711304,4586881.343440332,-166.89627822013114,1520.8897781956498,-167.17775456661042,-6.681397372730961,-0.405772340850358,-6.681286504090163,18303.766323008826,0.0,0.1939561738508999,2.059930667412065,2234285.585289076,599.4148528223552
197700.0,4586940.709689777,278590.99541569565,4586864.592258397,-167.56441937457376,1520.8491897039048,-167.84588463209136,-6.68142574661812,-0.40599749701393895,-6.681314836024583,18303.766323008826,0.0,0.1939561738508999,2.059930667412065,2234285.585289076,599.4148528223552
197800.0,4586923.919840664,278743.0783043033,4586847.774263312,-168.23256337555412,1520.808578695654,-168.51401753991456,-6.681454303486006,-0.40622267097441717,-6.681343350935451,18303.766323008826,0.0,0.1939561738508999,2.059930667412065,2234285.585289076,599.4148528223552
197900.0,4586907.063177006,278895.1571306842,4586830.889454793,-168.90071024137026,1520.7679451691154,-169.18215330837762,-6.68148304333325,-0.4064478627730765,-6.681372048821395,18303.766323008826,0.0,0.1939561738508999,2.059930667412065,2234285.585289076,599.4148528223552
198000.0,4586890.139698518,279047.23189258645,4586813.937832554,-169.56885999032005,1520.7272891225034,-169.85029195577798,-6.681511966158447,-0.40667307245134277,-6.681400929680997,18303.766323008826,0.0,0.1939561738508999,2.059930667412065,2234285.585289076,599.4148528223552
198100.0,4586873.149404911,279199.302587758,4586796.919396305,-170.23701264070118,1520.6866105540278,-170.5184335004129,-6.681541071960193,-0.40689830005078753,-6.681429993512848,18303.766323008826,0.0,0.1939561738508999,2.059930667412065,2234285.585289076,599.4148528223552
198200.0,4586856.0922958935,279351.3692139465,4586779.834145756,-170.90516821081127,1520.6459094618945,-171.18657796057957,-6.6815703607370605,-0.4071235456131276,-6.681459240315511,18303.766323008826,0.0,0.1939561738508999,2.059930667412065,2234285.585289076,599.4148528223552
198300.0,4586838.9683711715,279503.43176889955,4586762.682080615,-171.57332671894773,1520.605185844305,-171.85472535457498,-6.6815998324876,-0.4073488091802263,-6.681488670087531,18303.766323008826,0.0,0.1939561738508999,2.059930667412065,2234285.585289076,599.4148528223552
198400.0,4586821.777630451,279655.49025036447,4586745.463200587,-172.24148818340785,1520.564439699457,-172.522875700696,-6.6816294872103486,-0.40757409079409473,-6.6815182828274375,18303.766323008826,0.0,0.1939561738508999,2.059930667412065,2234285.585289076,599.4148528223552
198500.0,4586804.520073435,279807.54465608846,4586728.177505376,-172.9096526224888,1520.5236710255433,-173.19102901723934,-6.681659324903822,-0.4077993904968931,-6.681548078533738,18303.766323008826,0.0,0.1939561738508999,2.059930667412065,2234285.585289076,599.4148528223552
198600.0,4586787.195699827,279959.59498381853,4586710.824994684,-173.57782005448757,1520.4828798207532,-173.8591853225016,-6.681689345566512,-0.4080247083309306,-6.6815780572049155,18303.766323008826,0.0,0.1939561738508999,2.059930667412065,2234285.585289076,599.4148528223552
198700.0,4586769.804509324,280111.64123130153,4586693.405668211,-174.24599049770103,1520.4420660832714,-174.52734463477913,-6.681719549196905,-0.40825004433866885,-6.681608218839448,18303.766323008826,0.0,0.1939561738508999,2.059930667412065,2234285.585289076,599.4148528223552
198800.0,4586752.346501626,280263.68339628406,4586675.919525656,-174.91416397042585,1520.4012298112782,-175.1955069723682,-6.68174993579345,-0.4084753985627204,-6.6816385634357776,18303.766323008826,0.0,0.1939561738508999,2.059930667412065,2234285.585289076,599.4148528223552
198900.0,4586734.821676428,280415.7214765126,4586658.366566715,-175.58234049095856,1520.3603710029502,-175.86367235356494,-6.68178050535458,-0.40870077104585123,-6.6816690909923295,18303.766323008826,0.0,0.1939561738508999,2.059930667412065,2234285.585289076,599.4148528223552
199000.0,4586717.230033426,280567.7554697334,4586640.746791083,-176.25052007759552,1520.319489656459,-176.53184079666528,-6.681811257878711,-0.4089261618309819,-6.681699801507512,18303.766323008826,0.0,0.1939561738508999,2.059930667412065,2234285.585289076,599.4148528223552
199100.0,4586699.57157231,280719.7853736925,4586623.060198453,-176.918702748633,1520.2785857699723,-177.200012319965,-6.681842193364237,-0.4091515709611888,-6.681730694979708,18303.766323008826,0.0,0.1939561738508999,2.059930667412065,2234285.585289076,599.4148528223552
199200.0,4586681.846292772,280871.811186136,4586605.306788516,-177.58688852236702,1520.2376593416536,-177.86818694175972,-6.681873311809525,-0.4093769984797047,-6.681761771407282,18303.766323008826,0.0,0.1939561738508999,2.059930667412065,2234285.585289076,599.4148528223552
199300.0,4586664.054194502,281023.83290480945,4586587.486560961,-178.2550774170935,1520.196710369662,-178.5363646803449,-6.6819046132129225,-0.40960244442992005,-6.68179303078857,18303.766323008826,0.0,0.1939561738508999,2.059930667412065,2234285.585289076,599.4148528223552
199400.0,4586646.195277184,281175.8505274584,4586569.599515475,-178.92326945110815,1520.155738852152,-179.20454555401582,-6.681936097572753,-0.40982790885538467,-6.681824473121885,18303.766323008826,0.0,0.1939561738508999,2.059930667412065,2234285.585289076,599.4148528223552
199500.0,4586628.2695405055,281327.8640518283,4586551.645651745,-179.59146464270654,1520.1147447872736,-179.8727295810676,-6.681967764887314,-0.4100533917998084,-6.6818560984055235,18303.766323008826,0.0,0.1939561738508999,2.059930667412065,2234285.585289076,599.4148528223552
199600.0,4586610.27698415,281479.87347566424,4586533.624969454,-180.25966301018406,1520.073728173173,-180.5409167797952,-6.681999615154883,-0.4102788933070625,-6.681887906637749,18303.766323008826,0.0,0.1939561738508999,2.059930667412065,2234285.585289076,599.4148528223552
199700.0,4586592.217607797,281631.8787967112,4586515.5374682825,-180.9278645718359,1520.0326890079918,-181.20910716849338,-6.682031648373708,-0.41050441342118116,-6.681919897816802,18303.766323008826,0.0,0.1939561738508999,2.059930667412065,2234285.585289076,599.4148528223552
199800.0,4586574.091411128,281783.8800127141,4586497.383147913,-181.59606934595712,1519.991627289867,-181.87730076545674,-6.682063864542014,-0.4107299521863623,-6.681952071940903,18303.766323008826,0.0,0.1939561738508999,2.059930667412065,2234285.585289076,599.4148528223552
199900.0,4586555.89839382,281935.8771214174,4586479.162008022,-182.26427735084258,1519.9505430169313,-182.54549758897969,-6.6820962636580035,-0.41095550964696886,-6.6819844290082395,18303.766323008826,0.0,0.1939561738508999,2.059930667412065,2234285.585289076,599.4148528223552
200000.0,4586537.638555549,282087.8701205656,4586460.874048287,-182.93248860478693,1519.9094361873128,-183.21369765735645,-6.68212884571985,-0.41118108584753077,-6.682016969016983,18303.766323008826,0.0,0.1939561738508999,2.059930667412065,2234285.585289076,599.4148528223552
200100.0,4586519.31189599,282239.8590079029,4586442.519268382,-183.60070312608468,1519.8683067991356,-183.88190098888109,-6.682161610725689,-0.41140668083274423,-6.682049691965259,18303.766323008826,0.0,0.1939561738508999,2.059930667412065,2234285.585289076,599.4148528223552
200200.0,4586500.918414814,282391.8437811734,4586424.09766798,-184.26892093303013,1519.8271548505186,-184.55010760184743,-6.68219455867365,-0.41163229464747614,-6.6820825978511875,18303.766323008826,0.0,0.1939561738508999,2.059930667412065,2234285.585289076,599.4148528223552
200300.0,4586482.458111693,282543.82443812094,4586405.609246752,-184.93714204391742,1519.7859803395768,-185.21831751454917,-6.682227689561823,-0.4118579273367625,-6.6821156866728515,18303.766323008826,0.0,0.1939561738508999,2.059930667412065,2234285.585289076,599.4148528223552
200400.0,4586463.9309862945,282695.8009764892,4586387.0540043665,-185.60536647704043,1519.7447832644204,-185.8865307452798,-6.682261003388268,-0.4120835789458114,-6.682148958428301,18303.766323008826,0.0,0.1939561738508999,2.059930667412065,2234285.585289076,599.4148528223552
200500.0,4586445.337038286,282847.7733940217,4586368.431940491,-186.27359425069292,1519.7035636231553,-186.55474731233258,-6.6822945001510154,-0.4123092495200029,-6.6821824131155605,18303.766323008826,0.0,0.1939561738508999,2.059930667412065,2234285.585289076,599.4148528223552
200600.0,4586426.676267332,282999.7416884616,4586349.743054792,-186.94182538316844,1519.6623214138826,-187.22296723400058,-6.682328179848077,-0.41253493910489253,-6.682216050732631,18303.766323008826,0.0,0.1939561738508999,2.059930667412065,2234285.585289076,599.4148528223552
200700.0,4586407.9486730965,283151.7058575521,4586330.987346932,-187.6100598927603,1519.621056634699,-187.8911905285767,-6.682362042477419,-0.41276064774621013,-6.68224987127747,18303.766323008826,0.0,0.1939561738508999,2.059930667412065,2234285.585289076,599.4148528223552
200800.0,4586389.15425524,283303.66589903616,4586312.164816573,-188.2782977977616,1519.5797692836966,-188.5594172143536,-6.682396088036988,-0.4129863754898632,-6.682283874748017,18303.766323008826,0.0,0.1939561738508999,2.059930667412065,2234285.585289076,599.4148528223552
200900.0,4586370.293013423,283455.6218106564,4586293.275463375,-188.9465391164653,1519.5384593589627,-189.22764730962376,-6.682430316524696,-0.4132121223819373,-6.682318061142177,18303.766323008826,0.0,0.1939561738508999,2.059930667412065,2234285.585289076,599.4148528223552
201000.0,4586351.364947302,283607.5735901554,4586274.3192869965,-189.61478386716408,1519.4971268585803,-189.89588083267944,-6.682464727938426,-0.41343788846869756,-6.6823524304578195,18303.766323008826,0.0,0.1939561738508999,2.059930667412065,2234285.585289076,599.4148528223552
201100.0,4586332.370056534,283759.5212352755,4586255.296287093,-190.28303206815045,1519.4557717806276,-190.56411780181264,-6.682499322276022,-0.41366367379658986,-6.682386982692783,18303.766323008826,0.0,0.1939561738508999,2.059930667412065,2234285.585289076,599.4148528223552
201200.0,4586313.308340773,283911.46474375884,4586236.20646332,-190.95128373771666,1519.4143941231782,-191.23235823531522,-6.682534099535297,-0.4138894784122427,-6.682421717844874,18303.766323008826,0.0,0.1939561738508999,2.059930667412065,2234285.585289076,599.4148528223552
201300.0,4586294.17979967,284063.4041133474,4586217.04981533,-191.6195388941548,1519.3729938843007,-191.90060215147878,-6.682569059714036,-0.41411530236246885,-6.6824566359118664,18303.766323008826,0.0,0.1939561738508999,2.059930667412065,2234285.585289076,599.4148528223552
201400.0,4586274.984432877,284215.3393417829,4586197.826342773,-192.2877975557567,1519.3315710620595,-192.5688495685947,-6.682604202809994,-0.4143411456942662,-6.682491736891505,18303.766323008826,0.0,0.1939561738508999,2.059930667412065,2234285.585289076,599.4148528223552
201500.0,4586255.722240042,284367.27042680694,4586178.536045298,-192.95605974081397,1519.2901256545142,-193.2371005049541,-6.682639528820872,-0.4145670084548186,-6.6825270207814835,18303.766323008826,0.0,0.1939561738508999,2.059930667412065,2234285.585289076,599.4148528223552
201600.0,4586236.393220811,284519.19736616086,4586159.178922554,-193.62432546761798,1519.2486576597194,-193.90535497884792,-6.682675037744349,-0.4147928906914985,-6.682562487579473,18303.766323008826,0.0,0.1939561738508999,2.059930667412065,2234285.585289076,599.4148528223552
201700.0,4586216.99737483,284671.1201575859,4586139.754974184,-194.29259475445986,1519.207167075725,-194.57361300856684,-6.682710729578074,-0.4150187924518689,-6.6825981372831125,18303.766323008826,0.0,0.1939561738508999,2.059930667412065,2234285.585289076,599.4148528223552
201800.0,4586197.534701741,284823.03879882296,4586120.264199832,-194.9608676196305,1519.1656539005764,-195.24187461240132,-6.682746604319647,-0.415244713783683,-6.682633969889994,18303.766323008826,0.0,0.1939561738508999,2.059930667412065,2234285.585289076,599.4148528223552
201900.0,4586178.005201186,284974.9532876129,4586100.7065991415,-195.6291440814206,1519.1241181323142,-195.91013980864153,-6.68278266196664,-0.41547065473488703,-6.682669985397681,18303.766323008826,0.0,0.1939561738508999,2.059930667412065,2234285.585289076,599.4148528223552
202000.0,4586158.408872805,285126.86362169625,4586081.08217175,-196.29742415812058,1519.0825597689739,-196.57840861557744,-6.68281890251658,-0.41569661535362107,-6.68270618380369,18303.766323008826,0.0,0.1939561738508999,2.059930667412065,2234285.585289076,599.4148528223552
202100.0,4586138.745716234,285278.76979881345,4586061.390917297,-196.9657078680206,1519.0409788085863,-197.2466810514988,-6.682855325966958,-0.4159225956882212,-6.682742565105507,18303.766323008826,0.0,0.1939561738508999,2.059930667412065,2234285.585289076,599.4148528223552
202200.0,4586119.015731109,285430.6718167047,4586041.632835419,-197.63399522941054,1518.9993752491773,-197.91495713469502,-6.682891932315236,-0.41614859578722124,-6.682779129300578,18303.766323008826,0.0,0.1939561738508999,2.059930667412065,2234285.585289076,599.4148528223552
202300.0,4586099.218917065,285582.5696731099,4586021.807925749,-198.30228626058013,1518.9577490887682,-198.58323688345527,-6.682928721558822,-0.4163746156993531,-6.68281587638631,18303.766323008826,0.0,0.1939561738508999,2.059930667412065,2234285.585289076,599.4148528223552
202400.0,4586079.355273734,285734.463365769,4586001.91618792,-198.97058097981872,1518.9161003253753,-199.25152031606854,-6.682965693695091,-0.41660065547354946,-6.682852806360061,18303.766323008826,0.0,0.1939561738508999,2.059930667412065,2234285.585289076,599.4148528223552
202500.0,4586059.424800745,285886.35289242154,4585981.957621562,-199.63887940541548,1518.8744289570097,-199.91980745082347,-6.683002848721373,-0.41682671515894476,-6.682889919219158,18303.766323008826,0.0,0.1939561738508999,2.059930667412065,2234285.585289076,599.4148528223552
202600.0,4586039.427497729,286038.23825080687,4585961.932226306,-200.30718155565924,1518.8327349816782,-200.58809830600845,-6.683040186634959,-0.4170527948048772,-6.682927214960879,18303.766323008826,0.0,0.1939561738508999,2.059930667412065,2234285.585289076,599.4148528223552
202700.0,4586019.36336431,286190.11943866423,4585941.840001777,-200.9754874488386,1518.7910183973818,-201.25639289991162,-6.683077707433103,-0.4172788944608909,-6.682964693582471,18303.766323008826,0.0,0.1939561738508999,2.059930667412065,2234285.585289076,599.4148528223552
202800.0,4585999.232400114,286341.99645373266,4585921.680947601,-201.64379710324192,1518.7492792021173,-201.92469125082084,-6.683115411113008,-0.41750501417673597,-6.6830023550811255,18303.766323008826,0.0,0.1939561738508999,2.059930667412065,2234285.585289076,599.4148528223552
202900.0,4585979.034604764,286493.8692937509,4585901.455063401,-202.3121105371572,1518.7075173938763,-202.59299337702365,-6.6831532976718355,-0.41773115400237126,-6.6830401994539965,18303.766323008826,0.0,0.1939561738508999,2.059930667412065,2234285.585289076,599.4148528223552
203000.0,4585958.76997788,286645.7379564576,4585881.1623487985,-202.98042776887218,1518.665732970645,-203.26129929680735,-6.68319136710671,-0.41795731398796676,-6.683078226698201,18303.766323008826,0.0,0.1939561738508999,2.059930667412065,2234285.585289076,599.4148528223552
203100.0,4585938.438519082,286797.60243959114,4585860.802803414,-203.64874881667433,1518.623925930405,-203.9296090284589,-6.683229619414698,-0.418183494183903,-6.683116436810793,18303.766323008826,0.0,0.1939561738508999,2.059930667412065,2234285.585289076,599.4148528223552
203200.0,4585918.040227989,286949.4627408897,4585840.376426865,-204.3170736988508,1518.5820962711327,-204.59792259026503,-6.683268054592825,-0.41840969464077465,-6.683154829788791,18303.766323008826,0.0,0.1939561738508999,2.059930667412065,2234285.585289076,599.4148528223552
203300.0,4585897.575104214,287101.3188580913,4585819.883218768,-204.98540243368848,1518.5402439907998,-205.26624000051208,-6.6833066726380785,-0.41863591540939227,-6.683193405629171,18303.766323008826,0.0,0.1939561738508999,2.059930667412065,2234285.585289076,599.4148528223552
203400.0,4585877.043147373,287253.17078893376,4585799.3231787365,-205.6537350394739,1518.498369087372,-205.93456127748618,-6.683345473547387,-0.4188621565407829,-6.683232164328851,18303.766323008826,0.0,0.1939561738508999,2.059930667412065,2234285.585289076,599.4148528223552
203500.0,4585856.444357077,287405.0185311546,4585778.696306383,-206.32207153449332,1518.456471558811,-206.60288643947308,-6.683384457317646,-0.41908841808619346,-6.683271105884724,18303.766323008826,0.0,0.1939561738508999,2.059930667412065,2234285.585289076,599.4148528223552
203600.0,4585835.778732936,287556.8620824913,4585758.002601319,-206.9904119370327,1518.4145514030727,-207.27121550475823,-6.683423623945686,-0.41931470009708977,-6.6833102302936025,18303.766323008826,0.0,0.1939561738508999,2.059930667412065,2234285.585289076,599.4148528223552
203700.0,4585815.046274559,287708.70144068095,4585737.242063152,-207.6587562653776,1518.3726086181077,-207.9395484916268,-6.6834629734282975,-0.41954100262516164,-6.68334953755227,18303.766323008826,0.0,0.1939561738508999,2.059930667412065,2234285.585289076,599.4148528223552
203800.0,4585794.246981552,287860.53660346055,4585716.414691489,-208.3271045378134,1518.330643201862,-208.60788541836357,-6.683502505762222,-0.4197673257223223,-6.683389027657461,18303.766323008826,0.0,0.1939561738508999,2.059930667412065,2234285.585289076,599.4148528223552
203900.0,4585773.38085352,288012.3675685669,4585695.520485936,-208.995456772625,1518.2886551522759,-209.27622630325305,-6.683542220944142,-0.41999366944071115,-6.6834287006058455,18303.766323008826,0.0,0.1939561738508999,2.059930667412065,2234285.585289076,599.4148528223552
204000.0,4585752.447890065,288164.1943337365,4585674.5594460955,-209.66381298809705,1518.2466444672846,-209.9445711645794,-6.683582118970701,-0.4202200338326961,-6.68346855639406,18303.766323008826,0.0,0.1939561738508999,2.059930667412065,2234285.585289076,599.4148528223552
204100.0,4585731.448090789,288316.0168967057,4585653.53157157,-210.33217320251384,1518.2046111448183,-210.6129200206264,-6.683622199838479,-0.4204464189508737,-6.6835085950186714,18303.766323008826,0.0,0.1939561738508999,2.059930667412065,2234285.585289076,599.4148528223552
204200.0,4585710.381455291,288467.83525521075,4585632.436861957,-211.00053743415933,1518.1625551828017,-211.28127288967755,-6.683662463544006,-0.420672824848073,-6.683548816476201,18303.766323008826,0.0,0.1939561738508999,2.059930667412065,2234285.585289076,599.4148528223552
204300.0,4585689.247983168,288619.64940698753,4585611.275316857,-211.6689057013171,1518.1204765791542,-211.94962979001596,-6.683702910083765,-0.42089925157735664,-6.683589220763124,18303.766323008826,0.0,0.1939561738508999,2.059930667412065,2234285.585289076,599.4148528223552
204400.0,4585668.047674015,288771.4593497718,4585590.046935864,-212.33727802227043,1518.07837533179,-212.61799073992438,-6.683743539454175,-0.42112569919202225,-6.683629807875847,18303.766323008826,0.0,0.1939561738508999,2.059930667412065,2234285.585289076,599.4148528223552
204500.0,4585646.780527427,288923.265081299,4585568.751718573,-213.00565441530216,1518.036251438618,-213.28635575768521,-6.683784351651602,-0.421352167745605,-6.68367057781073,18303.766323008826,0.0,0.1939561738508999,2.059930667412065,2234285.585289076,599.4148528223552
204600.0,4585625.446542995,289075.06659930455,4585547.389664576,-213.67403489869486,1517.994104897541,-213.95472486158047,-6.68382534667236,-0.4215786572918795,-6.683711530564073,18303.766323008826,0.0,0.1939561738508999,2.059930667412065,2234285.585289076,599.4148528223552
204700.0,4585604.04572031,289226.8639015235,4585525.960773464,-214.34241949073063,1517.9519357064578,-214.62309806989185,-6.683866524512704,-0.4218051678848618,-6.683752666132121,18303.766323008826,0.0,0.1939561738508999,2.059930667412065,2234285.585289076,599.4148528223552
204800.0,4585582.578058959,289378.65698569076,4585504.465044825,-215.01080820969125,1517.9097438632607,-215.2914754009006,-6.683907885168828,-0.4220316995788108,-6.683793984511062,18303.766323008826,0.0,0.1939561738508999,2.059930667412065,2234285.585289076,599.4148528223552
204900.0,4585561.04355853,289530.445849541,4585482.902478246,-215.6792010738581,1517.8675293658368,-215.95985687288763,-6.6839494286368755,-0.4222582524282315,-6.683835485697024,18303.766323008826,0.0,0.1939561738508999,2.059930667412065,2234285.585289076,599.4148528223552
205000.0,4585539.442218605,289682.2304908087,4585461.273073312,-216.3475981015122,1517.825292212068,-216.62824250413345,-6.683991154912917,-0.4224848264878754,-6.683877169686071,18303.766323008826,0.0,0.1939561738508999,2.059930667412065,2234285.585289076,599.4148528223552
205100.0,4585517.774038769,289834.01090722816,4585439.576829606,-217.01599931093415,1517.7830323998305,-217.29663231291815,-6.684033063992979,-0.4227114218127443,-6.683919036474216,18303.766323008826,0.0,0.1939561738508999,2.059930667412065,2234285.585289076,599.4148528223552
205200.0,4585496.039018603,289985.78709653334,4585417.813746709,-217.68440472040413,1517.7407499269948,-217.96502631752145,-6.684075155873013,-0.4229380384580904,-6.683961086057406,18303.766323008826,0.0,0.1939561738508999,2.059930667412065,2234285.585289076,599.4148528223552
205300.0,4585474.237157685,290137.5590564581,4585395.983824202,-218.35281434820195,1517.6984447914263,-218.63342453622266,-6.684117430548916,-0.4231646764794206,-6.684003318431522,18303.766323008826,0.0,0.1939561738508999,2.059930667412065,2234285.585289076,599.4148528223552
205400.0,4585452.368455593,290289.3267847361,4585374.087061661,-219.02122821260696,1517.6561169909844,-219.30182698730064,-6.684159888016519,-0.42339133593249645,-6.684045733592387,18303.766323008826,0.0,0.1939561738508999,2.059930667412065,2234285.585289076,599.4148528223552
205500.0,4585430.432911901,290441.09027910075,4585352.123458663,-219.68964633189816,1517.6137665235235,-219.97023368903388,-6.684202528271593,-0.4236180168733383,-6.684088331535762,18303.766323008826,0.0,0.1939561738508999,2.059930667412065,2234285.585289076,599.4148528223552
205600.0,4585408.430526184,290592.8495372852,4585330.093014781,-220.35806872435407,1517.5713933868917,-220.6386446597004,-6.684245351309838,-0.42384471935822554,-6.684131112257337,18303.766323008826,0.0,0.1939561738508999,2.059930667412065,2234285.585289076,599.4148528223552
205700.0,4585386.3612980135,290744.60455702245,4585307.995729588,-221.02649540825277,1517.528997578932,-221.3070599175778,-6.684288357126899,-0.42407144344370074,-6.684174075752743,18303.766323008826,0.0,0.1939561738508999,2.059930667412065,2234285.585289076,599.4148528223552
205800.0,4585364.225226959,290896.3553360452,4585285.831602654,-221.69492640187192,1517.4865790974811,-221.97547948094325,-6.684331545718342,-0.42429818918656953,-6.684217222017538,18303.766323008826,0.0,0.1939561738508999,2.059930667412065,2234285.585289076,599.4148528223552
205900.0,4585342.022312589,291048.10187208606,4585263.600633548,-222.36336172348877,1517.4441379403709,-222.64390336807347,-6.684374917079672,-0.42452495664390516,-6.684260551047219,18303.766323008826,0.0,0.1939561738508999,2.059930667412065,2234285.585289076,599.4148528223552
206000.0,4585319.75255447,291199.84416287736,4585241.3028218355,-223.03180139138004,1517.4016741054268,-223.3123315972447,-6.684418471206326,-0.42475174587304904,-6.684304062837207,18303.766323008826,0.0,0.1939561738508999,2.059930667412065,2234285.585289076,599.4148528223552
206100.0,4585297.415952166,291351.58220615116,4585218.938167083,-223.70024542382205,1517.3591875904688,-223.98076418673276,-6.68446220809367,-0.424978556931614,-6.684347757382865,18303.766323008826,0.0,0.1939561738508999,2.059930667412065,2234285.585289076,599.4148528223552
206200.0,4585275.012505239,291503.3159996394,4585196.506668853,-224.36869383909064,1517.316678393311,-224.64920115481297,-6.6845061277370075,-0.42520538987748635,-6.684391634679477,18303.766323008826,0.0,0.1939561738508999,2.059930667412065,2234285.585289076,599.4148528223552
206300.0,4585252.542213251,291655.0455410737,4585174.008326706,-225.03714665546116,1517.2741465117617,-225.3176425197602,-6.684550230131554,-0.4254322447688269,-6.684435694722253,18303.766323008826,0.0,0.1939561738508999,2.059930667412065,2234285.585289076,599.4148528223552
206400.0,4585230.00507576,291806.77082818554,4585151.443140201,-225.70560389120848,1517.2315919436237,-225.9860882998488,-6.684594515272473,-0.42565912166407616,-6.684479937506343,18303.766323008826,0.0,0.1939561738508999,2.059930667412065,2234285.585289076,599.4148528223552
206500.0,4585207.401092324,291958.49185870617,4585128.811108897,-226.37406556460704,1517.1890146866936,-226.6545385133527,-6.684638983154837,-0.42588602062195335,-6.684524363026812,18303.766323008826,0.0,0.1939561738508999,2.059930667412065,2234285.585289076,599.4148528223552
206600.0,4585184.730262498,292110.20863036654,4585106.11223235,-227.04253169393067,1517.146414738762,-227.32299317854523,-6.684683633773658,-0.4261129417014613,-6.68456897127866,18303.766323008826,0.0,0.1939561738508999,2.059930667412065,2234285.585289076,599.4148528223552
206700.0,4585161.992585836,292261.9211408975,4585083.346510112,-227.7110022974528,1517.103792097614,-227.9914523136993,-6.684728467123864,-0.4263398849618874,-6.684613762256801,18303.766323008826,0.0,0.1939561738508999,2.059930667412065,2234285.585289076,599.4148528223552
206800.0,4585139.188061889,292413.62938802957,4585060.513941737,-228.3794773934463,1517.0611467610283,-228.6599159370873,-6.68477348320032,-0.42656685046280735,-6.68465873595609,18303.766323008826,0.0,0.1939561738508999,2.059930667412065,2234285.585289076,599.4148528223552
206900.0,4585116.316690207,292565.33336949314,4585037.614526775,-229.04795700018357,1517.018478726778,-229.32838406698107,-6.684818681997789,-0.4267938382640853,-6.6847038923712825,18303.766323008826,0.0,0.1939561738508999,2.059930667412065,2234285.585289076,599.4148528223552
207000.0,4585093.378470339,292717.03308301826,4585014.648264773,-229.7164411359364,1516.97578799263,-229.99685672165194,-6.684864063510982,-0.4270208484258791,-6.684749231497074,18303.766323008826,0.0,0.1939561738508999,2.059930667412065,2234285.585289076,599.4148528223552
207100.0,4585070.373401829,292868.7285263349,4584991.615155279,-230.3849298189761,1516.9330745563454,-230.66533391937068,-6.684909627734521,-0.42724788100864125,-6.684794753328078,18303.766323008826,0.0,0.1939561738508999,2.059930667412065,2234285.585289076,599.4148528223552
207200.0,4585047.3014842225,293020.4196971727,4584968.515197837,-231.05342306757345,1516.890338415679,-231.33381567840755,-6.684955374662944,-0.42747493607312137,-6.684840457858822,18303.766323008826,0.0,0.1939561738508999,2.059930667412065,2234285.585289076,599.4148528223552
207300.0,4585024.162717062,293172.1065932611,4584945.34839199,-231.72192089999865,1516.8475795683794,-232.00230201703224,-6.685001304290719,-0.4277020136803692,-6.68488634508376,18303.766323008826,0.0,0.1939561738508999,2.059930667412065,2234285.585289076,599.4148528223552
207400.0,4585000.9570998885,293323.78921232943,4584922.11473728,-232.3904233345214,1516.8047980121894,-232.6707929535139,-6.6850474166122105,-0.4279291138917364,-6.684932414997246,18303.766323008826,0.0,0.1939561738508999,2.059930667412065,2234285.585289076,599.4148528223552
207500.0,4584977.684632241,293475.46755210654,4584898.814233245,-233.0589303894107,1516.7619937448455,-233.3392885061211,-6.685093711621729,-0.42815623676888054,-6.684978667593578,18303.766323008826,0.0,0.1939561738508999,2.059930667412065,2234285.585289076,599.4148528223552
207600.0,4584954.345313656,293627.1416103213,4584875.446879424,-233.72744208293514,1516.719166764078,-234.00778869312185,-6.685140189313472,-0.4283833823737664,-6.685025102866946,18303.766323008826,0.0,0.1939561738508999,2.059930667412065,2234285.585289076,599.4148528223552
207700.0,4584930.939143669,293778.8113847022,4584852.012675351,-234.3959584333626,1516.676317067611,-234.67629353278355,-6.685186849681573,-0.42861055076866933,-6.685071720811468,18303.766323008826,0.0,0.1939561738508999,2.059930667412065,2234285.585289076,599.4148528223552
207800.0,4584907.466121813,293930.47687297757,4584828.511620562,-235.06447945896045,1516.6334446531625,-235.344803043373,-6.685233692720066,-0.4288377420161773,-6.685118521421169,18303.766323008826,0.0,0.1939561738508999,2.059930667412065,2234285.585289076,599.4148528223552
207900.0,4584883.926247621,294082.1380728755,4584804.943714586,-235.7330051779954,1516.590549518444,-236.01331724315642,-6.6852807184229075,-0.42906495617919443,-6.685165504689989,18303.766323008826,0.0,0.1939561738508999,2.059930667412065,2234285.585289076,599.4148528223552
208000.0,4584860.319520621,294233.7949821238,4584781.308956956,-236.40153560873364,1516.5476316611607,-236.68183615039942,-6.685327926783958,-0.4292921933209433,-6.685212670611782,18303.766323008826,0.0,0.1939561738508999,2.059930667412065,2234285.585289076,599.4148528223552
208100.0,4584836.645940341,294385.44759845024,4584757.607347199,-237.0700707694406,1516.5046910790118,-237.350359783367,-6.685375317796981,-0.4295194535049666,-6.685260019180301,18303.766323008826,0.0,0.1939561738508999,2.059930667412065,2234285.585289076,599.4148528223552
208200.0,4584812.905506308,294537.09591958206,4584733.838884842,-237.7386106783812,1516.4617277696896,-238.01888816032348,-6.685422891455668,-0.4297467367951325,-6.685307550389222,18303.766323008826,0.0,0.1939561738508999,2.059930667412065,2234285.585289076,599.4148528223552
208300.0,4584789.098218046,294688.73994324653,4584710.003569408,-238.4071553538197,1516.4187417308804,-238.68742129953262,-6.685470647753603,-0.42997404325563465,-6.6853552642321175,18303.766323008826,0.0,0.1939561738508999,2.059930667412065,2234285.585289076,599.4148528223552
208400.0,4584765.224075078,294840.3796671705,4584686.101400422,-239.07570481401967,1516.375732960264,-239.35595921925747,-6.685518586684288,-0.4302013729509971,-6.685403160702474,18303.766323008826,0.0,0.1939561738508999,2.059930667412065,2234285.585289076,599.4148528223552
208500.0,4584741.283076923,294992.0150890808,4584662.132377404,-239.7442590772441,1516.3327014555136,-240.02450193776048,-6.685566708241118,-0.4304287259460757,-6.685451239793682,18303.766323008826,0.0,0.1939561738508999,2.059930667412065,2234285.585289076,599.4148528223552
208600.0,4584717.2752231015,295143.64620670374,4584638.096499873,-240.4128181617552,1516.289647214296,-240.69304947330335,-6.685615012417396,-0.43065610230606155,-6.685499501499029,18303.766323008826,0.0,0.1939561738508999,2.059930667412065,2234285.585289076,599.4148528223552
208700.0,4584693.200513129,295295.27301776566,4584613.993767348,-241.08138208581465,1516.2465702342715,-241.36160184414717,-6.685663499206336,-0.43088350209648457,-6.685547945811718,18303.766323008826,0.0,0.1939561738508999,2.059930667412065,2234285.585289076,599.4148528223552
208800.0,4584669.058946522,295446.89551999257,4584589.824179343,-241.74995086768334,1516.2034705130936,-242.03015906855236,-6.6857121686010474,-0.43111092538321516,-6.685596572724842,18303.766323008826,0.0,0.1939561738508999,2.059930667412065,2234285.585289076,599.4148528223552
208900.0,4584644.850522793,295598.51371111016,4584565.587735372,-242.41852452562148,1516.1603480484096,-242.6987211647786,-6.685761020594535,-0.43133837223246796,-6.685645382231398,18303.766323008826,0.0,0.1939561738508999,2.059930667412065,2234285.585289076,599.4148528223552
209000.0,4584620.575241454,295750.12758884404,4584541.284434946,-243.08710307788863,1516.1172028378596,-243.36728815108486,-6.685810055179712,-0.431565842710805,-6.685694374324284,18303.766323008826,0.0,0.1939561738508999,2.059930667412065,2234285.585289076,599.4148528223552
209100.0,4584596.233102014,295901.73715091945,4584516.914277578,-243.75568654274358,1516.0740348790775,-244.03586004572944,-6.685859272349386,-0.4317933368851379,-6.685743548996298,18303.766323008826,0.0,0.1939561738508999,2.059930667412065,2234285.585289076,599.4148528223552
209200.0,4584571.824103981,296053.3423950615,4584492.477262774,-244.4242749384444,1516.0308441696905,-244.70443686696984,-6.685908672096261,-0.4320208548227322,-6.685792906240129,18303.766323008826,0.0,0.1939561738508999,2.059930667412065,2234285.585289076,599.4148528223552
209300.0,4584547.348246861,296204.943318995,4584467.97339004,-245.09286828324846,1515.9876307073187,-245.37301863306294,-6.685958254412936,-0.432248396591209,-6.685842446048366,18303.766323008826,0.0,0.1939561738508999,2.059930667412065,2234285.585289076,599.4148528223552
209400.0,4584522.805530159,296356.5399204445,4584443.402658882,-245.76146659541237,1515.9443944895756,-246.04160536226476,-6.686008019291906,-0.432475962258549,-6.685892168413492,18303.766323008826,0.0,0.1939561738508999,2.059930667412065,2234285.585289076,599.4148528223552
209500.0,4584498.195953376,296508.1321971343,4584418.765068801,-246.43006989319198,1515.901135514068,-246.71019707283062,-6.686057966725557,-0.43270355189309523,-6.685942073327875,18303.766323008826,0.0,0.1939561738508999,2.059930667412065,2234285.585289076,599.4148528223552
209600.0,4584473.519516013,296659.72014678863,4584394.0606193,-247.0986781948424,1515.8578537783958,-247.37879378301506,-6.686108096706173,-0.4329311655635573,-6.685992160783791,18303.766323008826,0.0,0.1939561738508999,2.059930667412065,2234285.585289076,599.4148528223552
209700.0,4584448.776217569,296811.30376713123,4584369.289309877,-247.76729151861787,1515.8145492801518,-248.04739551107184,-6.6861584092259125,-0.4331588033390125,-6.686042430773385,18303.766323008826,0.0,0.1939561738508999,2.059930667412065,2234285.585289076,599.4148528223552
209800.0,4584423.966057541,296962.8830558858,4584344.451140029,-248.43590988277194,1515.7712220169221,-248.71600227525394,-6.68620890427684,-0.4333864652889107,-6.686092883288705,18303.766323008826,0.0,0.1939561738508999,2.059930667412065,2234285.585289076,599.4148528223552
209900.0,4584399.0890354235,297114.4580107757,4584319.546109254,-249.10453330555734,1515.727871986286,-249.38461409381352,-6.686259581850898,-0.43361415148307775,-6.686143518321687,18303.766323008826,0.0,0.1939561738508999,2.059930667412065,2234285.585289076,599.4148528223552
210000.0,4584374.14515071,297266.02862952405,4584294.574217042,-249.77316180522595,1515.684499185815,-250.05323098500193,-6.686310441939913,-0.4338418619917172,-6.686194335864141,18303.766323008826,0.0,0.1939561738508999,2.059930667412065,2234285.585289076,599.4148528223552
210100.0,4584349.134402893,297417.59490985377,4584269.535462887,-250.44179540002887,1515.6411036130746,-250.7218529670697,-6.6863614845356025,-0.4340695968854153,-6.686245335907772,18303.766323008826,0.0,0.1939561738508999,2.059930667412065,2234285.585289076,599.4148528223552
210200.0,4584324.05679146,297569.1568494875,4584244.429846278,-251.11043410821634,1515.5976852656227,-251.39048005826658,-6.686412709629571,-0.4342973562351442,-6.686296518444168,18303.766323008826,0.0,0.1939561738508999,2.059930667412065,2234285.585289076,599.4148528223552
210300.0,4584298.9123159,297720.7144461477,4584219.257366705,-251.77907794803778,1515.55424414101,-252.05911227684135,-6.686464117213293,-0.4345251401122639,-6.686347883464795,18303.766323008826,0.0,0.1939561738508999,2.059930667412065,2234285.585289076,599.4148528223552
210400.0,4584273.700975699,297872.2676975564,4584194.018023652,-252.44772693774172,1515.5107802367802,-252.72774964104204,-6.686515707278124,-0.43475294858852676,-6.686399430960994,18303.766323008826,0.0,0.1939561738508999,2.059930667412065,2234285.585289076,599.4148528223552
210500.0,4584248.422770341,298023.81660143565,4584168.711816604,-253.11638109557583,1515.4672935504698,-253.39639216911576,-6.686567479815315,-0.4349807817360821,-6.686451160924001,18303.766323008826,0.0,0.1939561738508999,2.059930667412065,2234285.585289076,599.4148528223552
210600.0,4584223.077699307,298175.36115550704,4584143.3387450455,-253.7850404397869,1515.4237840796081,-254.06503987930876,-6.686619434815979,-0.4352086396274772,-6.686503073344917,18303.766323008826,0.0,0.1939561738508999,2.059930667412065,2234285.585289076,599.4148528223552
210700.0,4584197.665762079,298326.901357492,4584117.898808455,-254.45370498862084,1515.3802518217171,-254.73369278986638,-6.686671572271108,-0.4354365223356625,-6.6865551682147215,18303.766323008826,0.0,0.1939561738508999,2.059930667412065,2234285.585289076,599.4148528223552
210800.0,4584172.186958135,298478.4372051117,4584092.392006313,-255.12237476032263,1515.3366967743113,-255.40235091903304,-6.686723892171563,-0.43566442993399446,-6.68660744552426,18303.766323008826,0.0,0.1939561738508999,2.059930667412065,2234285.585289076,599.4148528223552
210900.0,4584146.641286952,298629.96869608713,4584066.818338097,-255.79104977313634,1515.293118934898,-256.07101428505223,-6.686776394508093,-0.4358923624962404,-6.686659905264268,18303.766323008826,0.0,0.1939561738508999,2.059930667412065,2234285.585289076,599.4148528223552
211000.0,4584121.028748006,298781.4958281389,4584041.177803282,-256.45973004530515,1515.2495183009773,-256.7396829061666,-6.686829079271307,-0.43612032009658086,-6.6867125474253415,18303.766323008826,0.0,0.1939561738508999,2.059930667412065,2234285.585289076,599.4148528223552
211100.0,4584095.349340768,298933.01859898743,4584015.47040134,-257.1284155950712,1515.2058948700417,-257.4083568006177,-6.686881946451682,-0.4363483028096132,-6.686765371997944,18303.766323008826,0.0,0.1939561738508999,2.059930667412065,2234285.585289076,599.4148528223552
211200.0,4584069.60306471,299084.5370063529,4583989.696131745,-257.79710644067575,1515.1622486395759,-258.07703598664625,-6.686934996039572,-0.4365763107103562,-6.686818378972412,18303.766323008826,0.0,0.1939561738508999,2.059930667412065,2234285.585289076,599.4148528223552
211300.0,4584043.789919303,299236.0510479553,4583963.854993966,-258.46580260035904,1515.1185796070574,-258.74572048249195,-6.686988228025196,-0.4368043438742543,-6.686871568338959,18303.766323008826,0.0,0.1939561738508999,2.059930667412065,2234285.585289076,599.4148528223552
211400.0,4584017.909904012,299387.56072151416,4583937.946987472,-259.1345040923604,1515.0748877699564,-259.41441030639345,-6.687041642398632,-0.43703240237717905,-6.68692494008764,18303.766323008826,0.0,0.1939561738508999,2.059930667412065,2234285.585289076,599.4148528223552
211500.0,4583991.963018306,299539.066024749,4583911.972111727,-259.803210934918,1515.0311731257348,-260.0831054765885,-6.6870952391498175,-0.4372604862954346,-6.686978494208384,18303.766323008826,0.0,0.1939561738508999,2.059930667412065,2234285.585289076,599.4148528223552
211600.0,4583965.949261647,299690.566955379,4583885.930366198,-260.47192314626926,1514.9874356718474,-260.7518060113138,-6.687149018268571,-0.43748859570576265,-6.687032230690993,18303.766323008826,0.0,0.1939561738508999,2.059930667412065,2234285.585289076,599.4148528223552
211700.0,4583939.8686334975,299842.06351112295,4583859.821750346,-261.14064074465034,1514.9436754057413,-261.42051192880507,-6.687202979744553,-0.43771673068534395,-6.687086149525111,18303.766323008826,0.0,0.1939561738508999,2.059930667412065,2234285.585289076,599.4148528223552
211800.0,4583913.721133318,299993.5556896996,4583833.646263632,-261.80936374829645,1514.8998923248555,-262.0892232472969,-6.6872571235672895,-0.43794489131180386,-6.6871402507002555,18303.766323008826,0.0,0.1939561738508999,2.059930667412065,2234285.585289076,599.4148528223552
211900.0,4583887.5067605665,300145.0434888273,4583807.403905516,-262.4780921754417,1514.8560864266215,-262.7579399850228,-6.687311449726163,-0.4381730776632156,-6.687194534205789,18303.766323008826,0.0,0.1939561738508999,2.059930667412065,2234285.585289076,599.4148528223552
212000.0,4583861.225514701,300296.52690622426,4583781.094675453,-263.1468260443192,1514.8122577084628,-263.42666216021536,-6.687365958210407,-0.43840128981810467,-6.687249000030934,18303.766323008826,0.0,0.1939561738508999,2.059930667412065,2234285.585289076,599.4148528223552
212100.0,4583834.877395175,300448.00593960827,4583754.718572902,-263.81556537316095,1514.768406167795,-264.09538979110596,-6.687420649009115,-0.438629527855453,-6.687303648164768,18303.766323008826,0.0,0.1939561738508999,2.059930667412065,2234285.585289076,599.4148528223552
212200.0,4583808.462401443,300599.480586697,4583728.2755973125,-264.48431018019784,1514.7245318020264,-264.7641228959249,-6.68747552211123,-0.4388577918547028,-6.687358478596219,18303.766323008826,0.0,0.1939561738508999,2.059930667412065,2234285.585289076,599.4148528223552
212300.0,4583781.980532956,300750.9508452078,4583701.765748139,-265.1530604836596,1514.6806346085561,-265.4328614929014,-6.687530577505543,-0.43908608189576054,-6.687413491314062,18303.766323008826,0.0,0.1939561738508999,2.059930667412065,2234285.585289076,599.4148528223552
212400.0,4583755.4317891635,300902.4167128577,4583675.18902483,-265.82181630177496,1514.6367145847764,-266.10160560026355,-6.6875858151806895,-0.43931439805900135,-6.687468686306922,18303.766323008826,0.0,0.1939561738508999,2.059930667412065,2234285.585289076,599.4148528223552
212500.0,4583728.8161695115,301053.8781873637,4583648.545426834,-266.4905776527714,1514.5927717280708,-266.77035523623823,-6.68764123512516,-0.43954274042527375,-6.68752406356327,18303.766323008826,0.0,0.1939561738508999,2.059930667412065,2234285.585289076,599.4148528223552
212600.0,4583702.133673447,301205.33526644215,4583621.834953598,-267.15934455487525,1514.5488060358152,-267.43911041905125,-6.687696837327286,-0.439771109075903,-6.687579623071424,18303.766323008826,0.0,0.1939561738508999,2.059930667412065,2234285.585289076,599.4148528223552
212700.0,4583675.3843004145,301356.78794780956,4583595.057604565,-267.8281170263117,1514.5048175053769,-268.10787116692717,-6.687752621775233,-0.4399995040926959,-6.6876353648195375,18303.766323008826,0.0,0.1939561738508999,2.059930667412065,2234285.585289076,599.4148528223552
212800.0,4583648.5680498555,301508.2362291819,4583568.213379178,-268.49689508530474,1514.460806134115,-268.7766374980894,-6.68780858845702,-0.44022792555794543,-6.687691288795611,18303.766323008826,0.0,0.1939561738508999,2.059930667412065,2234285.585289076,599.4148528223552
212900.0,4583621.684921211,301659.6801082749,4583541.302276879,-269.1656787500772,1514.4167719193808,-269.44540943076015,-6.687864737360504,-0.44045637355443484,-6.687747394987485,18303.766323008826,0.0,0.1939561738508999,2.059930667412065,2234285.585289076,599.4148528223552
213000.0,4583594.734913918,301811.1195828042,4583514.324297105,-269.8344680388505,1514.372714858517,-270.1141869831604,-6.687921068473368,-0.4406848481654416,-6.687803683382828,18303.766323008826,0.0,0.1939561738508999,2.059930667412065,2234285.585289076,599.4148528223552
213100.0,4583567.718027415,301962.554650485,4583487.279439294,-270.5032629698451,1514.3286349488578,-270.7829701735098,-6.687977581783142,-0.44091334947474314,-6.6878601539691545,18303.766323008826,0.0,0.1939561738508999,2.059930667412065,2234285.585289076,599.4148528223552
213200.0,4583540.634261135,302113.98530903226,4583460.167702882,-271.17206356127997,1514.2845321877294,-271.4517590200268,-6.688034277277175,-0.44114187756661977,-6.687916806733802,18303.766323008826,0.0,0.1939561738508999,2.059930667412065,2234285.585289076,599.4148528223552
213300.0,4583513.483614513,302265.4115561607,4583432.989087301,-271.8408698313729,1514.240406572449,-272.1205535409287,-6.688091154942661,-0.44137043252586106,-6.687973641663947,18303.766323008826,0.0,0.1939561738508999,2.059930667412065,2234285.585289076,599.4148528223552
213400.0,4583486.266086979,302416.83338958485,4583405.743591984,-272.50968179834047,1514.1962581003258,-272.7893537544314,-6.688148214766622,-0.4415990144377691,-6.688030658746592,18303.766323008826,0.0,0.1939561738508999,2.059930667412065,2234285.585289076,599.4148528223552
213500.0,4583458.9816779625,302568.2508070188,4583378.43121636,-273.17849948039776,1514.1520867686602,-273.4581596787494,-6.6882054567359015,-0.4418276233881637,-6.688087857968566,18303.766323008826,0.0,0.1939561738508999,2.059930667412065,2234285.585289076,599.4148528223552
213600.0,4583431.630386892,302719.66380617645,4583351.051959857,-273.8473228957587,1514.107892574744,-274.126971332096,-6.688262880837168,-0.44205625946338706,-6.688145239316522,18303.766323008826,0.0,0.1939561738508999,2.059930667412065,2234285.585289076,599.4148528223552
213700.0,4583404.212213192,302871.07238477154,4583323.605821902,-274.5161520626358,1514.0636755158605,-274.7957887326831,-6.688320487056913,-0.44228492275030845,-6.688202802776935,18303.766323008826,0.0,0.1939561738508999,2.059930667412065,2234285.585289076,599.4148528223552
213800.0,4583376.727156287,303022.47654051735,4583296.092801918,-275.1849869992402,1514.019435589284,-275.46461189872133,-6.6883782753814565,-0.44251361333632966,-6.688260548336112,18303.766323008826,0.0,0.1939561738508999,2.059930667412065,2234285.585289076,599.4148528223552
213900.0,4583349.175215599,303173.876271127,4583268.512899329,-275.85382772378176,1513.9751727922803,-276.1334408484198,-6.68843624579693,-0.4427423313093888,-6.688318475980166,18303.766323008826,0.0,0.1939561738508999,2.059930667412065,2234285.585289076,599.4148528223552
214000.0,4583321.556390549,303325.27157431334,4583240.866113555,-276.5226742544688,1513.9308871221062,-276.8022755999864,-6.688494398289282,-0.4429710767579656,-6.688376585695028,18303.766323008826,0.0,0.1939561738508999,2.059930667412065,2234285.585289076,599.4148528223552
214100.0,4583293.870680555,303476.66244778887,4583213.152444014,-277.1915266095084,1513.88657857601,-277.4711161716274,-6.688552732844284,-0.44319984977108745,-6.688434877466453,18303.766323008826,0.0,0.1939561738508999,2.059930667412065,2234285.585289076,599.4148528223552
214200.0,4583266.118085032,303628.0488892659,4583185.371890126,-277.86038480710596,1513.8422471512304,-278.13996258154776,-6.6886112494475025,-0.44342865043833196,-6.688493351279996,18303.766323008826,0.0,0.1939561738508999,2.059930667412065,2234285.585289076,599.4148528223552
214300.0,4583238.298603398,303779.4308964564,4583157.524451303,-278.52924886546566,1513.7978928449975,-278.808814847951,-6.688669948084335,-0.44365747884983514,-6.6885520071210305,18303.766323008826,0.0,0.1939561738508999,2.059930667412065,2234285.585289076,599.4148528223552
214400.0,4583210.4122350635,303930.8084670721,4583129.61012696,-279.19811880279013,1513.7535156545325,-279.4776729890391,-6.688728828739976,-0.4438863350962945,-6.68861084497474,18303.766323008826,0.0,0.1939561738508999,2.059930667412065,2234285.585289076,599.4148528223552
214500.0,4583182.458979441,304082.1815988244,4583101.6289165085,-279.86699463728047,1513.7091155770474,-280.14653702301257,-6.688787891399428,-0.4441152192689742,-6.688669864826104,18303.766323008826,0.0,0.1939561738508999,2.059930667412065,2234285.585289076,599.4148528223552
214600.0,4583154.438835939,304233.5502894245,4583073.580819358,-280.5358763871363,1513.6646926097449,-280.8154069680704,-6.6888471360474915,-0.444344131459711,-6.688729066659913,18303.766323008826,0.0,0.1939561738508999,2.059930667412065,2234285.585289076,599.4148528223552
214700.0,4583126.351803966,304384.91453658324,4583045.4658349175,-281.2047640705557,1513.6202467498185,-281.48428284241015,-6.688906562668782,-0.4445730717609198,-6.688788450460762,18303.766323008826,0.0,0.1939561738508999,2.059930667412065,2234285.585289076,599.4148528223552
214800.0,4583098.197882927,304536.2743380113,4583017.283962592,-281.8736577057353,1513.5757779944527,-282.15316466422763,-6.688966171247702,-0.444802040265598,-6.688848016213037,18303.766323008826,0.0,0.1939561738508999,2.059930667412065,2234285.585289076,599.4148528223552
214900.0,4583069.977072226,304687.6296914189,4582989.035201785,-282.54255731087,1513.5312863408221,-282.82205245171724,-6.6890259617684595,-0.44503103706733155,-6.688907763900928,18303.766323008826,0.0,0.1939561738508999,2.059930667412065,2234285.585289076,599.4148528223552
215000.0,4583041.6893712655,304838.9805945161,4582960.719551901,-283.21146290415317,1513.4867717860927,-283.4909462230718,-6.689085934215043,-0.44526006226029924,-6.688967693508403,18303.766323008826,0.0,0.1939561738508999,2.059930667412065,2234285.585289076,599.4148528223552
215100.0,4583013.334779445,304990.3270450127,4582932.33701234,-283.88037450377664,1513.4422343274205,-284.1598459964824,-6.689146088571255,-0.4454891159392815,-6.689027805019254,18303.766323008826,0.0,0.1939561738508999,2.059930667412065,2234285.585289076,599.4148528223552
215200.0,4582984.913296164,305141.66904061806,4582903.887582501,-284.5492921279305,1513.397673961952,-284.82875179013854,-6.689206424820662,-0.4457181981996606,-6.689088098417026,18303.766323008826,0.0,0.1939561738508999,2.059930667412065,2234285.585289076,599.4148528223552
215300.0,4582956.424920819,305293.0065790414,4582875.371261781,-285.2182157948033,1513.3530906868245,-285.4976636222281,-6.68926694294664,-0.4459473091374318,-6.6891485736850775,18303.766323008826,0.0,0.1939561738508999,2.059930667412065,2234285.585289076,599.4148528223552
215400.0,4582927.869652803,305444.33965799166,4582846.788049575,-285.8871455225818,1513.3084844991654,-286.1665815109373,-6.689327642932341,-0.4461764488492056,-6.689209230806543,18303.766323008826,0.0,0.1939561738508999,2.059930667412065,2234285.585289076,599.4148528223552
215500.0,4582899.2474915115,305595.6682751774,4582818.137945277,-286.55608132945116,1513.2638553960924,-286.8355054744506,-6.689388524760692,-0.4464056174322135,-6.6892700697643335,18303.766323008826,0.0,0.1939561738508999,2.059930667412065,2234285.585289076,599.4148528223552
215600.0,4582870.558436334,305746.99242830696,4582789.420948277,-287.22502323359475,1513.2192033747133,-287.5044355309508,-6.689449588414418,-0.44663481498431634,-6.68933109054115,18303.766323008826,0.0,0.1939561738508999,2.059930667412065,2234285.585289076,599.4148528223552
215700.0,4582841.802486661,305898.31211508834,4582760.637057967,-287.8939712531943,1513.1745284321264,-288.1733716986189,-6.689510833876002,-0.44686404160400683,-6.68939229311946,18303.766323008826,0.0,0.1939561738508999,2.059930667412065,2234285.585289076,599.4148528223552
215800.0,4582812.979641879,306049.62733322923,4582731.786273733,-288.56292540642966,1513.1298305654202,-288.84231399563413,-6.6895722611277115,-0.44709329739041814,-6.6894536774815165,18303.766323008826,0.0,0.1939561738508999,2.059930667412065,2234285.585289076,599.4148528223552
215900.0,4582784.089901375,306200.93808043713,4582702.868594962,-289.2318857114789,1513.085109771673,-289.51126244017405,-6.689633870151589,-0.4473225824433283,-6.689515243609339,18303.766323008826,0.0,0.1939561738508999,2.059930667412065,2234285.585289076,599.4148528223552
216000.0,4582755.133264531,306352.24435441924,4582673.884021039,-289.9008521865184,1513.0403660479528,-290.1802170504143,-6.689695660929438,-0.44755189686316693,-6.689576991484715,18303.766323008826,0.0,0.1939561738508999,2.059930667412065,2234285.585289076,599.4148528223552
216100.0,4582726.109730731,306503.54615288234,4582644.832551346,-290.56982484972264,1512.9955993913181,-290.84917784452864,-6.68975763344283,-0.4477812407510206,-6.689638921089199,18303.766323008826,0.0,0.1939561738508999,2.059930667412065,2234285.585289076,599.4148528223552
216200.0,4582697.019299354,306654.843473533,4582615.714185264,-291.2388037192642,1512.950809798817,-291.5181448406891,-6.689819787673114,-0.44801061420864047,-6.689701032404117,18303.766323008826,0.0,0.1939561738508999,2.059930667412065,2234285.585289076,599.4148528223552
216300.0,4582667.86196978,306806.1363140775,4582586.528922171,-291.90778881331386,1512.9059972674875,-292.18711805706585,-6.6898821236013895,-0.44824001733844687,-6.689763325410549,18303.766323008826,0.0,0.1939561738508999,2.059930667412065,2234285.585289076,599.4148528223552
216400.0,4582638.637741384,306957.42467222176,4582557.276761445,-292.57678015004046,1512.861161794357,-292.856097511827,-6.689944641208512,-0.4484694502435363,-6.689825800089336,18303.766323008826,0.0,0.1939561738508999,2.059930667412065,2234285.585289076,599.4148528223552
216500.0,4582609.346613541,307108.70854567154,4582527.957702461,-293.2457777476109,1512.8163033764429,-293.52508322313884,-6.690007340475094,-0.4486989130276873,-6.6898884564210706,18303.766323008826,0.0,0.1939561738508999,2.059930667412065,2234285.585289076,599.4148528223552
216600.0,4582579.988585625,307259.98793213215,4582498.571744591,-293.91478162419014,1512.771422010752,-294.19407520916565,-6.690070221381511,-0.4489284057953681,-6.689951294386103,18303.766323008826,0.0,0.1939561738508999,2.059930667412065,2234285.585289076,599.4148528223552
216700.0,4582550.563657006,307411.2628293087,4582469.118887208,-294.5837917979412,1512.7265176942808,-294.8630734880698,-6.69013328390788,-0.4491579286517416,-6.690014313964539,18303.766323008826,0.0,0.1939561738508999,2.059930667412065,2234285.585289076,599.4148528223552
216800.0,4582521.071827055,307562.5332349059,4582439.599129682,-295.25280828702506,1512.6815904240152,-295.53207807801164,-6.690196528034065,-0.44938748170267234,-6.690077515136217,18303.766323008826,0.0,0.1939561738508999,2.059930667412065,2234285.585289076,599.4148528223552
216900.0,4582491.513095138,307713.7991466283,4582410.012471382,-295.92183110960065,1512.6366401969303,-296.20108899714944,-6.6902599537396785,-0.449617065054734,-6.690140897880734,18303.766323008826,0.0,0.1939561738508999,2.059930667412065,2234285.585289076,599.4148528223552
217000.0,4582461.887460621,307865.06056218,4582380.358911672,-296.59086028382495,1512.5916670099907,-296.8701062636395,-6.690323561004081,-0.4498466788152152,-6.6902044621774275,18303.766323008826,0.0,0.1939561738508999,2.059930667412065,2234285.585289076,599.4148528223552
217100.0,4582432.194922869,308016.31747926486,4582350.638449917,-297.25989582785274,1512.54667086015,-297.539129895636,-6.690387349806357,-0.4500763230921259,-6.6902682080053655,18303.766323008826,0.0,0.1939561738508999,2.059930667412065,2234285.585289076,599.4148528223552
217200.0,4582402.435481243,308167.56989558646,4582320.851085479,-297.9289377598368,1512.5016517443514,-298.2081599112909,-6.69045132012534,-0.4503059979942053,-6.690332135343357,18303.766323008826,0.0,0.1939561738508999,2.059930667412065,2234285.585289076,599.4148528223552
217300.0,4582372.609135103,308318.8178088481,4582290.996817721,-298.5979860979277,1512.4566096595267,-298.8771963287543,-6.690515471939586,-0.45053570363092765,-6.690396244169941,18303.766323008826,0.0,0.1939561738508999,2.059930667412065,2234285.585289076,599.4148528223552
217400.0,4582342.715883809,308470.0612167527,4582261.075646,-299.2670408602738,1512.4115446025971,-299.5462391661738,-6.690579805227388,-0.4507654401125101,-6.690460534463391,18303.766323008826,0.0,0.1939561738508999,2.059930667412065,2234285.585289076,599.4148528223552
217500.0,4582312.7557267165,308621.3001170028,4582231.087569674,-299.93610206502154,1512.3664565704723,-300.2152884416951,-6.690644319966765,-0.450995207549919,-6.690525006201701,18303.766323008826,0.0,0.1939561738508999,2.059930667412065,2234285.585289076,599.4148528223552
217600.0,4582282.728663181,308772.5345073008,4582201.032588096,-300.60516973031486,1512.3213455600514,-300.88434417346156,-6.690709016135459,-0.4512250060548777,-6.690589659362598,18303.766323008826,0.0,0.1939561738508999,2.059930667412065,2234285.585289076,599.4148528223552
217700.0,4582252.634692554,308923.76438534877,4582170.910700623,-301.27424387429556,1512.276211568222,-301.5534063796143,-6.690773893710932,-0.4514548357398729,-6.690654493923518,18303.766323008826,0.0,0.1939561738508999,2.059930667412065,2234285.585289076,599.4148528223552
217800.0,4582222.473814189,309074.9897488483,4582140.721906604,-301.9433245151032,1512.2310545918604,-302.2224750782922,-6.690838952670359,-0.45168469671816225,-6.6907195098616175,18303.766323008826,0.0,0.1939561738508999,2.059930667412065,2234285.585289076,599.4148528223552
217900.0,4582192.246027434,309226.2105955009,4582110.46620539,-302.612411670875,1512.1858746278315,-302.8915502876318,-6.690904192990641,-0.45191458910378235,-6.690784707153777,18303.766323008826,0.0,0.1939561738508999,2.059930667412065,2234285.585289076,599.4148528223552
218000.0,4582161.951331637,309377.42692300753,4582080.143596329,-303.28150535974595,1512.140671672989,-303.5606320257673,-6.690969614648376,-0.45214451301155495,-6.690850085776573,18303.766323008826,0.0,0.1939561738508999,2.059930667412065,2234285.585289076,599.4148528223552
218100.0,4582131.5897261435,309528.63872906903,4582049.754078766,-303.95060559984853,1512.0954457241746,-304.22972031083066,-6.691035217619879,-0.45237446855709523,-6.690915645706301,18303.766323008826,0.0,0.1939561738508999,2.059930667412065,2234285.585289076,599.4148528223552
218200.0,4582101.161210298,309679.8460113858,4582019.297652047,-304.6197124093129,1512.050196778219,-304.89881516095136,-6.691101001881166,-0.4526044558568189,-6.690981386918952,18303.766323008826,0.0,0.1939561738508999,2.059930667412065,2234285.585289076,599.4148528223552
218300.0,4582070.665783442,309831.04876765795,4581988.774315515,-305.2888258062669,1512.0049248319408,-305.5679165942564,-6.691166967407953,-0.45283447502795016,-6.69104730939022,18303.766323008826,0.0,0.1939561738508999,2.059930667412065,2234285.585289076,599.4148528223552
218400.0,4582040.103444916,309982.2469955854,4581958.184068508,-305.95794580883586,1511.959629882147,-306.23702462887053,-6.691233114175653,-0.4530645261885293,-6.691113413095501,18303.766323008826,0.0,0.1939561738508999,2.059930667412065,2234285.585289076,599.4148528223552
218500.0,4582009.474194059,310133.4406928675,4581927.526910368,-306.62707243514257,1511.9143119256328,-306.90613928291583,-6.69129944215938,-0.45329460945742045,-6.69117969800988,18303.766323008826,0.0,0.1939561738508999,2.059930667412065,2234285.585289076,599.4148528223552
218600.0,4581978.778030207,310284.6298572035,4581896.802840431,-307.2962057033074,1511.8689709591813,-307.57526057451196,-6.691365951333928,-0.45352472495431945,-6.691246164108138,18303.766323008826,0.0,0.1939561738508999,2.059930667412065,2234285.585289076,599.4148528223552
218700.0,4581948.014952696,310435.81448629225,4581866.011858032,-307.9653456314482,1511.8236069795637,-308.24438852177605,-6.691432641673782,-0.4537548727997615,-6.691312811364732,18303.766323008826,0.0,0.1939561738508999,2.059930667412065,2234285.585289076,599.4148528223552
218800.0,4581917.184960858,310586.9945778322,4581835.153962504,-308.63449223768015,1511.778219983539,-308.91352314282267,-6.691499513153124,-0.4539850531151307,-6.69137963975382,18303.766323008826,0.0,0.1939561738508999,2.059930667412065,2234285.585289076,599.4148528223552
218900.0,4581886.288054025,310738.17012952163,4581804.2291531805,-309.30364554011595,1511.732809967854,-309.58266445576373,-6.691566565745789,-0.45421526602266454,-6.691446649249216,18303.766323008826,0.0,0.1939561738508999,2.059930667412065,2234285.585289076,599.4148528223552
219000.0,4581855.324231526,310889.34113905835,4581773.23742939,-309.9728055568656,1511.6873769292438,-310.25181247870853,-6.691633799425312,-0.4544455116454672,-6.691513839824437,18303.766323008826,0.0,0.1939561738508999,2.059930667412065,2234285.585289076,599.4148528223552
219100.0,4581824.293492689,311040.5076041399,4581742.17879046,-310.6419723060364,1511.6419208644304,-310.92096722976373,-6.691701214164893,-0.4546757901075135,-6.691581211452652,18303.766323008826,0.0,0.1939561738508999,2.059930667412065,2234285.585289076,599.4148528223552
219200.0,4581793.195836839,311191.6695224636,4581711.053235719,-311.311145805733,1511.5964417701236,-311.5901287270333,-6.691768809937396,-0.45490610153365924,-6.691648764106708,18303.766323008826,0.0,0.1939561738508999,2.059930667412065,2234285.585289076,599.4148528223552
219300.0,4581762.031263302,311342.8268917262,4581679.8607644895,-311.9803260740574,1511.5509396430207,-312.25929698861836,-6.691836586715354,-0.4551364460496494,-6.6917164977591135,18303.766323008826,0.0,0.1939561738508999,2.059930667412065,2234285.585289076,599.4148528223552
219400.0,4581730.799771398,311493.9797096243,4581648.601376095,-312.6495131291087,1511.5054144798064,-312.92847203261744,-6.691904544470966,-0.45536682378212695,-6.691784412382043,18303.766323008826,0.0,0.1939561738508999,2.059930667412065,2234285.585289076,599.4148528223552
219500.0,4581699.501360449,311645.1279738542,4581617.275069856,-313.31870698898325,1511.4598662771527,-313.59765387712616,-6.691972683176082,-0.4555972348586405,-6.691852507947325,18303.766323008826,0.0,0.1939561738508999,2.059930667412065,2234285.585289076,599.4148528223552
219600.0,4581668.136029772,311796.27168211166,4581585.881845092,-313.9879076717746,1511.414295031719,-314.26684254023735,-6.692041002802208,-0.4558276794076538,-6.691920784426438,18303.766323008826,0.0,0.1939561738508999,2.059930667412065,2234285.585289076,599.4148528223552
219700.0,4581636.703778686,311947.41083209234,4581554.42170112,-314.65711519557345,1511.368700740151,-314.93603804004096,-6.692109503320501,-0.45605815755855517,-6.691989241790519,18303.766323008826,0.0,0.1939561738508999,2.059930667412065,2234285.585289076,599.4148528223552
219800.0,4581605.204606504,312098.5454214914,4581522.894637256,-315.3263295784675,1511.3230833990826,-315.605240394624,-6.692178184701762,-0.45628866944166446,-6.692057880010344,18303.766323008826,0.0,0.1939561738508999,2.059930667412065,2234285.585289076,599.4148528223552
219900.0,4581573.638512541,312249.6754480037,4581491.300652812,-315.9955508385416,1511.2774430051338,-316.27444962207056,-6.692247046916433,-0.456519215188244,-6.692126699056328,18303.766323008826,0.0,0.1939561738508999,2.059930667412065,2234285.585289076,599.4148528223552
220000.0,4581542.005496106,312400.80090932385,4581459.639747102,-316.6647789938776,1511.2317795549118,-316.9436657404618,-6.6923160899346,-0.4567497949305073,-6.692195698898539,18303.766323008826,0.0,0.1939561738508999,2.059930667412065,2234285.585289076,599.4148528223552
220100.0,4581510.305556511,312551.921803146,4581427.911919434,-317.3340140625543,1511.1860930450102,-317.6128887678758,-6.692385313725977,-0.4569804088016269,-6.692264879506658,18303.766323008826,0.0,0.1939561738508999,2.059930667412065,2234285.585289076,599.4148528223552
220200.0,4581478.538693062,312703.03812716407,4581396.117169117,-318.0032560626475,1511.1403834720095,-318.2821187223876,-6.692454718259909,-0.45721105693574526,-6.69233424085001,18303.766323008826,0.0,0.1939561738508999,2.059930667412065,2234285.585289076,599.4148528223552
220300.0,4581446.704905067,312854.1498790715,4581364.255495457,-318.67250501223,1511.0946508324764,-318.9513556220693,-6.692524303505365,-0.4574417394679835,-6.6924037828975385,18303.766323008826,0.0,0.1939561738508999,2.059930667412065,2234285.585289076,599.4148528223552
220400.0,4581414.804191828,313005.25705656153,4581332.32689776,-319.3417609293713,1511.0488951229647,-319.62059948498955,-6.692594069430931,-0.45767245653445016,-6.692473505617807,18303.766323008826,0.0,0.1939561738508999,2.059930667412065,2234285.585289076,599.4148528223552
220500.0,4581382.836552648,313156.35965732695,4581300.331375328,-320.01102383213777,1511.0031163400138,-320.2898503292142,-6.692664016004827,-0.4579032082722533,-6.692543408979008,18303.766323008826,0.0,0.1939561738508999,2.059930667412065,2234285.585289076,599.4148528223552
220600.0,4581350.8019868275,313307.4576790603,4581268.2689274615,-320.68029373859275,1510.9573144801498,-320.95910817280566,-6.692734143194866,-0.45813399481950656,-6.6926134929489285,18303.766323008826,0.0,0.1939561738508999,2.059930667412065,2234285.585289076,599.4148528223552
220700.0,4581318.700493665,313458.5511194536,4581236.139553459,-321.3495706667962,1510.9114895398848,-321.6283730338232,-6.692804450968482,-0.458364816315342,-6.692683757494975,18303.766323008826,0.0,0.1939561738508999,2.059930667412065,2234285.585289076,599.4148528223552
220800.0,4581286.532072459,313609.6399761988,4581203.94325262,-322.01885463480477,1510.865641515717,-322.2976449303228,-6.6928749392927065,-0.45859567289991804,-6.692754202584158,18303.766323008826,0.0,0.1939561738508999,2.059930667412065,2234285.585289076,599.4148528223552
220900.0,4581254.296722503,313760.7242469872,4581171.680024238,-322.6881456606719,1510.8197704041304,-322.96692388035706,-6.692945608134174,-0.45882656471443084,-6.6928248281830784,18303.766323008826,0.0,0.1939561738508999,2.059930667412065,2234285.585289076,599.4148528223552
221000.0,4581221.994443092,313911.80392950994,4581139.349867608,-323.3574437624477,1510.773876201595,-323.6362099019753,-6.693016457459104,-0.4590574919011226,-6.692895634257937,18303.766323008826,0.0,0.1939561738508999,2.059930667412065,2234285.585289076,599.4148528223552
221100.0,4581189.625233515,314062.87902145775,4581106.952782022,-324.0267489581787,1510.7279589045663,-324.30550301322336,-6.693087487233319,-0.45928845460329476,-6.692966620774529,18303.766323008826,0.0,0.1939561738508999,2.059930667412065,2234285.585289076,599.4148528223552
221200.0,4581157.189093064,314213.9495205209,4581074.488766769,-324.69606126590816,1510.6820185094857,-324.97480323214376,-6.693158697422219,-0.4595194529653146,-6.693037787698223,18303.766323008826,0.0,0.1939561738508999,2.059930667412065,2234285.585289076,599.4148528223552
221300.0,4581124.686021024,314365.01542438957,4581041.957821138,-325.3653807036758,1510.6360550127797,-325.6441105767754,-6.693230087990798,-0.45975048713262967,-6.69310913499399,18303.766323008826,0.0,0.1939561738508999,2.059930667412065,2234285.585289076,599.4148528223552
221400.0,4581092.116016684,314516.0767307533,4581009.359944415,-326.03470728951777,1510.5900684108608,-326.31342506515375,-6.693301658903603,-0.4599815572517739,-6.693180662626351,18303.766323008826,0.0,0.1939561738508999,2.059930667412065,2234285.585289076,599.4148528223552
221500.0,4581059.479079328,314667.13343730144,4580976.695135886,-326.7040410414668,1510.5440587001262,-326.98274671531067,-6.6933734101247735,-0.460212663470382,-6.6932523705594145,18303.766323008826,0.0,0.1939561738508999,2.059930667412065,2234285.585289076,599.4148528223552
221600.0,4581026.775208237,314818.1855417229,4580943.963394833,-327.3733819775518,1510.4980258769585,-327.65207554527444,-6.693445341618005,-0.46044380593719847,-6.693324258756852,18303.766323008826,0.0,0.1939561738508999,2.059930667412065,2234285.585289076,599.4148528223552
221700.0,4580994.004402692,314969.2330417063,4580911.164720537,-328.04273011579824,1510.4519699377256,-328.3214115730696,-6.693517453346555,-0.4606749848020884,-6.693396327181891,18303.766323008826,0.0,0.1939561738508999,2.059930667412065,2234285.585289076,599.4148528223552
221800.0,4580961.166661973,315120.2759349398,4580878.299112278,-328.7120854742277,1510.40589087878,-328.99075481671713,-6.693589745273241,-0.4609062002160489,-6.693468575797322,18303.766323008826,0.0,0.1939561738508999,2.059930667412065,2234285.585289076,599.4148528223552
221900.0,4580928.261985356,315271.3142191113,4580845.366569333,-329.3814480708582,1510.359788696459,-329.66010529423414,-6.693662217360435,-0.46113745233122105,-6.69354100456549,18303.766323008826,0.0,0.1939561738508999,2.059930667412065,2234285.585289076,599.4148528223552
222000.0,4580895.2903721165,315422.3478919082,4580812.367090978,-330.05081792370385,1510.3136633870852,-330.32946302363405,-6.693734869570043,-0.4613687413008987,-6.693613613448273,18303.766323008826,0.0,0.1939561738508999,2.059930667412065,2234285.585289076,599.4148528223552
222100.0,4580862.251821528,315573.37695101765,4580779.300676486,-330.720195050775,1510.267514946965,-330.9988280229263,-6.693807701863538,-0.461600067279543,-6.693686402407111,18303.766323008826,0.0,0.1939561738508999,2.059930667412065,2234285.585289076,599.4148528223552
222200.0,4580829.146332863,315724.4013941264,4580746.167325131,-331.38957947007805,1510.2213433723903,-331.6682003101167,-6.6938807142018915,-0.46183143042278996,-6.693759371402951,18303.766323008826,0.0,0.1939561738508999,2.059930667412065,2234285.585289076,599.4148528223552
222300.0,4580795.97390539,315875.42121892085,4580712.967036181,-332.05897119961554,1510.1751486596365,-332.3375799032068,-6.693953906545637,-0.4620628308874659,-6.693832520396298,18303.766323008826,0.0,0.1939561738508999,2.059930667412065,2234285.585289076,599.4148528223552
222400.0,4580762.734538378,316026.43642308697,4580679.699808906,-332.728370257386,1510.1289308049636,-333.0069668201945,-6.694027278854827,-0.46229426883159797,-6.693905849347175,18303.766323008826,0.0,0.1939561738508999,2.059930667412065,2234285.585289076,599.4148528223552
222500.0,4580729.428231093,316177.4470043103,4580646.365642572,-333.397776661384,1510.0826898046157,-333.6763610790735,-6.694100831089035,-0.4625257444144238,-6.693979358215122,18303.766323008826,0.0,0.1939561738508999,2.059930667412065,2234285.585289076,599.4148528223552
222600.0,4580696.0549828,316328.4529602762,4580612.964536444,-334.0671904296,1510.0364256548207,-334.34576269783344,-6.694174563207329,-0.46275725779640525,-6.694053046959182,18303.766323008826,0.0,0.1939561738508999,2.059930667412065,2234285.585289076,599.4148528223552
222700.0,4580662.614792761,316479.4542886695,4580579.496489787,-334.7366115800202,1509.990138351791,-335.01517169445987,-6.694248475168321,-0.46298880913924234,-6.694126915537935,18303.766323008826,0.0,0.1939561738508999,2.059930667412065,2234285.585289076,599.4148528223552
222800.0,4580629.107660238,316630.4509871747,4580545.961501859,-335.406040130627,1509.943827891722,-335.6845880869341,-6.694322566930099,-0.46322039860588177,-6.6942009639094415,18303.766323008826,0.0,0.1939561738508999,2.059930667412065,2234285.585289076,599.4148528223552
222900.0,4580595.533584489,316781.4430534759,4580512.359571922,-336.0754760993982,1509.8974942707935,-336.3540118932334,-6.694396838450265,-0.46345202636053145,-6.69427519203127,18303.766323008826,0.0,0.1939561738508999,2.059930667412065,2234285.585289076,599.4148528223552
223000.0,4580561.892564771,316932.4304852567,4580478.690699233,-336.7449195043076,1509.8511374851682,-337.0234431313306,-6.694471289685909,-0.4636836925686725,-6.694349599860482,18303.766323008826,0.0,0.1939561738508999,2.059930667412065,2234285.585289076,599.4148528223552
223100.0,4580528.184600339,317083.4132802006,4580444.954883047,-337.41437036332445,1509.8047575309924,-337.6928818191943,-6.694545920593613,-0.4639153973970729,-6.694424187353627,18303.766323008826,0.0,0.1939561738508999,2.059930667412065,2234285.585289076,599.4148528223552
223200.0,4580494.409690449,317234.3914359905,4580411.15212262,-338.0838286944139,1509.7583544043957,-338.3623279747887,-6.694620731129425,-0.46414714101379717,-6.694498954466724,18303.766323008826,0.0,0.1939561738508999,2.059930667412065,2234285.585289076,599.4148528223552
223300.0,4580460.567834351,317385.364950309,4580377.282417202,-338.7532945155365,1509.711928101491,-339.0317816160735,-6.694695721248886,-0.4643789235882233,-6.694573901155283,18303.766323008826,0.0,0.1939561738508999,2.059930667412065,2234285.585289076,599.4148528223552
223400.0,4580426.659031296,317536.3338208382,4580343.345766046,-339.4227678446483,1509.6654786183738,-339.7012427610041,-6.694770890906997,-0.4646107452910525,-6.694649027374272,18303.766323008826,0.0,0.1939561738508999,2.059930667412065,2234285.585289076,599.4148528223552
223500.0,4580392.683280531,317687.2980452599,4580309.342168399,-340.092248699701,1509.6190059511227,-340.3707114275312,-6.6948462400582285,-0.4648426062943249,-6.694724333078133,18303.766323008826,0.0,0.1939561738508999,2.059930667412065,2234285.585289076,599.4148528223552
223600.0,4580358.640581304,317838.25762125547,4580275.271623509,-340.7617370986415,1509.572510095799,-341.040187633601,-6.694921768656499,-0.46507450677142975,-6.694799818220748,18303.766323008826,0.0,0.1939561738508999,2.059930667412065,2234285.585289076,599.4148528223552
223700.0,4580324.5309328595,317989.21254650597,4580241.13413062,-341.4312330594123,1509.5259910484467,-341.7096713971551,-6.694997476655186,-0.4653064468971222,-6.694875482755465,18303.766323008826,0.0,0.1939561738508999,2.059930667412065,2234285.585289076,599.4148528223552
223800.0,4580290.35433444,318140.162818692,4580206.929688977,-342.100736599951,1509.479448805092,-342.3791627361303,-6.695073364007113,-0.46553842684753505,-6.6949513266350715,18303.766323008826,0.0,0.1939561738508999,2.059930667412065,2234285.585289076,599.4148528223552
223900.0,4580256.110785287,318291.10843549366,4580172.65829782,-342.77024773819056,1509.4328833617437,-343.0486616684587,-6.695149430664541,-0.46577044680019297,-6.695027349811801,18303.766323008826,0.0,0.1939561738508999,2.059930667412065,2234285.585289076,599.4148528223552
224000.0,4580221.800284639,318442.04939459084,4580138.319956389,-343.43976649205916,1509.3862947143925,-343.7181682120676,-6.695225676579155,-0.4660025069340253,-6.6951035522373035,18303.766323008826,0.0,0.1939561738508999,2.059930667412065,2234285.585289076,599.4148528223552
224100.0,4580187.422831734,318592.98569366295,4580103.914663923,-344.10929287948005,1509.3396828590114,-344.3876823848795,-6.695302101702081,-0.4662346074293822,-6.695179933862671,18303.766323008826,0.0,0.1939561738508999,2.059930667412065,2234285.585289076,599.4148528223552
224200.0,4580152.978425807,318743.9173303889,4580069.4424196575,-344.7788269183716,1509.2930477915552,-345.05720420481185,-6.695378705983853,-0.46646674846804714,-6.695256494638406,18303.766323008826,0.0,0.1939561738508999,2.059930667412065,2234285.585289076,599.4148528223552
224300.0,4580118.467066094,318894.8443024474,4580034.903222826,-345.44836862664715,1509.2463895079602,-345.7267336897772,-6.695455489374427,-0.46669893023325176,-6.695333234514426,18303.766323008826,0.0,0.1939561738508999,2.059930667412065,2234285.585289076,599.4148528223552
224400.0,4580083.888751826,319045.7666075165,4580000.297072663,-346.11791802221506,1509.1997080041447,-346.396270857683,-6.695532451823155,-0.46693115290968995,-6.695410153440054,18303.766323008826,0.0,0.1939561738508999,2.059930667412065,2234285.585289076,599.4148528223552
224500.0,4580049.243482233,319196.68424327404,4579965.623968398,-346.78747512297866,1509.1530032760083,-347.06581572643177,-6.695609593278793,-0.4671634166835333,-6.695487251364011,18303.766323008826,0.0,0.1939561738508999,2.059930667412065,2234285.585289076,599.4148528223552
224600.0,4580014.531256544,319347.5972073974,4579930.883909261,-347.457039946836,1509.106275319432,-347.7353683139207,-6.695686913689492,-0.4673957217424452,-6.695564528234413,18303.766323008826,0.0,0.1939561738508999,2.059930667412065,2234285.585289076,599.4148528223552
224700.0,4579979.752073986,319498.5054975635,4579896.076894478,-348.12661251168,1509.0595241302774,-348.4049286380418,-6.695764413002797,-0.4676280682755971,-6.695641983998766,18303.766323008826,0.0,0.1939561738508999,2.059930667412065,2234285.585289076,599.4148528223552
224800.0,4579944.905933783,319649.4091114489,4579861.202923275,-348.7961928353982,1509.012749704388,-349.0744967166818,-6.6958420911656145,-0.46786045647368124,-6.695719618603947,18303.766323008826,0.0,0.1939561738508999,2.059930667412065,2234285.585289076,599.4148528223552
224900.0,4579909.992835159,319800.3080467297,4579826.261994875,-349.46578093587294,1508.9659520375874,-349.7440725677221,-6.695919948124233,-0.4680928865289278,-6.6957974319962075,18303.766323008826,0.0,0.1939561738508999,2.059930667412065,2234285.585289076,599.4148528223552
225000.0,4579875.012777336,319951.2023010816,4579791.254108502,-350.1353768309811,1508.9191311256805,-350.4136562090388,-6.695997983824309,-0.46832535863512015,-6.6958754241211675,18303.766323008826,0.0,0.1939561738508999,2.059930667412065,2234285.585289076,599.4148528223552
225100.0,4579839.9657595325,320102.0918721799,4579756.179263373,-350.804980538594,1508.872286964452,-351.0832476585023,-6.696076198210851,-0.4685578729876099,-6.695953594923799,18303.766323008826,0.0,0.1939561738508999,2.059930667412065,2234285.585289076,599.4148528223552
225200.0,4579804.851780967,320252.9767576994,4579721.0374587085,-351.4745920765776,1508.8254195496681,-351.7528469339776,-6.696154591228216,-0.4687904297833329,-6.696031944348425,18303.766323008826,0.0,0.1939561738508999,2.059930667412065,2234285.585289076,599.4148528223552
225300.0,4579769.670840856,320403.8569553146,4579685.828693724,-352.14421146279216,1508.7785288770742,-352.42245405332415,-6.696233162820113,-0.46902302922082556,-6.696110472338714,18303.766323008826,0.0,0.1939561738508999,2.059930667412065,2234285.585289076,599.4148528223552
225400.0,4579734.422938412,320554.7324626994,4579650.552967635,-352.81383871509223,1508.731614942396,-353.09206903439565,-6.69631191292958,-0.4692556715002407,-6.696189178837673,18303.766323008826,0.0,0.1939561738508999,2.059930667412065,2234285.585289076,599.4148528223552
225500.0,4579699.10807285,320705.6032775275,4579615.210279655,-353.4834738513267,1508.6846777413393,-353.7616918950401,-6.696390841498982,-0.46948835682336326,-6.696268063787626,18303.766323008826,0.0,0.1939561738508999,2.059930667412065,2234285.585289076,599.4148528223552
225600.0,4579663.726243379,320856.469397472,4579579.800628993,-354.1531168893387,1508.6377172695898,-354.43132265309964,-6.696469948470011,-0.4697210853936283,-6.696347127130226,18303.766323008826,0.0,0.1939561738508999,2.059930667412065,2234285.585289076,599.4148528223552
225700.0,4579628.277449208,321007.33082020556,4579544.32401486,-354.82276784696546,1508.5907335228123,-355.1009613264106,-6.696549233783669,-0.46995385741613627,-6.696426368806439,18303.766323008826,0.0,0.1939561738508999,2.059930667412065,2234285.585289076,599.4148528223552
225800.0,4579592.761689545,321158.18754340056,4579508.780436464,-355.4924267420382,1508.5437264966513,-355.7706079328034,-6.6966286973802625,-0.47018667309767076,-6.696505788756538,18303.766323008826,0.0,0.1939561738508999,2.059930667412065,2234285.585289076,599.4148528223552
225900.0,4579557.178963594,321309.0395647288,4579473.169893009,-356.1620935923823,1508.4966961867306,-356.4402624901024,-6.696708339199392,-0.47041953264671393,-6.696585386920077,18303.766323008826,0.0,0.1939561738508999,2.059930667412065,2234285.585289076,599.4148528223552
226000.0,4579521.5292705605,321459.88688186166,4579437.4923837,-356.83176841581684,1508.4496425886528,-357.1099250161258,-6.696788159179955,-0.47065243627346637,-6.696665163235918,18303.766323008826,0.0,0.1939561738508999,2.059930667412065,2234285.585289076,599.4148528223552
226100.0,4579485.812609645,321610.7294924701,4579401.747907739,-357.50145123015494,1508.4025656979995,-357.7795955286859,-6.69686815726012,-0.470885384189862,-6.696745117642195,18303.766323008826,0.0,0.1939561738508999,2.059930667412065,2234285.585289076,599.4148528223552
226200.0,4579450.028980047,321761.5673942247,4579365.936464327,-358.1711420532034,1508.3554655103312,-358.44927404558854,-6.696948333377345,-0.471118376609588,-6.696825250076319,18303.766323008826,0.0,0.1939561738508999,2.059930667412065,2234285.585289076,599.4148528223552
226300.0,4579414.178380966,321912.40058479545,4579330.058052663,-358.84084090276286,1508.308342021187,-359.1189605846333,-6.697028687468328,-0.4713514137480993,-6.696905560474955,18303.766323008826,0.0,0.1939561738508999,2.059930667412065,2234285.585289076,599.4148528223552
226400.0,4579378.260811598,322063.22906185203,4579294.112671942,-359.5105477966274,1508.2611952260838,-359.78865516361356,-6.697109219469049,-0.4715844958226407,-6.696986048774041,18303.766323008826,0.0,0.1939561738508999,2.059930667412065,2234285.585289076,599.4148528223552
226500.0,4579342.276271137,322214.0528230636,4579258.100321362,-360.18026275258484,1508.2140251205174,-360.458357800316,-6.697189929314724,-0.47181762305226166,-6.6970667149087495,18303.766323008826,0.0,0.1939561738508999,2.059930667412065,2234285.585289076,599.4148528223552
226600.0,4579306.224758778,322364.87186609895,4579222.021000113,-360.84998578841635,1508.166831699961,-361.12806851252094,-6.697270816939804,-0.47205079565783603,-6.697147558813493,18303.766323008826,0.0,0.1939561738508999,2.059930667412065,2234285.585289076,599.4148528223552
226700.0,4579270.10627371,322515.6861886263,4579185.87470739,-361.5197169218966,1508.1196149598659,-361.7977873180021,-6.697351882277973,-0.4722840138620804,-6.697228580421913,18303.766323008826,0.0,0.1939561738508999,2.059930667412065,2234285.585289076,599.4148528223552
226800.0,4579233.920815123,322666.49578831345,4579149.6614423795,-362.1894561707935,1508.0723748956611,-362.46751423452656,-6.697433125262153,-0.4725172778895745,-6.6973097796668934,18303.766323008826,0.0,0.1939561738508999,2.059930667412065,2234285.585289076,599.4148528223552
226900.0,4579197.668382205,322817.3006628278,4579113.381204272,-362.8592035528683,1508.025111502753,-363.1372492798545,-6.697514545824453,-0.47275058796677644,-6.6973911564805,18303.766323008826,0.0,0.1939561738508999,2.059930667412065,2234285.585289076,599.4148528223552
227000.0,4579161.348974141,322968.10080983624,4579077.033992252,-363.52895908587533,1507.977824776525,-363.8069924717393,-6.697596143896211,-0.47298394432204643,-6.697472710794029,18303.766323008826,0.0,0.1939561738508999,2.059930667412065,2234285.585289076,599.4148528223552
227100.0,4579124.962590116,323118.89622700517,4579040.6198055055,-364.19872278756213,1507.9305147123382,-364.47674382792763,-6.6976779194079405,-0.4732173471856617,-6.697554442537951,18303.766323008826,0.0,0.1939561738508999,2.059930667412065,2234285.585289076,599.4148528223552
227200.0,4579088.509229311,323269.6869120006,4579004.1386432145,-364.86849467566924,1507.88318130553,-365.1465033661589,-6.697759872289356,-0.4734507967898404,-6.69763635164194,18303.766323008826,0.0,0.1939561738508999,2.059930667412065,2234285.585289076,599.4148528223552
227300.0,4579051.988890907,323420.472862488,4578967.59050456,-365.53827476793,1507.8358245514144,-365.81627110416565,-6.697842002469337,-0.4736842933687578,-6.697718438034828,18303.766323008826,0.0,0.1939561738508999,2.059930667412065,2234285.585289076,599.4148528223552
227400.0,4579015.401574083,323571.25407613243,4578930.97538872,-366.2080630820707,1507.7884444452825,-366.4860470596731,-6.697924309875941,-0.473917837158569,-6.697800701644632,18303.766323008826,0.0,0.1939561738508999,2.059930667412065,2234285.585289076,599.4148528223552
227500.0,4578978.747278015,323722.03055059846,4578894.293294873,-366.8778596358103,1507.741040982401,-367.1558312503994,-6.698006794436377,-0.4741514283974275,-6.697883142398516,18303.766323008826,0.0,0.1939561738508999,2.059930667412065,2234285.585289076,599.4148528223552
227600.0,4578942.02600188,323872.8022835502,4578857.544222195,-367.5476644468606,1507.6936141580134,-367.8256236940552,-6.698089456077003,-0.47438506732550695,-6.697965760222795,18303.766323008826,0.0,0.1939561738508999,2.059930667412065,2234285.585289076,599.4148528223552
227700.0,4578905.23774485,324023.5692726512,4578820.728169858,-368.2174775329259,1507.6461639673382,-368.4954244083438,-6.6981722947233155,-0.47461875418502,-6.69804855504292,18303.766323008826,0.0,0.1939561738508999,2.059930667412065,2234285.585289076,599.4148528223552
227800.0,4578868.382506097,324174.33151556464,4578783.845137036,-368.88729891170294,1507.5986904055706,-369.1652334109611,-6.698255310299942,-0.4748524892202419,-6.698131526783476,18303.766323008826,0.0,0.1939561738508999,2.059930667412065,2234285.585289076,599.4148528223552
227900.0,4578831.46028479,324325.08900995314,4578746.895122899,-369.557128600881,1507.5511934678802,-369.8350507195953,-6.698338502730635,-0.47508627267753023,-6.698214675368164,18303.766323008826,0.0,0.1939561738508999,2.059930667412065,2234285.585289076,599.4148528223552
228000.0,4578794.471080098,324475.84175347886,4578709.878126615,-370.22696661814166,1507.5036731494126,-370.50487635192695,-6.698421871938237,-0.47532010480534476,-6.698298000719788,18303.766323008826,0.0,0.1939561738508999,2.059930667412065,2234285.585289076,599.4148528223552
228100.0,4578757.414891188,324626.5897438035,4578672.794147351,-370.89681298115863,1507.4561294452883,-371.1747103256289,-6.698505417844706,-0.47555398585427255,-6.698381502760256,18303.766323008826,0.0,0.1939561738508999,2.059930667412065,2234285.585289076,599.4148528223552
228200.0,4578720.291717224,324777.33297858824,4578635.643184272,-371.5666677075979,1507.4085623506026,-371.844552658366,-6.698589140371092,-0.4757879160770476,-6.698465181410571,18303.766323008826,0.0,0.1939561738508999,2.059930667412065,2234285.585289076,599.4148528223552
228300.0,4578683.1015573675,324928.07145549374,4578598.42523654,-372.2365308151175,1507.3609718604253,-372.51440336779535,-6.698673039437504,-0.47602189572857273,-6.698549036590798,18303.766323008826,0.0,0.1939561738508999,2.059930667412065,2234285.585289076,599.4148528223552
228400.0,4578645.844410781,325078.8051721803,4578561.140303318,-372.90640232136735,1507.3133579698006,-373.18426247156583,-6.698757114963136,-0.4762559250659431,-6.69863306822008,18303.766323008826,0.0,0.1939561738508999,2.059930667412065,2234285.585289076,599.4148528223552
228500.0,4578608.520276623,325229.5341263075,4578523.788383766,-373.57628224398934,1507.2657206737472,-373.8541299873183,-6.698841366866231,-0.4764900043484683,-6.698717276216616,18303.766323008826,0.0,0.1939561738508999,2.059930667412065,2234285.585289076,599.4148528223552
228600.0,4578571.129154051,325380.2583155347,4578486.36947704,-374.24617060061706,1507.2180599672574,-374.5240059326853,-6.6989257950640795,-0.47672413383769563,-6.698801660497646,18303.766323008826,0.0,0.1939561738508999,2.059930667412065,2234285.585289076,599.4148528223552
228700.0,4578533.671042221,325530.9777375205,4578448.883582298,-374.91606740887585,1507.1703758452973,-375.1938903252912,-6.699010399473009,-0.47695831379743225,-6.69888622097945,18303.766323008826,0.0,0.1939561738508999,2.059930667412065,2234285.585289076,599.4148528223552
228800.0,4578496.145940286,325681.6923899231,4578411.330698693,-375.58597268638255,1507.1226683028067,-375.8637831827518,-6.6990951800083645,-0.4771925444937694,-6.698970957577323,18303.766323008826,0.0,0.1939561738508999,2.059930667412065,2234285.585289076,599.4148528223552
228900.0,4578458.5538474005,325832.4022704002,4578373.710825379,-376.25588645074555,1507.0749373346985,-376.5336845226744,-6.6991801365845145,-0.4774268261951062,-6.699055870205585,18303.766323008826,0.0,0.1939561738508999,2.059930667412065,2234285.585289076,599.4148528223552
229000.0,4578420.8947627125,325983.107376609,4578336.023961506,-376.9258087195646,1507.0271829358585,-377.2035943626577,-6.699265269114825,-0.4776611591721736,-6.699140958777555,18303.766323008826,0.0,0.1939561738508999,2.059930667412065,2234285.585289076,599.4148528223552
229100.0,4578383.168685372,326133.80770620616,4578298.2701062225,-377.59573951043075,1506.9794051011456,-377.8735127202918,-6.699350577511652,-0.47789554369805715,-6.699226223205531,18303.766323008826,0.0,0.1939561738508999,2.059930667412065,2234285.585289076,599.4148528223552
229200.0,4578345.375614526,326284.50325684785,4578260.449258677,-378.2656788409262,1506.9316038253914,-378.5434396131578,-6.699436061686324,-0.4781299800482226,-6.699311663400795,18303.766323008826,0.0,0.1939561738508999,2.059930667412065,2234285.585289076,599.4148528223552
229300.0,4578307.515549319,326435.1940261897,4578222.561418015,-378.9356267286243,1506.8837791033993,-379.21337505882786,-6.699521721549146,-0.4783644685005417,-6.699397279273605,18303.766323008826,0.0,0.1939561738508999,2.059930667412065,2234285.585289076,599.4148528223552
229400.0,4578269.5884888945,326585.8800118868,4578184.606583379,-379.6055831910893,1506.8359309299453,-379.88331907486537,-6.699607557009372,-0.47859900933531463,-6.69948307073316,18303.766323008826,0.0,0.1939561738508999,2.059930667412065,2234285.585289076,599.4148528223552
229500.0,4578231.594432394,326736.5612115938,4578146.584753913,-380.27554824587634,1506.788059299777,-380.55327167882433,-6.699693567975208,-0.47883360283529763,-6.699569037687612,18303.766323008826,0.0,0.1939561738508999,2.059930667412065,2234285.585289076,599.4148528223552
229600.0,4578193.533378958,326887.2376229647,4578108.495928756,-380.9455219105314,1506.7401642076134,-381.22323288824964,-6.6997797543537825,-0.47906824928572733,-6.699655180044041,18303.766323008826,0.0,0.1939561738508999,2.059930667412065,2234285.585289076,599.4148528223552
229700.0,4578155.405327724,327037.90924365306,4578070.340107047,-381.61550420259107,1506.6922456481452,-381.89320272067675,-6.699866116051143,-0.4793029489743461,-6.699741497708437,18303.766323008826,0.0,0.1939561738508999,2.059930667412065,2234285.585289076,599.4148528223552
229800.0,4578117.210277829,327188.5760713119,4578032.117287924,-382.28549513958245,1506.6443036160342,-382.56318119363175,-6.699952652972248,-0.4795377021914297,-6.699827990585708,18303.766323008826,0.0,0.1939561738508999,2.059930667412065,2234285.585289076,599.4148528223552
229900.0,4578078.948228408,327339.23810359364,4577993.82747052,-382.9554947390231,1506.596338105913,-383.2331683246311,-6.700039365020949,-0.47977250922981285,-6.699914658579651,18303.766323008826,0.0,0.1939561738508999,2.059930667412065,2234285.585289076,599.4148528223552
230000.0,4578040.619178592,327489.89533815027,4577955.470653969,-383.62550301842094,1506.5483491123844,-383.90316413118165,-6.700126252099977,-0.48000737038491603,-6.700001501592944,18303.766323008826,0.0,0.1939561738508999,2.059930667412065,2234285.585289076,599.4148528223552
230100.0,4578002.223127514,327640.54777263314,4577917.046837403,-384.29551999527416,1506.500336630022,-384.5731686307804,-6.700213314110937,-0.4802422859547725,-6.700088519527137,18303.766323008826,0.0,0.1939561738508999,2.059930667412065,2234285.585289076,599.4148528223552
230200.0,4577963.760074303,327791.19540469314,4577878.5560199525,-384.9655456870709,1506.4523006533695,-385.2431818409145,-6.700300550954276,-0.4804772562400548,-6.700175712282622,18303.766323008826,0.0,0.1939561738508999,2.059930667412065,2234285.585289076,599.4148528223552
230300.0,4577925.230018086,327941.8382319805,4577839.998200744,-385.6355801112894,1506.40424117694,-385.91320377906095,-6.700387962529299,-0.480712281544104,-6.700263079758642,18303.766323008826,0.0,0.1939561738508999,2.059930667412065,2234285.585289076,599.4148528223552
230400.0,4577886.632957989,328092.476252145,4577801.3733789055,-386.30562328539776,1506.3561581952165,-386.58323446268685,-6.700475548734128,-0.4809473621729569,-6.700350621853272,18303.766323008826,0.0,0.1939561738508999,2.059930667412065,2234285.585289076,599.4148528223552
230500.0,4577847.968893137,328243.1094628359,4577762.68155356,-386.9756752268538,1506.308051702651,-387.25327390924883,-6.700563309465716,-0.4811824984353742,-6.700438338463403,18303.766323008826,0.0,0.1939561738508999,2.059930667412065,2234285.585289076,599.4148528223552
230600.0,4577809.237822651,328393.7378617017,4577723.922723832,-387.645735953105,1506.2599216936646,-387.92332213619324,-6.700651244619797,-0.4814176906428684,-6.700526229484714,18303.766323008826,0.0,0.1939561738508999,2.059930667412065,2234285.585289076,599.4148528223552
230700.0,4577770.4397456525,328544.36144639057,4577685.09688884,-388.3158054815883,1506.211768162647,-388.593379160956,-6.700739354090911,-0.48165293910973406,-6.700614294811684,18303.766323008826,0.0,0.1939561738508999,2.059930667412065,2234285.585289076,599.4148528223552
230800.0,4577731.5746612605,328694.98021455,4577646.204047706,-388.9858838297302,1506.1635911039568,-389.26344500096224,-6.7008276377723615,-0.4818882441530758,-6.7007025343375615,18303.766323008826,0.0,0.1939561738508999,2.059930667412065,2234285.585289076,599.4148528223552
230900.0,4577692.642568592,328845.5941638269,4577607.244199546,-389.6559710149462,1506.11539051192,-389.9335196736265,-6.700916095556218,-0.48212360609283866,-6.7007909479543555,18303.766323008826,0.0,0.1939561738508999,2.059930667412065,2234285.585289076,599.4148528223552
231000.0,4577653.643466762,328996.20329186774,4577568.217343477,-390.3260670546412,1506.067166380831,-390.6036031963525,-6.701004727333288,-0.4823590252518371,-6.700879535552816,18303.766323008826,0.0,0.1939561738508999,2.059930667412065,2234285.585289076,599.4148528223552
231100.0,4577614.577354886,329146.80759631825,4577529.123478611,-390.996171966209,1506.0189187049514,-391.27369558653277,-6.701093532993123,-0.4825945019557869,-6.700968297022429,18303.766323008826,0.0,0.1939561738508999,2.059930667412065,2234285.585289076,599.4148528223552
231200.0,4577575.444232073,329297.4070748237,4577489.962604063,-391.6662857670322,1505.9706474785105,-391.94379686154895,-6.70118251242398,-0.4828300365333337,-6.7010572322514,18303.766323008826,0.0,0.1939561738508999,2.059930667412065,2234285.585289076,599.4148528223552
231300.0,4577536.244097435,329448.00172502873,4577450.734718942,-392.33640847448237,1505.9223526957044,-392.6139070387713,-6.70127166551282,-0.48306562931608454,-6.701146341126622,18303.766323008826,0.0,0.1939561738508999,2.059930667412065,2234285.585289076,599.4148528223552
231400.0,4577496.97695008,329598.59154457744,4577411.439822358,-393.00654010591956,1505.8740343506959,-393.2840261355587,-6.701360992145296,-0.48330128063864014,-6.701235623533688,18303.766323008826,0.0,0.1939561738508999,2.059930667412065,2234285.585289076,599.4148528223552
231500.0,4577457.642789115,329749.1765311133,4577372.0779134175,-393.6766806786924,1505.825692437614,-393.9541541692586,-6.701450492205728,-0.48353699083862534,-6.701325079356858,18303.766323008826,0.0,0.1939561738508999,2.059930667412065,2234285.585289076,599.4148528223552
231600.0,4577418.241613645,329899.75668227917,4577332.648991226,-394.34683021013774,1505.7773269505542,-394.6242911572067,-6.701540165577089,-0.4837727602567208,-6.701414708479041,18303.766323008826,0.0,0.1939561738508999,2.059930667412065,2234285.585289076,599.4148528223552
231700.0,4577378.773422774,330050.3319957174,4577293.153054887,-395.0169887175809,1505.7289378835774,-395.29443711672707,-6.701630012141005,-0.4840085892366971,-6.701504510781799,18303.766323008826,0.0,0.1939561738508999,2.059930667412065,2234285.585289076,599.4148528223552
231800.0,4577339.238215602,330200.9024690697,4577253.590103503,-395.6871562183351,1505.68052523071,-395.96459206513174,-6.701720031777717,-0.4842444781254458,-6.701594486145312,18303.766323008826,0.0,0.1939561738508999,2.059930667412065,2234285.585289076,599.4148528223552
231900.0,4577299.63599123,330351.4680999772,4577213.960136174,-396.3573327297015,1505.6320889859437,-396.6347560197208,-6.7018102243660715,-0.484480427273012,-6.701684634448357,18303.766323008826,0.0,0.1939561738508999,2.059930667412065,2234285.585289076,599.4148528223552
232000.0,4577259.966748755,330502.0288860803,4577174.263151999,-397.0275182689693,1505.583629143235,-397.304928997782,-6.7019005897835235,-0.4847164370326301,-6.70177495556833,18303.766323008826,0.0,0.1939561738508999,2.059930667412065,2234285.585289076,599.4148528223552
232100.0,4577220.230487275,330652.584825019,4577134.499150073,-397.69771285341506,1505.5351456965047,-397.97511101659086,-6.70199112790609,-0.48495250776075527,-6.7018654493811765,18303.766323008826,0.0,0.1939561738508999,2.059930667412065,2234285.585289076,599.4148528223552
232200.0,4577180.427205883,330803.1359144326,4577094.6681294935,-398.3679165003031,1505.4866386396384,-398.64530209341046,-6.702081838608356,-0.4851886398170994,-6.70195611576142,18303.766323008826,0.0,0.1939561738508999,2.059930667412065,2234285.585289076,599.4148528223552
232300.0,4577140.556903672,330953.68215195974,4577054.7700893525,-399.03812922688513,1505.438107966485,-399.3155022454912,-6.702172721763448,-0.485424833564664,-6.702046954582119,18303.766323008826,0.0,0.1939561738508999,2.059930667412065,2234285.585289076,599.4148528223552
232400.0,4577100.619579734,331104.2235352385,4577014.805028741,-399.7083510504,1505.389553670857,-399.9857114900706,-6.702263777243017,-0.4856610893697763,-6.702137965714858,18303.766323008826,0.0,0.1939561738508999,2.059930667412065,2234285.585289076,599.4148528223552
232500.0,4577060.615233159,331254.7600619063,4576974.772946751,-400.37858198807356,1505.3409757465301,-400.65592984437353,-6.702355004917227,-0.4858974076021245,-6.7022291490297325,18303.766323008826,0.0,0.1939561738508999,2.059930667412065,2234285.585289076,599.4148528223552
232600.0,4577020.543863033,331405.2917296,4576934.673842468,-401.04882205711885,1505.2923741872432,-401.3261573256116,-6.702446404654737,-0.4861337886347936,-6.70232050439533,18303.766323008826,0.0,0.1939561738508999,2.059930667412065,2234285.585289076,599.4148528223552
232700.0,4576980.4054684425,331555.81853595574,4576894.50771498,-401.71907127473554,1505.2437489866973,-401.9963939509832,-6.702537976322674,-0.4863702328443009,-6.702412031678712,18303.766323008826,0.0,0.1939561738508999,2.059930667412065,2234285.585289076,599.4148528223552
232800.0,4576940.200048473,331706.3404786091,4576854.274563372,-402.38932965810994,1505.1951001385557,-402.66663973767345,-6.702629719786624,-0.4866067406106331,-6.702503730745394,18303.766323008826,0.0,0.1939561738508999,2.059930667412065,2234285.585289076,599.4148528223552
232900.0,4576899.927602205,331856.857555195,4576813.9743867265,-403.05959722441486,1505.1464276364438,-403.33689470285384,-6.702721634910615,-0.4868433123172835,-6.702595601459333,18303.766323008826,0.0,0.1939561738508999,2.059930667412065,2234285.585289076,599.4148528223552
233000.0,4576859.588128721,332007.3697633477,4576773.607184125,-403.7298739908095,1505.097731473948,-404.00715886368226,-6.702813721557101,-0.48707994835128954,-6.7026876436829115,18303.766323008826,0.0,0.1939561738508999,2.059930667412065,2234285.585289076,599.4148528223552
233100.0,4576819.1816271,332157.8771007009,4576733.172954647,-404.4001599744391,1505.0490116446163,-404.67743223730275,-6.702905979586924,-0.4873166491032692,-6.702779857276901,18303.766323008826,0.0,0.1939561738508999,2.059930667412065,2234285.585289076,599.4148528223552
233200.0,4576778.708096419,332308.37956488755,4576692.67169737,-405.07045519243496,1505.000268141957,-405.3477148408453,-6.702998408859319,-0.487553414967461,-6.702872242100461,18303.766323008826,0.0,0.1939561738508999,2.059930667412065,2234285.585289076,599.4148528223552
233300.0,4576738.167535754,332458.87715354,4576652.10341137,-405.7407596619143,1504.951500959439,-406.01800669142574,-6.7030910092318985,-0.4877902463417634,-6.702964798011133,18303.766323008826,0.0,0.1939561738508999,2.059930667412065,2234285.585289076,599.4148528223552
233400.0,4576697.559944178,332609.3698642899,4576611.468095723,-406.4110733999799,1504.9027100904916,-406.6883078061456,-6.7031837805605905,-0.48802714362777,-6.703057524864776,18303.766323008826,0.0,0.1939561738508999,2.059930667412065,2234285.585289076,599.4148528223552
233500.0,4576656.885320764,332759.8576947683,4576570.765749499,-407.0813964237201,1504.853895528503,-407.3586182020919,-6.703276722699685,-0.48826410723081437,-6.703150422515597,18303.766323008826,0.0,0.1939561738508999,2.059930667412065,2234285.585289076,599.4148528223552
233600.0,4576616.143664583,332910.34064260556,4576529.996371772,-407.7517287502086,1504.8050572668212,-408.028937896337,-6.703369835501751,-0.48850113756000574,-6.703243490816098,18303.766323008826,0.0,0.1939561738508999,2.059930667412065,2234285.585289076,599.4148528223552
233700.0,4576575.334974703,333060.8187054314,4576489.15996161,-408.42207039650424,1504.756195298753,-408.6992669059385,-6.703463118817665,-0.4887382350282727,-6.70333672961707,18303.766323008826,0.0,0.1939561738508999,2.059930667412065,2234285.585289076,599.4148528223552
233800.0,4576534.459250192,333211.2918808749,4576448.25651808,-409.0924213796509,1504.7073096175636,-409.36960524793875,-6.703556572496559,-0.4889754000524023,-6.703430138767576,18303.766323008826,0.0,0.1939561738508999,2.059930667412065,2234285.585289076,599.4148528223552
233900.0,4576493.516490116,333361.7601665643,4576407.286040248,-409.76278171667724,1504.6584002164766,-410.0399529393652,-6.703650196385822,-0.4892126330530824,-6.703523718114926,18303.766323008826,0.0,0.1939561738508999,2.059930667412065,2234285.585289076,599.4148528223552
234000.0,4576452.506693537,333512.2235601273,4576366.2485271795,-410.4331514245966,1504.609467088673,-410.71030999722984,-6.703743990331065,-0.4894499344549429,-6.7036174675046505,18303.766323008826,0.0,0.1939561738508999,2.059930667412065,2234285.585289076,599.4148528223552
234100.0,4576411.429859518,333662.68205919093,4576325.143977936,-411.10353052040676,1504.5605102272914,-411.38067643852906,-6.703837954176103,-0.48968730468659893,-6.7037113867804905,18303.766323008826,0.0,0.1939561738508999,2.059930667412065,2234285.585289076,599.4148528223552
234200.0,4576370.285987119,333813.1356613814,4576283.972391578,-411.77391902108985,1504.511529625427,-412.0510522802436,-6.703932087762939,-0.48992474418069304,-6.703805475784364,18303.766323008826,0.0,0.1939561738508999,2.059930667412065,2234285.585289076,599.4148528223552
234300.0,4576329.075075399,333963.5843643244,4576242.733767166,-412.4443169436121,1504.462525276132,-412.72143753933824,-6.704026390931751,-0.49016225337394015,-6.703899734356372,18303.766323008826,0.0,0.1939561738508999,2.059930667412065,2234285.585289076,599.4148528223552
234400.0,4576287.797123415,334114.0281656448,4576201.428103756,-413.1147243049235,1504.4134971724143,-413.3918322327618,-6.704120863520833,-0.49039983270716786,-6.7039941623347294,18303.766323008826,0.0,0.1939561738508999,2.059930667412065,2234285.585289076,599.4148528223552
234500.0,4576246.452130223,334264.46706296684,4576160.055400404,-413.78514112195813,1504.3644453072377,-414.06223637744665,-6.704215505366631,-0.49063748262536605,-6.704088759555796,18303.766323008826,0.0,0.1939561738508999,2.059930667412065,2234285.585289076,599.4148528223552
234600.0,4576205.040094875,334414.901053914,4576118.6156561645,-414.45556741163324,1504.3153696735214,-414.73264999030886,-6.7043103163036655,-0.4908752035777269,-6.704183525854012,18303.766323008826,0.0,0.1939561738508999,2.059930667412065,2234285.585289076,599.4148528223552
234700.0,4576163.561016424,334565.330136109,4576077.10887009,-415.12600319084964,1504.2662702641394,-415.40307308824777,-6.704405296164554,-0.4911129960176942,-6.704278461061912,18303.766323008826,0.0,0.1939561738508999,2.059930667412065,2234285.585289076,599.4148528223552
234800.0,4576122.014893919,334715.75430717407,4576035.535041231,-415.7964484764913,1504.2171470719197,-416.07350568814593,-6.70450044477995,-0.4913508604030063,-6.704373565010066,18303.766323008826,0.0,0.1939561738508999,2.059930667412065,2234285.585289076,599.4148528223552
234900.0,4576080.401726411,334866.17356473044,4575993.894168636,-416.46690328542513,1504.1680000896451,-416.7439478068688,-6.704595761978553,-0.4915887971957443,-6.704468837527085,18303.766323008826,0.0,0.1939561738508999,2.059930667412065,2234285.585289076,599.4148528223552
235000.0,4576038.721512944,335016.58790639875,4575952.186251352,-417.1373676345007,1504.1188293100515,-417.41439946126457,-6.704691247587056,-0.4918268068623782,-6.704564278439579,18303.766323008826,0.0,0.1939561738508999,2.059930667412065,2234285.585289076,599.4148528223552
235100.0,4575996.974252566,335166.99732979893,4575910.411288424,-417.8078415405504,1504.0696347258279,-418.0848606681641,-6.70478690143016,-0.49206488987381664,-6.704659887572161,18303.766323008826,0.0,0.1939561738508999,2.059930667412065,2234285.585289076,599.4148528223552
235200.0,4575955.159944317,335317.4018325502,4575868.569278899,-418.4783250203887,1504.0204163296162,-418.75533144438043,-6.704882723330501,-0.4923030467054518,-6.704755664747384,18303.766323008826,0.0,0.1939561738508999,2.059930667412065,2234285.585289076,599.4148528223552
235300.0,4575913.278587242,335467.80141227087,4575826.660221816,-419.1488180908124,1503.9711741140102,-419.42581180670896,-6.704978713108668,-0.49254127783720936,-6.704851609785743,18303.766323008826,0.0,0.1939561738508999,2.059930667412065,2234285.585289076,599.4148528223552
235400.0,4575871.330180379,335618.19606657873,4575784.684116217,-419.81932076860033,1503.921908071556,-420.09630177192696,-6.7050748705831555,-0.49277958375359915,-6.7049477225056515,18303.766323008826,0.0,0.1939561738508999,2.059930667412065,2234285.585289076,599.4148528223552
235500.0,4575829.314722767,335768.5857930907,4575742.640961141,-420.4898330705128,1503.8726181947504,-420.7668013567934,-6.705171195570358,-0.4930179649437634,-6.705044002723405,18303.766323008826,0.0,0.1939561738508999,2.059930667412065,2234285.585289076,599.4148528223552
235600.0,4575787.232213443,335918.97058942297,4575700.530755625,-421.16035501329196,1503.8233044760416,-421.4373105780487,-6.705267687884517,-0.49325642190152713,-6.705140450253159,18303.766323008826,0.0,0.1939561738508999,2.059930667412065,2234285.585289076,599.4148528223552
235700.0,4575745.082651442,336069.3504531909,4575658.353498704,-421.83088661366105,1503.7739669078278,-422.1078294524148,-6.705364347337731,-0.4934949551254505,-6.70523706490692,18303.766323008826,0.0,0.1939561738508999,2.059930667412065,2234285.585289076,599.4148528223552
235800.0,4575702.866035798,336219.7253820093,4575616.109189412,-422.5014278883245,1503.7246054824575,-422.7783579965946,-6.705461173739896,-0.49373356511887895,-6.70533384649449,18303.766323008826,0.0,0.1939561738508999,2.059930667412065,2234285.585289076,599.4148528223552
235900.0,4575660.582365542,336370.09537349193,4575573.797826781,-423.1719788539676,1503.6752201922282,-423.4488962272718,-6.705558166898697,-0.49397225238999487,-6.705430794823462,18303.766323008826,0.0,0.1939561738508999,2.059930667412065,2234285.585289076,599.4148528223552
236000.0,4575618.231639704,336520.460425252,4575531.419409842,-423.8425395272563,1503.6258110293866,-424.1194441611109,-6.705655326619597,-0.4942110174518737,-6.705527909699204,18303.766323008826,0.0,0.1939561738508999,2.059930667412065,2234285.585289076,599.4148528223552
236100.0,4575575.813857312,336670.8205349018,4575488.973937624,-424.513109924837,1503.5763779861277,-424.7900018147567,-6.705752652705773,-0.49444986082253345,-6.705625190924801,18303.766323008826,0.0,0.1939561738508999,2.059930667412065,2234285.585289076,599.4148528223552
236200.0,4575533.329017394,336821.17570005293,4575446.461409154,-425.1836900633363,1503.5269210545944,-425.46056920483426,-6.7058501449581165,-0.49468878302499,-6.705722638301045,18303.766323008826,0.0,0.1939561738508999,2.059930667412065,2234285.585289076,599.4148528223552
236300.0,4575490.777118974,336971.52591831615,4575403.881823458,-425.8542799593608,1503.4774402268772,-426.1311463479486,-6.705947803175207,-0.4949277845873131,-6.7058202516264185,18303.766323008826,0.0,0.1939561738508999,2.059930667412065,2234285.585289076,599.4148528223552
236400.0,4575448.158161077,337121.87118730147,4575361.235179558,-426.5248796294967,1503.4279354950138,-426.8017332606844,-6.70604562715327,-0.49516686604268034,-6.705918030697052,18303.766323008826,0.0,0.1939561738508999,2.059930667412065,2234285.585289076,599.4148528223552
236500.0,4575405.472142722,337272.21150461806,4575318.521476479,-427.19548909030993,1503.3784068509876,-427.47232995960593,-6.70614361668616,-0.4954060279294331,-6.706015975306698,18303.766323008826,0.0,0.1939561738508999,2.059930667412065,2234285.585289076,599.4148528223552
236600.0,4575362.719062932,337422.54686787433,4575275.74071324,-427.8661083583455,1503.3288542867288,-428.14293646125674,-6.706241771565329,-0.4956452707911336,-6.70611408524671,18303.766323008826,0.0,0.1939561738508999,2.059930667412065,2234285.585289076,599.4148528223552
236700.0,4575319.898920723,337572.8772746778,4575232.892888859,-428.53673745012753,1503.279277794112,-428.81355278215926,-6.706340091579796,-0.49588459517662165,-6.706212360306008,18303.766323008826,0.0,0.1939561738508999,2.059930667412065,2234285.585289076,599.4148528223552
236800.0,4575277.011715114,337723.20272263524,4575189.9780023545,-429.2073763821589,1503.2296773649575,-429.4841789388148,-6.706438576516124,-0.49612400164007275,-6.706310800271048,18303.766323008826,0.0,0.1939561738508999,2.059930667412065,2234285.585289076,599.4148528223552
236900.0,4575234.057445119,337873.5232093526,4575146.996052742,-429.878025170921,1503.1800529910295,-430.15481494770313,-6.70653722615838,-0.496363490741057,-6.7064094049258,18303.766323008826,0.0,0.1939561738508999,2.059930667412065,2234285.585289076,599.4148528223552
237000.0,4575191.036109751,338023.838732435,4575103.947039036,-430.5486838328735,1503.130404664036,-430.82546082528233,-6.706636040288129,-0.49660306304459917,-6.7065081740517245,18303.766323008826,0.0,0.1939561738508999,2.059930667412065,2234285.585289076,599.4148528223552
237100.0,4575147.947708023,338174.1492894867,4575060.830960248,-431.21935238445417,1503.0807323756283,-431.49611658798847,-6.706735018684369,-0.49684271912123557,-6.706607107427711,18303.766323008826,0.0,0.1939561738508999,2.059930667412065,2234285.585289076,599.4148528223552
237200.0,4575104.792238944,338324.45487811114,4575017.647815389,-431.8900308420785,1503.0310361174002,-432.1667822522354,-6.706834161123531,-0.4970824595470784,-6.706706204830089,18303.766323008826,0.0,0.1939561738508999,2.059930667412065,2234285.585289076,599.4148528223552
237300.0,4575061.5697015235,338474.7554959109,4574974.397603467,-432.5607192221394,1502.981315880888,-432.83745783441447,-6.706933467379439,-0.4973222849038756,-6.706805466032575,18303.766323008826,0.0,0.1939561738508999,2.059930667412065,2234285.585289076,599.4148528223552
237400.0,4575018.280094768,338625.0511404877,4574931.08032349,-433.23141754100726,1502.9315716575688,-433.5081433508943,-6.70703293722327,-0.49756219577907196,-6.7069048908062365,18303.766323008826,0.0,0.1939561738508999,2.059930667412065,2234285.585289076,599.4148528223552
237500.0,4574974.923417683,338775.34180944256,4574887.6959744645,-433.90212581502925,1502.8818034388617,-434.1788388180204,-6.707132570423529,-0.49780219276587306,-6.707004478919468,18303.766323008826,0.0,0.1939561738508999,2.059930667412065,2234285.585289076,599.4148528223552
237600.0,4574931.499669272,338925.6275003754,4574844.244555394,-434.57284406052935,1502.8320112161252,-434.84954425211504,-6.707232366746028,-0.4980422764633093,-6.707104230137972,18303.766323008826,0.0,0.1939561738508999,2.059930667412065,2234285.585289076,599.4148528223552
237700.0,4574888.008848538,339075.90821088536,4574800.726065282,-435.243572293808,1502.7821949806585,-435.52025966947696,-6.707332325953833,-0.49828244747629924,-6.707204144224709,18303.766323008826,0.0,0.1939561738508999,2.059930667412065,2234285.585289076,599.4148528223552
237800.0,4574844.45095448,339226.1839385708,4574757.140503127,-435.91431053114167,1502.7323547236992,-436.190985086381,-6.70743244780725,-0.49852270641571533,-6.707304220939866,18303.766323008826,0.0,0.1939561738508999,2.059930667412065,2234285.585289076,599.4148528223552
237900.0,4574800.825986098,339376.4546810291,4574713.48786793,-436.5850587887829,1502.682490436424,-436.86172051907783,-6.707532732063783,-0.4987630538984496,-6.707404460040836,18303.766323008826,0.0,0.1939561738508999,2.059930667412065,2234285.585289076,599.4148528223552
238000.0,4574757.133942388,339526.7204358568,4574669.768158688,-437.2558170829597,1502.6326021099474,-437.5324659837938,-6.707633178478093,-0.4990034905474788,-6.7075048612821675,18303.766323008826,0.0,0.1939561738508999,2.059930667412065,2234285.585289076,599.4148528223552
238100.0,4574713.3748223465,339676.98120064946,4574625.981374398,-437.9265854298755,1502.5826897353213,-438.20322149673063,-6.707733786801993,-0.4992440169919356,-6.707605424415556,18303.766323008826,0.0,0.1939561738508999,2.059930667412065,2234285.585289076,599.4148528223552
238200.0,4574669.548624966,339827.2369730019,4574582.127514053,-438.59736384570874,1502.5327533035347,-438.8739870740649,-6.707834556784372,-0.49948463386717235,-6.707706149189776,18303.766323008826,0.0,0.1939561738508999,2.059930667412065,2234285.585289076,599.4148528223552
238300.0,4574625.655349241,339977.48775050795,4574538.206576647,-439.26815234661257,1502.4827928055122,-439.54476273194814,-6.7079354881711915,-0.49972534181483247,-6.707807035350671,18303.766323008826,0.0,0.1939561738508999,2.059930667412065,2234285.585289076,599.4148528223552
238400.0,4574581.69499416,340127.7335307605,4574494.218561171,-439.9389509487146,1502.4328082321144,-440.21554848650607,-6.708036580705453,-0.49996614148292146,-6.7079080826411195,18303.766323008826,0.0,0.1939561738508999,2.059930667412065,2234285.585289076,599.4148528223552
238500.0,4574537.667558714,340277.97431135154,4574450.163466613,-440.60975966811657,1502.3827995741365,-440.8863443538387,-6.708137834127129,-0.5002070335258735,-6.708009290800978,18303.766323008826,0.0,0.1939561738508999,2.059930667412065,2234285.585289076,599.4148528223552
238600.0,4574493.573041889,340428.2100898722,4574406.041291962,-441.28057852089415,1502.332766822308,-441.5571503500198,-6.708239248173167,-0.5004480186046278,-6.708110659567072,18303.766323008826,0.0,0.1939561738508999,2.059930667412065,2234285.585289076,599.4148528223552
238700.0,4574449.411442671,340578.4408639126,4574361.852036205,-441.95140752309646,1502.282709967292,-442.22796649109677,-6.708340822577428,-0.5006890973866976,-6.708212188673139,18303.766323008826,0.0,0.1939561738508999,2.059930667412065,2234285.585289076,599.4148528223552
238800.0,4574405.182760045,340728.6666310619,4574317.595698326,-442.6222466907459,1502.2326289996847,-442.89879279309014,-6.70844255707065,-0.5009302705462436,-6.708313877849795,18303.766323008826,0.0,0.1939561738508999,2.059930667412065,2234285.585289076,599.4148528223552
238900.0,4574360.886992994,340878.8873889084,4574273.272277308,-443.2930960398378,1502.1825239100142,-443.56962927199334,-6.708544451380432,-0.5011715387641502,-6.708415726824512,18303.766323008826,0.0,0.1939561738508999,2.059930667412065,2234285.585289076,599.4148528223552
239000.0,4574316.524140498,341029.1031350395,4574228.881772132,-443.96395558634003,1502.1323946887403,-444.2404759437724,-6.708646505231172,-0.5014129027280979,-6.7085177353215615,18303.766323008826,0.0,0.1939561738508999,2.059930667412065,2234285.585289076,599.4148528223552
239100.0,4574272.094201536,341179.3138670415,4574184.424181778,-444.63482534619277,1502.0822413262538,-444.91133282436573,-6.708748718344039,-0.5016543631326411,-6.708619903061986,18303.766323008826,0.0,0.1939561738508999,2.059930667412065,2234285.585289076,599.4148528223552
239200.0,4574227.597175087,341329.51958249975,4574139.899505226,-445.3057053353082,1502.0320638128755,-445.5821999296835,-6.708851090436931,-0.5018959206792829,-6.708722229763557,18303.766323008826,0.0,0.1939561738508999,2.059930667412065,2234285.585289076,599.4148528223552
239300.0,4574183.033060127,341479.7202789987,4574095.307741451,-445.97659556957,1501.981862138856,-446.2530772756076,-6.708953621224449,-0.5021375760765547,-6.708824715140743,18303.766323008826,0.0,0.1939561738508999,2.059930667412065,2234285.585289076,599.4148528223552
239400.0,4574138.401855631,341629.91595412185,4574050.648889429,-446.64749606483326,1501.9316362943746,-446.9239648779912,-6.709056310417833,-0.5023793300400932,-6.708927358904652,18303.766323008826,0.0,0.1939561738508999,2.059930667412065,2234285.585289076,599.4148528223552
239500.0,4574093.703560571,341780.1066054516,4574005.922948133,-447.318406836924,1501.8813862695383,-447.59486275265834,-6.709159157724949,-0.5026211832927214,-6.709030160763018,18303.766323008826,0.0,0.1939561738508999,2.059930667412065,2234285.585289076,599.4148528223552
239600.0,4574048.93817392,341930.2922305694,4573961.129916536,-447.98932790163883,1501.831112054382,-448.2657709154038,-6.709262162850222,-0.502863136564527,-6.709133120420134,18303.766323008826,0.0,0.1939561738508999,2.059930667412065,2234285.585289076,599.4148528223552
239700.0,4574004.105694647,342080.4728270558,4573916.269793606,-448.66025927474465,1501.780813638867,-448.9366893819924,-6.709365325494614,-0.5031051905929458,-6.709236237576824,18303.766323008826,0.0,0.1939561738508999,2.059930667412065,2234285.585289076,599.4148528223552
239800.0,4573959.20612172,342230.64839249017,4573871.342578315,-449.33120097197826,1501.73049101288,-449.60761816815904,-6.709468645355584,-0.5033473461228437,-6.709339511930411,18303.766323008826,0.0,0.1939561738508999,2.059930667412065,2234285.585289076,599.4148528223552
239900.0,4573914.239454107,342380.818924451,4573826.348269628,-450.0021530090461,1501.680144166234,-450.27855728960816,-6.709572122127018,-0.5035896039065981,-6.709442943174645,18303.766323008826,0.0,0.1939561738508999,2.059930667412065,2234285.585289076,599.4148528223552
240000.0,4573869.205690773,342530.9844205157,4573781.286866512,-450.6731154016237,1501.6297730886652,-450.94950676201336,-6.709675755499222,-0.5038319647041848,-6.709546530999687,18303.766323008826,0.0,0.1939561738508999,2.059930667412065,2234285.585289076,599.4148528223552
240100.0,4573824.104830681,342681.1448782607,4573736.158367931,-451.3440881653555,1501.5793777698339,-451.62046660101703,-6.709779545158851,-0.5040744292832618,-6.709650275092058,18303.766323008826,0.0,0.1939561738508999,2.059930667412065,2234285.585289076,599.4148528223552
240200.0,4573778.936872794,342831.30029526126,4573690.962772846,-452.01507131585447,1501.5289581993234,-452.2914368222301,-6.709883490788888,-0.504316998419257,-6.709754175134596,18303.766323008826,0.0,0.1939561738508999,2.059930667412065,2234285.585289076,599.4148528223552
240300.0,4573733.701816072,342981.4506690918,4573645.70008022,-452.68606486870164,1501.4785143666388,-452.9624174412316,-6.709987592068583,-0.5045596728954548,-6.7098582308064065,18303.766323008826,0.0,0.1939561738508999,2.059930667412065,2234285.585289076,599.4148528223552
240400.0,4573688.399659473,343131.5959973255,4573600.370289011,-453.35706883944573,1501.4280462612066,-453.63340847356824,-6.710091848673406,-0.5048024535030823,-6.709962441782814,18303.766323008826,0.0,0.1939561738508999,2.059930667412065,2234285.585289076,599.4148528223552
240500.0,4573643.030401956,343281.73627753457,4573554.973398178,-454.0280832436029,1501.377553872374,-454.30440993475406,-6.710196260275026,-0.5050453410414049,-6.710066807735344,18303.766323008826,0.0,0.1939561738508999,2.059930667412065,2234285.585289076,599.4148528223552
240600.0,4573597.594042476,343431.87150729017,4573509.5094066765,-454.69910809665623,1501.3270371894073,-454.9754218402701,-6.710300826541221,-0.5052883363178089,-6.710171328331622,18303.766323008826,0.0,0.1939561738508999,2.059930667412065,2234285.585289076,599.4148528223552
240700.0,4573552.090579988,343582.0016841623,4573463.978313462,-455.3701434140554,1501.2764962014921,-455.64644420556397,-6.710405547135886,-0.5055314401479004,-6.710276003235395,18303.766323008826,0.0,0.1939561738508999,2.059930667412065,2234285.585289076,599.4148528223552
240800.0,4573506.520013444,343732.1268057199,4573418.380117486,-456.04118921121636,1501.2259308977318,-456.3174770460494,-6.710510421718934,-0.5057746533555938,-6.710380832106428,18303.766323008826,0.0,0.1939561738508999,2.059930667412065,2234285.585289076,599.4148528223552
240900.0,4573460.882341796,343882.24686953094,4573372.714817703,-456.7122455035207,1501.1753412671474,-456.988520377106,-6.710615449946294,-0.5060179767732074,-6.710485814600494,18303.766323008826,0.0,0.1939561738508999,2.059930667412065,2234285.585289076,599.4148528223552
241000.0,4573415.177563992,344032.3618731621,4573326.982413061,-457.38331230631553,1501.1247272986757,-457.65957421407865,-6.710720631469814,-0.5062614112415563,-6.710590950369285,18303.766323008826,0.0,0.1939561738508999,2.059930667412065,2234285.585289076,599.4148528223552
241100.0,4573369.405678983,344182.47181417904,4573281.182902509,-458.0543896349128,1501.074088981169,-458.3306385722773,-6.710825965937255,-0.5065049576100517,-6.710696239060413,18303.766323008826,0.0,0.1939561738508999,2.059930667412065,2234285.585289076,599.4148528223552
241200.0,4573323.566685714,344332.5766901463,4573235.3162849955,-458.7254775045892,1501.023426303395,-459.0017134669763,-6.7109314529922255,-0.5067486167367967,-6.71080168031732,18303.766323008826,0.0,0.1939561738508999,2.059930667412065,2234285.585289076,599.4148528223552
241300.0,4573277.66058313,344482.6764986273,4573189.382559464,-459.39657593058547,1500.9727392540342,-459.6727989134143,-6.7110370922741165,-0.5069923894886836,-6.710907273779243,18303.766323008826,0.0,0.1939561738508999,2.059930667412065,2234285.585289076,599.4148528223552
241400.0,4573231.6873701755,344632.7712371843,4573143.3817248605,-460.0676849281061,1500.9220278216806,-460.3438949267935,-6.711142883418071,-0.5072362767414954,-6.7110130190811645,18303.766323008826,0.0,0.1939561738508999,2.059930667412065,2234285.585289076,599.4148528223552
241500.0,4573185.647045792,344782.86090337846,4573097.313780126,-460.73880451231884,1500.8712919948398,-461.01500152227953,-6.71124882605493,-0.5074802793800065,-6.7111189158537625,18303.766323008826,0.0,0.1939561738508999,2.059930667412065,2234285.585289076,599.4148528223552
241600.0,4573139.53960892,344932.9454947697,4573051.178724202,-461.4099346983544,1500.8205317619286,-461.6861187150008,-6.711354919811159,-0.5077243982980827,-6.711224963723339,18303.766323008826,0.0,0.1939561738508999,2.059930667412065,2234285.585289076,599.4148528223552
241700.0,4573093.365058498,345083.0250089169,4573004.976556029,-462.0810755013058,1500.769747111274,-462.3572465200482,-6.711461164308832,-0.5079686343987881,-6.7113311623118035,18303.766323008826,0.0,0.1939561738508999,2.059930667412065,2234285.585289076,599.4148528223552
241800.0,4573047.123393465,345233.09944337764,4572958.707274544,-462.7522269362281,1500.7189380311122,-463.0283849524744,-6.711567559165543,-0.5082129885944863,-6.711437511236579,18303.766323008826,0.0,0.1939561738508999,2.059930667412065,2234285.585289076,599.4148528223552
241900.0,4573000.814612756,345383.1687957084,4572912.370878683,-463.423389018138,1500.6681045095877,-463.69953402729385,-6.711674103994364,-0.5084574618069473,-6.711544010110572,18303.766323008826,0.0,0.1939561738508999,2.059930667412065,2234285.585289076,599.4148528223552
242000.0,4572954.438715305,345533.23306346446,4572865.967367383,-464.09456176201303,1500.6172465347524,-464.3706937594818,-6.711780798403797,-0.5087020549674559,-6.711650658542113,18303.766323008826,0.0,0.1939561738508999,2.059930667412065,2234285.585289076,599.4148528223552
242100.0,4572907.995700047,345683.29224419984,4572819.496739576,-464.7657451827916,1500.5663640945645,-465.0418641639743,-6.711887641997711,-0.5089467690169177,-6.711757456134894,18303.766323008826,0.0,0.1939561738508999,2.059930667412065,2234285.585289076,599.4148528223552
242200.0,4572861.485565913,345833.3463354674,4572772.958994194,-465.43693929537204,1500.5154571768876,-465.71304525566745,-6.711994634375288,-0.5091916049059723,-6.7118644024879295,18303.766323008826,0.0,0.1939561738508999,2.059930667412065,2234285.585289076,599.4148528223552
242300.0,4572814.908311832,345983.39533481887,4572726.3541301675,-466.10814411461257,1500.46452576949,-466.38423704941704,-6.712101775130961,-0.5094365635951003,-6.711971497195472,18303.766323008826,0.0,0.1939561738508999,2.059930667412065,2234285.585289076,599.4148528223552
242400.0,4572768.263936733,346133.4392398046,4572679.682146426,-466.7793596553305,1500.4135698600428,-467.055439560038,-6.712209063854367,-0.509681646054739,-6.712078739846981,18303.766323008826,0.0,0.1939561738508999,2.059930667412065,2234285.585289076,599.4148528223552
242500.0,4572721.552439543,346283.4780479737,4572632.943041897,-467.45058593230186,1500.3625894361205,-467.72665280230405,-6.712316500130274,-0.5099268532653938,-6.712186130027045,18303.766323008826,0.0,0.1939561738508999,2.059930667412065,2234285.585289076,599.4148528223552
242600.0,4572674.773819189,346433.5117568742,4572586.136815507,-468.12182296026094,1500.3115844851984,-468.397876790947,-6.712424083538529,-0.5101721862177545,-6.712293667315332,18303.766323008826,0.0,0.1939561738508999,2.059930667412065,2234285.585289076,599.4148528223552
242700.0,4572627.928074593,346583.54036405275,4572539.26346618,-468.79307075389977,1500.2605549946522,-469.06911154065654,-6.712531813654002,-0.510417645912812,-6.712401351286526,18303.766323008826,0.0,0.1939561738508999,2.059930667412065,2234285.585289076,599.4148528223552
242800.0,4572581.015204678,346733.5638670547,4572492.32299284,-469.46432932786763,1500.2095009517573,-469.7403570660794,-6.712639690046519,-0.510663233361976,-6.712509181510265,18303.766323008826,0.0,0.1939561738508999,2.059930667412065,2234285.585289076,599.4148528223552
242900.0,4572534.035208367,346883.58226342424,4572445.315394407,-470.1355986967705,1500.1584223436873,-470.41161338181917,-6.712747712280804,-0.5109089495871943,-6.71261715755109,18303.766323008826,0.0,0.1939561738508999,2.059930667412065,2234285.585289076,599.4148528223552
243000.0,4572486.988084578,347033.59555070417,4572398.240669803,-470.8068788751705,1500.107319157513,-471.0828805024355,-6.712855879916409,-0.5111547956210734,-6.712725278968364,18303.766323008826,0.0,0.1939561738508999,2.059930667412065,2234285.585289076,599.4148528223552
243100.0,4572439.87383223,347183.60372643603,4572351.098817945,-471.47816987758563,1500.0561913802014,-471.75415844244384,-6.712964192507663,-0.5114007725070009,-6.71283354531622,18303.766323008826,0.0,0.1939561738508999,2.059930667412065,2234285.585289076,599.4148528223552
243200.0,4572392.692450241,347333.60678816005,4572303.889837753,-472.1494717184889,1500.0050389986147,-472.4254472163147,-6.713072649603588,-0.5116468812992692,-6.712941956143489,18303.766323008826,0.0,0.1939561738508999,2.059930667412065,2234285.585289076,599.4148528223552
243300.0,4572345.443937525,347483.6047334152,4572256.6137281405,-472.82078441230794,1499.9538619995092,-473.0967468384733,-6.713181250747863,-0.511893123063202,-6.713050510993653,18303.766323008826,0.0,0.1939561738508999,2.059930667412065,2234285.585289076,599.4148528223552
243400.0,4572298.128292996,347633.59755973896,4572209.270488023,-473.49210797342465,1499.9026603695338,-473.7680573232988,-6.713289995478732,-0.5121394988752797,-6.713159209404763,18303.766323008826,0.0,0.1939561738508999,2.059930667412065,2234285.585289076,599.4148528223552
243500.0,4572250.745515567,347783.58526466764,4572161.860116313,-474.16344241617435,1499.8514340952295,-474.43937868512404,-6.71339888332895,-0.512386009823268,-6.713268050909372,18303.766323008826,0.0,0.1939561738508999,2.059930667412065,2234285.585289076,599.4148528223552
243600.0,4572203.29560415,347933.5678457361,4572114.382611923,-474.83478775484537,1499.800183163028,-475.1107109382347,-6.713507913825715,-0.5126326570063486,-6.713377035034476,18303.766323008826,0.0,0.1939561738508999,2.059930667412065,2234285.585289076,599.4148528223552
243700.0,4572155.778557653,348083.5453004779,4572066.837973762,-475.50614400367846,1499.74890755925,-475.782054096869,-6.713617086490591,-0.5128794415352494,-6.713486161301436,18303.766323008826,0.0,0.1939561738508999,2.059930667412065,2234285.585289076,599.4148528223552
243800.0,4572108.194374985,348233.51762642513,4572019.22620074,-476.1775111768663,1499.6976072701052,-476.4534081752169,-6.713726400839457,-0.5131263645323804,-6.713595429225924,18303.766323008826,0.0,0.1939561738508999,2.059930667412065,2234285.585289076,599.4148528223552
243900.0,4572060.543055053,348383.48482110864,4571971.547291763,-476.8488892885528,1499.64628228169,-477.12477318741975,-6.713835856382412,-0.5133734271319641,-6.713704838317832,18303.766323008826,0.0,0.1939561738508999,2.059930667412065,2234285.585289076,599.4148528223552
244000.0,4572012.824596762,348533.4468820577,4571923.801245738,-477.5202783528327,1499.594932579987,-477.7961491475695,-6.713945452623732,-0.5136206304801771,-6.713814388081228,18303.766323008826,0.0,0.1939561738508999,2.059930667412065,2234285.585289076,599.4148528223552
244100.0,4571965.038999016,348683.4038068004,4571875.988061569,-478.19167838375074,1499.5435581508636,-478.46753606970833,-6.714055189061764,-0.5138679757352831,-6.713924078014241,18303.766323008826,0.0,0.1939561738508999,2.059930667412065,2234285.585289076,599.4148528223552
244200.0,4571917.186260719,348833.35559286317,4571828.107738159,-478.8630893953013,1499.4921589800708,-479.13893396782777,-6.714165065188883,-0.5141154640677758,-6.7140339076090365,18303.766323008826,0.0,0.1939561738508999,2.059930667412065,2234285.585289076,599.4148528223552
244300.0,4571869.266380771,348983.3022377712,4571780.160274409,-479.53451140142766,1499.4407350532415,-479.8103428558684,-6.714275080491414,-0.514363096660521,-6.71414387635172,18303.766323008826,0.0,0.1939561738508999,2.059930667412065,2234285.585289076,599.4148528223552
244400.0,4571821.279358072,349133.24373904814,4571732.14566922,-480.20594441602145,1499.3892863558901,-480.481762747719,-6.714385234449539,-0.5146108747088973,-6.714253983722255,18303.766323008826,0.0,0.1939561738508999,2.059930667412065,2234285.585289076,599.4148528223552
244500.0,4571773.2251915205,349283.1800942162,4571684.063921492,-480.87738845292193,1499.337812873411,-481.1531936572162,-6.714495526537238,-0.514858799420943,-6.714364229194402,18303.766323008826,0.0,0.1939561738508999,2.059930667412065,2234285.585289076,599.4148528223552
244600.0,4571725.103880013,349433.11130079615,4571635.915030121,-481.5488435259155,1499.2863145910765,-481.8246355981435,-6.714605956222204,-0.5151068720175016,-6.714474612235627,18303.766323008826,0.0,0.1939561738508999,2.059930667412065,2234285.585289076,599.4148528223552
244700.0,4571676.915422447,349583.03735630726,4571587.698994004,-482.220309648735,1499.2347914940367,-482.496088584231,-6.714716522965775,-0.515355093732372,-6.714585132307043,18303.766323008826,0.0,0.1939561738508999,2.059930667412065,2234285.585289076,599.4148528223552
244800.0,4571628.659817715,349732.9582582673,4571539.415812036,-482.8917868350591,1499.1832435673177,-483.16755262915444,-6.714827226222838,-0.515603465812457,-6.7146957888633105,18303.766323008826,0.0,0.1939561738508999,2.059930667412065,2234285.585289076,599.4148528223552
244900.0,4571580.33706471,349882.8740041926,4571491.06548311,-483.56327509851167,1499.1316707958201,-483.8390277465348,-6.714938065441766,-0.5158519895179168,-6.714806581352568,18303.766323008826,0.0,0.1939561738508999,2.059930667412065,2234285.585289076,599.4148528223552
245000.0,4571531.9471623255,350032.78459159785,4571442.648006118,-484.23477445266093,1499.0800731643176,-484.51051394993743,-6.715049040064337,-0.5161006661223245,-6.714917509216363,18303.766323008826,0.0,0.1939561738508999,2.059930667412065,2234285.585289076,599.4148528223552
245100.0,4571483.49010945,350182.6900179963,4571394.16337995,-484.90628491101916,1499.028450657456,-485.1820112528717,-6.715160149525633,-0.5163494969128177,-6.715028571889538,18303.766323008826,0.0,0.1939561738508999,2.059930667412065,2234285.585289076,599.4148528223552
245200.0,4571434.965904973,350332.59028089966,4571345.611603497,-485.57780648704164,1498.976803259752,-485.85351966878994,-6.715271393253983,-0.5165984831902622,-6.715139768800185,18303.766323008826,0.0,0.1939561738508999,2.059930667412065,2234285.585289076,599.4148528223552
245300.0,4571386.374547782,350482.48537781805,4571296.992675645,-486.24933919412626,1498.9251309555912,-486.52503921108706,-6.715382770670854,-0.5168476262694073,-6.715251099369532,18303.766323008826,0.0,0.1939561738508999,2.059930667412065,2234285.585289076,599.4148528223552
245400.0,4571337.716036763,350632.3753062601,4571248.306595283,-486.9208830456126,1498.8734337292271,-487.19656989309965,-6.715494281190783,-0.51709692747905,-6.715362563011872,18303.766323008826,0.0,0.1939561738508999,2.059930667412065,2234285.585289076,599.4148528223552
245500.0,4571288.990370801,350782.2600637327,4571199.553361295,-487.59243805478144,1498.8217115647797,-487.8681117281055,-6.715605924221289,-0.5173463881621979,-6.715474159134475,18303.766323008826,0.0,0.1939561738508999,2.059930667412065,2234285.585289076,599.4148528223552
245600.0,4571240.19754878,350932.1396477413,4571150.732972565,-488.2640042348539,1498.7699644462336,-488.53966472932257,-6.715717699162782,-0.5175960096762368,-6.715585887137505,18303.766323008826,0.0,0.1939561738508999,2.059930667412065,2234285.585289076,599.4148528223552
245700.0,4571191.337569581,351082.0140557896,4571101.845427976,-488.93558159899084,1498.7181923574376,-489.21122890990875,-6.715829605408475,-0.5178457933930973,-6.715697746413922,18303.766323008826,0.0,0.1939561738508999,2.059930667412065,2234285.585289076,599.4148528223552
245800.0,4571142.410432086,351231.8832853799,4571052.89072641,-489.60717016029196,1498.666395282102,-489.88280428296065,-6.715941642344284,-0.5180957406994232,-6.7158097363493905,18303.766323008826,0.0,0.1939561738508999,2.059930667412065,2234285.585289076,599.4148528223552
245900.0,4571093.416135175,351381.74733401265,4571003.868866746,-490.2787699317953,1498.614573203798,-490.5543908615132,-6.716053809348761,-0.5183458529967477,-6.715921856322202,18303.766323008826,0.0,0.1939561738508999,2.059930667412065,2234285.585289076,599.4148528223552
246000.0,4571044.354677726,351531.6061991867,4570954.779847864,-490.9503809264764,1498.5627261059558,-491.2259886585387,-6.716166105792979,-0.5185961317016644,-6.716034105703174,18303.766323008826,0.0,0.1939561738508999,2.059930667412065,2234285.585289076,599.4148528223552
246100.0,4570995.226058615,351681.4598783993,4570905.623668641,-491.6220031572474,1498.510853971863,-491.8975976869462,-6.716278531040458,-0.5188465782460059,-6.716146483855558,18303.766323008826,0.0,0.1939561738508999,2.059930667412065,2234285.585289076,599.4148528223552
246200.0,4570946.0302767195,351831.308369146,4570856.400327953,-492.2936366369565,1498.4589567846638,-492.5692179595807,-6.716391084447061,-0.5190971940770217,-6.716258990134957,18303.766323008826,0.0,0.1939561738508999,2.059930667412065,2234285.585289076,599.4148528223552
246300.0,4570896.767330913,351981.1516689206,4570807.109824674,-492.96528137838703,1498.407034527356,-493.2408494892224,-6.716503765360881,-0.5193479806575564,-6.716371623889192,18303.766323008826,0.0,0.1939561738508999,2.059930667412065,2234285.585289076,599.4148528223552
246400.0,4570847.437220069,352130.9897752152,4570757.752157679,-493.6369373942569,1498.3550871827913,-493.9124922885857,-6.716616573122185,-0.5195989394662387,-6.716484384458261,18303.766323008826,0.0,0.1939561738508999,2.059930667412065,2234285.585289076,599.4148528223552
246500.0,4570798.039943058,352280.82268552034,4570708.32732584,-494.3086046972175,1498.3031147336721,-494.58414637031893,-6.716729507063281,-0.5198500719976618,-6.7165972711742,18303.766323008826,0.0,0.1939561738508999,2.059930667412065,2234285.585289076,599.4148528223552
246600.0,4570748.575498752,352430.6503973246,4570658.835328028,-494.98028329985306,1498.2511171625508,-495.25581174700295,-6.716842566508422,-0.520101379762572,-6.71671028336098,18303.766323008826,0.0,0.1939561738508999,2.059930667412065,2234285.585289076,599.4148528223552
246700.0,4570699.043886021,352580.4729081149,4570609.276163113,-495.65197321467986,1498.1990944518277,-495.9274884311507,-6.716955750773727,-0.520352864288061,-6.716823420334447,18303.766323008826,0.0,0.1939561738508999,2.059930667412065,2234285.585289076,599.4148528223552
246800.0,4570649.445103732,352730.2902153764,4570559.649829964,-496.3236744541454,1498.1470465837497,-496.59917643520635,-6.7170690591670565,-0.5206045271177555,-6.7169366814021725,18303.766323008826,0.0,0.1939561738508999,2.059930667412065,2234285.585289076,599.4148528223552
246900.0,4570599.779150752,352880.10231659247,4570509.956327449,-496.99538703062757,1498.0949735404085,-497.2708757715443,-6.717182490987926,-0.5208563698120151,-6.71705006586339,18303.766323008826,0.0,0.1939561738508999,2.059930667412065,2234285.585289076,599.4148528223552
247000.0,4570550.046025948,353029.9092092447,4570460.195654432,-497.66711095643365,1498.0428753037393,-497.9425864524685,-6.717296045527384,-0.5211083939481264,-6.7171635730088575,18303.766323008826,0.0,0.1939561738508999,2.059930667412065,2234285.585289076,599.4148528223552
247100.0,4570500.245728183,353179.71089081286,4570410.36780978,-498.33884624379976,1497.9907518555178,-498.6143084902116,-6.717409722067922,-0.5213606011205045,-6.717277202120773,18303.766323008826,0.0,0.1939561738508999,2.059930667412065,2234285.585289076,599.4148528223552
247200.0,4570450.37825632,353329.50735877483,4570360.472792355,-499.01059290488973,1497.9386031773602,-499.286041896934,-6.7175235198833505,-0.5216129929408951,-6.717390952472653,18303.766323008826,0.0,0.1939561738508999,2.059930667412065,2234285.585289076,599.4148528223552
247300.0,4570400.443609222,353479.2986106067,4570310.510601021,-499.68235095179443,1497.8864292507203,-499.957786684723,-6.7176374382387145,-0.5218655710385797,-6.717504823329244,18303.766323008826,0.0,0.1939561738508999,2.059930667412065,2234285.585289076,599.4148528223552
247400.0,4570350.441785749,353629.0846437827,4570260.481234639,-500.3541203965307,1497.8342300568884,-500.6295428655919,-6.717751476390153,-0.5221183370605808,-6.717618813946385,18303.766323008826,0.0,0.1939561738508999,2.059930667412065,2234285.585289076,599.4148528223552
247500.0,4570300.372784762,353778.8654557752,4570210.384692068,-501.0259012510406,1497.7820055769887,-501.3013104514792,-6.717865633584807,-0.5223712926718733,-6.717732923570907,18303.766323008826,0.0,0.1939561738508999,2.059930667412065,2234285.585289076,599.4148528223552
247600.0,4570250.236605118,353928.6410440546,4570160.220972168,-501.6976935271904,1497.7297557919783,-501.9730894542476,-6.717979909060704,-0.5226244395555986,-6.717847151440533,18303.766323008826,0.0,0.1939561738508999,2.059930667412065,2234285.585289076,599.4148528223552
247700.0,4570200.033245675,354078.41140608944,4570109.990073796,-502.36949723676975,1497.6774806826452,-502.6448798856831,-6.718094302046643,-0.5228777794132773,-6.717961496783747,18303.766323008826,0.0,0.1939561738508999,2.059930667412065,2234285.585289076,599.4148528223552
247800.0,4570149.762705289,354228.17653934634,4570059.69199581,-503.0413123914907,1497.625180229606,-503.3166817574941,-6.718208811762063,-0.5231313139650268,-6.718075958819678,18303.766323008826,0.0,0.1939561738508999,2.059930667412065,2234285.585289076,599.4148528223552
247900.0,4570099.424982815,354377.93644128996,4570009.326737063,-503.7131390029868,1497.5728544133046,-503.9884950813105,-6.718323437416955,-0.5233850449497852,-6.7181905367579935,18303.766323008826,0.0,0.1939561738508999,2.059930667412065,2234285.585289076,599.4148528223552
248000.0,4570049.020077107,354527.69110938295,4569958.894296411,-504.3849770828121,1497.5205032140098,-504.6603198686825,-6.718438178211711,-0.5236389741255308,-6.718305229798765,18303.766323008826,0.0,0.1939561738508999,2.059930667412065,2234285.585289076,599.4148528223552
248100.0,4569998.547987016,354677.440541086,4569908.394672707,-505.05682664244017,1497.468126611814,-505.33215613108,-6.718553033337027,-0.5238931032695119,-6.718420037132363,18303.766323008826,0.0,0.1939561738508999,2.059930667412065,2234285.585289076,599.4148528223552
248200.0,4569948.008711395,354827.18473385787,4569857.8278648015,-505.7286876932632,1497.4157245866304,-506.0040038798914,-6.718668001973762,-0.5241474341784718,-6.718534957939317,18303.766323008826,0.0,0.1939561738508999,2.059930667412065,2234285.585289076,599.4148528223552
248300.0,4569897.402249094,354976.9236851552,4569807.1938715475,-506.400560246591,1497.3632971181921,-506.67586312642266,-6.718783083292834,-0.5244019686688849,-6.718649991390213,18303.766323008826,0.0,0.1939561738508999,2.059930667412065,2234285.585289076,599.4148528223552
248400.0,4569846.728598963,355126.65739243274,4569756.492691793,-507.0724443136499,1497.3108441860493,-507.34773388189626,-6.718898276455073,-0.524656708577189,-6.718765136645541,18303.766323008826,0.0,0.1939561738508999,2.059930667412065,2234285.585289076,599.4148528223552
248500.0,4569795.987759848,355276.385853143,4569705.724324387,-507.7443399055818,1497.2583657695675,-508.0196161574503,-6.719013580611104,-0.5249116557600233,-6.718880392855591,18303.766323008826,0.0,0.1939561738508999,2.059930667412065,2234285.585289076,599.4148528223552
248600.0,4569745.179730597,355426.1090647365,4569654.888768177,-508.41624703344326,1497.2058618479255,-508.69150996413725,-6.719128994901227,-0.5251668120944714,-6.718995759160318,18303.766323008826,0.0,0.1939561738508999,2.059930667412065,2234285.585289076,599.4148528223552
248700.0,4569694.304510056,355575.8270246617,4569603.986022009,-509.0881657082042,1497.1533324001136,-509.36341531292317,-6.71924451845526,-0.5254221794783005,-6.719111234689189,18303.766323008826,0.0,0.1939561738508999,2.059930667412065,2234285.585289076,599.4148528223552
248800.0,4569643.36209707,355725.5397303649,4569553.016084729,-509.7600959407471,1497.100777404931,-510.03533221468655,-6.719360150392438,-0.5256777598302144,-6.719226818561091,18303.766323008826,0.0,0.1939561738508999,2.059930667412065,2234285.585289076,599.4148528223552
248900.0,4569592.352490482,355875.2471792904,4569501.97895518,-510.43203774186577,1497.048196840984,-510.70726068021713,-6.719475889821252,-0.5259335550900983,-6.71934250988416,18303.766323008826,0.0,0.1939561738508999,2.059930667412065,2234285.585289076,599.4148528223552
249000.0,4569541.275689135,356024.94936888013,4569450.874632207,-511.10399112226435,1496.995590686684,-511.379200720215,-6.719591735839331,-0.5261895672192748,-6.71945830775566,18303.766323008826,0.0,0.1939561738508999,2.059930667412065,2234285.585289076,599.4148528223552
249100.0,4569490.131691871,356174.646296574,4569399.70311465,-511.77595609255616,1496.942958920245,-512.0511523452894,-6.71970768753329,-0.5264457982007593,-6.719574211261849,18303.766323008826,0.0,0.1939561738508999,2.059930667412065,2234285.585289076,599.4148528223552
249200.0,4569438.92049753,356324.3379598097,4569348.464401351,-512.4479326632627,1496.890301519682,-512.7231155659578,-6.719823743978604,-0.5267022500395212,-6.7196902194778305,18303.766323008826,0.0,0.1939561738508999,2.059930667412065,2234285.585289076,599.4148528223552
249300.0,4569387.642104952,356474.0243560227,4569297.1584911505,-513.1199208448124,1496.8376184628078,-513.3950903926442,-6.719939904239455,-0.5269589247627442,-6.719806331467419,18303.766323008826,0.0,0.1939561738508999,2.059930667412065,2234285.585289076,599.4148528223552
249400.0,4569336.2965129735,356623.7054826463,4569245.7853828855,-513.7919206475395,1496.7849097272317,-514.0670768356788,-6.720056167368593,-0.5272158244200948,-6.7199225462829855,18303.766323008826,0.0,0.1939561738508999,2.059930667412065,2234285.585289076,599.4148528223552
249500.0,4569284.883720434,356773.38133711147,4569194.345075395,-514.4639320816831,1496.732175290357,-514.7390749052963,-6.7201725324071875,-0.52747295108399,-6.720038862965319,18303.766323008826,0.0,0.1939561738508999,2.059930667412065,2234285.585289076,599.4148528223552
249600.0,4569233.403726169,356923.0519168469,4569142.837567516,-515.1359551573856,1496.6794151293782,-515.411084611635,-6.720288998384689,-0.5277303068498734,-6.720155280543492,18303.766323008826,0.0,0.1939561738508999,2.059930667412065,2234285.585289076,599.4148528223552
249700.0,4569181.856529014,357072.7172192791,4569091.262858084,-515.807989884692,1496.6266292212797,-516.0831059647354,-6.720405564318662,-0.5279878938364871,-6.720271798034675,18303.766323008826,0.0,0.1939561738508999,2.059930667412065,2234285.585289076,599.4148528223552
249800.0,4569130.242127803,357222.37724183215,4569039.620945934,-516.4800362735482,1496.5738175428323,-516.7551389745392,-6.720522229214658,-0.5282457141861578,-6.720388414444029,18303.766323008826,0.0,0.1939561738508999,2.059930667412065,2234285.585289076,599.4148528223552
249900.0,4569078.56052137,357372.03198192787,4568987.9118299,-517.1520943338002,1496.5209800705916,-517.427183650888,-6.720638992066045,-0.5285037700650757,-6.720505128764527,18303.766323008826,0.0,0.1939561738508999,2.059930667412065,2234285.585289076,599.4148528223552
250000.0,4569026.811708547,357521.6814369857,4568936.135508815,-517.8241640751926,1496.4681167808953,-518.0992400035219,-6.720755851853843,-0.5287620636635805,-6.720621939976784,18303.766323008826,0.0,0.1939561738508999,2.059930667412065,2234285.585289076,599.4148528223552
250100.0,4568974.995688166,357671.32560442266,4568884.29198151,-518.4962455073677,1496.415227649861,-518.7713080420787,-6.7208728075465975,-0.5290205971964591,-6.720738847048942,18303.766323008826,0.0,0.1939561738508999,2.059930667412065,2234285.585289076,599.4148528223552
250200.0,4568923.112459056,357820.9644816535,4568832.381246816,-519.1683386398639,1496.3623126533835,-519.4433877760922,-6.7209898581001895,-0.5292793729032338,-6.720855848936474,18303.766323008826,0.0,0.1939561738508999,2.059930667412065,2234285.585289076,599.4148528223552
250300.0,4568871.162020047,357970.5980660904,4568780.4033035645,-519.8404434821146,1496.3093717671325,-520.1154792149913,-6.721107002457686,-0.5295383930484617,-6.720972944582028,18303.766323008826,0.0,0.1939561738508999,2.059930667412065,2234285.585289076,599.4148528223552
250400.0,4568819.144369968,358120.2263551431,4568728.358150583,-520.5125600434466,1496.2564049665496,-520.7875823680982,-6.721224239549182,-0.5297976599220406,-6.721090132915283,18303.766323008826,0.0,0.1939561738508999,2.059930667412065,2234285.585289076,599.4148528223552
250500.0,4568767.0595076475,358269.84934621904,4568676.2457866995,-521.1846883330794,1496.2034122268465,-521.4596972446278,-6.721341568291621,-0.5300571758395097,-6.721207412852756,18303.766323008826,0.0,0.1939561738508999,2.059930667412065,2234285.585289076,599.4148528223552
250600.0,4568714.907431911,358419.467036723,4568624.066210742,-521.8568283601234,1496.150393523002,-522.1318238536857,-6.72145898758864,-0.5303169431423636,-6.721324783297655,18303.766323008826,0.0,0.1939561738508999,2.059930667412065,2234285.585289076,599.4148528223552
250700.0,4568662.688141584,358569.07942405733,4568571.819421537,-522.5289801335786,1496.0973488297595,-522.8039622042672,-6.721576496330387,-0.5305769641983639,-6.721442243139696,18303.766323008826,0.0,0.1939561738508999,2.059930667412065,2234285.585289076,599.4148528223552
250800.0,4568610.401635492,358718.6865056218,4568519.5054179095,-523.2011436623335,1496.044278121624,-523.476112305256,-6.721694093393356,-0.5308372414018582,-6.721559791254933,18303.766323008826,0.0,0.1939561738508999,2.059930667412065,2234285.585289076,599.4148528223552
250900.0,4568558.04791246,358868.28827881365,4568467.124198684,-523.8733189551634,1495.9911813728602,-524.1482741654227,-6.7218117776402035,-0.5310977771741004,-6.721677426505579,18303.766323008826,0.0,0.1939561738508999,2.059930667412065,2234285.585289076,599.4148528223552
251000.0,4568505.626971309,359017.8847410275,4568414.675762684,-524.5455060207294,1495.9380585574886,-524.8204477934232,-6.72192954791958,-0.531358573963579,-6.721795147739839,18303.766323008826,0.0,0.1939561738508999,2.059930667412065,2234285.585289076,599.4148528223552
251100.0,4568453.138810863,359167.47588965535,4568362.160108733,-525.2177048675763,1495.8849096492843,-525.4926331977979,-6.722047403065949,-0.5316196342463464,-6.721912953791721,18303.766323008826,0.0,0.1939561738508999,2.059930667412065,2234285.585289076,599.4148528223552
251200.0,4568400.583429943,359317.0617220867,4568309.577235652,-525.8899155041322,1495.8317346217727,-526.1648303869695,-6.722165341899396,-0.5318809605263514,-6.72203084348085,18303.766323008826,0.0,0.1939561738508999,2.059930667412065,2234285.585289076,599.4148528223552
251300.0,4568347.960827369,359466.6422357082,4568256.927142262,-526.562137938706,1495.778533448228,-526.8370393692421,-6.722283363225457,-0.5321425553357825,-6.722148815612299,18303.766323008826,0.0,0.1939561738508999,2.059930667412065,2234285.585289076,599.4148528223552
251400.0,4568295.271001962,359616.2174279039,4568204.209827385,-527.2343721794867,1495.7253061016693,-527.5092601527997,-6.722401465834909,-0.5324044212354045,-6.722266868976379,18303.766323008826,0.0,0.1939561738508999,2.059930667412065,2234285.585289076,599.4148528223552
251500.0,4568242.51395254,359765.7872960552,4568151.425289839,-527.9066182345416,1495.6720525548583,-528.1814927457043,-6.722519648503609,-0.5326665608149131,-6.72238500234847,18303.766323008826,0.0,0.1939561738508999,2.059930667412065,2234285.585289076,599.4148528223552
251600.0,4568189.689677921,359915.3518375406,4568098.573528442,-528.5788761118148,1495.6187727802962,-528.8537371558949,-6.722637909992286,-0.5329289766932824,-6.72250321448882,18303.766323008826,0.0,0.1939561738508999,2.059930667412065,2234285.585289076,599.4148528223552
251700.0,4568136.798176923,360064.9110497361,4568045.654542013,-529.2511458191257,1495.5654667502213,-529.5259933911858,-6.722756249046328,-0.5331916715191198,-6.722621504142338,18303.766323008826,0.0,0.1939561738508999,2.059930667412065,2234285.585289076,599.4148528223552
251800.0,4568083.839448363,360214.46493001457,4567992.668329369,-529.9234273641673,1495.5121344366048,-530.1982614592648,-6.722874664395626,-0.5334546479710321,-6.722739870038417,18303.766323008826,0.0,0.1939561738508999,2.059930667412065,2234285.585289076,599.4148528223552
251900.0,4568030.813491056,360364.0134757463,4567939.6148893265,-530.5957207545051,1495.4587758111493,-530.870541367692,-6.722993154754336,-0.5337179087579883,-6.722858310890721,18303.766323008826,0.0,0.1939561738508999,2.059930667412065,2234285.585289076,599.4148528223552
252000.0,4567977.720303817,360513.5566842988,4567886.494220701,-531.2680259975751,1495.4053908452843,-531.542833123898,-6.723111718820697,-0.5339814566196907,-6.722976825396988,18303.766323008826,0.0,0.1939561738508999,2.059930667412065,2234285.585289076,599.4148528223552
252100.0,4567924.559885461,360663.09455303644,4567833.306322307,-531.9403431006823,1495.351979510164,-532.2151367351826,-6.723230355276814,-0.5342452943269478,-6.7230954122388145,18303.766323008826,0.0,0.1939561738508999,2.059930667412065,2234285.585289076,599.4148528223552
252200.0,4567871.332234801,360812.6270793209,4567780.051192959,-532.612672070999,1495.298541776664,-532.8874522087125,-6.7233490627884605,-0.5345094246820592,-6.723214070081458,18303.766323008826,0.0,0.1939561738508999,2.059930667412065,2234285.585289076,599.4148528223552
252300.0,4567818.037350651,360962.15426051087,4567726.72883147,-533.2850129155635,1495.2450776153782,-533.5597795515205,-6.723467840004848,-0.534773850519194,-6.723332797573615,18303.766323008826,0.0,0.1939561738508999,2.059930667412065,2234285.585289076,599.4148528223552
252400.0,4567764.675231822,361111.6760939621,4567673.3392366525,-533.9573656412779,1495.1915869966153,-534.2321187705032,-6.723586685558436,-0.5350385747047873,-6.723451593347217,18303.766323008826,0.0,0.1939561738508999,2.059930667412065,2234285.585289076,599.4148528223552
252500.0,4567711.245877126,361261.1925770273,4567619.88240732,-534.6297302549069,1495.1380698903959,-534.9044698724198,-6.723705598064691,-0.5353036001379299,-6.723570456017202,18303.766323008826,0.0,0.1939561738508999,2.059930667412065,2234285.585289076,599.4148528223552
252600.0,4567657.749285375,361410.70370705624,4567566.3583422825,-535.3021067630759,1495.0845262664486,-535.5768328638898,-6.723824576121892,-0.5355689297507722,-6.723689384181313,18303.766323008826,0.0,0.1939561738508999,2.059930667412065,2234285.585289076,599.4148528223552
252700.0,4567604.185455377,361560.2094813956,4567512.7670403505,-535.9744951722691,1495.0309560942076,-536.2492077513919,-6.7239436183108765,-0.5358345665089262,-6.72380837641984,18303.766323008826,0.0,0.1939561738508999,2.059930667412065,2234285.585289076,599.4148528223552
252800.0,4567550.554385943,361709.70989738905,4567459.108500335,-536.646895488828,1494.9773593428085,-536.9215945412617,-6.724062723194843,-0.5361005134118784,-6.7239274312954365,18303.766323008826,0.0,0.1939561738508999,2.059930667412065,2234285.585289076,599.4148528223552
252900.0,4567496.856075882,361859.2049523771,4567405.382721046,-537.3193077189495,1494.9237359810859,-537.5939932396903,-6.724181889319108,-0.5363667734934046,-6.724046547352863,18303.766323008826,0.0,0.1939561738508999,2.059930667412065,2234285.585289076,599.4148528223552
253000.0,4567443.090524002,362008.69464369724,4567351.58970129,-537.9917318686842,1494.8700859775684,-538.2664038527225,-6.724301115210865,-0.5366333498219891,-6.724165723118749,18303.766323008826,0.0,0.1939561738508999,2.059930667412065,2234285.585289076,599.4148528223552
253100.0,4567389.25772911,362158.1789686835,4567297.729439878,-538.6641679439342,1494.8164093004764,-538.9388263862546,-6.724420399378969,-0.5369002455012551,-6.724284957101382,18303.766323008826,0.0,0.1939561738508999,2.059930667412065,2234285.585289076,599.4148528223552
253200.0,4567335.357690015,362307.6579246671,4567243.801935616,-539.3366159504521,1494.7627059177184,-539.611260846033,-6.724539740313687,-0.5371674636703949,-6.7244042477904555,18303.766323008826,0.0,0.1939561738508999,2.059930667412065,2234285.585289076,599.4148528223552
253300.0,4567281.390405522,362457.1315089758,4567189.807187311,-540.0090758938383,1494.708975796887,-540.283707237652,-6.7246591364864425,-0.5374350075046048,-6.72452359365681,18303.766323008826,0.0,0.1939561738508999,2.059930667412065,2234285.585289076,599.4148528223552
253400.0,4567227.355874438,362606.59971893416,4567135.745193771,-540.6815477795392,1494.6552189052552,-540.956165566552,-6.724778586349604,-0.5377028802155354,-6.724642993152228,18303.766323008826,0.0,0.1939561738508999,2.059930667412065,2234285.585289076,599.4148528223552
253500.0,4567173.254095567,362756.06255186343,4567081.6159538,-541.3540316128457,1494.6014352097732,-541.6286358380179,-6.724898088336211,-0.5379710850517357,-6.724762444709153,18303.766323008826,0.0,0.1939561738508999,2.059930667412065,2234285.585289076,599.4148528223552
253600.0,4567119.085067716,362905.52000508155,4567027.419466205,-542.0265273988911,1494.5476246770645,-542.3011180571764,-6.725017640859713,-0.5382396252991059,-6.724881946740431,18303.766323008826,0.0,0.1939561738508999,2.059930667412065,2234285.585289076,599.4148528223552
253700.0,4567064.848789689,363054.97207590315,4566973.15572979,-542.6990351426488,1494.4937872734222,-542.9736122289949,-6.72513724231374,-0.5385085042813642,-6.7250014976390835,18303.766323008826,0.0,0.1939561738508999,2.059930667412065,2234285.585289076,599.4148528223552
253800.0,4567010.54526029,363204.4187616394,4566918.82474336,-543.3715548489307,1494.439922964805,-543.6461183582788,-6.725256891071829,-0.5387777253605117,-6.725121095778036,18303.766323008826,0.0,0.1939561738508999,2.059930667412065,2234285.585289076,599.4148528223552
253900.0,4566956.17447832,363353.8600595981,4566864.426505719,-544.0440865223851,1494.3860317168335,-544.3186364496702,-6.7253765854871626,-0.5390472919373028,-6.725240739509844,18303.766323008826,0.0,0.1939561738508999,2.059930667412065,2234285.585289076,599.4148528223552
254000.0,4566901.7364425855,363503.2959670836,4566809.9610156715,-544.7166301674945,1494.3321134947862,-544.991166507645,-6.72549632389231,-0.5393172074517293,-6.7253604271664535,18303.766323008826,0.0,0.1939561738508999,2.059930667412065,2234285.585289076,599.4148528223552
254100.0,4566847.231151887,363652.72648139676,4566755.428272019,-545.3891857885736,1494.278168263596,-545.6637085365113,-6.725616104598935,-0.5395874753834979,-6.725480157058885,18303.766323008826,0.0,0.1939561738508999,2.059930667412065,2234285.585289076,599.4148528223552
254200.0,4566792.658605028,363802.15159983485,4566700.8282735655,-546.0617533897673,1494.224195987845,-546.3362625404076,-6.72573592589756,-0.5398580992525335,-6.725599927477017,18303.766323008826,0.0,0.1939561738508999,2.059930667412065,2234285.585289076,599.4148528223552
254300.0,4566738.01880081,363951.57131969166,4566646.161019112,-546.7343329750485,1494.170196631762,-547.0088285232998,-6.725855786057252,-0.5401290826194663,-6.725719736689268,18303.766323008826,0.0,0.1939561738508999,2.059930667412065,2234285.585289076,599.4148528223552
254400.0,4566683.311738034,364100.98563825735,4566591.426507461,-547.4069245482157,1494.1161701592177,-547.6814064889801,-6.725975683325362,-0.5404004290861425,-6.725839582942324,18303.766323008826,0.0,0.1939561738508999,2.059930667412065,2234285.585289076,599.4148528223552
254500.0,4566628.537415501,364250.39455281844,4566536.6247374145,-548.0795281128914,1494.0621165337202,-548.3539964410638,-6.726095615927232,-0.5406721422961341,-6.725959464460868,18303.766323008826,0.0,0.1939561738508999,2.059930667412065,2234285.585289076,599.4148528223552
254600.0,4566573.695832011,364399.7980606578,4566481.755707773,-548.7521436725191,1494.008035718411,-549.0265983829879,-6.726215582065914,-0.5409442259352585,-6.72607937944727,18303.766323008826,0.0,0.1939561738508999,2.059930667412065,2234285.585289076,599.4148528223552
254700.0,4566518.786986366,364549.1961590546,4566426.819417338,-549.4247712303618,1493.9539276760613,-549.6992123180082,-6.726335579921872,-0.5412166837321004,-6.726199326081315,18303.766323008826,0.0,0.1939561738508999,2.059930667412065,2234285.585289076,599.4148528223552
254800.0,4566463.810877365,364698.5888452842,4566371.815864909,-550.0974107894992,1493.899792369067,-550.3718382491976,-6.726455607652666,-0.541489519458542,-6.7263193025198715,18303.766323008826,0.0,0.1939561738508999,2.059930667412065,2234285.585289076,599.4148528223552
254900.0,4566408.767503808,364847.9761166183,4566316.745049288,-550.7700623528259,1493.8456297594448,-551.0444761794434,-6.726575663392704,-0.5417627369303119,-6.726439306896649,18303.766323008826,0.0,0.1939561738508999,2.059930667412065,2234285.585289076,599.4148528223552
255000.0,4566353.656864494,364997.35797032475,4566261.606969273,-551.4427259230484,1493.7914398088276,-551.7171261114453,-6.726695745252875,-0.5420363400075159,-6.72655933732183,18303.766323008826,0.0,0.1939561738508999,2.059930667412065,2234285.585289076,599.4148528223552
255100.0,4566298.478958223,365146.73440366745,4566206.401623664,-552.1154015026834,1493.7372224784597,-552.3897880477124,-6.7268158513202785,-0.5423103325952011,-6.7266793918818,18303.766323008826,0.0,0.1939561738508999,2.059930667412065,2234285.585289076,599.4148528223552
255200.0,4566243.233783794,365296.1054139065,4566151.129011262,-552.7880890940548,1493.6829777291932,-553.0624619905616,-6.726935979657902,-0.5425847186439119,-6.72679946863882,18303.766323008826,0.0,0.1939561738508999,2.059930667412065,2234285.585289076,599.4148528223552
255300.0,4566187.921340005,365445.470998298,4566095.789130866,-553.4607886992919,1493.6287055214825,-553.7351479421147,-6.727056128304295,-0.5428595021502568,-6.726919565630714,18303.766323008826,0.0,0.1939561738508999,2.059930667412065,2234285.585289076,599.4148528223552
255400.0,4566132.541625653,365594.8311540942,4566040.381981273,-554.1335003203264,1493.57440581538,-554.4078459042961,-6.727176295273259,-0.5431346871574854,-6.727039680870541,18303.766323008826,0.0,0.1939561738508999,2.059930667412065,2234285.585289076,599.4148528223552
255500.0,4566077.09463954,365744.1858785431,4565984.9075612845,-554.8062239588903,1493.5200785705315,-555.0805558788301,-6.727296478553512,-0.5434102777560689,-6.727159812346267,18303.766323008826,0.0,0.1939561738508999,2.059930667412065,2234285.585289076,599.4148528223552
255600.0,4566021.580380461,365893.535168889,4565929.365869697,-555.478959616513,1493.4657237461713,-555.7532778672387,-6.72741667610836,-0.5436862780842914,-6.727279958020444,18303.766323008826,0.0,0.1939561738508999,2.059930667412065,2234285.585289076,599.4148528223552
255700.0,4565965.998847215,366042.87902237166,4565873.756905311,-556.151707294519,1493.4113413011175,-556.4260118708387,-6.727536885875364,-0.5439626923288484,-6.727400115829868,18303.766323008826,0.0,0.1939561738508999,2.059930667412065,2234285.585289076,599.4148528223552
255800.0,4565910.350038601,366192.2174362271,4565818.080666923,-556.8244669940256,1493.3569311937672,-557.0987578907395,-6.727657105765992,-0.54423952472545,-6.727520283685226,18303.766323008826,0.0,0.1939561738508999,2.059930667412065,2234285.585289076,599.4148528223552
255900.0,4565854.633953416,366341.5504076869,4565762.337153332,-557.4972387159393,1493.3024933820911,-557.7715159278401,-6.727777333665281,-0.5445167795594379,-6.727640459470775,18303.766323008826,0.0,0.1939561738508999,2.059930667412065,2234285.585289076,599.4148528223552
256000.0,4565798.850590457,366490.8779339786,4565706.5263633365,-558.1700224609542,1493.2480278236294,-558.4442859828266,-6.727897567431488,-0.5447944611664053,-6.727760641043974,18303.766323008826,0.0,0.1939561738508999,2.059930667412065,2234285.585289076,599.4148528223552
256100.0,4565742.999948523,366640.20001232537,4565650.648295735,-558.8428182295488,1493.1935344754859,-559.1170680561695,-6.728017804895726,-0.5450725739328275,-6.72788082623514,18303.766323008826,0.0,0.1939561738508999,2.059930667412065,2234285.585289076,599.4148528223552
256200.0,4565687.082026411,366789.51663994597,4565594.702949325,-559.5156260219834,1493.139013294323,-559.789862148121,-6.728138043861613,-0.545351122296701,-6.728001012847076,18303.766323008826,0.0,0.1939561738508999,2.059930667412065,2234285.585289076,599.4148528223552
256300.0,4565631.096822918,366938.82781405497,4565538.690322905,-560.1884458382971,1493.084464236357,-560.4626682587121,-6.72825828210491,-0.5456301107481886,-6.728121198654717,18303.766323008826,0.0,0.1939561738508999,2.059930667412065,2234285.585289076,599.4148528223552
256400.0,4565575.044336842,367088.1335318625,4565482.610415272,-560.8612776783052,1493.0298872573524,-561.13548638775,-6.728378517373136,-0.5459095438302781,-6.728241381404758,18303.766323008826,0.0,0.1939561738508999,2.059930667412065,2234285.585289076,599.4148528223552
256500.0,4565518.924566981,367237.43379057426,4565426.463225227,-561.5341215415965,1492.9752823126166,-561.808316534815,-6.728498747385208,-0.546189426139441,-6.728361558815269,18303.766323008826,0.0,0.1939561738508999,2.059930667412065,2234285.585289076,599.4148528223552
256600.0,4565462.737512133,367386.7285873914,4565370.248751565,-562.2069774275301,1492.9206493569952,-562.481158699258,-6.728618969831056,-0.546469762326311,-6.728481728575331,18303.766323008826,0.0,0.1939561738508999,2.059930667412065,2234285.585289076,599.4148528223552
256700.0,4565406.483171095,367536.0179195105,4565313.966993086,-562.8798453352326,1492.8659883448654,-563.1540128801971,-6.728739182371236,-0.5467505570963627,-6.728601888344638,18303.766323008826,0.0,0.1939561738508999,2.059930667412065,2234285.585289076,599.4148528223552
256800.0,4565350.161542665,367685.30178412364,4565257.617948588,-563.5527252635952,1492.8112992301312,-563.826879076515,-6.7288593826365455,-0.5470318152106043,-6.7287220357531154,18303.766323008826,0.0,0.1939561738508999,2.059930667412065,2234285.585289076,599.4148528223552
256900.0,4565293.772625642,367834.58017841825,4565201.20161687,-564.2256172112708,1492.756581966218,-564.4997572868557,-6.728979568227616,-0.5473135414862743,-6.728842168400515,18303.766323008826,0.0,0.1939561738508999,2.059930667412065,2234285.585289076,599.4148528223552
257000.0,4565237.316418823,367983.853099577,4565144.7179967305,-564.8985211766707,1492.7018365060662,-565.172647509622,-6.72909973671452,-0.5475957407975556,-6.728962283856019,18303.766323008826,0.0,0.1939561738508999,2.059930667412065,2234285.585289076,599.4148528223552
257100.0,4565180.792921007,368133.120544778,4565088.167086968,-565.5714371579616,1492.6470628021264,-565.8455497429718,-6.729219885636361,-0.5478784180762885,-6.729082379657824,18303.766323008826,0.0,0.1939561738508999,2.059930667412065,2234285.585289076,599.4148528223552
257200.0,4565124.202130991,368282.3825111944,4565031.548886382,-566.2443651530627,1492.5922608063524,-566.5184639848153,-6.729340012500872,-0.5481615783127065,-6.729202453312752,18303.766323008826,0.0,0.1939561738508999,2.059930667412065,2234285.585289076,599.4148528223552
257300.0,4565067.544047575,368431.6389959946,4564974.863393771,-566.9173051596424,1492.537430470197,-567.191390232812,-6.729460114783967,-0.5484452265561652,-6.729322502295792,18303.766323008826,0.0,0.1939561738508999,2.059930667412065,2234285.585289076,599.4148528223552
257400.0,4565010.8186695585,368580.8899963421,4564918.110607936,-567.590257175115,1492.4825717446042,-567.8643284843669,-6.729580189929343,-0.5487293679158977,-6.729442524049709,18303.766323008826,0.0,0.1939561738508999,2.059930667412065,2234285.585289076,599.4148528223552
257500.0,4564954.02599574,368730.13550939556,4564861.290527675,-568.2632211966375,1492.4276845800043,-568.537278736628,-6.729700235348054,-0.5490140075617691,-6.729562515984609,18303.766323008826,0.0,0.1939561738508999,2.059930667412065,2234285.585289076,599.4148528223552
257600.0,4564897.166024919,368879.3755323085,4564804.403151789,-568.9361972211063,1492.372768926308,-569.2102409864824,-6.729820248418051,-0.5492991507250443,-6.7296824754774835,18303.766323008826,0.0,0.1939561738508999,2.059930667412065,2234285.585289076,599.4148528223552
257700.0,4564840.238755896,369028.6100622295,4564747.448479078,-569.6091852451543,1492.3178247328992,-569.8832152305536,-6.729940226483747,-0.5495848026991652,-6.729802399871779,18303.766323008826,0.0,0.1939561738508999,2.059930667412065,2234285.585289076,599.4148528223552
257800.0,4564783.2441874705,369177.83909630205,4564690.426508343,-570.2821852651467,1492.2628519486295,-570.5562014651972,-6.730060166855582,-0.5498709688405419,-6.729922286476954,18303.766323008826,0.0,0.1939561738508999,2.059930667412065,2234285.585289076,599.4148528223552
257900.0,4564726.182318443,369327.06263166445,4564633.337238385,-570.9551972771783,1492.2078505218117,-571.2291996864985,-6.730180066809552,-0.5501576545693501,-6.730042132568017,18303.766323008826,0.0,0.1939561738508999,2.059930667412065,2234285.585289076,599.4148528223552
258000.0,4564669.053147616,369476.2806654499,4564576.180668007,-571.6282212770695,1492.1528204002134,-571.9022098902684,-6.730299923586758,-0.5504448653703401,-6.73016193538506,18303.766323008826,0.0,0.1939561738508999,2.059930667412065,2234285.585289076,599.4148528223552
258100.0,4564611.856673789,369625.49319478625,4564518.956796008,-572.3012572603634,1492.0977615310503,-572.57523207204,-6.730419734392929,-0.5507326067936591,-6.730281692132799,18303.766323008826,0.0,0.1939561738508999,2.059930667412065,2234285.585289076,599.4148528223552
258200.0,4564554.592895765,369774.7002167961,4564461.665621193,-572.9743052223215,1492.0426738609801,-573.248266227065,-6.730539496397954,-0.5510208844556794,-6.730401399980095,18303.766323008826,0.0,0.1939561738508999,2.059930667412065,2234285.585289076,599.4148528223552
258300.0,4564497.261812346,369923.9017285966,4564404.307142364,-573.6473651579208,1491.9875573360953,-573.9213123503104,-6.730659206735404,-0.5513097040398451,-6.730521056059478,18303.766323008826,0.0,0.1939561738508999,2.059930667412065,2234285.585289076,599.4148528223552
258400.0,4564439.863422335,370073.0977272996,4564346.881358325,-574.3204370618497,1491.9324119019166,-574.5943704364545,-6.730778862502035,-0.5515990712975236,-6.730640657466654,18303.766323008826,0.0,0.1939561738508999,2.059930667412065,2234285.585289076,599.4148528223552
258500.0,4564382.397724535,370222.2882100115,4564289.388267878,-574.9935209285043,1491.8772375033861,-575.2674404798832,-6.730898460757297,-0.5518889920488707,-6.730760201260008,18303.766323008826,0.0,0.1939561738508999,2.059930667412065,2234285.585289076,599.4148528223552
258600.0,4564324.864717751,370371.473173833,4564231.827869831,-575.6666167519849,1491.8220340848607,-575.9405224746868,-6.731017998522828,-0.5521794721837053,-6.730879684460097,18303.766323008826,0.0,0.1939561738508999,2.059930667412065,2234285.585289076,599.4148528223552
258700.0,4564267.264400787,370520.6526158593,4564174.200162985,-576.339724526092,1491.7668015901045,-576.613616414655,-6.731137472781963,-0.5524705176624066,-6.730999104049169,18303.766323008826,0.0,0.1939561738508999,2.059930667412065,2234285.585289076,599.4148528223552
258800.0,4564209.596772448,370669.8265331799,4564116.50514615,-577.0128442443227,1491.7115399622824,-577.2867222932744,-6.731256880479197,-0.5527621345168033,-6.731118456970615,18303.766323008826,0.0,0.1939561738508999,2.059930667412065,2234285.585289076,599.4148528223552
258900.0,4564151.86183154,370818.9949228787,4564058.742818129,-577.6859758998661,1491.656249143952,-577.9598401037236,-6.73137621851968,-0.5530543288510963,-6.731237740128464,18303.766323008826,0.0,0.1939561738508999,2.059930667412065,2234285.585289076,599.4148528223552
259000.0,4564094.05957687,370968.1577820337,4564000.913177731,-578.3591194856002,1491.6009290770571,-578.63296983887,-6.731495483768655,-0.5533471068427738,-6.731356950386838,18303.766323008826,0.0,0.1939561738508999,2.059930667412065,2234285.585289076,599.4148528223552
259100.0,4564036.190007245,371117.3151077172,4563943.016223764,-579.0322749940876,1491.54557970292,-579.3061114912651,-6.731614673050968,-0.553640474743558,-6.731476084569426,18303.766323008826,0.0,0.1939561738508999,2.059930667412065,2234285.585289076,599.4148528223552
259200.0,4563978.253121474,371266.4668969954,4563885.051955036,-579.705442417571,1491.490200962234,-579.9792650531408,-6.731733783150474,-0.553934438880348,-6.731595139458938,18303.766323008826,0.0,0.1939561738508999,2.059930667412065,2234285.585289076,599.4148528223552
259300.0,4563920.248918365,371415.6131469287,4563827.020370357,-580.3786217479698,1491.434792795056,-580.6524305164052,-6.731852810809527,-0.5542290056561882,-6.731714111796548,18303.766323008826,0.0,0.1939561738508999,2.059930667412065,2234285.585289076,599.4148528223552
259400.0,4563862.177396728,371564.7538545715,4563768.921468536,-581.051812976875,1491.3793551407987,-581.3256078726383,-6.73197175272838,-0.5545241815512388,-6.731832998281327,18303.766323008826,0.0,0.1939561738508999,2.059930667412065,2234285.585289076,599.4148528223552
259500.0,4563804.038555373,371713.8890169719,4563710.755248386,-581.725016095546,1491.3238879382232,-581.9987971130882,-6.732090605564645,-0.5548199731237689,-6.73195179556969,18303.766323008826,0.0,0.1939561738508999,2.059930667412065,2234285.585289076,599.4148528223552
259600.0,4563745.832393113,371863.01863117213,4563652.5217087185,-582.3982310949057,1491.2683911254303,-582.6719982286662,-6.7322093659327,-0.5551163870111556,-6.732070500274796,18303.766323008826,0.0,0.1939561738508999,2.059930667412065,2234285.585289076,599.4148528223552
259700.0,4563687.558908759,372012.14269420796,4563594.220848345,-583.071457965536,1491.2128646398533,-583.3452112099428,-6.732328030403116,-0.5554134299309023,-6.732189108965987,18303.766323008826,0.0,0.1939561738508999,2.059930667412065,2234285.585289076,599.4148528223552
259800.0,4563629.218101124,372161.26120310894,4563535.852666081,-583.7446966976739,1491.1573084182498,-584.0184360471432,-6.732446595502051,-0.555711108681666,-6.7323076181681785,18303.766323008826,0.0,0.1939561738508999,2.059930667412065,2234285.585289076,599.4148528223552
259900.0,4563570.809969024,372310.3741548983,4563477.417160741,-584.4179472812068,1491.1017223966933,-584.6916727301428,-6.732565057710644,-0.5560094301442996,-6.732426024361257,18303.766323008826,0.0,0.1939561738508999,2.059930667412065,2234285.585289076,599.4148528223552
260000.0,4563512.334511274,372459.4815465928,4563418.914331141,-585.0912097056677,1491.046106510565,-585.364921248463,-6.732683413464436,-0.5563084012829135,-6.732544323979478,18303.766323008826,0.0,0.1939561738508999,2.059930667412065,2234285.585289076,599.4148528223552
260100.0,4563453.791726689,372608.5833752027,4563360.344176098,-585.7644839602309,1490.9904606945458,-586.0381815912659,-6.732801659152714,-0.5566080291459458,-6.732662513410845,18303.766323008826,0.0,0.1939561738508999,2.059930667412065,2234285.585289076,599.4148528223552
260200.0,4563395.181614088,372757.6796377318,4563301.706694429,-586.4377700337075,1490.9347848826073,-586.7114537473503,-6.732919791117905,-0.5569083208672456,-6.732780588996481,18303.766323008826,0.0,0.1939561738508999,2.059930667412065,2234285.585289076,599.4148528223552
260300.0,4563336.504172289,372906.77033117716,4563243.001884954,-587.1110679145403,1490.8790790080031,-587.3847377051468,-6.733037805654929,-0.5572092836671771,-6.732898547029984,18303.766323008826,0.0,0.1939561738508999,2.059930667412065,2234285.585289076,599.4148528223552
260400.0,4563277.759400112,373055.8554525291,4563184.229746494,-587.7843775907992,1490.823343003261,-588.0580334527128,-6.733155699010561,-0.5575109248537337,-6.733016383756793,18303.766323008826,0.0,0.1939561738508999,2.059930667412065,2234285.585289076,599.4148528223552
260500.0,4563218.947296377,373204.93499877123,4563125.390277871,-588.4576990501763,1490.767576800173,-588.7313409777279,-6.733273467382768,-0.5578132518236703,-6.73313409537352,18303.766323008826,0.0,0.1939561738508999,2.059930667412065,2234285.585289076,599.4148528223552
260600.0,4563160.067859909,373354.00896688027,4563066.483477906,-589.1310322799812,1490.7117803297872,-589.4046602674888,-6.733391106920053,-0.558116272063648,-6.733251678027302,18303.766323008826,0.0,0.1939561738508999,2.059930667412065,2234285.585289076,599.4148528223552
260700.0,4563101.121089529,373503.07735382597,4563007.509345425,-589.8043772671358,1490.6559535223987,-590.0779913089045,-6.733508613720779,-0.5584199931513973,-6.733369127815108,18303.766323008826,0.0,0.1939561738508999,2.059930667412065,2234285.585289076,599.4148528223552
260800.0,4563042.106984064,373652.1401565712,4562948.467879253,-590.4777339981691,1490.6000963075398,-590.7513340884913,-6.733625983832474,-0.5587244227568955,-6.733486440783075,18303.766323008826,0.0,0.1939561738508999,2.059930667412065,2234285.585289076,599.4148528223552
260900.0,4562983.025542338,373801.19737207156,4562889.359078217,-591.1511024592126,1490.5442086139715,-591.424688592367,-6.733743213251163,-0.5590295686435622,-6.7336036129257995,18303.766323008826,0.0,0.1939561738508999,2.059930667412065,2234285.585289076,599.4148528223552
261000.0,4562923.876763181,373950.24899727566,4562830.182941145,-591.8244826359944,1490.4882903696732,-592.098054806247,-6.733860297920642,-0.5593354386694637,-6.733720640185643,18303.766323008826,0.0,0.1939561738508999,2.059930667412065,2234285.585289076,599.4148528223552
261100.0,4562864.660645421,374099.2950291247,4562770.939466867,-592.4978745138347,1490.4323415018346,-592.7714327154378,-6.7339772337317765,-0.5596420407885456,-6.733837518452015,18303.766323008826,0.0,0.1939561738508999,2.059930667412065,2234285.585289076,599.4148528223552
261200.0,4562805.377187888,374248.33546455274,4562711.628654213,-593.1712780776401,1490.3763619368442,-593.4448223048322,-6.734094016521772,-0.5599493830518711,-6.73395424356065,18303.766323008826,0.0,0.1939561738508999,2.059930667412065,2234285.585289076,599.4148528223552
261300.0,4562746.026389416,374397.37030048633,4562652.250502016,-593.8446933118979,1490.3203516002811,-594.1182235589041,-6.734210642073457,-0.5602574736088853,-6.734070811292879,18303.766323008826,0.0,0.1939561738508999,2.059930667412065,2234285.585289076,599.4148528223552
261400.0,4562686.608248837,374546.39953384455,4562592.805009113,-594.5181202006712,1490.2643104169044,-594.7916364617025,-6.734327106114505,-0.5605663207086868,-6.7341872173748785,18303.766323008826,0.0,0.1939561738508999,2.059930667412065,2234285.585289076,599.4148528223552
261500.0,4562627.122764988,374695.42316153896,4562533.2921743365,-595.1915587275929,1490.208238310643,-595.4650609968464,-6.734443404316724,-0.5608759327013288,-6.73430345747692,18303.766323008826,0.0,0.1939561738508999,2.059930667412065,2234285.585289076,599.4148528223552
261600.0,4562567.569936705,374844.44118047337,4562473.711996526,-595.8650088758604,1490.152135204586,-596.138497147519,-6.734559532295257,-0.5611863180391249,-6.734419527212605,18303.766323008826,0.0,0.1939561738508999,2.059930667412065,2234285.585289076,599.4148528223552
261700.0,4562507.949762826,374993.453587544,4562414.064474521,-596.5384706282298,1490.096001020972,-596.811944896462,-6.734675485607822,-0.5614974852779852,-6.734535422138086,18303.766323008826,0.0,0.1939561738508999,2.059930667412065,2234285.585289076,599.4148528223552
261800.0,4562448.262242192,375142.46037963906,4562354.349607161,-597.2119439670098,1490.0398356811784,-597.4854042259697,-6.734791259753927,-0.5618094430787615,-6.734651137751287,18303.766323008826,0.0,0.1939561738508999,2.059930667412065,2234285.585289076,599.4148528223552
261900.0,4562388.507373647,375291.46155363903,4562294.56739329,-597.8854288740564,1489.983639105712,-598.1588751178832,-6.734906850174051,-0.5621222002086089,-6.734766669491078,18303.766323008826,0.0,0.1939561738508999,2.059930667412065,2234285.585289076,599.4148528223552
262000.0,4562328.685156032,375440.45710641635,4562234.717831752,-598.5589253307664,1489.9274112141968,-598.8323575535848,-6.735022252248862,-0.5624357655423842,-6.734882012736514,18303.766323008826,0.0,0.1939561738508999,2.059930667412065,2234285.585289076,599.4148528223552
262100.0,4562268.795588196,375589.4470348353,4562174.8009213945,-599.232433318072,1489.871151925364,-599.5058515139914,-6.735137461298376,-0.5627501480640366,-6.7349971628059615,18303.766323008826,0.0,0.1939561738508999,2.059930667412065,2234285.585289076,599.4148528223552
262200.0,4562208.838668985,375738.4313357521,4562114.816661065,-599.905952816434,1489.8148611570414,-600.1793569795487,-6.735252472581136,-0.56306535686804,-6.735112114956301,18303.766323008826,0.0,0.1939561738508999,2.059930667412065,2234285.585289076,599.4148528223552
262300.0,4562148.81439725,375887.41000601463,4562054.765049616,-600.579483805836,1489.758538826141,-600.8528739302252,-6.735367281293351,-0.5633814011608315,-6.735226864382057,18303.766323008826,0.0,0.1939561738508999,2.059930667412065,2234285.585289076,599.4148528223552
262400.0,4562088.722771842,376036.38304246246,4561994.646085897,-601.2530262657782,1489.702184848649,-601.5264023455054,-6.735481882568062,-0.5636982902622801,-6.735341406214571,18303.766323008826,0.0,0.1939561738508999,2.059930667412065,2234285.585289076,599.4148528223552
262500.0,4562028.563791615,376185.3504419267,4561934.459768766,-601.9265801752707,1489.645799139614,-602.199942204384,-6.735596271474248,-0.5640160336071603,-6.735455735521091,18303.766323008826,0.0,0.1939561738508999,2.059930667412065,2234285.585289076,599.4148528223552
262600.0,4561968.337455425,376334.3122012298,4561874.206097077,-602.6001455128276,1489.5893816131347,-602.873493485359,-6.735710443015958,-0.5643346407466648,-6.735569847303925,18303.766323008826,0.0,0.1939561738508999,2.059930667412065,2234285.585289076,599.4148528223552
262700.0,4561908.043762132,376483.2683171858,4561813.885069689,-603.2737222564598,1489.5329321823494,-603.5470561664253,-6.735824392131426,-0.5646541213499257,-6.7356837364995314,18303.766323008826,0.0,0.1939561738508999,2.059930667412065,2234285.585289076,599.4148528223552
262800.0,4561847.6827105945,376632.2187865999,4561753.496685464,-603.9473103836688,1489.4764507594232,-604.2206302250682,-6.73593811369212,-0.5649744852055489,-6.735797397977594,18303.766323008826,0.0,0.1939561738508999,2.059930667412065,2234285.585289076,599.4148528223552
262900.0,4561787.254299676,376781.16360626835,4561693.040943265,-604.6209098714398,1489.4199372555363,-604.8942156382569,-6.736051602501888,-0.5652957422232022,-6.735910826540144,18303.766323008826,0.0,0.1939561738508999,2.059930667412065,2234285.585289076,599.4148528223552
263000.0,4561726.758528242,376930.10277297866,4561632.517841958,-605.2945206962353,1489.363391580872,-605.567812382437,-6.736164853295961,-0.5656179024351806,-6.736024016920584,18303.766323008826,0.0,0.1939561738508999,2.059930667412065,2234285.585289076,599.4148528223552
263100.0,4561666.19539516,377079.03628350917,4561571.927380412,-605.9681428339874,1489.3068136446043,-606.2414204335239,-6.73627786074004,-0.565940975998028,-6.7361369637827515,18303.766323008826,0.0,0.1939561738508999,2.059930667412065,2234285.585289076,599.4148528223552
263200.0,4561605.564899298,377227.9641346291,4561511.269557496,-606.6417762600915,1489.250203354885,-606.9150397668961,-6.73639061942934,-0.5662649731941711,-6.736249661719985,18303.766323008826,0.0,0.1939561738508999,2.059930667412065,2234285.585289076,599.4148528223552
263300.0,4561544.8670395315,377376.88632309856,4561450.544372083,-607.315420949399,1489.1935606188308,-607.5886703573879,-6.7365031238875845,-0.5665899044335603,-6.736362105254102,18303.766323008826,0.0,0.1939561738508999,2.059930667412065,2234285.585289076,599.4148528223552
263400.0,4561484.101814734,377525.80284566816,4561389.751823049,-607.9890768762099,1489.1368853425122,-608.2623121792819,-6.736615368566041,-0.5669157802553598,-6.736474288834444,18303.766323008826,0.0,0.1939561738508999,2.059930667412065,2234285.585289076,599.4148528223552
263500.0,4561423.269223782,377674.7136990792,4561328.891909273,-608.6627440142656,1489.0801774309382,-608.9359652063023,-6.73672734784251,-0.5672426113296435,-6.736586206836863,18303.766323008826,0.0,0.1939561738508999,2.059930667412065,2234285.585289076,599.4148528223552
263600.0,4561362.369265558,377823.6188800633,4561267.964629635,-609.3364223367419,1489.0234367880446,-609.6096294116069,-6.736839056020316,-0.5675704084591165,-6.7366978535627045,18303.766323008826,0.0,0.1939561738508999,2.059930667412065,2234285.585289076,599.4148528223552
263700.0,4561301.401938943,377972.5183853425,4561206.969983019,-610.0101118162407,1488.96666331668,-610.2833047677799,-6.736950487327258,-0.5678991825808652,-6.736809223237766,18303.766323008826,0.0,0.1939561738508999,2.059930667412065,2234285.585289076,599.4148528223552
263800.0,4561240.367242823,378121.41221162904,4561145.907968311,-610.6838124247834,1488.909856918593,-610.9569912468245,-6.7370616359145705,-0.5682289447681262,-6.736920310011264,18303.766323008826,0.0,0.1939561738508999,2.059930667412065,2234285.585289076,599.4148528223552
263900.0,4561179.265176088,378270.30035562534,4561084.778584399,-611.3575241338021,1488.8530174944174,-611.6306888201547,-6.737172495855873,-0.5685597062320853,-6.7370311079547625,18303.766323008826,0.0,0.1939561738508999,2.059930667412065,2234285.585289076,599.4148528223552
264000.0,4561118.095737628,378419.18281402375,4561023.581830177,-612.0312469141329,1488.796144943659,-612.3043974585877,-6.737283061146066,-0.568891478323694,-6.73714161106109,18303.766323008826,0.0,0.1939561738508999,2.059930667412065,2234285.585289076,599.4148528223552
264100.0,4561056.858926337,378568.0595835065,4560962.31770454,-612.704980736007,1488.739239164682,-612.9781171323361,-6.737393325700263,-0.5692242725355217,-6.737251813243257,18303.766323008826,0.0,0.1939561738508999,2.059930667412065,2234285.585289076,599.4148528223552
264200.0,4560995.554741113,378716.93066074565,4560900.986206384,-613.378725569043,1488.6823000546935,-613.6518478109999,-6.737503283352666,-0.5695581005036209,-6.737361708333338,18303.766323008826,0.0,0.1939561738508999,2.059930667412065,2234285.585289076,599.4148528223552
264300.0,4560934.183180857,378865.7960424029,4560839.587334612,-614.0524813822392,1488.6253275097301,-614.3255894635581,-6.737612927855446,-0.5698929740094321,-6.73747129008135,18303.766323008826,0.0,0.1939561738508999,2.059930667412065,2234285.585289076,599.4148528223552
264400.0,4560872.744244472,379014.6557251296,4560778.121088128,-614.7262481439648,1488.5683214246428,-614.9993420583604,-6.737722252877606,-0.5702289049817021,-6.737580552154115,18303.766323008826,0.0,0.1939561738508999,2.059930667412065,2234285.585289076,599.4148528223552
264500.0,4560811.237930865,379163.50970556634,4560716.587465838,-615.4000258219515,1488.5112816930823,-615.6731055631192,-6.737831252003795,-0.5705659054984301,-6.737689488134072,18303.766323008826,0.0,0.1939561738508999,2.059930667412065,2234285.585289076,599.4148528223552
264600.0,4560749.664238946,379312.3579803431,4560654.986466653,-616.0738143832857,1488.454208207484,-616.3468799449007,-6.73793991873318,-0.5709039877888616,-6.7377980915181555,18303.766323008826,0.0,0.1939561738508999,2.059930667412065,2234285.585289076,599.4148528223552
264700.0,4560688.023167627,379461.2005460791,4560593.318089487,-616.7476137943988,1488.397100859053,-617.0206651701167,-6.738048246478211,-0.571243164235475,-6.737906355716548,18303.766323008826,0.0,0.1939561738508999,2.059930667412065,2234285.585289076,599.4148528223552
264800.0,4560626.314715826,379610.0373993825,4560531.582333258,-617.4214240210595,1488.3399595377475,-617.6944612045153,-6.738156228563431,-0.5715834473760272,-6.738014274051505,18303.766323008826,0.0,0.1939561738508999,2.059930667412065,2234285.585289076,599.4148528223552
264900.0,4560564.538882463,379758.8685368505,4560469.779196887,-618.0952450283642,1488.282784132265,-618.3682680131727,-6.738263858224244,-0.5719248499056053,-6.738121839756105,18303.766323008826,0.0,0.1939561738508999,2.059930667412065,2234285.585289076,599.4148528223552
265000.0,4560502.695666462,379907.69395506906,4560407.908679298,-618.7690767807285,1488.2255745300251,-619.0420855604838,-6.738371128605679,-0.572267384678728,-6.73822904597303,18303.766323008826,0.0,0.1939561738508999,2.059930667412065,2234285.585289076,599.4148528223552
265100.0,4560440.78506675,380056.5136506128,4560345.970779419,-619.4429192418779,1488.1683306171542,-619.7159138101529,-6.738478032761116,-0.5726110647114568,-6.738335885753279,18303.766323008826,0.0,0.1939561738508999,2.059930667412065,2234285.585289076,599.4148528223552
265200.0,4560378.807082258,380205.32762004493,4560283.965496181,-620.1167723748387,1488.1110522784684,-620.3897527251852,-6.738584563651005,-0.572955903183544,-6.738442352054891,18303.766323008826,0.0,0.1939561738508999,2.059930667412065,2234285.585289076,599.4148528223552
265300.0,4560316.761711921,380354.1358599171,4560221.892828519,-620.7906361419283,1488.053739397458,-621.0636022678768,-6.738690714141566,-0.5733019134406132,-6.73854843774165,18303.766323008826,0.0,0.1939561738508999,2.059930667412065,2234285.585289076,599.4148528223552
265400.0,4560254.648954676,380502.9383667691,4560159.752775374,-621.4645105047462,1487.9963918562703,-621.7374623998054,-6.738796477003482,-0.5736491089963726,-6.738654135581764,18303.766323008826,0.0,0.1939561738508999,2.059930667412065,2234285.585289076,599.4148528223552
265500.0,4560192.468809468,380651.735137129,4560097.545335688,-622.138395424164,1487.9390095356928,-622.4113330818208,-6.738901844910538,-0.5739975035348464,-6.738759438246521,18303.766323008826,0.0,0.1939561738508999,2.059930667412065,2234285.585289076,599.4148528223552
265600.0,4560130.221275241,380800.52616751293,4560035.270508408,-622.8122908603158,1487.8815923151355,-623.0852142740348,-6.739006810438287,-0.574347110912651,-6.738864338308939,18303.766323008826,0.0,0.1939561738508999,2.059930667412065,2234285.585289076,599.4148528223552
265700.0,4560067.906350947,380949.3114544247,4559972.928292484,-623.4861967725883,1487.8241400726147,-623.7591059358117,-6.739111366062653,-0.5746979451612992,-6.738968828242374,18303.766323008826,0.0,0.1939561738508999,2.059930667412065,2234285.585289076,599.4148528223552
265800.0,4560005.5240355395,381098.09099435597,4559910.518686873,-624.1601131196109,1487.766652684734,-624.4330080257581,-6.739215504158542,-0.5750500204895282,-6.73907290041914,18303.766323008826,0.0,0.1939561738508999,2.059930667412065,2234285.585289076,599.4148528223552
265900.0,4559943.074327977,381246.864783786,4559848.041690533,-624.834039859245,1487.709130026668,-625.1069205017127,-6.739319216998425,-0.5754033512856765,-6.739176547109074,18303.766323008826,0.0,0.1939561738508999,2.059930667412065,2234285.585289076,599.4148528223552
266000.0,4559880.557227223,381395.6328191814,4559785.497302428,-625.5079769485744,1487.6515719721424,-625.7808433207359,-6.739422496750895,-0.5757579521200784,-6.739279760478106,18303.766323008826,0.0,0.1939561738508999,2.059930667412065,2234285.585289076,599.4148528223552
266100.0,4559817.972732244,381544.3950969963,4559722.8855215255,-626.1819243438945,1487.5939783934175,-626.4547764390996,-6.739525335479197,-0.5761138377474952,-6.739382532586786,18303.766323008826,0.0,0.1939561738508999,2.059930667412065,2234285.585289076,599.4148528223552
266200.0,4559755.320842012,381693.1516136717,4559660.206346798,-626.8558820007014,1487.5363491612686,-627.1287198122765,-6.739627725139773,-0.5764710231095952,-6.739484855388823,18303.766323008826,0.0,0.1939561738508999,2.059930667412065,2234285.585289076,599.4148528223552
266300.0,4559692.601555503,381841.90236563573,4559597.459777222,-627.5298498736819,1487.478684144967,-627.8026733949289,-6.7397296575807335,-0.5768295233374455,-6.739586720729563,18303.766323008826,0.0,0.1939561738508999,2.059930667412065,2234285.585289076,599.4148528223552
266400.0,4559629.814871698,381990.6473493035,4559534.645811779,-628.2038279167017,1487.4209832122617,-628.4766371408983,-6.7398311245403395,-0.577189353754054,-6.739688120344464,18303.766323008826,0.0,0.1939561738508999,2.059930667412065,2234285.585289076,599.4148528223552
266500.0,4559566.960789582,382139.3865610765,4559471.764449457,-628.877816082795,1487.3632462293594,-629.1506110031945,-6.739932117645455,-0.5775505298769441,-6.739789045857556,18303.766323008826,0.0,0.1939561738508999,2.059930667412065,2234285.585289076,599.4148528223552
266600.0,4559504.039308145,382288.1199973431,4559408.815689243,-629.5518143241529,1487.3054730609058,-629.8245949339837,-6.740032628409985,-0.5779130674207658,-6.739889488779869,18303.766323008826,0.0,0.1939561738508999,2.059930667412065,2234285.585289076,599.4148528223552
266700.0,4559441.050426383,382436.8476544779,4559345.7995301355,-630.2258225921124,1487.2476635699643,-630.4985888845775,-6.740132648233263,-0.5782769822999382,-6.739989440507828,18303.766323008826,0.0,0.1939561738508999,2.059930667412065,2234285.585289076,599.4148528223552
266800.0,4559377.994143294,382585.56952884176,4559282.715971134,-630.8998408371444,1487.1898176179975,-631.1725928054216,-6.740232168398454,-0.5786422906313359,-6.740088892321654,18303.766323008826,0.0,0.1939561738508999,2.059930667412065,2234285.585289076,599.4148528223552
266900.0,4559314.870457884,382734.2856167815,4559219.565011243,-631.5738690088425,1487.1319350648457,-631.8466066460836,-6.740331180070896,-0.5790090087370104,-6.7401878353837015,18303.766323008826,0.0,0.1939561738508999,2.059930667412065,2234285.585289076,599.4148528223552
267000.0,4559251.679369163,382882.99591462995,4559156.346649475,-632.2479070559106,1487.0740157687069,-632.5206303552416,-6.740429674296457,-0.5793771531469516,-6.7402862607368155,18303.766323008826,0.0,0.1939561738508999,2.059930667412065,2234285.585289076,599.4148528223552
267100.0,4559188.420876145,383031.7004187057,4559093.060884845,-632.9219549261512,1487.016059586115,-633.1946638806716,-6.740527641999811,-0.5797467406018801,-6.7403841593026135,18303.766323008826,0.0,0.1939561738508999,2.059930667412065,2234285.585289076,599.4148528223552
267200.0,4559125.094977852,383180.3991253128,4559029.707716374,-633.5960125664533,1486.95806637192,-633.8687071692359,-6.74062507398276,-0.5801177880560907,-6.7404815218797935,18303.766323008826,0.0,0.1939561738508999,2.059930667412065,2234285.585289076,599.4148528223552
267300.0,4559061.701673308,383329.0920307408,4558966.287143088,-634.2700799227797,1486.900035979265,-634.5427601668705,-6.740721960922481,-0.5804903126803358,-6.740578339142399,18303.766323008826,0.0,0.1939561738508999,2.059930667412065,2234285.585289076,599.4148528223552
267400.0,4558998.240961545,383477.7791312644,4558902.799164019,-634.9441569401548,1486.8419682595656,-635.2168228185723,-6.740818293369747,-0.5808643318647301,-6.740674601638022,18303.766323008826,0.0,0.1939561738508999,2.059930667412065,2234285.585289076,599.4148528223552
267500.0,4558934.7128416,383626.46042314346,4558839.243778204,-635.6182435626515,1486.7838630624867,-635.8908950683866,-6.740914061747155,-0.5812398632217208,-6.740770299786041,18303.766323008826,0.0,0.1939561738508999,2.059930667412065,2234285.585289076,599.4148528223552
267600.0,4558871.117312515,383775.1359026226,4558775.620984687,-636.2923397333785,1486.7257202359212,-636.5649768593943,-6.741009256347293,-0.5816169245890855,-6.740865423875784,18303.766323008826,0.0,0.1939561738508999,2.059930667412065,2234285.585289076,599.4148528223552
267700.0,4558807.454373337,383923.8055659312,4558711.930782516,-636.9664453944672,1486.6675396259666,-637.2390681336985,-6.741103867330913,-0.5819955340329821,-6.740959964064702,18303.766323008826,0.0,0.1939561738508999,2.059930667412065,2234285.585289076,599.4148528223552
267800.0,4558743.724023121,384072.46940928313,4558648.173170745,-637.6405604870585,1486.6093210769025,-637.9131688324115,-6.7411978847250404,-0.5823757098510258,-6.741053910376477,18303.766323008826,0.0,0.1939561738508999,2.059930667412065,2234285.585289076,599.4148528223552
267900.0,4558679.926260928,384221.12742887664,4558584.348148437,-638.314684951289,1486.5510644311664,-638.587278895641,-6.741291298421084,-0.5827574705754237,-6.741147252699129,18303.766323008826,0.0,0.1939561738508999,2.059930667412065,2234285.585289076,599.4148528223552
268000.0,4558616.061085821,384369.7796208941,4558520.455714657,-638.9888187262779,1486.4927695293316,-639.2613982624769,-6.741384098172907,-0.5831408349761581,-6.741239980783093,18303.766323008826,0.0,0.1939561738508999,2.059930667412065,2234285.585289076,599.4148528223552
268100.0,4558552.128496874,384518.42598150193,4558456.495868477,-639.6629617501127,1486.4344362100817,-639.9355268709769,-6.741476273594885,-0.5835258220642012,-6.741332084239268,18303.766323008826,0.0,0.1939561738508999,2.059930667412065,2234285.585289076,599.4148528223552
268200.0,4558488.128493165,384667.0665068501,4558392.468608976,-640.3371139598352,1486.3760643101875,-640.609664658153,-6.741567814159879,-0.5839124510947685,-6.741423552536995,18303.766323008826,0.0,0.1939561738508999,2.059930667412065,2234285.585289076,599.4148528223552
268300.0,4558424.061073778,384815.7011930724,4558328.373935241,-641.0112752914273,1486.3176536644814,-641.2838115599567,-6.741658709197272,-0.5843007415706487,-6.7415143750020965,18303.766323008826,0.0,0.1939561738508999,2.059930667412065,2234285.585289076,599.4148528223552
268400.0,4558359.926237805,384964.3300362859,4558264.211846363,-641.6854456797967,1486.2592041058335,-641.9579675112651,-6.741748947890891,-0.5846907132455581,-6.741604540814791,18303.766323008826,0.0,0.1939561738508999,2.059930667412065,2234285.585289076,599.4148528223552
268500.0,4558295.723984342,385112.95303259086,4558199.982341439,-642.359625058762,1486.2007154651255,-642.6321324458659,-6.741838519276947,-0.5850823861275393,-6.741694039007628,18303.766323008826,0.0,0.1939561738508999,2.059930667412065,2234285.585289076,599.4148528223552
268600.0,4558231.454312495,385261.5701780705,4558135.685419576,-643.0338133610383,1486.1421875712258,-643.3063062964422,-6.741927412241923,-0.5854757804824245,-6.741782858463388,18303.766323008826,0.0,0.1939561738508999,2.059930667412065,2234285.585289076,599.4148528223552
268700.0,4558167.117221374,385410.1814687909,4558071.321079886,-643.708010518221,1486.0836202509627,-643.9804889945584,-6.742015615520437,-0.5858709168373354,-6.741870987912943,18303.766323008826,0.0,0.1939561738508999,2.059930667412065,2234285.585289076,599.4148528223552
268800.0,4558102.712710098,385558.78690080065,4558006.8893214855,-644.3822164607723,1486.0250133290988,-644.6546804706439,-6.742103117693078,-0.5862678159842345,-6.741958415933076,18303.766323008826,0.0,0.1939561738508999,2.059930667412065,2234285.585289076,599.4148528223552
268900.0,4558038.2407777915,385707.38647013076,4557942.390143502,-645.0564311180038,1485.9663666283043,-645.3288806539782,-6.742189907184211,-0.5866664989835454,-6.742045130944308,18303.766323008826,0.0,0.1939561738508999,2.059930667412065,2234285.585289076,599.4148528223552
269000.0,4557973.701423586,385855.98017279437,4557877.823545067,-645.7306544180622,1485.9076799691295,-646.0030894726748,-6.742275972259717,-0.5870669871677778,-6.74213112120862,18303.766323008826,0.0,0.1939561738508999,2.059930667412065,2234285.585289076,599.4148528223552
269100.0,4557909.094646622,386004.56800478656,4557813.189525321,-646.4048862879123,1485.848953169978,-646.6773068536653,-6.742361301024764,-0.5874693021452667,-6.74221637482723,18303.766323008826,0.0,0.1939561738508999,2.059930667412065,2234285.585289076,599.4148528223552
269200.0,4557844.420446046,386153.1499620842,4557748.488083413,-647.0791266533216,1485.7901860470781,-647.3515327226835,-6.742445881421478,-0.5878734658039173,-6.742300879738267,18303.766323008826,0.0,0.1939561738508999,2.059930667412065,2234285.585289076,599.4148528223552
269300.0,4557779.6788210105,386301.7260406456,4557683.719218496,-647.7533754388437,1485.7313784144558,-648.0257670042487,-6.742529701226617,-0.5882795003150155,-6.7423846237144405,18303.766323008826,0.0,0.1939561738508999,2.059930667412065,2234285.585289076,599.4148528223552
269400.0,4557714.86977068,386450.2962364105,4557618.882929734,-648.4276325678011,1485.672530083905,-648.700009621649,-6.742612748049214,-0.5886874281371092,-6.742467594360672,18303.766323008826,0.0,0.1939561738508999,2.059930667412065,2234285.585289076,599.4148528223552
269500.0,4557649.993294221,386598.8605452995,4557553.979216296,-649.1018979622689,1485.61364086496,-649.3742604969245,-6.742695009328146,-0.5890972720199229,-6.742549779111688,18303.766323008826,0.0,0.1939561738508999,2.059930667412065,2234285.585289076,599.4148528223552
269600.0,4557585.049390814,386747.41896321415,4557489.008077362,-649.7761715430577,1485.5547105648645,-650.0485195508504,-6.7427764723297186,-0.5895090550083351,-6.74263116522958,18303.766323008826,0.0,0.1939561738508999,2.059930667412065,2234285.585289076,599.4148528223552
269700.0,4557520.038059643,386895.9714860366,4557423.969512116,-650.4504532296955,1485.4957389885435,-650.7227867029192,-6.742857124145175,-0.5899228004464244,-6.742711739801329,18303.766323008826,0.0,0.1939561738508999,2.059930667412065,2234285.585289076,599.4148528223552
269800.0,4557454.959299901,387044.5181096294,4557358.863519754,-651.1247429404111,1485.4367259385722,-651.397061871323,-6.7429369516881845,-0.5903385319815545,-6.742791489736283,18303.766323008826,0.0,0.1939561738508999,2.059930667412065,2234285.585289076,599.4148528223552
269900.0,4557389.81311079,387193.0588298352,4557293.690099478,-651.7990405921154,1485.3776712151457,-652.0713449729363,-6.7430159416923,-0.5907562735685332,-6.742870401763615,18303.766323008826,0.0,0.1939561738508999,2.059930667412065,2234285.585289076,599.4148528223552
270000.0,4557324.599491521,387341.5936424766,4557228.449250498,-652.4733461003835,1485.3185746160482,-652.7456359232972,-6.7430940807083495,-0.5911760494738216,-6.74294846242972,18303.766323008826,0.0,0.1939561738508999,2.059930667412065,2234285.585289076,599.4148528223552
270100.0,4557259.318441311,387490.12254335574,4557163.140972034,-653.1476593794365,1485.2594359366212,-653.4199346365891,-6.743171355101829,-0.5915978842798072,-6.743025658095607,18303.766323008826,0.0,0.1939561738508999,2.059930667412065,2234285.585289076,599.4148528223552
270200.0,4557193.9699593885,387638.64552825433,4557097.765263314,-653.8219803421225,1485.2002549697324,-654.0942410256223,-6.74324775105022,-0.5920218028891339,-6.743101974934203,18303.766323008826,0.0,0.1939561738508999,2.059930667412065,2234285.585289076,599.4148528223552
270300.0,4557128.554044989,387787.1625929331,4557032.322123576,-654.496308899898,1485.1410315057428,-654.7685550018147,-6.743323254540286,-0.5924478305291043,-6.7431773989276635,18303.766323008826,0.0,0.1939561738508999,2.059930667412065,2234285.585289076,599.4148528223552
270400.0,4557063.070697358,387935.67373313184,4556966.8115520645,-655.1706449628085,1485.081765332474,-655.4428764751729,-6.743397851365328,-0.5928759927561364,-6.743251915864623,18303.766323008826,0.0,0.1939561738508999,2.059930667412065,2234285.585289076,599.4148528223552
270500.0,4556997.519915749,388084.17894456885,4556901.233548034,-655.844988439469,1485.022456235176,-656.1172053542724,-6.743471527122394,-0.5933063154602806,-6.743325511337394,18303.766323008826,0.0,0.1939561738508999,2.059930667412065,2234285.585289076,599.4148528223552
270600.0,4556931.901699426,388232.6782229408,4556835.58811075,-656.5193392370443,1484.9631039964922,-656.7915415462382,-6.743544267209437,-0.593738824869812,-6.743398170739144,18303.766323008826,0.0,0.1939561738508999,2.059930667412065,2234285.585289076,599.4148528223552
270700.0,4556866.21604766,388381.1715639227,4556769.875239484,-657.1936972612287,1484.9037083964265,-657.4658849567245,-6.7436160568224635,-0.594173547555888,-6.743469879261018,18303.766323008826,0.0,0.1939561738508999,2.059930667412065,2234285.585289076,599.4148528223552
270800.0,4556800.462959736,388529.6589631673,4556704.094933521,-657.8680624162263,1484.8442692123083,-658.1402354898942,-6.743686880952592,-0.5946105104372559,-6.743540621889225,18303.766323008826,0.0,0.1939561738508999,2.059930667412065,2234285.585289076,599.4148528223552
270900.0,4556734.642434943,388678.1404163049,4556638.247192152,-658.5424346047295,1484.7847862187573,-658.8145930483987,-6.74375672438311,-0.5950497407850565,-6.743610383402064,18303.766323008826,0.0,0.1939561738508999,2.059930667412065,2234285.585289076,599.4148528223552
271000.0,4556668.7544725835,388826.61591894313,4556572.33201468,-659.2168137278989,1484.7252591876486,-659.4889575333566,-6.743825571686469,-0.5954912662276696,-6.743679148366942,18303.766323008826,0.0,0.1939561738508999,2.059930667412065,2234285.585289076,599.4148528223552
271100.0,4556602.799071969,388975.0854666668,4556506.349400418,-659.8911996853413,1484.665687888076,-660.1633288443326,-6.743893407221218,-0.5959351147556453,-6.743746901137293,18303.766323008826,0.0,0.1939561738508999,2.059930667412065,2234285.585289076,599.4148528223552
271200.0,4556536.776232422,389123.5490550373,4556440.299348688,-660.5655923750891,1484.6060720863163,-660.8377068793158,-6.74396021512893,-0.596381314726704,-6.743813625849509,18303.766323008826,0.0,0.1939561738508999,2.059930667412065,2234285.585289076,599.4148528223552
271300.0,4556470.685953273,389272.00667959277,4556374.181858822,-661.2399916935772,1484.546411545792,-661.512091534698,-6.744025979331036,-0.5968298948707973,-6.743879306419776,18303.766323008826,0.0,0.1939561738508999,2.059930667412065,2234285.585289076,599.4148528223552
271400.0,4556404.528233866,389420.45833584724,4556307.996930163,-661.9143975356219,1484.4867060270333,-662.1864827052517,-6.744090683525657,-0.5972808842952604,-6.7439439265408945,18303.766323008826,0.0,0.1939561738508999,2.059930667412065,2234285.585289076,599.4148528223552
271500.0,4556338.303073552,389568.9040192908,4556241.744562067,-662.588809794398,1484.426955287641,-662.860880284107,-6.744154311184352,-0.597734312490026,-6.744007469679037,18303.766323008826,0.0,0.1939561738508999,2.059930667412065,2234285.585289076,599.4148528223552
271600.0,4556272.010471697,389717.3437253892,4556175.424753897,-663.2632283614158,1484.3671590822476,-663.5352841627295,-6.744216845548836,-0.5981902093329151,-6.744069919070463,18303.766323008826,0.0,0.1939561738508999,2.059930667412065,2234285.585289076,599.4148528223552
271700.0,4556205.650427674,389865.77744958346,4556109.037505029,-663.9376531264984,1484.3073171624776,-664.2096942308965,-6.744278269627645,-0.5986486050950067,-6.744131257718174,18303.766323008826,0.0,0.1939561738508999,2.059930667412065,2234285.585289076,599.4148528223552
271800.0,4556139.222940869,390014.2051872895,4556042.582814849,-664.6120839777577,1484.2474292769093,-664.8841103766741,-6.744338566192751,-0.5991095304460837,-6.744191468388544,18303.766323008826,0.0,0.1939561738508999,2.059930667412065,2234285.585289076,599.4148528223552
271900.0,4556072.728010679,390162.62693389814,4555976.060682755,-665.2865208015711,1484.1874951710333,-665.5585324863928,-6.744397717776113,-0.599573016460158,-6.744250533607856,18303.766323008826,0.0,0.1939561738508999,2.059930667412065,2234285.585289076,599.4148528223552
272000.0,4556006.165636512,390311.04268477444,4555909.471108156,-665.9609634825567,1484.1275145872128,-666.2329604446237,-6.744455706666209,-0.600039094621075,-6.744308435658832,18303.766323008826,0.0,0.1939561738508999,2.059930667412065,2234285.585289076,599.4148528223552
272100.0,4555939.535817791,390459.4524352576,4555842.8140904745,-666.6354119035495,1484.0674872646414,-666.9073941341537,-6.744512514904467,-0.6005077968281949,-6.744365156577078,18303.766323008826,0.0,0.1939561738508999,2.059930667412065,2234285.585289076,599.4148528223552
272200.0,4555872.838553945,390607.8561806606,4555776.089629143,-667.3098659455759,1484.007412939302,-667.581833435961,-6.744568124281696,-0.6009791554021741,-6.744420678147498,18303.766323008826,0.0,0.1939561738508999,2.059930667412065,2234285.585289076,599.4148528223552
272300.0,4555806.073844418,390756.2539162698,4555709.297723604,-667.9843254878286,1483.9472913439242,-668.2562782291895,-6.744622516334419,-0.6014532030908001,-6.744474981900631,18303.766323008826,0.0,0.1939561738508999,2.059930667412065,2234285.585289076,599.4148528223552
272400.0,4555739.241688668,390904.6456373447,4555642.438373318,-668.6587904076415,1483.887122207941,-668.9307283911232,-6.744675672341168,-0.6019299730749346,-6.744528049108951,18303.766323008826,0.0,0.1939561738508999,2.059930667412065,2234285.585289076,599.4148528223552
272500.0,4555672.3420861615,391053.03133911756,4555575.5115777515,-669.3332605804628,1483.8269052574458,-669.6051837971604,-6.744727573318738,-0.6024094989745493,-6.744579860783112,18303.766323008826,0.0,0.1939561738508999,2.059930667412065,2234285.585289076,599.4148528223552
272600.0,4555605.37503638,391201.4110167931,4555508.517336388,-670.0077358798295,1483.7666402151472,-670.2796443207872,-6.744778200018344,-0.6028918148548043,-6.74463039766811,18303.766323008826,0.0,0.1939561738508999,2.059930667412065,2234285.585289076,599.4148528223552
272700.0,4555538.340538818,391349.7846655482,4555441.455648721,-670.6822161773401,1483.7063268003253,-670.9541098335505,-6.744827532921776,-0.6033769552322772,-6.744679640239421,18303.766323008826,0.0,0.1939561738508999,2.059930667412065,2234285.585289076,599.4148528223552
272800.0,4555471.238592982,391498.1522805313,4555374.326514259,-671.3567013426278,1483.6459647287854,-671.6285802050317,-6.74487555223743,-0.6038649550812344,-6.744727568699061,18303.766323008826,0.0,0.1939561738508999,2.059930667412065,2234285.585289076,599.4148528223552
272900.0,4555404.069198392,391646.51385686244,4555307.129932523,-672.0311912433327,1483.5855537128125,-672.3030553028178,-6.744922237896343,-0.6043558498400184,-6.744774162971595,18303.766323008826,0.0,0.1939561738508999,2.059930667412065,2234285.585289076,599.4148528223552
273000.0,4555336.832354581,391794.86938963266,4555239.865903046,-672.7056857450739,1483.525093461124,-672.9775349924748,-6.744967569548124,-0.6048496754175126,-6.744819402700066,18303.766323008826,0.0,0.1939561738508999,2.059930667412065,2234285.585289076,599.4148528223552
273100.0,4555269.528061095,391943.2188739036,4555172.534425376,-673.3801847114212,1483.4645836788227,-673.6520191375186,-6.745011526556834,-0.6053464681997174,-6.7448632672418976,18303.766323008826,0.0,0.1939561738508999,2.059930667412065,2234285.585289076,599.4148528223552
273200.0,4555202.156317495,392091.5623047074,4555105.135499074,-674.0546880038665,1483.4040240673487,-674.3265075993862,-6.745054087996823,-0.6058462650564074,-6.744905735664701,18303.766323008826,0.0,0.1939561738508999,2.059930667412065,2234285.585289076,599.4148528223552
273300.0,4555134.717123355,392239.89967704605,4555037.669123717,-674.7291954817946,1483.3434143244308,-675.001000237407,-6.745095232648463,-0.6063491033478771,-6.744946786742027,18303.766323008826,0.0,0.1939561738508999,2.059930667412065,2234285.585289076,599.4148528223552
273400.0,4555067.210478264,392388.2309858911,4554970.135298892,-675.4037070024531,1483.2827541440365,-675.6754969087726,-6.7451349389938695,-0.6068550209318264,-6.7449863989490755,18303.766323008826,0.0,0.1939561738508999,2.059930667412065,2234285.585289076,599.4148528223552
273500.0,4554999.6363818245,392536.5562261833,4554902.534024205,-676.0782224209229,1483.222043216323,-676.3499974685072,-6.745173185212506,-0.6073640561702944,-6.745024550458307,18303.766323008826,0.0,0.1939561738508999,2.059930667412065,2234285.585289076,599.4148528223552
273600.0,4554931.994833655,392684.8753928323,4554834.865299273,-676.7527415900875,1483.1612812275855,-677.0245017694368,-6.745209949176759,-0.6078762479367255,-6.745061219135005,18303.766323008826,0.0,0.1939561738508999,2.059930667412065,2234285.585289076,599.4148528223552
273700.0,4554864.285833387,392833.1884807162,4554767.129123731,-677.4272643606021,1483.1004678602058,-677.6990096621586,-6.7452452084474155,-0.6083916356231241,-6.745096382532765,18303.766323008826,0.0,0.1939561738508999,2.059930667412065,2234285.585289076,599.4148528223552
273800.0,4554796.5093806675,392981.49548468104,4554699.325497226,-678.1017905808623,1483.0396027926004,-678.373520995009,-6.745278940269116,-0.608910259147338,-6.7451300178889335,18303.766323008826,0.0,0.1939561738508999,2.059930667412065,2234285.585289076,599.4148528223552
273900.0,4554728.665475161,393129.79639954056,4554631.454419422,-678.7763200969721,1482.9786856991673,-679.0480356140325,-6.745311121565677,-0.6094321589604089,-6.745162102119945,18303.766323008826,0.0,0.1939561738508999,2.059930667412065,2234285.585289076,599.4148528223552
274000.0,4554660.754116544,393278.09122007573,4554563.5158899985,-679.4508527527115,1482.9177162502328,-679.7225533629488,-6.745341728935399,-0.6099573760540689,-6.74519261181661,18303.766323008826,0.0,0.1939561738508999,2.059930667412065,2234285.585289076,599.4148528223552
274100.0,4554592.77530451,393426.3799410343,4554495.50990865,-680.1253883895042,1482.8566941119964,-680.3970740831204,-6.745370738646269,-0.61048595196832,-6.745221523239333,18303.766323008826,0.0,0.1939561738508999,2.059930667412065,2234285.585289076,599.4148528223552
274200.0,4554524.729038771,393574.66255713056,4554427.436475088,-680.7999268463836,1482.7956189464758,-681.0715976135187,-6.745398126631104,-0.6110179287991395,-6.745248812313242,18303.766323008826,0.0,0.1939561738508999,2.059930667412065,2234285.585289076,599.4148528223552
274300.0,4554456.615319053,393722.9390630446,4554359.295589039,-681.4744679599597,1482.7344904114511,-681.7461237906912,-6.745423868482607,-0.6115533492062729,-6.7452744546232495,18303.766323008826,0.0,0.1939561738508999,2.059930667412065,2234285.585289076,599.4148528223552
274400.0,4554388.434145097,393871.2094534223,4554291.087250247,-682.1490115643844,1482.6733081604082,-682.4206524487263,-6.745447939448376,-0.6120922564212001,-6.745298425409056,18303.766323008826,0.0,0.1939561738508999,2.059930667412065,2234285.585289076,599.4148528223552
274500.0,4554320.185516663,394019.4737228745,4554222.811458472,-682.8235574913168,1482.6120718424802,-683.0951834192189,-6.74547031442579,-0.6126346942551311,-6.745320699560045,18303.766323008826,0.0,0.1939561738508999,2.059930667412065,2234285.585289076,599.4148528223552
274600.0,4554251.869433527,394167.7318659767,4554154.468213492,-683.4981055698884,1482.5507811023904,-683.7697165312353,-6.745490967956878,-0.6131807071072095,-6.745341251610136,18303.766323008826,0.0,0.1939561738508999,2.059930667412065,2234285.585289076,599.4148528223552
274700.0,4554183.485895483,394315.98387726885,4554086.057515101,-684.1726556266665,1482.4894355803922,-684.4442516112771,-6.745509874223046,-0.6137303399727613,-6.745360055732517,18303.766323008826,0.0,0.1939561738508999,2.059930667412065,2234285.585289076,599.4148528223552
274800.0,4554115.034902342,394464.22975125455,4554017.5793631105,-684.8472074856185,1482.4280349122093,-685.1187884832449,-6.7455270070397635,-0.6142836384517024,-6.745377085734335,18303.766323008826,0.0,0.1939561738508999,2.059930667412065,2234285.585289076,599.4148528223552
274900.0,4554046.516453932,394612.4694824008,4553949.03375735,-685.5217609680747,1482.366578728975,-685.7933269684015,-6.745542339851173,-0.6148406487570801,-6.745392315051288,18303.766323008826,0.0,0.1939561738508999,2.059930667412065,2234285.585289076,599.4148528223552
275000.0,4553977.9305501,394760.70306513744,4553880.420697669,-686.1963158926911,1482.3050666571698,-686.4678668853346,-6.745555845724581,-0.6154014177237046,-6.745405716742135,18303.766323008826,0.0,0.1939561738508999,2.059930667412065,2234285.585289076,599.4148528223552
275100.0,4553909.277190711,394908.9304938567,4553811.740183932,-686.8708720754115,1482.24349831856,-687.1424080499187,-6.745567497344894,-0.6159659928169281,-6.745417263483114,18303.766323008826,0.0,0.1939561738508999,2.059930667412065,2234285.585289076,599.4148528223552
275200.0,4553840.556375649,395057.15176291286,4553742.992216024,-687.5454293294287,1482.1818733301327,-687.8169502752763,-6.745577267008964,-0.6165344221415545,-6.745426927562297,18303.766323008826,0.0,0.1939561738508999,2.059930667412065,2234285.585289076,599.4148528223552
275300.0,4553771.768104816,395205.36686662154,4553674.176793848,-688.2199874651453,1482.1201913040327,-688.4914933717394,-6.745585126619852,-0.6171067544508806,-6.745434680873835,18303.766323008826,0.0,0.1939561738508999,2.059930667412065,2234285.585289076,599.4148528223552
275400.0,4553702.912378133,395353.57579925936,4553605.293917327,-688.8945462901347,1482.0584518474966,-689.1660371468091,-6.745591047680972,-0.6176830391558453,-6.745440494912128,18303.766323008826,0.0,0.1939561738508999,2.059930667412065,2234285.585289076,599.4148528223552
275500.0,4553633.9891955415,395501.7785550635,4553536.343586403,-689.5691056091002,1481.9966545627865,-689.840581405116,-6.745595001290195,-0.6182633263343673,-6.745444340765899,18303.766323008826,0.0,0.1939561738508999,2.059930667412065,2234285.585289076,599.4148528223552
275600.0,4553564.998557001,395649.97512823093,4553467.325801037,-690.2436652238343,1481.9347990471229,-690.5151259483791,-6.745596958133824,-0.6188476667407466,-6.745446189112185,18303.766323008826,0.0,0.1939561738508999,2.059930667412065,2234285.585289076,599.4148528223552
275700.0,4553495.940462493,395798.16551291826,4553398.240561211,-690.9182249331775,1481.8728848926169,-691.1896705753641,-6.74559688848049,-0.619436111815273,-6.745446010210222,18303.766323008826,0.0,0.1939561738508999,2.059930667412065,2234285.585289076,599.4148528223552
275800.0,4553426.814912018,395946.349703241,4553329.087866926,-691.5927845329758,1481.8109116862006,-691.8642150818413,-6.745594762174956,-0.6200287136939359,-6.74544377389526,18303.766323008826,0.0,0.1939561738508999,2.059930667412065,2234285.585289076,599.4148528223552
275900.0,4553357.621905598,396094.52769327315,4553259.867718205,-692.2673438160383,1481.7488790095574,-692.5387592605433,-6.74559054863182,-0.6206255252182867,-6.745439449572245,18303.766323008826,0.0,0.1939561738508999,2.059930667412065,2234285.585289076,599.4148528223552
276000.0,4553288.361443273,396242.6994770465,4553190.580115091,-692.9419025720939,1481.686786439051,-693.2133029011216,-6.74558421682913,-0.6212265999454576,-6.745433006209448,18303.766323008826,0.0,0.1939561738508999,2.059930667412065,2234285.585289076,599.4148528223552
276100.0,4553219.033525107,396390.86504855024,4553121.225057649,-693.6164605877472,1481.624633545653,-693.8878457901019,-6.74557573530189,-0.6218319921583086,-6.745424412331963,18303.766323008826,0.0,0.1939561738508999,2.059930667412065,2234285.585289076,599.4148528223552
276200.0,4553149.6381511865,396539.0244017304,4553051.802545966,-694.2910176464335,1481.5624198948701,-694.5623877108404,-6.745565072135468,-0.6224417568757322,-6.745413636015113,18303.766323008826,0.0,0.1939561738508999,2.059930667412065,2234285.585289076,599.4148528223552
276300.0,4553080.175321617,396687.1775304893,4552982.312580147,-694.9655735283744,1481.5001450466698,-695.2369284434781,-6.745552194958919,-0.6230559498631301,-6.745400644877771,18303.766323008826,0.0,0.1939561738508999,2.059930667412065,2234285.585289076,599.4148528223552
276400.0,4553010.645036528,396835.32442868495,4552912.755160323,-695.640128010531,1481.4378085554054,-695.9114677648944,-6.745537070938179,-0.6236746276430083,-6.745385406075551,18303.766323008826,0.0,0.1939561738508999,2.059930667412065,2234285.585289076,599.4148528223552
276500.0,4552941.04729607,396983.4650901306,4552843.130286648,-696.3146808665576,1481.3754099697394,-696.586005448661,-6.745519666769162,-0.6242978475057536,-6.745367886293915,18303.766323008826,0.0,0.1939561738508999,2.059930667412065,2234285.585289076,599.4148528223552
276600.0,4552871.382100416,397131.59950859385,4552773.437959296,-696.9892318667544,1481.3129488325667,-697.2605412649946,-6.74549994867078,-0.6249256675205646,-6.745348051741165,18303.766323008826,0.0,0.1939561738508999,2.059930667412065,2234285.585289076,599.4148528223552
276700.0,4552801.649449766,397279.7276777966,4552703.678178465,-697.6637807780191,1481.2504246809358,-697.9350749807081,-6.7454778823778,-0.6255581465465452,-6.74532586814133,18303.766323008826,0.0,0.1939561738508999,2.059930667412065,2234285.585289076,599.4148528223552
276800.0,4552731.849344338,397427.849591414,4552633.8509443775,-698.3383273637987,1481.1878370459692,-698.6096063591629,-6.745453433133645,-0.626195344243949,-6.745301300726938,18303.766323008826,0.0,0.1939561738508999,2.059930667412065,2234285.585289076,599.4148528223552
276900.0,4552661.981784378,397575.9652430739,4552563.956257279,-699.0128713840395,1481.125185452783,-699.284135160218,-6.745426565683046,-0.6268373210856233,-6.745274314231682,18303.766323008826,0.0,0.1939561738508999,2.059930667412065,2234285.585289076,599.4148528223552
277000.0,4552592.0467701545,397724.07462635654,4552493.99411744,-699.687412595137,1481.0624694204048,-699.9586611401813,-6.745397244264605,-0.6274841383685664,-6.745244872882973,18303.766323008826,0.0,0.1939561738508999,2.059930667412065,2234285.585289076,599.4148528223552
277100.0,4552522.044301961,397872.17773479375,4552423.964525154,-700.3619507498848,1480.999688461691,-700.6331840517572,-6.74536543260322,-0.6281358582257188,-6.745212940394367,18303.766323008826,0.0,0.1939561738508999,2.059930667412065,2234285.585289076,599.4148528223552
277200.0,4552451.974380115,398020.2745618682,4552353.86748074,-701.0364855974235,1480.936842083242,-701.3077036439958,-6.745331093902425,-0.6287925436378877,-6.745178479957896,18303.766323008826,0.0,0.1939561738508999,2.059930667412065,2234285.585289076,599.4148528223552
277300.0,4552381.8370049605,398168.3651010131,4552283.7029845435,-701.7110168831871,1480.8739297853178,-701.9822196622398,-6.7452941908365665,-0.6294542584458658,-6.74514145423626,18303.766323008826,0.0,0.1939561738508999,2.059930667412065,2234285.585289076,599.4148528223552
277400.0,4552311.632176866,398316.44934561115,4552213.471036935,-702.3855443488504,1480.8109510617503,-702.6567318480716,-6.745254685542911,-0.6301210673627279,-6.745101825354908,18303.766323008826,0.0,0.1939561738508999,2.059930667412065,2234285.585289076,599.4148528223552
277500.0,4552241.359896227,398464.5272889942,4552143.171638311,-703.060067732275,1480.747905399856,-703.3312399392587,-6.745212539613584,-0.6307930359862828,-6.7450595548939924,18303.766323008826,0.0,0.1939561738508999,2.059930667412065,2234285.585289076,599.4148528223552
277600.0,4552171.020163464,398612.59892444254,4552072.804789093,-703.7345867674538,1480.6847922803472,-704.0057436696992,-6.745167714087415,-0.6314702308117761,-6.745014603880207,18303.766323008826,0.0,0.1939561738508999,2.059930667412065,2234285.585289076,599.4148528223552
277700.0,4552100.612979027,398760.66424518416,4552002.370489731,-704.4091011844557,1480.621611177241,-704.6802427693657,-6.745120169441642,-0.6321527192446934,-6.744966932778479,18303.766323008826,0.0,0.1939561738508999,2.059930667412065,2234285.585289076,599.4148528223552
277800.0,4552030.138343391,398908.7232443941,4551931.868740703,-705.0836107093689,1480.558361557768,-705.354736964249,-6.74506986558349,-0.6328405696138519,-6.744916501483569,18303.766323008826,0.0,0.1939561738508999,2.059930667412065,2234285.585289076,599.4148528223552
277900.0,4551959.596257058,399056.77591519384,4551861.299542512,-705.7581150642435,1480.4950428822792,-706.0292259763005,-6.745016761841619,-0.633533851184573,-6.744863269311487,18303.766323008826,0.0,0.1939561738508999,2.059930667412065,2234285.585289076,599.4148528223552
278000.0,4551888.98672056,399204.8222506505,4551790.66289569,-706.432613967033,1480.4316546041516,-706.7037095233737,-6.744960816957444,-0.6342326341721668,-6.744807194990835,18303.766323008826,0.0,0.1939561738508999,2.059930667412065,2234285.585289076,599.4148528223552
278100.0,4551818.309734456,399352.86224377615,4551719.958800798,-707.1071071315357,1480.3681961696927,-707.3781873191655,-6.7449019890763156,-0.6349369897555416,-6.744748236653971,18303.766323008826,0.0,0.1939561738508999,2.059930667412065,2234285.585289076,599.4148528223552
278200.0,4551747.565299335,399500.8958875272,4551649.187258427,-707.7815942673337,1480.3046670180431,-708.0526590731555,-6.744840235738553,-0.6356469900910261,-6.744686351828043,18303.766323008826,0.0,0.1939561738508999,2.059930667412065,2234285.585289076,599.4148528223552
278300.0,4551676.753415814,399648.9231748036,4551578.348269194,-708.4560750797331,1480.2410665810787,-708.7271244905459,-6.7447755138703664,-0.6363627083264252,-6.744621497425909,18303.766323008826,0.0,0.1939561738508999,2.059930667412065,2234285.585289076,599.4148528223552
278400.0,4551605.87408454,399796.9440984481,4551507.441833749,-709.130549269701,1480.1773942833104,-709.4015832721985,-6.744707779774611,-0.6370842186152623,-6.744553629736891,18303.766323008826,0.0,0.1939561738508999,2.059930667412065,2234285.585289076,599.4148528223552
278500.0,4551534.92730619,399944.9586512455,4551436.467952771,-709.8050165338035,1480.1136495417825,-710.076035114573,-6.744636989121408,-0.6378115961312478,-6.744482704417391,18303.766323008826,0.0,0.1939561738508999,2.059930667412065,2234285.585289076,599.4148528223552
278600.0,4551463.913081474,400092.966825922,4551365.426626968,-710.4794765641417,1480.0498317659706,-710.7504797096622,-6.744563096938624,-0.6385449170829387,-6.7444086764813616,18303.766323008826,0.0,0.1939561738508999,2.059930667412065,2234285.585289076,599.4148528223552
278700.0,4551392.831411129,400240.9686151443,4551294.317857081,-711.1539290482868,1479.985940357677,-711.424916744928,-6.7444860576021854,-0.6392842587286461,-6.744331500290633,18303.766323008826,0.0,0.1939561738508999,2.059930667412065,2234285.585289076,599.4148528223552
278800.0,4551321.682295926,400388.9640115189,4551223.141643882,-711.8283736692149,1479.9219747109253,-712.0993459032358,-6.744405824826268,-0.6400296993915469,-6.744251129545084,18303.766323008826,0.0,0.1939561738508999,2.059930667412065,2234285.585289076,599.4148528223552
278900.0,4551250.465736668,400536.9530075914,4551151.897988174,-712.5028101052396,1479.8579342118524,-712.7737668627868,-6.7443223516533175,-0.6407813184750388,-6.744167517272665,18303.766323008826,0.0,0.1939561738508999,2.059930667412065,2234285.585289076,599.4148528223552
279000.0,4551179.181734188,400684.9355958455,4551080.586890793,-713.1772380299451,1479.7938182386006,-713.4481792970516,-6.7442355904439015,-0.6415391964782968,-6.744080615819256,18303.766323008826,0.0,0.1939561738508999,2.059930667412065,2234285.585289076,599.4148528223552
279100.0,4551107.830289356,400832.9117687023,4551009.20835261,-713.8516571121169,1479.7296261612069,-714.1225828747005,-6.744145492866442,-0.6423034150120903,-6.743990376838385,18303.766323008826,0.0,0.1939561738508999,2.059930667412065,2234285.585289076,599.4148528223552
279200.0,4551036.411403072,400980.88151851966,4550937.762374525,-714.5260670156724,1479.6653573414906,-714.7969772595342,-6.744052009886745,-0.6430740568148073,-6.743896751280753,18303.766323008826,0.0,0.1939561738508999,2.059930667412065,2234285.585289076,599.4148528223552
279300.0,4550964.9250762705,401128.844837591,4550866.248957476,-715.20046739959,1479.6010111329401,-715.4713621104128,-6.743955091757402,-0.6438512057687485,-6.743799689383648,18303.766323008826,0.0,0.1939561738508999,2.059930667412065,2234285.585289076,599.4148528223552
279400.0,4550893.371309921,401276.8017181448,4550794.668102432,-715.8748579178373,1479.5365868805982,-716.1457370811842,-6.743854688006999,-0.644634946916655,-6.743699140660132,18303.766323008826,0.0,0.1939561738508999,2.059930667412065,2234285.585289076,599.4148528223552
279500.0,4550821.750105028,401424.7521523436,4550723.0198104,-716.549238219298,1479.4720839209442,-716.8201018206107,-6.743750747429174,-0.6454253664784789,-6.743595053888106,18303.766323008826,0.0,0.1939561738508999,2.059930667412065,2234285.585289076,599.4148528223552
279600.0,4550750.0614626305,401572.696132283,4550651.304082421,-717.2236079476979,1479.4075015817762,-717.4944559722954,-6.743643218071496,-0.6462225518683704,-6.7434873770991945,18303.766323008826,0.0,0.1939561738508999,2.059930667412065,2234285.585289076,599.4148528223552
279700.0,4550678.305383803,401720.63364999124,4550579.520919571,-717.8979667415301,1479.34283918209,-718.1687991746066,-6.743532047224175,-0.6470265917120186,-6.743376057567429,18303.766323008826,0.0,0.1939561738508999,2.059930667412065,2234285.585289076,599.4148528223552
279800.0,4550606.481869658,401868.5646974278,4550507.670322963,-718.572314233978,1479.278096031958,-718.8431310606018,-6.743417181408595,-0.6478375758641438,-6.743261041797796,18303.766323008826,0.0,0.1939561738508999,2.059930667412065,2234285.585289076,599.4148528223552
279900.0,4550534.590921345,402016.4892664827,4550435.752293748,-719.2466500528384,1479.2132714324048,-719.5174512579499,-6.743298566365664,-0.6486555954262742,-6.7431422755145745,18303.766323008826,0.0,0.1939561738508999,2.059930667412065,2234285.585289076,599.4148528223552
280000.0,4550462.632540049,402164.4073489757,4550363.7668331135,-719.9209738204427,1479.1483646752815,-720.1917593888528,-6.7431761470439815,-0.6494807427648923,-6.743019703649515,18303.766323008826,0.0,0.1939561738508999,2.059930667412065,2234285.585289076,599.4148528223552
280100.0,4550390.606726995,402312.3189366553,4550291.713942286,-720.5952851535769,1479.0833750431389,-720.8660550699655,-6.743049867587827,-0.6503131115296763,-6.742893270329804,18303.766323008826,0.0,0.1939561738508999,2.059930667412065,2234285.585289076,599.4148528223552
280200.0,4550318.513483445,402460.22402119765,4550219.593622528,-721.2695836634009,1479.0183018090977,-721.5403379123148,-6.742919671324957,-0.651152796672179,-6.742762918865871,18303.766323008826,0.0,0.1939561738508999,2.059930667412065,2234285.585289076,599.4148528223552
280300.0,4550246.352810702,402608.12259420584,4550147.4058751445,-721.9438689553658,1478.9531442367174,-722.2146075212174,-6.742785500754211,-0.6519998944646949,-6.742628591738987,18303.766323008826,0.0,0.1939561738508999,2.059930667412065,2234285.585289076,599.4148528223552
280400.0,4550174.124710108,402756.01464720885,4550075.150701478,-722.618140629131,1478.887901579864,-722.8888634961961,-6.742647297532921,-0.6528545025194199,-6.742490230588671,18303.766323008826,0.0,0.1939561738508999,2.059930667412065,2234285.585289076,599.4148528223552
280500.0,4550101.829183044,402903.90017166047,4550002.828102913,-723.2923982784785,1478.8225730825739,-723.5631054308948,-6.742505002464125,-0.6537167198079422,-6.742347776199907,18303.766323008826,0.0,0.1939561738508999,2.059930667412065,2234285.585289076,599.4148528223552
280600.0,4550029.466230934,403051.7791589385,4549930.438080873,-723.9666414912276,1478.7571579789178,-724.2373329129929,-6.742358555483597,-0.6545866466809652,-6.742201168490147,18303.766323008826,0.0,0.1939561738508999,2.059930667412065,2234285.585289076,599.4148528223552
280700.0,4549957.035855241,403199.6516003435,4549857.980636826,-724.6408698491475,1478.6916554928614,-724.9115455241175,-6.7422078956466285,-0.6554643848883869,-6.742050346496128,18303.766323008826,0.0,0.1939561738508999,2.059930667412065,2234285.585289076,599.4148528223552
280800.0,4549884.5380574735,403347.5174870981,4549785.455772278,-725.315082927868,1478.6260648381249,-725.585742839755,-6.7420529611146645,-0.6563500375996334,-6.7418952483604615,18303.766323008826,0.0,0.1939561738508999,2.059930667412065,2234285.585289076,599.4148528223552
280900.0,4549811.972839179,403495.3768103456,4549712.863488781,-725.9892802967901,1478.5603852180393,-726.2599244291604,-6.741893689141675,-0.657243709424316,-6.741735811318033,18303.766323008826,0.0,0.1939561738508999,2.059930667412065,2234285.585289076,599.4148528223552
281000.0,4549739.3402019525,403643.2295611493,4549640.20378793,-726.6634615189938,1478.4946158254022,-726.9340898552665,-6.741730016060346,-0.658145506433231,-6.741571971682175,18303.766323008826,0.0,0.1939561738508999,2.059930667412065,2234285.585289076,599.4148528223552
281100.0,4549666.640147429,403791.0757304911,4549567.476671363,-727.3376261511461,1478.4287558423298,-727.6082386745907,-6.7415618772680475,-0.6590555361795851,-6.74140366483063,18303.766323008826,0.0,0.1939561738508999,2.059930667412065,2234285.585289076,599.4148528223552
281200.0,4549593.87267729,403938.9153092705,4549494.682140764,-728.0117737434063,1478.362804440108,-728.2823704371407,-6.74138920721256,-0.659973907720658,-6.741230825191282,18303.766323008826,0.0,0.1939561738508999,2.059930667412065,2234285.585289076,599.4148528223552
281300.0,4549521.037793263,404086.7482883038,4549421.82019786,-728.6859038393303,1478.2967607790413,-728.9564846863191,-6.741211939377611,-0.660900731639706,-6.741053386227683,18303.766323008826,0.0,0.1939561738508999,2.059930667412065,2234285.585289076,599.4148528223552
281400.0,4549448.13549712,404234.5746583227,4549348.890844426,-729.3600159757736,1478.230624008298,-729.6305809588259,-6.741030006268161,-0.6618361200682198,-6.740871280424332,18303.766323008826,0.0,0.1939561738508999,2.059930667412065,2234285.585289076,599.4148528223552
281500.0,4549375.165790682,404382.3944099731,4549275.894082284,-730.0341096827929,1478.1643932657555,-730.30465878456,-6.740843339395465,-0.662780186708536,-6.740684439271739,18303.766323008826,0.0,0.1939561738508999,2.059930667412065,2234285.585289076,599.4148528223552
281600.0,4549302.128675814,404530.20753381436,4549202.8299133,-730.7081844835451,1478.098067677841,-730.9787176865191,-6.740651869261897,-0.663733046856736,-6.740492793251243,18303.766323008826,0.0,0.1939561738508999,2.059930667412065,2234285.585289076,599.4148528223552
281700.0,4549229.024154431,404678.0140203177,4549129.698339393,-731.3822398941869,1478.0316463593717,-731.6527571806977,-6.740455525345533,-0.6646948174259899,-6.740296271819588,18303.766323008826,0.0,0.1939561738508999,2.059930667412065,2234285.585289076,599.4148528223552
281800.0,4549155.852228497,404825.81385986536,4549056.499362527,-732.0562754237706,1477.9651284133918,-732.3267767759843,-6.74025423608451,-0.6656656169701348,-6.740094803393283,18303.766323008826,0.0,0.1939561738508999,2.059930667412065,2234285.585289076,599.4148528223552
281900.0,4549082.612900025,404973.6070427492,4548983.232984718,-732.7302905741395,1477.8985129310065,-733.0007759740563,-6.740047928861112,-0.6666455657076698,-6.739888315332677,18303.766323008826,0.0,0.1939561738508999,2.059930667412065,2234285.585289076,599.4148528223552
282000.0,4549009.306171078,405121.39355916966,4548909.89920803,-733.4042848398221,1477.8317989912155,-733.6747542692738,-6.739836529985625,-0.6676347855461426,-6.739676733925816,18303.766323008826,0.0,0.1939561738508999,2.059930667412065,2234285.585289076,599.4148528223552
282100.0,4548935.93204377,405269.1733992344,4548836.498034578,-734.0782577079234,1477.7649856607418,-734.348711148571,-6.739619964679922,-0.6686334001068401,-6.739459984372019,18303.766323008826,0.0,0.1939561738508999,2.059930667412065,2234285.585289076,599.4148528223552
282200.0,4548862.490520267,405416.9465529573,4548763.029466531,-734.7522086580154,1477.69807199386,-735.0226460913475,-6.739398157060817,-0.6696415347498736,-6.73923799076523,18303.766323008826,0.0,0.1939561738508999,2.059930667412065,2234285.585289076,599.4148528223552
282300.0,4548788.981602786,405564.71301025676,4548689.493506108,-735.4261371620261,1477.63105703222,-735.6965585693558,-6.739171030123111,-0.6706593165996856,-6.739010676077059,18303.766323008826,0.0,0.1939561738508999,2.059930667412065,2234285.585289076,599.4148528223552
282400.0,4548715.4052936,405712.47276095493,4548615.890155584,-736.1000426841258,1477.563939804671,-736.3704480465891,-6.738938505722427,-0.6716868745708391,-6.738777962139609,18303.766323008826,0.0,0.1939561738508999,2.059930667412065,2234285.585289076,599.4148528223552
282500.0,4548641.761595033,405860.22579477605,4548542.219417284,-736.7739246806129,1477.4967193270793,-737.0443139791658,-6.738700504557732,-0.6727243393943474,-6.738539769627997,18303.766323008826,0.0,0.1939561738508999,2.059930667412065,2234285.585289076,599.4148528223552
282600.0,4548568.050509466,406007.9721013454,4548468.481293592,-737.4477825997973,1477.4293946021464,-737.7181558152135,-6.738456946153587,-0.6737718436442648,-6.7382960180426,18303.766323008826,0.0,0.1939561738508999,2.059930667412065,2234285.585289076,599.4148528223552
282700.0,4548494.272039334,406155.7116701879,4548394.675786943,-738.1216158818813,1477.3619646192233,-738.3919729947502,-6.738207748842148,-0.6748295217647247,-6.738046625691049,18303.766323008826,0.0,0.1939561738508999,2.059930667412065,2234285.585289076,599.4148528223552
282800.0,4548420.42618713,406303.4444907265,4548320.802899834,-738.7954239588407,1477.2944283541217,-739.0657649495641,-6.7379528297448426,-0.675897510097441,-6.737791509669896,18303.766323008826,0.0,0.1939561738508999,2.059930667412065,2234285.585289076,599.4148528223552
282900.0,4548346.512955402,406451.1705522814,4548246.862634813,-739.4692062543018,1477.2267847689232,-739.7395311030921,-6.737692104753796,-0.6769759469095028,-6.737530585846046,18303.766323008826,0.0,0.1939561738508999,2.059930667412065,2234285.585289076,599.4148528223552
283000.0,4548272.532346758,406598.8898440679,4548172.854994493,-740.1429621834178,1477.1590328117852,-740.4132708702952,-6.737425488512922,-0.6780649724217762,-6.737263768837833,18303.766323008826,0.0,0.1939561738508999,2.059930667412065,2234285.585289076,599.4148528223552
283100.0,4548198.484363864,406746.6023551958,4548098.779981539,-740.8166911527433,1477.0911714167441,-741.0869836575332,-6.737152894398761,-0.6791647288375062,-6.736990971995858,18303.766323008826,0.0,0.1939561738508999,2.059930667412065,2234285.585289076,599.4148528223552
283200.0,4548124.369009446,406894.30807466735,4548024.63759868,-741.4903925601061,1477.0231995035158,-741.7606688624368,-6.736874234500977,-0.6802753603715451,-6.736712107383476,18303.766323008826,0.0,0.1939561738508999,2.059930667412065,2234285.585289076,599.4148528223552
283300.0,4548050.186286291,407042.0069913761,4547950.427848706,-742.1640657944781,1476.9551159772927,-742.4343258737775,-6.7365894196025655,-0.6813970132799342,-6.736427085757008,18303.766323008826,0.0,0.1939561738508999,2.059930667412065,2234285.585289076,599.4148528223552
283400.0,4547975.936197247,407189.6990941054,4547876.1507344665,-742.8377102358432,1476.8869197285385,-743.1079540713367,-6.7362983591597505,-0.6825298358899156,-6.736135816545615,18303.766323008826,0.0,0.1939561738508999,2.059930667412065,2234285.585289076,599.4148528223552
283500.0,4547901.618745225,407337.3843715269,4547801.806258874,-743.5113252550636,1476.8186096327793,-743.7815528257713,-6.73600096128155,-0.683673978630485,-6.735838207830883,18303.766323008826,0.0,0.1939561738508999,2.059930667412065,2234285.585289076,599.4148528223552
283600.0,4547827.233933198,407485.06281219906,4547727.394424904,-744.1849102137445,1476.7501845503916,-744.4551214984781,-6.735697132709032,-0.6848295940633208,-6.735534166326044,18303.766323008826,0.0,0.1939561738508999,2.059930667412065,2234285.585289076,599.4148528223552
283700.0,4547752.781764206,407632.7344045656,4547652.915235599,-744.8584644640955,1476.6816433263882,-745.1286594414559,-6.735386778794238,-0.685996836914191,-6.7352235973549215,18303.766323008826,0.0,0.1939561738508999,2.059930667412065,2234285.585289076,599.4148528223552
283800.0,4547678.2622413505,407780.3991369539,4547578.368694062,-745.5319873487914,1476.6129847901998,-745.8021659971655,-6.735069803478762,-0.6871758641049415,-6.734906404830487,18303.766323008826,0.0,0.1939561738508999,2.059930667412065,2234285.585289076,599.4148528223552
283900.0,4547603.675367803,407928.0569975737,4547503.754803468,-746.2054782008297,1476.5442077554533,-746.4756404983877,-6.73474610927202,-0.6883668347857667,-6.734582491233124,18303.766323008826,0.0,0.1939561738508999,2.059930667412065,2234285.585289076,599.4148528223552
284000.0,4547529.0211468,408075.70797451504,4547429.073567053,-746.8789363433862,1476.4753110197482,-747.1490822680788,-6.734415597229134,-0.6895699103682091,-6.734251757588518,18303.766323008826,0.0,0.1939561738508999,2.059930667412065,2234285.585289076,599.4148528223552
284100.0,4547454.299581648,408223.35205574706,4547354.324988128,-747.5523610896685,1476.4062933644284,-747.8224906192238,-6.734078166928509,-0.6907852545584546,-6.733914103445212,18303.766323008826,0.0,0.1939561738508999,2.059930667412065,2234285.585289076,599.4148528223552
284200.0,4547379.510675719,408370.9892291161,4547279.509070067,-748.2257517427674,1476.3371535543508,-748.4958648546879,-6.733733716449014,-0.6920130333912862,-6.733569426851792,18303.766323008826,0.0,0.1939561738508999,2.059930667412065,2234285.585289076,599.4148528223552
284300.0,4547304.654432459,408518.61948234437,4547204.625816317,-748.8991075955058,1476.2678903376514,-749.169204267065,-6.733382142346839,-0.6932534152644245,-6.7332176243337365,18303.766323008826,0.0,0.1939561738508999,2.059930667412065,2234285.585289076,599.4148528223552
284400.0,4547229.730855384,408666.2428030278,4547129.675230398,-749.5724279302847,1476.198502445506,-749.8425081385246,-6.7330233396319645,-0.6945065709734933,-6.732858590869871,18303.766323008826,0.0,0.1939561738508999,2.059930667412065,2234285.585289076,599.4148528223552
284500.0,4547154.739948082,408813.85917863477,4547054.657315899,-750.2457120189281,1476.1289885918902,-750.515775740656,-6.732657201744248,-0.6957726737474481,-6.732492219868461,18303.766323008826,0.0,0.1939561738508999,2.059930667412065,2234285.585289076,599.4148528223552
284600.0,4547079.681714213,408961.46859650407,4546979.572076484,-750.9189591225244,1476.0593474733334,-751.1890063343092,-6.732283620529166,-0.697051899284582,-6.732118403142936,18303.766323008826,0.0,0.1939561738508999,2.059930667412065,2234285.585289076,599.4148528223552
284700.0,4547004.556157515,409109.0710438433,4546904.419515891,-751.5921684912656,1475.9895777686702,-751.8621991694353,-6.731902486213133,-0.6983444257890903,-6.731737030887213,18303.766323008826,0.0,0.1939561738508999,2.059930667412065,2234285.585289076,599.4148528223552
284800.0,4546929.363281799,409256.666507727,4546829.199637934,-752.2653393642847,1475.9196781387877,-752.5353534849223,-6.731513687378462,-0.6996504340080782,-6.731347991650639,18303.766323008826,0.0,0.1939561738508999,2.059930667412065,2234285.585289076,599.4148528223552
284900.0,4546854.103090951,409404.254975095,4546753.9124465035,-752.9384709694896,1475.8496472263698,-753.2084685084304,-6.7311171109379,-0.700970107269334,-6.730951172312527,18303.766323008826,0.0,0.1939561738508999,2.059930667412065,2234285.585289076,599.4148528223552
285000.0,4546778.77558894,409551.83643275034,4546678.557945568,-753.6115625233946,1475.779483655637,-753.8815434562227,-6.730712642108786,-0.7023036315194422,-6.730546458056302,18303.766323008826,0.0,0.1939561738508999,2.059930667412065,2234285.585289076,599.4148528223552
285100.0,4546703.380779808,409699.4108673577,4546603.136139175,-754.2846132309501,1475.7091860320825,-754.5545775329949,-6.730300164386775,-0.7036511953626812,-6.730133732343225,18303.766323008826,0.0,0.1939561738508999,2.059930667412065,2234285.585289076,599.4148528223552
285200.0,4546627.918667682,409846.97826544126,4546527.647031451,-754.9576222853689,1475.6387529422043,-755.2275699317017,-6.729879559519162,-0.7050129901003768,-6.729712876885701,18303.766323008826,0.0,0.1939561738508999,2.059930667412065,2234285.585289076,599.4148528223552
285300.0,4546552.389256767,409994.5386133829,4546452.090626605,-755.63058886795,1475.568182953234,-755.9005198333804,-6.729450707477764,-0.7063892097709406,-6.7292837716201666,18303.766323008826,0.0,0.1939561738508999,2.059930667412065,2234285.585289076,599.4148528223552
285400.0,4546476.792551352,410142.09189742024,4546376.466928928,-756.3035121478995,1475.4974746128612,-756.5734264069719,-6.72901348643141,-0.7077800511904302,-6.728846294679552,18303.766323008826,0.0,0.1939561738508999,2.059930667412065,2234285.585289076,599.4148528223552
285500.0,4546401.128555809,410289.6381036447,4546300.775942796,-756.9763912821493,1475.4266264489527,-757.2462888091391,-6.728567772717943,-0.7091857139937908,-6.728400322365295,18303.766323008826,0.0,0.1939561738508999,2.059930667412065,2234285.585289076,599.4148528223552
285600.0,4546325.397274596,410437.17721799953,4546225.017672667,-757.649225415172,1475.3556369692694,-757.9191061840825,-6.728113440815821,-0.7106064006767027,-6.727945729118928,18303.766323008826,0.0,0.1939561738508999,2.059930667412065,2234285.585289076,599.4148528223552
285700.0,4546249.598712255,410584.70922627766,4546149.192123089,-758.3220136787944,1475.2845046611778,-758.5918776633522,-6.727650363315235,-0.7120423166380765,-6.72748238749319,18303.766323008826,0.0,0.1939561738508999,2.059930667412065,2234285.585289076,599.4148528223552
285800.0,4546173.732873418,410732.2341141197,4546073.299298694,-758.9947551920062,1475.2132279913574,-759.2646023656582,-6.727178410888784,-0.7134936702232286,-6.727010168122679,18303.766323008826,0.0,0.1939561738508999,2.059930667412065,2234285.585289076,599.4148528223552
285900.0,4546097.799762805,410879.75186701206,4545997.339204205,-759.6674490607675,1475.1418054055043,-759.9372793966768,-6.7266974522617,-0.7149606727675699,-6.726528939694094,18303.766323008826,0.0,0.1939561738508999,2.059930667412065,2234285.585289076,599.4148528223552
286000.0,4546021.7993852245,411027.2624702845,4545921.311844435,-760.3400943778122,1475.0702353280294,-760.6099078488542,-6.726207354181565,-0.716443538641123,-6.7260385689159286,18303.766323008826,0.0,0.1939561738508999,2.059930667412065,2234285.585289076,599.4148528223552
286100.0,4545945.731745578,411174.7659091081,4545845.217224286,-761.0126902224488,1474.9985161617533,-761.2824868012071,-6.725707981387562,-0.7179424852937135,-6.725538920487708,18303.766323008826,0.0,0.1939561738508999,2.059930667412065,2234285.585289076,599.4148528223552
286200.0,4545869.59684886,411322.2621684933,4545769.055348756,-761.685235660358,1474.9266462875955,-761.9550153191209,-6.7251991965792595,-0.7194577333006351,-6.725029857068783,18303.766323008826,0.0,0.1939561738508999,2.059930667412065,2234285.585289076,599.4148528223552
286300.0,4545793.394700158,411469.7512332874,4545692.826222935,-762.3577297433873,1474.8546240642597,-762.6274924541431,-6.724680860384868,-0.7209895064093045,-6.724511239246563,18303.766323008826,0.0,0.1939561738508999,2.059930667412065,2234285.585289076,599.4148528223552
286400.0,4545717.125304656,411617.23308817245,4545616.529852009,-763.0301715093418,1474.7824478279147,-763.2999172437751,-6.724152831328992,-0.7225380315864374,-6.723982925504269,18303.766323008826,0.0,0.1939561738508999,2.059930667412065,2234285.585289076,599.4148528223552
286500.0,4545640.788667633,411764.707717663,4545540.166241263,-763.7025599817729,1474.7101158918692,-763.9722887112604,-6.723614965799901,-0.7241035390659908,-6.723444772188191,18303.766323008826,0.0,0.1939561738508999,2.059930667412065,2234285.585289076,599.4148528223552
286600.0,4545564.384794469,411912.1751061039,4545463.735396078,-764.3748941697622,1474.6376265462434,-764.6446058653685,-6.723067118016273,-0.7256862623977866,-6.722896633474419,18303.766323008826,0.0,0.1939561738508999,2.059930667412065,2234285.585289076,599.4148528223552
286700.0,4545487.913690642,412059.63523766753,4545387.237321935,-765.0471730677037,1474.5649780576343,-765.3168677001768,-6.7225091399933525,-0.7272864384970197,-6.722338361335003,18303.766323008826,0.0,0.1939561738508999,2.059930667412065,2234285.585289076,599.4148528223552
286800.0,4545411.375361733,412207.08809635206,4545310.672024416,-765.7193956550811,1474.4921686687776,-765.9890731948482,-6.721940881508663,-0.7289043076943659,-6.721769805503643,18303.766323008826,0.0,0.1939561738508999,2.059930667412065,2234285.585289076,599.4148528223552
286900.0,4545334.769813423,412354.5336659786,4545234.039509208,-766.3915608962426,1474.4191965982027,-766.6612213134056,-6.721362190067086,-0.7305401137869205,-6.721190813440769,18303.766323008826,0.0,0.1939561738508999,2.059930667412065,2234285.585289076,599.4148528223552
287000.0,4545258.0970515,412501.9719301888,4545157.339782101,-767.0636677401717,1474.3460600398837,-767.3333110045028,-6.720772910865464,-0.7321941040898672,-6.720601230298133,18303.766323008826,0.0,0.1939561738508999,2.059930667412065,2234285.585289076,599.4148528223552
287100.0,4545181.3570818575,412649.4028724427,4545080.572848991,-767.7357151202547,1474.2727571628852,-768.0053412011919,-6.720172886756579,-0.7338665294890323,-6.720000898882773,18303.766323008826,0.0,0.1939561738508999,2.059930667412065,2234285.585289076,599.4148528223552
287200.0,4545104.549910495,412796.8264760156,4545003.738715881,-768.4077019540443,1474.1992861110027,-768.6773108206869,-6.719561958212576,-0.7355576444941395,-6.71938965962043,18303.766323008826,0.0,0.1939561738508999,2.059930667412065,2234285.585289076,599.4148528223552
287300.0,4545027.6755435215,412944.24272399634,4544926.837388882,-769.0796271430204,1474.125645002397,-769.3492187641239,-6.7189399632878315,-0.7372677072928862,-6.718767350518411,18303.766323008826,0.0,0.1939561738508999,2.059930667412065,2234285.585289076,599.4148528223552
287400.0,4544950.733987158,413091.65159928397,4544849.86887422,-769.7514895723451,1474.0518319292241,-770.021063916317,-6.718306737581191,-0.7389969798059228,-6.7181338071278045,18303.766323008826,0.0,0.1939561738508999,2.059930667412065,2234285.585289076,599.4148528223552
287500.0,4544873.725247737,413239.0530845856,4544772.83317823,-770.4232881106167,1473.977844957259,-770.692845145511,-6.717662114197633,-0.7407457277425785,-6.717488862505147,18303.766323008826,0.0,0.1939561738508999,2.059930667412065,2234285.585289076,599.4148528223552
287600.0,4544796.649331704,413386.44716241345,4544695.73030736,-771.0950216096172,1473.9036821255138,-771.3645613031304,-6.717005923709314,-0.7425142206574578,-6.716832347173451,18303.766323008826,0.0,0.1939561738508999,2.059930667412065,2234285.585289076,599.4148528223552
287700.0,4544719.5062456215,413533.83381508244,4544618.560268177,-771.7666889040578,1473.8293414458506,-772.0362112235231,-6.716337994115994,-0.7443027320079459,-6.716164089082624,18303.766323008826,0.0,0.1939561738508999,2.059930667412065,2234285.585289076,599.4148528223552
287800.0,4544642.29599617,413681.2130247072,4544541.323067362,-772.4382888113192,1473.7548209025879,-772.7077937237021,-6.715658150804831,-0.7461115392125279,-6.715483913569244,18303.766323008826,0.0,0.1939561738508999,2.059930667412065,2234285.585289076,599.4148528223552
287900.0,4544565.018590146,413828.58477319946,4544464.018711719,-773.1098201311887,1473.6801184521025,-773.3793076030817,-6.714966216509543,-0.7479409237100303,-6.714791643315725,18303.766323008826,0.0,0.1939561738508999,2.059930667412065,2234285.585289076,599.4148528223552
288000.0,4544487.67403447,413975.94904226507,4544386.647208169,-773.7812816455925,1473.6052320224233,-774.0507516432097,-6.714262011268907,-0.7497911710197595,-6.714087098308791,18303.766323008826,0.0,0.1939561738508999,2.059930667412065,2234285.585289076,599.4148528223552
288100.0,4544410.262336184,414123.30581340136,4544309.208563759,-774.4526721183239,1473.5301595128205,-774.7221246074962,-6.7135453523846245,-0.7516625708025306,-6.713370095797335,18303.766323008826,0.0,0.1939561738508999,2.059930667412065,2234285.585289076,599.4148528223552
288200.0,4544332.783502456,414270.655067894,4544231.702785659,-775.1239902947682,1473.4548987933892,-775.3934252409375,-6.712816054378479,-0.7535554169226522,-6.712640450249574,18303.766323008826,0.0,0.1939561738508999,2.059930667412065,2234285.585289076,599.4148528223552
288300.0,4544255.237540578,414417.9967868144,4544154.129881164,-775.7952349016218,1473.379447704625,-776.064652269836,-6.712073928948832,-0.7554700075109001,-6.711897973309515,18303.766323008826,0.0,0.1939561738508999,2.059930667412065,2234285.585289076,599.4148528223552
288400.0,4544177.624457971,414565.33095101634,4544076.489857701,-776.466404646608,1473.303804056994,-776.7358044015152,-6.711318784926443,-0.7574066450283164,-6.711142473752784,18303.766323008826,0.0,0.1939561738508999,2.059930667412065,2234285.585289076,599.4148528223552
288500.0,4544099.944262188,414712.65754113323,4543998.782722823,-777.1374982181877,1473.2279656304977,-777.4068803240311,-6.710550428229575,-0.7593656363310503,-6.710373757441704,18303.766323008826,0.0,0.1939561738508999,2.059930667412065,2234285.585289076,599.4148528223552
288600.0,4544022.196960911,414859.97653757484,4543921.00848422,-777.8085142852665,1473.1519301742292,-778.0778787058783,-6.709768661818334,-0.7613472927363301,-6.709591627279634,18303.766323008826,0.0,0.1939561738508999,2.059930667412065,2234285.585289076,599.4148528223552
288700.0,4543944.382561959,415007.28792052437,4543843.167149712,-778.4794514968959,1473.0756954059236,-778.7487981956918,-6.708973285648393,-0.7633519300891242,-6.708795883164671,18303.766323008826,0.0,0.1939561738508999,2.059930667412065,2234285.585289076,599.4148528223552
288800.0,4543866.501073286,415154.5916699352,4543765.258727257,-779.1503084819709,1472.9992590115032,-779.4196374219442,-6.7081640966238725,-0.7653798688301329,-6.707986321942521,18303.766323008826,0.0,0.1939561738508999,2.059930667412065,2234285.585289076,599.4148528223552
288900.0,4543788.552502983,415301.88776552764,4543687.283224951,-779.8210838489223,1472.9226186446128,-780.0903949926382,-6.707340888549549,-0.7674314340645407,-6.707162737358701,18303.766323008826,0.0,0.1939561738508999,2.059930667412065,2234285.585289076,599.4148528223552
289000.0,4543710.536859283,415449.1761867858,4543609.240651028,-780.4917761854043,1472.845771926151,-780.7610694949938,-6.706503452082233,-0.7695069556321094,-6.706324920009898,18303.766323008826,0.0,0.1939561738508999,2.059930667412065,2234285.585289076,599.4148528223552
289100.0,4543632.454150561,415596.45691295416,4543531.131013868,-781.1623840579776,1472.7687164437923,-781.4316594951313,-6.705651574681445,-0.771606768178039,-6.7054726572946315,18303.766323008826,0.0,0.1939561738508999,2.059930667412065,2234285.585289076,599.4148528223552
289200.0,4543554.304385335,415743.7299230343,4543452.954321994,-781.8329060117867,1472.6914497515038,-782.1021635377489,-6.704785040559253,-0.7737312112250899,-6.704605733363087,18303.766323008826,0.0,0.1939561738508999,2.059930667412065,2234285.585289076,599.4148528223552
289300.0,4543476.087572272,415890.9951957815,4543374.710584075,-782.5033405702327,1472.6139693690534,-782.7725801457951,-6.70390363062936,-0.7758806292467332,-6.70372392906617,18303.766323008826,0.0,0.1939561738508999,2.059930667412065,2234285.585289076,599.4148528223552
289400.0,4543397.803720185,416038.2527097013,4543296.399808929,-783.1736862346413,1472.5362727815107,-783.4429078201367,-6.703007122455315,-0.7780553717414818,-6.702827021903735,18303.766323008826,0.0,0.1939561738508999,2.059930667412065,2234285.585289076,599.4148528223552
289500.0,4543319.452838039,416185.502443046,4543218.022005526,-783.8439414839246,1472.4583574387414,-784.1131450392205,-6.70209529019798,-0.7802557933082483,-6.701914785972007,18303.766323008826,0.0,0.1939561738508999,2.059930667412065,2234285.585289076,599.4148528223552
289600.0,4543241.034934953,416332.74437381106,4543139.577182989,-784.5141047742386,1472.380220754893,-784.7832902587305,-6.701167904562117,-0.7824822537228635,-6.700986991910172,18303.766323008826,0.0,0.1939561738508999,2.059930667412065,2234285.585289076,599.4148528223552
289700.0,4543162.550020201,416479.9784797316,4543061.065350594,-785.1841745386346,1472.3018601078732,-785.4533419112396,-6.700224732742105,-0.7847351180159156,-6.700043406846079,18303.766323008826,0.0,0.1939561738508999,2.059930667412065,2234285.585289076,599.4148528223552
289800.0,4543083.998103215,416627.20473827864,4542982.486517779,-785.8541491867056,1472.2232728388208,-786.1232984058555,-6.699265538366872,-0.7870147565514704,-6.699083794341151,18303.766323008826,0.0,0.1939561738508999,2.059930667412065,2234285.585289076,599.4148528223552
289900.0,4543005.379193588,416774.42312665546,4542903.840694139,-786.5240271042269,1472.144456251568,-786.7931581278616,-6.69829008144387,-0.7893215451073075,-6.698107914334351,18303.766323008826,0.0,0.1939561738508999,2.059930667412065,2234285.585289076,599.4148528223552
290000.0,4542926.693301073,416921.6336217939,4542825.127889434,-787.193806652791,1472.0654076120954,-787.4629194383515,-6.697298118302189,-0.7916558649561793,-6.697115523085277,18303.766323008826,0.0,0.1939561738508999,2.059930667412065,2234285.585289076,599.4148528223552
290100.0,4542847.940435591,417068.83620035043,4542746.348113587,-787.863486169437,1471.986124147978,-788.1325806738586,-6.696289401534803,-0.7940181029483168,-6.6961063731164,18303.766323008826,0.0,0.1939561738508999,2.059930667412065,2234285.585289076,599.4148528223552
290200.0,4542769.12060723,417216.03083870234,4542667.501376691,-788.5330639662743,1471.9066030478232,-788.802140145979,-6.695263679939869,-0.7964086515951841,-6.695080213154338,18303.766323008826,0.0,0.1939561738508999,2.059930667412065,2234285.585289076,599.4148528223552
290300.0,4542690.233826246,417363.21751294384,4542588.587689008,-789.2025383300996,1471.8268414607012,-789.4715961409894,-6.69422069846105,-0.798827909154681,-6.694036788070172,18303.766323008826,0.0,0.1939561738508999,2.059930667412065,2234285.585289076,599.4148528223552
290400.0,4542611.28010307,417510.39619888196,4542509.607060971,-789.8719075220089,1471.746836495565,-790.1409469194582,-6.693160198126986,-0.8012762797173436,-6.6929758388188985,18303.766323008826,0.0,0.1939561738508999,2.059930667412065,2234285.585289076,599.4148528223552
290500.0,4542532.259448307,417657.5668720327,4542430.55950319,-790.5411697770024,1471.6665852206636,-790.810190715851,-6.692081915989739,-0.8037541732940483,-6.691897102377856,18303.766323008826,0.0,0.1939561738508999,2.059930667412065,2234285.585289076,599.4148528223552
290600.0,4542453.171872739,417804.7295076167,4542351.445026454,-791.2103233035847,1471.5860846629448,-791.4793257381297,-6.690985585062274,-0.8062620059050019,-6.690800311684192,18303.766323008826,0.0,0.1939561738508999,2.059930667412065,2234285.585289076,599.4148528223552
290700.0,4542374.0173873305,417951.8840805554,4542272.263641729,-791.8793662833566,1471.5053318074506,-792.1483501673449,-6.689870934254957,-0.8088001996700629,-6.689685195571342,18303.766323008826,0.0,0.1939561738508999,2.059930667412065,2234285.585289076,599.4148528223552
290800.0,4542294.796003228,418099.03056546644,4542193.015360168,-792.5482968706023,1471.424323596702,-792.8172621572232,-6.6887376883110505,-0.8113691829003863,-6.688551478704519,18303.766323008826,0.0,0.1939561738508999,2.059930667412065,2234285.585289076,599.4148528223552
290900.0,4542215.507731765,418246.16893665964,4542113.700193108,-793.2171131918691,1471.3430569300751,-793.4860598337463,-6.687585567741166,-0.8139693901915779,-6.687398881515132,18303.766323008826,0.0,0.1939561738508999,2.059930667412065,2234285.585289076,599.4148528223552
291000.0,4542136.1525844615,418393.29916813254,4542034.318152076,-793.8858133455412,1471.2615286631692,-794.1547412947244,-6.6864142887567235,-0.816601262518074,-6.686227120134238,18303.766323008826,0.0,0.1939561738508999,2.059930667412065,2234285.585289076,599.4148528223552
291100.0,4542056.730573032,418540.421233566,4541954.869248788,-794.554395401406,1471.1797356071622,-794.8233046093634,-6.685223563202252,-0.8192652473292371,-6.68503590632483,18303.766323008826,0.0,0.1939561738508999,2.059930667412065,2234285.585289076,599.4148528223552
291200.0,4541977.241709383,418687.5351063199,4541875.353495157,-795.2228574002144,1471.09767452816,-795.4917478178239,-6.68401309848679,-0.8219617986464642,-6.683824947413208,18303.766323008826,0.0,0.1939561738508999,2.059930667412065,2234285.585289076,599.4148528223552
291300.0,4541897.68600562,418834.64075942826,4541795.770903294,-795.891197353233,1471.0153421465334,-796.1600689307746,-6.682782597514019,-0.824691377162249,-6.682593946219106,18303.766323008826,0.0,0.1939561738508999,2.059930667412065,2234285.585289076,599.4148528223552
291400.0,4541818.063474048,418981.738165595,4541716.121485508,-796.559413241791,1470.932735136246,-796.8282659289379,-6.681531758611449,-0.8274544503403078,-6.681342600984847,18303.766323008826,0.0,0.1939561738508999,2.059930667412065,2234285.585289076,599.4148528223552
291500.0,4541738.374127176,419128.82729718887,4541636.405254314,-797.2275030168186,1470.8498501241727,-797.4963367626283,-6.680260275458356,-0.8302514925175237,-6.680070605303272,18303.766323008826,0.0,0.1939561738508999,2.059930667412065,2234285.585289076,599.4148528223552
291600.0,4541658.617977718,419275.90812623914,4541556.622222431,-797.895464598378,1470.7666836894061,-798.1642793512843,-6.678967837012635,-0.8330829850073409,-6.6787776480445755,18303.766323008826,0.0,0.1939561738508999,2.059930667412065,2234285.585289076,599.4148528223552
291700.0,4541578.7950385995,419422.9806244304,4541476.772402789,-798.5632958751885,1470.683232362555,-798.8320915829922,-6.67765412743655,-0.8359494162045582,-6.677463413282022,18303.766323008826,0.0,0.1939561738508999,2.059930667412065,2234285.585289076,599.4148528223552
291800.0,4541498.905322958,419570.044763098,4541396.855808531,-799.2309947041425,1470.5994926250296,-799.4997713140025,-6.676318826021185,-0.8388512816919749,-6.676127580216395,18303.766323008826,0.0,0.1939561738508999,2.059930667412065,2234285.585289076,599.4148528223552
291900.0,4541418.948844146,419717.10051322286,4541316.872453015,-799.8985589098148,1470.5154609083186,-800.167316368239,-6.674961607109881,-0.8417890843482956,-6.674769823099403,18303.766323008826,0.0,0.1939561738508999,2.059930667412065,2234285.585289076,599.4148528223552
292000.0,4541338.925615736,419864.14784542646,4541236.82234982,-800.5659862839639,1470.4311335932528,-800.8347245368001,-6.67358214002024,-0.844763334458102,-6.673389811155674,18303.766323008826,0.0,0.1939561738508999,2.059930667412065,2234285.585289076,599.4148528223552
292100.0,4541258.835651524,420011.1867299659,4541156.705512745,-801.2332745850254,1470.3465070092598,-801.5019935774519,-6.672180088965104,-0.8477745498230571,-6.671987208503693,18303.766323008826,0.0,0.1939561738508999,2.059930667412065,2234285.585289076,599.4148528223552
292200.0,4541178.67896553,420158.21713672864,4541076.521955818,-801.9004215375977,1470.2615774336066,-802.1691212141137,-6.670755112972187,-0.8508232558749664,-6.670561674075446,18303.766323008826,0.0,0.1939561738508999,2.059930667412065,2234285.585289076,599.4148528223552
292300.0,4541098.455572005,420305.2390352271,4540996.271693293,-802.5674248319194,1470.1763410906308,-802.8361051363354,-6.669306865802419,-0.8539099857906376,-6.669112861534713,18303.766323008826,0.0,0.1939561738508999,2.059930667412065,2234285.585289076,599.4148528223552
292400.0,4541018.165485431,420452.2523945936,4540915.954739659,-803.2342821233383,1470.09079415096,-803.5029429987662,-6.667834995867094,-0.8570352806082204,-6.667640419194209,18303.766323008826,0.0,0.1939561738508999,2.059930667412065,2234285.585289076,599.4148528223552
292500.0,4540937.808720527,420599.2571835747,4540835.571109641,-803.9009910317723,1470.0049327307202,-804.1696324206158,-6.666339146143622,-0.8601996893454876,-6.666143989931316,18303.766323008826,0.0,0.1939561738508999,2.059930667412065,2234285.585289076,599.4148528223552
292600.0,4540857.385292252,420746.25337052584,4540755.120818203,-804.5675491411619,1469.9187528907314,-804.8361709851062,-6.6648189540900455,-0.8634037691197354,-6.664623211102571,18303.766323008826,0.0,0.1939561738508999,2.059930667412065,2234285.585289076,599.4148528223552
292700.0,4540776.8952158075,420893.24092340574,4540674.603880554,-805.2339539989136,1469.8322506356922,-805.5025562389151,-6.663274051558118,-0.8666480852696374,-6.6630777144567235,18303.766323008826,0.0,0.1939561738508999,2.059930667412065,2234285.585289076,599.4148528223552
292800.0,4540696.338506644,421040.2198097708,4540594.020312149,-805.9002031153354,1469.7454219133508,-806.1687856916113,-6.6617040647050505,-0.8699332114788713,-6.6615071260464696,18303.766323008826,0.0,0.1939561738508999,2.059930667412065,2234285.585289076,599.4148528223552
292900.0,4540615.71518046,421187.18999676924,4540513.370128694,-806.5662939630624,1469.6582626136649,-806.8348568150806,-6.660108613903925,-0.8732597299014596,-6.659911066138827,18303.766323008826,0.0,0.1939561738508999,2.059930667412065,2234285.585289076,599.4148528223552
293000.0,4540535.025253212,421334.1514511354,4540432.653346149,-807.2322239764741,1469.5707685679474,-807.5007670429418,-6.658487313652679,-0.8766282312890658,-6.658289149124105,18303.766323008826,0.0,0.1939561738508999,2.059930667412065,2234285.585289076,599.4148528223552
293100.0,4540454.268741113,421481.10413918376,4540351.869980735,-807.8979905511019,1469.4829355480015,-808.1665137699555,-6.6568397724815505,-0.8800393151203754,-6.656640983423327,18303.766323008826,0.0,0.1939561738508999,2.059930667412065,2234285.585289076,599.4148528223552
293200.0,4540373.445660639,421628.048026803,4540271.020048933,-808.5635910430284,1469.39475926524,-808.8320943514219,-6.655165592859247,-0.8834935897320884,-6.654966171394371,18303.766323008826,0.0,0.1939561738508999,2.059930667412065,2234285.585289076,599.4148528223552
293300.0,4540292.55602853,421774.98307944986,4540190.103567492,-809.2290227682756,1469.3062353697942,-809.4975061025699,-6.6534643710975585,-0.886991672451994,-6.653264309236567,18303.766323008826,0.0,0.1939561738508999,2.059930667412065,2234285.585289076,599.4148528223552
293400.0,4540211.599861801,421921.9092621429,4540109.120553431,-809.8942830021851,1469.217359449607,-810.1627462979363,-6.651735697254405,-0.8905341897342296,-6.651534986893709,18303.766323008826,0.0,0.1939561738508999,2.059930667412065,2234285.585289076,599.4148528223552
293500.0,4540130.577177738,422068.8265394565,4540028.0710240435,-810.5593689787873,1469.1281270295144,-810.8278121707356,-6.649979155035573,-0.8941217772960658,-6.649777787955766,18303.766323008826,0.0,0.1939561738508999,2.059930667412065,2234285.585289076,599.4148528223552
293600.0,4540049.487993907,422215.73487551423,4539946.954996902,-811.2242778901616,1469.038533570311,-811.492700912219,-6.64819432169465,-0.8977550802573309,-6.6479922895588075,18303.766323008826,0.0,0.1939561738508999,2.059930667412065,2234285.585289076,599.4148528223552
293700.0,4539968.3323281575,422362.63423398254,4539865.772489861,-811.8890068857858,1468.9485744678043,-812.1574096710249,-6.6463807679316576,-0.9014347532812945,-6.646178062283596,18303.766323008826,0.0,0.1939561738508999,2.059930667412065,2234285.585289076,599.4148528223552
293800.0,4539887.110198624,422509.5245780641,4539784.523521063,-812.5535530718756,1468.8582450518513,-812.8219355525175,-6.644538057789831,-0.9051614607182901,-6.644334670052341,18303.766323008826,0.0,0.1939561738508999,2.059930667412065,2234285.585289076,599.4148528223552
293900.0,4539805.821623735,422656.4058704913,4539703.208108944,-813.2179135107143,1468.7675405853845,-813.486275618116,-6.642665748551145,-0.9089358767506324,-6.642461670024208,18303.766323008826,0.0,0.1939561738508999,2.059930667412065,2234285.585289076,599.4148528223552
294000.0,4539724.466622213,422803.2780735194,4539621.826272232,-813.8820852199703,1468.6764562634198,-814.1504268846128,-6.640763390629763,-0.9127586855406721,-6.640558612488731,18303.766323008826,0.0,0.1939561738508999,2.059930667412065,2234285.585289076,599.4148528223552
294100.0,4539643.045213083,422950.14114891976,4539540.378029961,-814.5460651720061,1468.584987212052,-814.8143863234814,-6.6388305274642745,-0.9166305813801015,-6.638625040758028,18303.766323008826,0.0,0.1939561738508999,2.059930667412065,2234285.585289076,599.4148528223552
294200.0,4539561.557415673,423096.9950579728,4539458.863401465,-815.2098502931743,1468.493128487434,-815.478150860173,-6.636866695407925,-0.9205522688421068,-6.636660491057,18303.766323008826,0.0,0.1939561738508999,2.059930667412065,2234285.585289076,599.4148528223552
294300.0,4539480.003249622,423243.8397614611,4539377.28240639,-815.8734374631041,1468.4008750747403,-816.1417173734022,-6.6348714236172786,-0.9245244629355571,-6.634664492411967,18303.766323008826,0.0,0.1939561738508999,2.059930667412065,2234285.585289076,599.4148528223552
294400.0,4539398.382734884,423390.675219662,4539295.635064696,-816.5368235139758,1468.3082218871168,-816.805082694422,-6.63284423393924,-0.9285478892611698,-6.632636566537665,18303.766323008826,0.0,0.1939561738508999,2.059930667412065,2234285.585289076,599.4148528223552
294500.0,4539316.6958917305,423537.50139234075,4539213.921396664,-817.2000052297842,1468.2151637646132,-817.4682436062863,-6.630784640796065,-0.9326232841706248,-6.630576227722229,18303.766323008826,0.0,0.1939561738508999,2.059930667412065,2234285.585289076,599.4148528223552
294600.0,4539234.942740758,423684.3182387427,4539132.141422898,-817.8629793455901,1468.1216954730992,-818.1311968431013,-6.628692151068836,-0.9367513949274369,-6.628482982710622,18303.766323008826,0.0,0.1939561738508999,2.059930667412065,2234285.585289076,599.4148528223552
294700.0,4539153.123302892,423831.1257175862,4539050.295164329,-818.5257425467606,1468.0278117031664,-818.793939089266,-6.626566263979049,-0.940932979870349,-6.626356330586216,18303.766323008826,0.0,0.1939561738508999,2.059930667412065,2234285.585289076,599.4148528223552
294800.0,4539071.2375993915,423977.92378705466,4538968.382642225,-819.1882914681968,1467.9335070690115,-819.4564669786996,-6.624406470968352,-0.9451688085792238,-6.624195762650483,18303.766323008826,0.0,0.1939561738508999,2.059930667412065,2234285.585289076,599.4148528223552
294900.0,4538989.285651855,424124.71240478917,4538886.403878192,-819.8506226935499,1467.838776107304,-820.1187770940572,-6.622212255576432,-0.9494596620432652,-6.622000762300865,18303.766323008826,0.0,0.1939561738508999,2.059930667412065,2234285.585289076,599.4148528223552
295000.0,4538907.267482225,424271.49152788054,4538804.358894181,-820.512732754425,1467.7436132760374,-820.7808659659333,-6.619983093316953,-0.9538063328319111,-6.619770804906664,18303.766323008826,0.0,0.1939561738508999,2.059930667412065,2234285.585289076,599.4148528223552
295100.0,4538825.183112794,424418.2611128614,4538722.247712492,-821.1746181295717,1467.6480129533618,-821.4427300720528,-6.617718451551799,-0.9582096252676999,-6.617505357683271,18303.766323008826,0.0,0.1939561738508999,2.059930667412065,2234285.585289076,599.4148528223552
295200.0,4538743.032566207,424565.02111569815,4538640.070355779,-821.8362752440632,1467.5519694363998,-822.1043658364488,-6.615417789363108,-0.9626703556022522,-6.615203879564161,18303.766323008826,0.0,0.1939561738508999,2.059930667412065,2234285.585289076,599.4148528223552
295300.0,4538660.815865474,424711.7714917828,4538557.826847057,-822.4977004684615,1467.4554769400454,-822.7657696286286,-6.6130805574235,-0.9671893521945041,-6.612865821071081,18303.766323008826,0.0,0.1939561738508999,2.059930667412065,2234285.585289076,599.4148528223552
295400.0,4538578.533033966,424858.51219592465,4538475.517209708,-823.1588901179697,1467.3585295957437,-823.4269377627255,-6.6107061978643085,-0.9717674556914568,-6.610490624182258,18303.766323008826,0.0,0.1939561738508999,2.059930667412065,2234285.585289076,599.4148528223552
295500.0,4538496.184095427,425005.243182342,4538393.141467484,-823.8198404515714,1467.2611214502529,-824.0878664966377,-6.608294144141673,-0.9764055192118807,-6.608077722198458,18303.766323008826,0.0,0.1939561738508999,2.059930667412065,2234285.585289076,599.4148528223552
295600.0,4538413.769073979,425151.96440465347,4538310.699644514,-824.4805476711566,1467.163246464388,-824.7485520311542,-6.60584382090075,-0.9811044085322447,-6.605626539607167,18303.766323008826,0.0,0.1939561738508999,2.059930667412065,2234285.585289076,599.4148528223552
295700.0,4538331.287994125,425298.6758158694,4538228.191765312,-825.1410079206336,1467.064898511746,-825.4089905090661,-6.60335464383767,-0.985865002275782,-6.603136491944491,18303.766323008826,0.0,0.1939561738508999,2.059930667412065,2234285.585289076,599.4148528223552
295800.0,4538248.740880758,425445.37736838317,4538145.617854778,-825.8012172850266,1466.9660713774106,-826.069178014265,-6.600826019559594,-0.9906881921037611,-6.600606985655206,18303.766323008826,0.0,0.1939561738508999,2.059930667412065,2234285.585289076,599.4148528223552
295900.0,4538166.127759163,425592.0690139621,4538062.977938207,-826.4611717895606,1466.86675875664,-826.7291105708264,-6.598257345442326,-0.9955748829102085,-6.598037417950321,18303.766323008826,0.0,0.1939561738508999,2.059930667412065,2234285.585289076,599.4148528223552
296000.0,4538083.44865503,425738.75070373854,4537980.272041296,-827.1208673987303,1466.7669542535327,-827.388784142079,-6.595648009486101,-1.0005259930187016,-6.595427176662838,18303.766323008826,0.0,0.1939561738508999,2.059930667412065,2234285.585289076,599.4148528223552
296100.0,4538000.70359445,425885.4223882006,4537897.500190147,-827.7803000153558,1466.6666513796754,-828.0481946296599,-6.592997390168952,-1.0055424543824603,-6.592775640101065,18303.766323008826,0.0,0.1939561738508999,2.059930667412065,2234285.585289076,599.4148528223552
296200.0,4537917.892603931,426032.0840171828,4537814.662411277,-828.4394654796225,1466.5658435527694,-828.7073378725547,-6.590304856297928,-1.0106252127871107,-6.590082176899821,18303.766323008826,0.0,0.1939561738508999,2.059930667412065,2234285.585289076,599.4148528223552
296300.0,4537835.0157103995,426178.7355398569,4537731.758731621,-829.0983595681068,1466.4645240952373,-829.3662096461226,-6.587569766857997,-1.0157752280565233,-6.587346145869282,18303.766323008826,0.0,0.1939561738508999,2.059930667412065,2234285.585289076,599.4148528223552
296400.0,4537752.072941206,426325.37690472184,4537648.78917854,-829.756977992786,1466.3626862328085,-830.0248056611059,-6.584791470858762,-1.0209934742613034,-6.58456689584167,18303.766323008826,0.0,0.1939561738508999,2.059930667412065,2234285.585289076,599.4148528223552
296500.0,4537669.064324135,426472.0080595944,4537565.753779826,-830.4153164000332,1466.2603230930847,-830.683121562625,-6.581969307178682,-1.0262809399306763,-6.581743765515434,18303.766323008826,0.0,0.1939561738508999,2.059930667412065,2234285.585289076,599.4148528223552
296600.0,4537585.989887408,426618.62895159895,4537482.652563712,-831.0733703695962,1466.1574277040822,-831.3411529291568,-6.579102604407296,-1.031638628266633,-6.578876083297431,18303.766323008826,0.0,0.1939561738508999,2.059930667412065,2234285.585289076,599.4148528223552
296700.0,4537502.8496596925,426765.2395271579,4537399.485558874,-831.7311354135607,1466.053992992755,-831.9988952714976,-6.576190680684456,-1.0370675573623511,-6.575963167142122,18303.766323008826,0.0,0.1939561738508999,2.059930667412065,2234285.585289076,599.4148528223552
296800.0,4537419.643670108,426911.83973198105,4537316.252794443,-832.3886069752969,1465.9500117834934,-832.6563440317099,-6.573232843537811,-1.0425687604223537,-6.573004324389022,18303.766323008826,0.0,0.1939561738508999,2.059930667412065,2234285.585289076,599.4148528223552
296900.0,4537336.371948235,427058.42951105547,4537232.954300008,-833.0457804283905,1465.8454767966032,-833.3134945820522,-6.570228389717543,-1.0481432859864104,-6.569998851597381,18303.766323008826,0.0,0.1939561738508999,2.059930667412065,2234285.585289076,599.4148528223552
297000.0,4537253.034524117,427205.00880863506,4537149.590105623,-833.7026510755562,1465.7403806467591,-833.9703422238932,-6.56717660502829,-1.0537921981572473,-6.566946034378074,18303.766323008826,0.0,0.1939561738508999,2.059930667412065,2234285.585289076,599.4148528223552
297100.0,4537169.631428272,427351.5775682298,4537066.160241818,-834.3592141475351,1465.6347158414385,-834.6268821866083,-6.564076764159323,-1.0595165768298922,-6.563845147223747,18303.766323008826,0.0,0.1939561738508999,2.059930667412065,2234285.585289076,599.4148528223552
297200.0,4537086.162691701,427498.135732595,4536982.664739602,-835.015464801974,1465.5284747793294,-835.2831096264588,-6.560928130511447,-1.0653175179257768,-6.560695453335651,18303.766323008826,0.0,0.1939561738508999,2.059930667412065,2234285.585289076,599.4148528223552
297300.0,4537002.62834589,427644.68324372027,4536899.103630474,-835.671398122288,1465.4216497487168,-835.9390196254542,-6.557729956021736,-1.0711961336292193,-6.5574962044483565,18303.766323008826,0.0,0.1939561738508999,2.059930667412065,2234285.585289076,599.4148528223552
297400.0,4536919.028422821,427791.2200428185,4536815.476946425,-836.3270091165057,1465.3142329258444,-836.594607190197,-6.554481480985509,-1.0771535526275369,-6.554246640651671,18303.766323008826,0.0,0.1939561738508999,2.059930667412065,2234285.585289076,599.4148528223552
297500.0,4536835.36295498,427937.7460703146,4536731.784719952,-836.9822927160951,1465.2062163732514,-837.2498672507088,-6.551181933875725,-1.0831909203543655,-6.550945990210003,18303.766323008826,0.0,0.1939561738508999,2.059930667412065,2234285.585289076,599.4148528223552
297600.0,4536751.631975362,428084.2612658339,4536648.026984063,-837.6372437747732,1465.0975920380863,-837.9047946592386,-6.547830531159554,-1.0893093992366647,-6.547593469378873,18303.766323008826,0.0,0.1939561738508999,2.059930667412065,2234285.585289076,599.4148528223552
297700.0,4536667.835517483,428230.76556819066,4536564.203772283,-838.2918570672955,1464.9883517503947,-838.559384189053,-6.544426477112556,-1.0955101689444673,-6.544188282219063,18303.766323008826,0.0,0.1939561738508999,2.059930667412065,2234285.585289076,599.4148528223552
297800.0,4536583.973615384,428377.25891537615,4536480.315118665,-838.9461272882276,1464.8784872213828,-839.213630533207,-6.540968963629737,-1.1017944266448705,-6.54072962040761,18303.766323008826,0.0,0.1939561738508999,2.059930667412065,2234285.585289076,599.4148528223552
297900.0,4536500.04630364,428523.7412445468,4536396.361057796,-839.6000490506975,1464.767990041654,-839.8675283032961,-6.53745717003398,-1.1081633872591987,-6.537216663046204,18303.766323008826,0.0,0.1939561738508999,2.059930667412065,2234285.585289076,599.4148528223552
298000.0,4536416.053617371,428670.2124920119,4536312.341624806,-840.2536168851292,1464.6568516794216,-840.5210720281891,-6.533890262881716,-1.1146182837235588,-6.533648576466805,18303.766323008826,0.0,0.1939561738508999,2.059930667412065,2234285.585289076,599.4148528223552
298100.0,4536331.995592246,428816.67259322153,4536228.256855377,-840.9068252379553,1464.545063478693,-841.1742561527413,-6.53026739576572,-1.1211603672530666,-6.530024514034395,18303.766323008826,0.0,0.1939561738508999,2.059930667412065,2234285.585289076,599.4148528223552
298200.0,4536247.872264494,428963.1214827538,4536144.10678575,-841.5596684703116,1464.4326166574294,-841.827075036488,-6.526587709114984,-1.1277909076096968,-6.526343615946794,18303.766323008826,0.0,0.1939561738508999,2.059930667412065,2234285.585289076,599.4148528223552
298300.0,4536163.683670914,429109.5590943022,4536059.891452735,-842.21214085671,1464.3195023056771,-842.4795229523172,-6.522850329991559,-1.1345111933740535,-6.522605009031464,18303.766323008826,0.0,0.1939561738508999,2.059930667412065,2234285.585289076,599.4148528223552
298400.0,4536079.429848879,429255.98536066274,4535975.610893719,-842.8642365836915,1464.205711383672,-843.1315940851227,-6.519054371884779,-1.1413225322200997,-6.518807806539673,18303.766323008826,0.0,0.1939561738508999,2.059930667412065,2234285.585289076,599.4148528223552
298500.0,4535995.110836349,429402.40021372103,4535891.265146675,-843.515949748459,1464.091234719916,-843.7832825304359,-6.5151989345020604,-1.148226251194519,-6.514951107937252,18303.766323008826,0.0,0.1939561738508999,2.059930667412065,2234285.585289076,599.4148528223552
298600.0,4535910.726671881,429548.8035844387,4535806.854250169,-844.1672743574879,1463.9760630092262,-844.4345822930368,-6.511283103556993,-1.1552236969991614,-6.511033998692627,18303.766323008826,0.0,0.1939561738508999,2.059930667412065,2234285.585289076,599.4148528223552
298700.0,4535826.277394633,429695.19540284015,4535722.378243375,-844.8182043251168,1463.8601868107548,-845.0854872855432,-6.507305950554208,-1.1623162362776207,-6.507055550061641,18303.766323008826,0.0,0.1939561738508999,2.059930667412065,2234285.585289076,599.4148528223552
298800.0,4535741.763044377,429841.57559799886,4535637.8371660765,-845.4687334721146,1463.7435965459804,-845.7359913269789,-6.503266532571299,-1.1695052559053754,-6.503014818869416,18303.766323008826,0.0,0.1939561738508999,2.059930667412065,2234285.585289076,599.4148528223552
298900.0,4535657.183661508,429987.9440980234,4535553.231058683,-846.118855524228,1463.6262824966702,-846.3860881413195,-6.4991638920373624,-1.1767921632842189,-6.498910847288852,18303.766323008826,0.0,0.1939561738508999,2.059930667412065,2234285.585289076,599.4148528223552
299000.0,4535572.539287054,430134.30083004356,4535468.559962234,-846.7685641107046,1463.508234802813,-847.035771356016,-6.494997056508569,-1.1841783866402724,-6.49474266261613,18303.766323008826,0.0,0.1939561738508999,2.059930667412065,2234285.585289076,599.4148528223552
299100.0,4535487.829962684,430280.6457201959,4535383.823918413,-847.4178527627944,1463.3894434605202,-847.6850345004954,-6.490765038440511,-1.1916653753259538,-6.490509277043008,18303.766323008826,0.0,0.1939561738508999,2.059930667412065,2234285.585289076,599.4148528223552
299200.0,4535403.055730718,430426.9786936093,4535299.022969555,-848.0667149122283,1463.2698983198998,-848.3338710046393,-6.486466834957262,-1.1992546001259996,-6.486209687425838,18303.766323008826,0.0,0.1939561738508999,2.059930667412065,2234285.585289076,599.4148528223552
299300.0,4535318.21663414,430573.29967439023,4535214.157158656,-848.7151438896736,1463.1495890828965,-848.9822741972383,-6.482101427617007,-1.2069475535678256,-6.481842875051117,18303.766323008826,0.0,0.1939561738508999,2.059930667412065,2234285.585289076,599.4148528223552
299400.0,4535233.312716605,430719.60858560796,4535129.226529385,-849.3631329231649,1463.0285053011019,-849.6302373044235,-6.477667782174686,-1.2147457502353045,-6.477407805398094,18303.766323008826,0.0,0.1939561738508999,2.059930667412065,2234285.585289076,599.4148528223552
299500.0,4535148.34402245,430865.9053492792,4535044.231126093,-850.0106751365124,1462.9066363735335,-850.2777534480733,-6.473164848340996,-1.2226507270871867,-6.472903427897706,18303.766323008826,0.0,0.1939561738508999,2.059930667412065,2234285.585289076,599.4148528223552
299600.0,4535063.3105967045,431012.1898863528,4534959.170993826,-850.6577635476847,1462.7839715443804,-850.9248156441967,-6.4685915595382975,-1.2306640437791079,-6.468328675688426,18303.766323008826,0.0,0.1939561738508999,2.059930667412065,2234285.585289076,599.4148528223552
299700.0,4534978.212485103,431158.4621166944,4534874.0461783325,-851.304391067168,1462.660499900718,-851.5714168012914,-6.463946832652546,-1.2387872829907902,-6.463682465368134,18303.766323008826,0.0,0.1939561738508999,2.059930667412065,2234285.585289076,599.4148528223552
299800.0,4534893.049734093,431304.7219590703,4534788.856726075,-851.9505504963,1462.5362103701884,-852.2175497186778,-6.45922956778265,-1.247022050755798,-6.458963696743413,18303.766323008826,0.0,0.1939561738508999,2.059930667412065,2234285.585289076,599.4148528223552
299900.0,4534807.82239085,431450.9693311314,4534703.602684241,-852.5962345255782,1462.4110917186492,-852.8632070848065,-6.454438647985286,-1.2553699767974762,-6.454171252574313,18303.766323008826,0.0,0.1939561738508999,2.059930667412065,2234285.585289076,599.4148528223552
300000.0,4534722.530503282,431597.204149397,4534618.284100757,-853.2414357329429,1462.2851325477866,-853.5083814755412,-6.449572939017076,-1.2638327148674822,-6.449303998316456,18303.766323008826,0.0,0.1939561738508999,2.059930667412065,2234285.585289076,599.4148528223552
300100.0,4534637.174120049,431743.42632923834,4534532.901024296,-853.8861465820343,1462.1583212926962,-854.153065352415,-6.444631289072814,-1.2724119430893484,-6.444360781859206,18303.766323008826,0.0,0.1939561738508999,2.059930667412065,2234285.585289076,599.4148528223552
300200.0,4534551.753290567,431889.6357848618,4534447.453504291,-854.5303594204227,1462.030646219428,-854.7972510608604,-6.4396125285198655,-1.2811093643068014,-6.439340433260005,18303.766323008826,0.0,0.1939561738508999,2.059930667412065,2234285.585289076,599.4148528223552
300300.0,4534466.268065024,432035.8324292917,4534361.941590948,-855.1740664778127,1461.9020954224973,-855.4409308284131,-6.434515469629541,-1.2899267064353164,-6.434241764475684,18303.766323008826,0.0,0.1939561738508999,2.059930667412065,2234285.585289076,599.4148528223552
300400.0,4534380.718494393,432182.0161743531,4534276.365335253,-855.8172598642201,1461.772656822359,-856.0840967628881,-6.429338906304119,-1.2988657228193121,-6.429063569089408,18303.766323008826,0.0,0.1939561738508999,2.059930667412065,2234285.585289076,599.4148528223552
300500.0,4534295.1046304405,432328.1869306544,4534190.72478899,-856.4599315681206,1461.6423181628475,-856.7267408505284,-6.424081613800798,-1.307928192592606,-6.423804622034586,18303.766323008826,0.0,0.1939561738508999,2.059930667412065,2234285.585289076,599.4148528223552
300600.0,4534209.42652574,432474.3446075694,4534105.020004749,-857.102073454572,1461.5110670085787,-857.368854954126,-6.418742348451256,-1.3171159210445502,-6.418463679314345,18303.766323008826,0.0,0.1939561738508999,2.059930667412065,2234285.585289076,599.4148528223552
300700.0,4534123.684233685,432620.4891132193,4534019.251035941,-857.743677263307,1461.3788907423168,-858.0104308111155,-6.413319847378032,-1.3264307399895308,-6.413039477717848,18303.766323008826,0.0,0.1939561738508999,2.059930667412065,2234285.585289076,599.4148528223552
300800.0,4534037.877808502,432766.6203544543,4533933.417936808,-858.3847346067981,1461.2457765623024,-858.6514600316372,-6.407812828206789,-1.3358745081415648,-6.407530734532498,18303.766323008826,0.0,0.1939561738508999,2.059930667412065,2234285.585289076,599.4148528223552
300900.0,4533952.007305263,432912.7382368352,4533847.52076244,-859.0252369682937,1461.1117114795438,-859.291934096573,-6.402219988774854,-1.3454491114932359,-6.401936147252395,18303.766323008826,0.0,0.1939561738508999,2.059930667412065,2234285.585289076,599.4148528223552
301000.0,4533866.072779896,433058.84266461444,4533761.559568782,-859.665175699824,1460.9766823150708,-859.9318443555524,-6.396540006835658,-1.355156463699597,-6.396254393282725,18303.766323008826,0.0,0.1939561738508999,2.059930667412065,2234285.585289076,599.4148528223552
301100.0,4533780.074289203,433204.93354071677,4533675.534412655,-860.3045420201778,1460.8406756971478,-860.5711820249285,-6.390771539759636,-1.3649985064660068,-6.390484129640568,18303.766323008826,0.0,0.1939561738508999,2.059930667412065,2234285.585289076,599.4148528223552
301200.0,4533694.011890869,433351.0107667201,4533589.445351761,-860.9433270128493,1460.7036780584504,-861.209938185724,-6.384913224230894,-1.3749772099411226,-6.384623992651508,18303.766323008826,0.0,0.1939561738508999,2.059930667412065,2234285.585289076,599.4148528223552
301300.0,4533607.8856434785,433497.0742428358,4533503.292444703,-861.581521623954,1460.5656756332,-861.8481037815469,-6.378963675940195,-1.3850945731140105,-6.378672597642548,18303.766323008826,0.0,0.1939561738508999,2.059930667412065,2234285.585289076,599.4148528223552
301400.0,4533521.695606529,433643.1238678885,4533417.075750996,-862.2191166601139,1460.4266544542606,-862.4856696164749,-6.372921489273459,-1.3953526242168066,-6.372628538630523,18303.766323008826,0.0,0.1939561738508999,2.059930667412065,2234285.585289076,599.4148528223552
301500.0,4533435.441840443,433789.15953929606,4533330.795331082,-862.8561027863111,1460.286600350194,-863.1226263529087,-6.366785236996883,-1.4057534211308824,-6.366490388007161,18303.766323008826,0.0,0.1939561738508999,2.059930667412065,2234285.585289076,599.4148528223552
301600.0,4533349.124406585,433935.1811530487,4533244.4512463445,-863.4924705237103,1460.1454989422741,-863.7589645093939,-6.360553469937692,-1.4162990517982692,-6.360256696219754,18303.766323008826,0.0,0.1939561738508999,2.059930667412065,2234285.585289076,599.4148528223552
301700.0,4533262.743367272,434081.1886036884,4533158.043559121,-864.1282102474481,1460.0033356414606,-864.3946744584099,-6.354224716660325,-1.4269916346386704,-6.35392599144727,18303.766323008826,0.0,0.1939561738508999,2.059930667412065,2234285.585289076,599.4148528223552
301800.0,4533176.2987857945,434227.18178428744,4533071.572332719,-864.7633121843913,1459.8600956453292,-865.0297464241271,-6.3477974831395265,-1.4378333189693926,-6.347496779273361,18303.766323008826,0.0,0.1939561738508999,2.059930667412065,2234285.585289076,599.4148528223552
301900.0,4533089.790726425,434373.16058642726,4532985.037631433,-865.3977664108605,1459.7157639349618,-865.6641704801306,-6.341270252428667,-1.4488262854311063,-6.340967542354613,18303.766323008826,0.0,0.1939561738508999,2.059930667412065,2234285.585289076,599.4148528223552
302000.0,4533003.219254438,434519.1249001763,4532898.4395205565,-866.0315628503217,1459.5703252717922,-866.2979365471108,-6.334641484323672,-1.4599727464188346,-6.334336740084398,18303.766323008826,0.0,0.1939561738508999,2.059930667412065,2234285.585289076,599.4148528223552
302100.0,4532916.584436122,434665.07461406814,4532811.778066398,-866.6646912710436,1459.4237641944082,-866.9310343905203,-6.327909615023447,-1.4712749465164432,-6.32760280825321,18303.766323008826,0.0,0.1939561738508999,2.059930667412065,2234285.585289076,599.4148528223552
302200.0,4532829.886338797,434811.0096150788,4532725.053336298,-867.2971412837204,1459.2760650153123,-867.563453618196,-6.321073056785712,-1.4827351629365915,-6.320764158704438,18303.766323008826,0.0,0.1939561738508999,2.059930667412065,2234285.585289076,599.4148528223552
302300.0,4532743.1250308305,434956.92978860426,4532638.265398646,-867.9289023390606,1459.1272118176353,-868.1951836779476,-6.314130197578322,-1.4943557059659645,-6.313819178985587,18303.766323008826,0.0,0.1939561738508999,2.059930667412065,2234285.585289076,599.4148528223552
302400.0,4532656.300581652,435102.83501843706,4532551.414322891,-868.5599637253405,1458.977188451807,-868.8262138551099,-6.307079400727086,-1.5061389194139494,-6.306766231996028,18303.766323008826,0.0,0.1939561738508999,2.059930667412065,2234285.585289076,599.4148528223552
302500.0,4532569.413061771,435248.72518674313,4532464.500179566,-869.1903145659218,1458.8259785321814,-869.4565332700605,-6.299919004558754,-1.518087181067105,-6.299603655629892,18303.766323008826,0.0,0.1939561738508999,2.059930667412065,2234285.585289076,599.4148528223552
302600.0,4532482.462542792,435394.60017403786,4532377.523040297,-869.8199438167338,1458.6735654336155,-870.0861308757009,-6.292647322039442,-1.5302029031488524,-6.2923297624144245,18303.766323008826,0.0,0.1939561738508999,2.059930667412065,2234285.585289076,599.4148528223552
302700.0,4532395.449097434,435540.459859162,4532290.482977825,-870.4488402637196,1458.5199322880032,-870.7149954549019,-6.285262640409833,-1.5424885327820714,-6.284942839145089,18303.766323008826,0.0,0.1939561738508999,2.059930667412065,2234285.585289076,599.4148528223552
302800.0,4532308.3727995455,435686.3041192571,4532203.38006602,-871.0769925202443,1458.3650619807615,-871.343115617912,-6.277763220814837,-1.5549465524585848,-6.277441146515153,18303.766323008826,0.0,0.1939561738508999,2.059930667412065,2234285.585289076,599.4148528223552
302900.0,4532221.233724122,435832.13282974093,4532116.214379901,-871.7043890244673,1458.20893714727,-871.970479799728,-6.270147297929772,-1.5675794805119099,-6.2698229187417756,18303.766323008826,0.0,0.1939561738508999,2.059930667412065,2234285.585289076,599.4148528223552
303000.0,4532134.031947324,435977.9458642821,4532028.985995651,-872.3310180366764,1458.051540169263,-872.5970762574291,-6.262413079581687,-1.5803898715956666,-6.262086363187249,18303.766323008826,0.0,0.1939561738508999,2.059930667412065,2234285.585289076,599.4148528223552
303100.0,4532046.767546495,436123.7430947745,4531941.694990638,-872.9568676365834,1457.8928531711733,-873.2228930674721,-6.254558746366621,-1.5933803171661705,-6.254229659976166,18303.766323008826,0.0,0.1939561738508999,2.059930667412065,2234285.585289076,599.4148528223552
303200.0,4531959.440600181,436269.52439131145,4531854.34144343,-873.5819257205824,1457.7328580164278,-873.8479181229482,-6.246582451262506,-1.6065534459697646,-6.246250961608235,18303.766323008826,0.0,0.1939561738508999,2.059930667412065,2234285.585289076,599.4148528223552
303300.0,4531872.051188145,436415.2896221595,4531766.9254338145,-874.2061799989679,1457.5715363036936,-874.4721391308008,-6.238482319237302,-1.6199119245355038,-6.238148392566329,18303.766323008826,0.0,0.1939561738508999,2.059930667412065,2234285.585289076,599.4148528223552
303400.0,4531784.599391391,436561.03865373164,4531679.447042821,-874.8296179931143,1457.4088693630752,-875.0955436090045,-6.23025644685339,-1.633458457671431,-6.2299200489207855,18303.766323008826,0.0,0.1939561738508999,2.059930667412065,2234285.585289076,599.4148528223552
303500.0,4531697.085292178,436706.7713505602,4531591.906352733,-875.4522270326154,1457.2448382522614,-875.7181188837036,-6.221902901867016,-1.6471957889664495,-6.221563997928758,18303.766323008826,0.0,0.1939561738508999,2.059930667412065,2234285.585289076,599.4148528223552
303600.0,4531609.508974045,436852.48757526954,4531504.303447113,-876.0739942523832,1457.079423752622,-876.3398520863107,-6.213419722823513,-1.6611267012965718,-6.213078277629355,18303.766323008826,0.0,0.1939561738508999,2.059930667412065,2234285.585289076,599.4148528223552
303700.0,4531521.870521824,436998.1871885482,4531416.638410821,-876.6949065897068,1456.9126063652536,-876.960730150564,-6.204804918648491,-1.6752540173351225,-6.204460896434724,18303.766323008826,0.0,0.1939561738508999,2.059930667412065,2234285.585289076,599.4148528223552
303800.0,4531434.170021665,437143.8700491206,4531328.91133003,-877.3149507812697,1456.7443663069741,-877.580739809545,-6.196056468233996,-1.689580600068628,-6.195709832716124,18303.766323008826,0.0,0.1939561738508999,2.059930667412065,2234285.585289076,599.4148528223552
303900.0,4531346.407561054,437289.5360137186,4531241.122292254,-877.9341133601255,1456.5746835062655,-878.1998675926523,-6.187172320020963,-1.7041093533160374,-6.186823034386289,18303.766323008826,0.0,0.1939561738508999,2.059930667412065,2234285.585289076,599.4148528223552
304000.0,4531258.583228836,437435.1849370521,4531153.271386363,-878.5523806526319,1456.4035375991646,-878.8180998225354,-6.178150391577047,-1.7188432222528751,-6.177798418477157,18303.766323008826,0.0,0.1939561738508999,2.059930667412065,2234285.585289076,599.4148528223552
304100.0,4531170.697115229,437580.81667177996,4531065.358702604,-879.1697387753417,1456.2309079251004,-879.4354226119854,-6.168988569169737,-1.733785193940423,-6.168633870712888,18303.766323008826,0.0,0.1939561738508999,2.059930667412065,2234285.585289076,599.4148528223552
304200.0,4531082.749311856,437726.43106847996,4530977.384332624,-879.7861736318516,1456.0567735226798,-880.0518218607823,-6.159684707335759,-1.7489382978581691,-6.159327245079177,18303.766323008826,0.0,0.1939561738508999,2.059930667412065,2234285.585289076,599.4148528223552
304300.0,4530994.739911756,437872.02797561843,4530889.348369493,-880.4016709096074,1455.881113125418,-880.6672832524997,-6.150236628445816,-1.7643056064411446,-6.149876363387884,18303.766323008826,0.0,0.1939561738508999,2.059930667412065,2234285.585289076,599.4148528223552
304400.0,4530906.669009411,438017.60723951977,4530801.25090772,-881.0162160766653,1455.703905157417,-881.2817922512654,-6.1406421222650565,-1.7798902356214332,-6.140279014837422,18303.766323008826,0.0,0.1939561738508999,2.059930667412065,2234285.585289076,599.4148528223552
304500.0,4530818.536700768,438163.168704335,4530713.092043281,-881.6297943784092,1455.5251277289874,-881.8953340984779,-6.130898945509254,-1.795695345373891,-6.130532955568819,18303.766323008826,0.0,0.1939561738508999,2.059930667412065,2234285.585289076,599.4148528223552
304600.0,4530730.343083262,438308.7122120104,4530624.871873638,-882.2423908342237,1455.3447586322175,-882.5078938094782,-6.1210048213969745,-1.811724140265508,-6.120635908217806,18303.766323008826,0.0,0.1939561738508999,2.059930667412065,2234285.585289076,599.4148528223552
304700.0,4530642.088255837,438454.2376022553,4530536.590497764,-882.8539902341213,1455.1627753364864,-883.1194561701769,-6.11095743919731,-1.8279798700091807,-6.110585561462425,18303.766323008826,0.0,0.1939561738508999,2.059930667412065,2234285.585289076,599.4148528223552
304800.0,4530553.772318966,438599.7447125096,4530448.248016164,-883.464577135325,1454.9791549839213,-883.7300057336354,-6.100754453773139,-1.844465830021851,-6.100379569566214,18303.766323008826,0.0,0.1939561738508999,2.059930667412065,2234285.585289076,599.4148528223552
304900.0,4530465.395374682,438745.233377911,4530359.844530899,-884.0741358588049,1454.7938743847988,-884.3395268166016,-6.090393485121145,-1.8611853619849943,-6.090015551918102,18303.766323008826,0.0,0.1939561738508999,2.059930667412065,2234285.585289076,599.4148528223552
305000.0,4530376.957526597,438890.7034312613,4530271.380145613,-884.6826504857676,1454.6069100128911,-884.9480034959993,-6.079872117906839,-1.8781418544102886,-6.07949109256735,18303.766323008826,0.0,0.1939561738508999,2.059930667412065,2234285.585289076,599.4148528223552
305100.0,4530288.458879926,439036.1547029927,4530182.854965552,-885.2901048541005,1454.418238000754,-885.5554196053705,-6.069187900995826,-1.8953387432084576,-6.068803739754698,18303.766323008826,0.0,0.1939561738508999,2.059930667412065,2234285.585289076,599.4148528223552
305200.0,4530199.899541515,439181.58702113345,4530094.269097591,-885.8964825547679,1454.227834134958,-886.1617587312714,-6.058338346981481,-1.9127795122608826,-6.0579510054399375,18303.766323008826,0.0,0.1939561738508999,2.059930667412065,2234285.585289076,599.4148528223552
305300.0,4530111.2796198595,439327.0002112729,4530005.62265026,-886.5017669281599,1454.035673851263,-886.7670042096203,-6.047320931707768,-1.9304676939961447,-6.04693036482464,18303.766323008826,0.0,0.1939561738508999,2.059930667412065,2234285.585289076,599.4148528223552
305400.0,4530022.599225136,439472.39409652626,4529916.915733768,-887.1059410603935,1453.8417322297353,-887.3711391219974,-6.036133093789113,-1.9484068699682817,-6.035739255871914,18303.766323008826,0.0,0.1939561738508999,2.059930667412065,2234285.585289076,599.4148528223552
305500.0,4529933.858469227,439617.76849749876,4529828.148460027,-887.7089877795657,1453.6459839898046,-887.9741462918976,-6.024772234126144,-1.966600671438625,-6.02437507882204,18303.766323008826,0.0,0.1939561738508999,2.059930667412065,2234285.585289076,599.4148528223552
305600.0,4529845.057465742,439763.1232322493,4529739.320942681,-888.3108896519573,1453.4484034852649,-888.5760082809329,-6.013235715417265,-1.9850527799614186,-6.012835195703937,18303.766323008826,0.0,0.1939561738508999,2.059930667412065,2234285.585289076,599.4148528223552
305700.0,4529756.196330048,439908.45811625366,4529650.433297133,-888.9116289781883,1453.2489646992158,-889.1767073849875,-6.001520861666955,-2.0037669279715216,-6.001116929843373,18303.766323008826,0.0,0.1939561738508999,2.059930667412065,2234285.585289076,599.4148528223552
305800.0,4529667.275179297,440053.7729623672,4529561.485640566,-889.5111877893241,1453.0476412389446,-889.7762256303221,-5.989624957690811,-2.0227468993742725,-5.989217565367866,18303.766323008826,0.0,0.1939561738508999,2.059930667412065,2234285.585289076,599.4148528223552
305900.0,4529578.294132449,440199.06758078706,4529472.478091977,-890.1095478429314,1452.84440633075,-890.3745447696297,-5.977545248616255,-2.0419965301392633,-5.977134346707321,18303.766323008826,0.0,0.1939561738508999,2.059930667412065,2234285.585289076,599.4148528223552
306000.0,4529489.253310304,440344.34177901363,4529383.4107722,-890.706690619084,1452.6392328147053,-890.9716462780403,-5.9652789393801715,-2.0615197088958457,-5.964864478091536,18303.766323008826,0.0,0.1939561738508999,2.059930667412065,2234285.585289076,599.4148528223552
306100.0,4529400.152835527,440489.59536181187,4529294.283803935,-891.3025973163193,1452.4320931393638,-891.5675113490761,-5.952823194223649,-2.0813203775301266,-5.952405123044837,18303.766323008826,0.0,0.1939561738508999,2.059930667412065,2234285.585289076,599.4148528223552
306200.0,4529310.992832679,440634.82813117176,4529205.09731178,-891.8972488475424,1452.2229593564016,-892.162120890555,-5.940175136183009,-2.101402531784764,-5.939753403877012,18303.766323008826,0.0,0.1939561738508999,2.059930667412065,2234285.585289076,599.4148528223552
306300.0,4529221.773428243,440780.03988626844,4529115.851422253,-892.4906258358807,1452.011803115203,-892.7554555204439,-5.927331846577929,-2.121770221860195,-5.926906401171315,18303.766323008826,0.0,0.1939561738508999,2.059930667412065,2234285.585289076,599.4148528223552
306400.0,4529132.494750652,440925.2304234215,4529026.546263828,-893.0827086104862,1451.7985956573843,-893.3474955626602,-5.914290364496159,-2.142427553018146,-5.913861153269067,18303.766323008826,0.0,0.1939561738508999,2.059930667412065,2234285.585289076,599.4148528223552
306500.0,4529043.1569303265,441070.3995360542,4528937.181966959,-893.6734772022866,1451.583307811257,-893.938221042822,-5.901047686276341,-2.1633786861848603,-5.90061465575238,18303.766323008826,0.0,0.1939561738508999,2.059930667412065,2234285.585289076,599.4148528223552
306600.0,4528953.760099693,441215.5470146517,4528847.7586641135,-894.2629113396843,1451.3659099862323,-894.5276116839456,-5.887600764986812,-2.1846278385576023,-5.887163860922849,18303.766323008826,0.0,0.1939561738508999,2.059930667412065,2234285.585289076,599.4148528223552
306700.0,4528864.304393225,441360.6726467189,4528758.276489803,-894.8509904442031,1451.146372167162,-895.1156469020918,-5.87394650990318,-2.206179284209727,-5.873505677279004,18303.766323008826,0.0,0.1939561738508999,2.059930667412065,2234285.585289076,599.4148528223552
306800.0,4528774.789947468,441505.77621673775,4528668.73558061,-895.4376936260833,1450.9246639086223,-895.7023058019595,-5.860081785981938,-2.228037354698939,-5.8596369689898244,18303.766323008826,0.0,0.1939561738508999,2.059930667412065,2234285.585289076,599.4148528223552
306900.0,4528685.21690107,441650.8575061239,4528579.136075226,-896.0229996798222,1450.7007543291334,-896.2875671724256,-5.846003413333493,-2.25020643967303,-5.84555455536766,18303.766323008826,0.0,0.1939561738508999,2.059930667412065,2234285.585289076,599.4148528223552
307000.0,4528595.58539482,441795.91629318276,4528489.478114476,-896.6068870796643,1450.474612105321,-896.8714094820335,-5.831708166691284,-2.272690987478666,-5.831255210337238,18303.766323008826,0.0,0.1939561738508999,2.059930667412065,2234285.585289076,599.4148528223552
307100.0,4528505.895571671,441940.9523530651,4528399.761841359,-897.1893339750361,1450.2462054660166,-897.4538108744275,-5.8171927748803975,-2.2954955057675623,-5.816735661904167,18303.766323008826,0.0,0.1939561738508999,2.059930667412065,2234285.585289076,599.4148528223552
307200.0,4528416.147576781,442085.9654577219,4528309.987401071,-897.7703181859292,1450.015502186295,-898.0347491637344,-5.8024539202833045,-2.3186245621039876,-5.801992591620557,18303.766323008826,0.0,0.1939561738508999,2.059930667412065,2234285.585289076,599.4148528223552
307300.0,4528326.34155754,442230.9553758588,4528220.154941047,-898.3498171982291,1449.7824695814543,-898.6142018298912,-5.787488238305392,-2.3420827845690955,-5.787022634050458,18303.766323008826,0.0,0.1939561738508999,2.059930667412065,2234285.585289076,599.4148528223552
307400.0,4528236.477663609,442375.9218728897,4528130.264610987,-898.9278081589902,1449.5470745009334,-899.1921460139191,-5.772292316836904,-2.3658748623678334,-5.771822376231672,18303.766323008826,0.0,0.1939561738508999,2.059930667412065,2234285.585289076,599.4148528223552
307500.0,4528146.55604695,442520.86471088976,4528040.316562899,-899.504267871658,1449.3092833221692,-899.7685585131451,-5.756862695716075,-2.390005546430361,-5.756388357138794,18303.766323008826,0.0,0.1939561738508999,2.059930667412065,2234285.585289076,599.4148528223552
307600.0,4528056.576861861,442665.7836485482,4527950.310951126,-900.079172791237,1449.0690619443947,-900.3434157763675,-5.741195866189594,-2.4144796500144876,-5.740717067143557,18303.766323008826,0.0,0.1939561738508999,2.059930667412065,2234285.585289076,599.4148528223552
307700.0,4527966.540265014,442810.67844111985,4527860.247932382,-900.6524990194041,1448.826375782375,-900.9166938989692,-5.72528827037311,-2.4393020493045743,-5.724804947475237,18303.766323008826,0.0,0.1939561738508999,2.059930667412065,2234285.585289076,599.4148528223552
307800.0,4527876.446415489,442955.54884037666,4527770.127665793,-901.2242222995685,1448.5811897600859,-901.4883686179767,-5.709136300711061,-2.464477684008175,-5.708648389680367,18303.766323008826,0.0,0.1939561738508999,2.059930667412065,2234285.585289076,599.4148528223552
307900.0,4527786.295474807,443100.3945945581,4527679.9503129255,-901.7943180118781,1448.3334683043317,-902.0584153070641,-5.692736299436018,-2.4900115579500524,-5.69224373508197,18303.766323008826,0.0,0.1939561738508999,2.059930667412065,2234285.585289076,599.4148528223552
308000.0,4527696.087606971,443245.21544832125,4527589.716037831,-902.3627611681708,1448.0831753383038,-902.6268089715045,-5.676084558028407,-2.515908739662157,-5.6755872742391915,18303.766323008826,0.0,0.1939561738508999,2.059930667412065,2234285.585289076,599.4148528223552
308100.0,4527605.822978503,443390.01114268997,4527499.425007077,-902.9295264068724,1447.8302742750805,-903.1935242430658,-5.659177316676457,-2.5421743629699063,-5.658675246407125,18303.766323008826,0.0,0.1939561738508999,2.059930667412065,2234285.585289076,599.4148528223552
308200.0,4527515.501758478,443534.78141500364,4527409.077389787,-903.4945879878404,1447.5747280110681,-903.7585353748539,-5.642010763735824,-2.5688136275756053,-5.641503838996338,18303.766323008826,0.0,0.1939561738508999,2.059930667412065,2234285.585289076,599.4148528223552
308300.0,4527425.124118564,443679.5259988653,4527318.673357678,-904.0579197871539,1447.3164989193856,-904.3218162361011,-5.624581035191473,-2.5958317996348446,-5.624069187034643,18303.766323008826,0.0,0.1939561738508999,2.059930667412065,2234285.585289076,599.4148528223552
308400.0,4527334.690233062,443824.2446240888,4527228.213085099,-904.6194952918495,1447.0555488431894,-904.883340306901,-5.606884214120141,-2.623234212328628,-5.606367372629466,18303.766323008826,0.0,0.1939561738508999,2.059930667412065,2234285.585289076,599.4148528223552
308500.0,4527244.200278944,443968.93701664545,4527137.6967490725,-905.1792875946036,1446.7918390889429,-905.4430806728894,-5.588916330153403,-2.6510262664312276,-5.588394424430808,18303.766323008826,0.0,0.1939561738508999,2.059930667412065,2234285.585289076,599.4148528223552
308600.0,4527153.654435893,444113.6028986102,4527047.124529331,-905.7372693883615,1446.5253304196292,-906.0010100198721,-5.570673358943841,-2.679213430869697,-5.5701463170973105,18303.766323008826,0.0,0.1939561738508999,2.059930667412065,2234285.585289076,599.4148528223552
308700.0,4527063.05288634,444258.24198810675,4526956.496608359,-906.2934129609123,1446.2559830479076,-906.5571006283988,-5.552151221632539,-2.7078012432780243,-5.551618970763643,18303.766323008826,0.0,0.1939561738508999,2.059930667412065,2234285.585289076,599.4148528223552
308800.0,4526972.395815511,444402.8539992523,4526865.813171433,-906.8476901894118,1445.9837566292165,-907.1113243682846,-5.533345784320009,-2.736795310542416,-5.5328082505113505,18303.766323008826,0.0,0.1939561738508999,2.059930667412065,2234285.585289076,599.4148528223552
308900.0,4526881.683411464,444547.43864210154,4526775.074406665,-907.4000725348517,1445.70861025482,-907.6636526930781,-5.514252857538476,-2.766201309341289,-5.513709965841022,18303.766323008826,0.0,0.1939561738508999,2.059930667412065,2234285.585289076,599.4148528223552
309000.0,4526790.915865132,444691.9956225896,4526684.28050504,-907.9505310364767,1445.430502444803,-908.214056634477,-5.494868195728936,-2.79602498667429,-5.494319870149261,18303.766323008826,0.0,0.1939561738508999,2.059930667412065,2234285.585289076,599.4148528223552
309100.0,4526700.093370364,444836.5246424749,4526593.431660463,-908.4990363061495,1445.1493911410125,-908.7625067966917,-5.475187496721135,-2.8262721603835246,-5.474633660208573,18303.766323008826,0.0,0.1939561738508999,2.059930667412065,2234285.585289076,599.4148528223552
309200.0,4526609.216123972,444981.0253992807,4526502.5280698,-909.0455585226636,1444.8652336999478,-909.3089733507574,-5.455206401218275,-2.856948719664053,-5.45464697565197,18303.766323008826,0.0,0.1939561738508999,2.059930667412065,2234285.585289076,599.4148528223552
309300.0,4526518.28432577,445125.49758623657,4526411.569932921,-909.5900674260051,1444.5779868856,-909.8534260287939,-5.434920492285126,-2.8880606255658288,-5.434355398461004,18303.766323008826,0.0,0.1939561738508999,2.059930667412065,2234285.585289076,599.4148528223552
309400.0,4526427.298178621,445269.9408922184,4526320.557452746,-910.1325323115639,1444.2876068622422,-910.395834118216,-5.414325294842663,-2.9196139114821515,-5.413754452460306,18303.766323008826,0.0,0.1939561738508999,2.059930667412065,2234285.585289076,599.4148528223552
309500.0,4526336.25788848,445414.3550016882,4526229.490835288,-910.6729220242933,1443.994049187171,-910.9361664558919,-5.393416275166869,-2.951614683628443,-5.392839602816311,18303.766323008826,0.0,0.1939561738508999,2.059930667412065,2234285.585289076,599.4148528223552
309600.0,4526245.163664442,445558.73959463305,4526138.370289699,-911.2112049528218,1443.697268803401,-911.4743914222528,-5.372188840394151,-2.984069121507491,-5.371606255542586,18303.766323008826,0.0,0.1939561738508999,2.059930667412065,2234285.585289076,599.4148528223552
309700.0,4526154.015718784,445703.0943465035,4526047.196028317,-911.7473490235142,1443.397220032313,-912.0104769353535,-5.350638338034371,-3.0169834783596046,-5.350049757012774,18303.766323008826,0.0,0.1939561738508999,2.059930667412065,2234285.585289076,599.4148528223552
309800.0,4526062.814267016,445847.4189281506,4525955.968266712,-912.2813216944845,1443.0938565662589,-912.5443904448839,-5.328760055487486,-3.0503640816042124,-5.328165393477166,18303.766323008826,0.0,0.1939561738508999,2.059930667412065,2234285.585289076,599.4148528223552
309900.0,4525971.559527925,445991.713005763,4525864.687223729,-912.8130899495619,1442.7871314611218,-913.0760989261331,-5.306549219571494,-3.0842173332605607,-5.305948390590566,18303.766323008826,0.0,0.1939561738508999,2.059930667412065,2234285.585289076,599.4148528223552
310000.0,4525880.251723623,446135.97624080285,4525773.353121543,-913.3426202922086,1442.4769971288358,-913.6055688739065,-5.2840009960566885,-3.1185497103556488,-5.283393912946475,18303.766323008826,0.0,0.1939561738508999,2.059930667412065,2234285.585289076,599.4148528223552
310100.0,4525788.891079596,446280.20828994084,4525681.966185704,-913.8698787393923,1442.1634053298658,-914.1327662963965,-5.261110489209303,-3.1533677653145755,-5.260497063620652,18303.766323008826,0.0,0.1939561738508999,2.059930667412065,2234285.585289076,599.4148528223552
310200.0,4525697.477824754,446424.40880499093,4525590.526645184,-914.3948308154137,1441.8463071656483,-914.6576567090087,-5.237872741342802,-3.1886781263360846,-5.237252883722363,18303.766323008826,0.0,0.1939561738508999,2.059930667412065,2234285.585289076,599.4148528223552
310300.0,4525606.012191477,446568.5774328439,4525499.034732428,-914.9174415456887,1441.525653070997,-915.180205128143,-5.214282732381645,-3.224487497745758,-5.213656351958059,18303.766323008826,0.0,0.1939561738508999,2.059930667412065,2234285.585289076,599.4148528223552
310400.0,4525514.494415672,446712.71381540044,4525407.4906834075,-915.4376754504885,1441.2013928064716,-915.700376064932,-5.190335379434548,-3.260802660331677,-5.189702384204587,18303.766323008826,0.0,0.1939561738508999,2.059930667412065,2234285.585289076,599.4148528223552
310500.0,4525422.924736814,446856.81758950313,4525315.894737665,-915.955496538637,1440.8734754507177,-916.2181335189371,-5.166025536377064,-3.2976304716629574,-5.165385833091712,18303.766323008826,0.0,0.1939561738508999,2.059930667412065,2234285.585289076,599.4148528223552
310600.0,4525331.303398007,447000.8883868681,4525224.24713837,-916.4708683011671,1440.5418493927718,-916.7334409718032,-5.141347993450514,-3.334977866379984,-5.140701487600998,18303.766323008826,0.0,0.1939561738508999,2.059930667412065,2234285.585289076,599.4148528223552
310700.0,4525239.63064603,447144.92583401565,4525132.548132371,-916.9837537049377,1440.2064623243416,-917.2462613808751,-5.116297476868516,-3.3728518564705334,-5.115644072672283,18303.766323008826,0.0,0.1939561738508999,2.059930667412065,2234285.585289076,599.4148528223552
310800.0,4525147.906731395,447288.92955219984,4525040.7979702465,-917.4941151862121,1439.8672612320584,-917.7565571727733,-5.090868648441372,-3.4112595315153937,-5.090208248828033,18303.766323008826,0.0,0.1939561738508999,2.059930667412065,2234285.585289076,599.4148528223552
310900.0,4525056.131908393,447432.899157338,4524948.99690636,-918.001914644199,1439.524192389706,-918.2642902369347,-5.0650561052114345,-3.4502080589147543,-5.064388611808653,18303.766323008826,0.0,0.1939561738508999,2.059930667412065,2234285.585289076,599.4148528223552
311000.0,4524964.306435155,447576.83425993886,4524857.145198911,-918.5071134345586,1439.1772013504292,-918.7694219191163,-5.038854379104826,-3.489704684086705,-5.038179692224188,18303.766323008826,0.0,0.1939561738508999,2.059930667412065,2234285.585289076,599.4148528223552
311100.0,4524872.430573701,447720.73446503,4524765.243109995,-919.0096723628739,1438.8262329389224,-919.2719130148661,-5.012257936599421,-3.5297567306384012,-5.0115759552222565,18303.766323008826,0.0,0.1939561738508999,2.059930667412065,2234285.585289076,599.4148528223552
311200.0,4524780.504590002,447864.5993720849,4524673.290905653,-919.5095516780897,1438.4712312436038,-919.7717237629599,-4.985261178408269,-3.570371600511106,-4.984571800171468,18303.766323008826,0.0,0.1939561738508999,2.059930667412065,2234285.585289076,599.4148528223552
311300.0,4524688.528754029,448008.4285749485,4524581.288855931,-920.0067110659219,1438.112139608776,-920.2688138388094,-4.957858439180441,-3.6115567740962256,-4.957161560362236,18303.766323008826,0.0,0.1939561738508999,2.059930667412065,2234285.585289076,599.4148528223552
311400.0,4524596.503339815,448152.2216617628,4524489.237234936,-920.501109642236,1437.7489006267763,-920.7631423478393,-4.930043987221897,-3.6533198103184095,-4.929339502727636,18303.766323008826,0.0,0.1939561738508999,2.059930667412065,2234285.585289076,599.4148528223552
311500.0,4524504.428625509,448295.9782148911,4524397.136320895,-920.9927059464,1437.3814561301203,-921.2546678188393,-4.901812024233594,-3.6956683466901605,-4.901099827581502,18303.766323008826,0.0,0.1939561738508999,2.059930667412065,2234285.585289076,599.4148528223552
311600.0,4524412.304893436,448439.6978108416,4524304.9863962075,-921.4814579346117,1437.0097471836423,-921.7433481972887,-4.8731566850714705,-3.7386100993309324,-4.872436668378414,18303.766323008826,0.0,0.1939561738508999,2.059930667412065,2234285.585289076,599.4148528223552
311700.0,4524320.132430153,448583.38002019026,4524212.787747512,-921.9673229732032,1436.6337140766343,-922.2291408386607,-4.844072037526161,-3.7821528629541667,-4.843344091493414,18303.766323008826,0.0,0.1939561738508999,2.059930667412065,2234285.585289076,599.4148528223552
311800.0,4524227.911526512,448727.0244075029,4524120.540665738,-922.4502578319236,1436.2532963149895,-922.7120025017032,-4.814552082125516,-3.8263045108176676,-4.813816096024535,18303.766323008826,0.0,0.1939561738508999,2.059930667412065,2234285.585289076,599.4148528223552
311900.0,4524135.642477719,448870.6305312564,4524028.245446172,-922.9302186772048,1435.8684326133514,-923.191889341703,-4.784590751961433,-3.87107299463512,-4.783846613619646,18303.766323008826,0.0,0.1939561738508999,2.059930667412065,2234285.585289076,599.4148528223552
312000.0,4524043.325583391,449014.1979437592,4523935.902388512,-923.4071610654094,1435.4790608872747,-923.6687569037329,-4.754181912538579,-3.9164663444527417,-4.753429508325205,18303.766323008826,0.0,0.1939561738508999,2.059930667412065,2234285.585289076,599.4148528223552
312100.0,4523950.961147622,449157.7261910711,4523843.511796935,-923.8810399360658,1435.0851182453991,-924.1425601158846,-4.7233193616506295,-3.962492668482427,-4.722558576462523,18303.766323008826,0.0,0.1939561738508999,2.059930667412065,2234285.585289076,599.4148528223552
312200.0,4523858.549479043,449301.214812922,4523751.073980156,-924.3518096050923,1434.6865409816437,-924.6132532824919,-4.6919968292816705,-4.009160152895333,-4.691227546529218,18303.766323008826,0.0,0.1939561738508999,2.059930667412065,2234285.585289076,599.4148528223552
312300.0,4523766.090890884,449444.6633426302,4523658.58925149,-924.8194237580118,1434.2832645674225,-925.0807900773437,-4.660207977536357,-4.056477061570445,-4.659430079129402,18303.766323008826,0.0,0.1939561738508999,2.059930667412065,2234285.585289076,599.4148528223552
312400.0,4523673.58570104,449588.0713070197,4523566.057928918,-925.2838354431618,1433.8752236438886,-925.5451235368932,-4.627946400596755,-4.104451735801624,-4.627159766930587,18303.766323008826,0.0,0.1939561738508999,2.059930667412065,2234285.585289076,599.4148528223552
312500.0,4523581.03423213,449731.4382263366,4523473.480335147,-925.7449970649017,1433.4623520142086,-926.0062060534627,-4.595205624712486,-4.153092593953005,-4.594410134653897,18303.766323008826,0.0,0.1939561738508999,2.059930667412065,2234285.585289076,599.4148528223552
312600.0,4523488.436811569,449874.7636141654,4523380.856797679,-926.2028603768193,1433.0445826358755,-926.4639893684498,-4.5619791082185435,-4.2024081310718,-4.56117463909195,18303.766323008826,0.0,0.1939561738508999,2.059930667412065,2234285.585289076,599.4148528223552
312700.0,4523395.793771627,450018.0469773435,4523288.187648876,-926.6573764749427,1432.6218476130616,-926.9184245655373,-4.528260241588256,-4.252406918447087,-4.527446669161908,18303.766323008826,0.0,0.1939561738508999,2.059930667412065,2234285.585289076,599.4148528223552
312800.0,4523303.1054495,450161.28781587584,4523195.473226022,-927.1084957909572,1432.1940781890182,-927.369462063909,-4.494042347518361,-4.303097603119592,-4.493219545990636,18303.766323008826,0.0,0.1939561738508999,2.059930667412065,2234285.585289076,599.4148528223552
312900.0,4523210.3721873695,450304.4856228483,4523102.713871394,-927.5561680854344,1431.7612047385276,-927.8170516114773,-4.4593186810499255,-4.354488907336885,-4.458486523035722,18303.766323008826,0.0,0.1939561738508999,2.059930667412065,2234285.585289076,599.4148528223552
313000.0,4523117.59433248,450447.6398843405,4523009.909932328,-928.0003424410731,1431.3231567604114,-928.2611422781227,-4.424082429726323,-4.4065896279524255,-4.423240786243577,18303.766323008826,0.0,0.1939561738508999,2.059930667412065,2234285.585289076,599.4148528223552
313100.0,4523024.772237198,450590.7500793379,4522917.061761288,-928.44096725596,1430.8798628701034,-928.7016824489533,-4.388326713788363,-4.459408635768586,-4.387475454244672,18303.766323008826,0.0,0.1939561738508999,2.059930667412065,2234285.585289076,599.4148528223552
313200.0,4522931.906259089,450733.8156796429,4522824.169715932,-928.8779902368499,1430.4312507922884,-929.1386198175835,-4.35204458640797,-4.512954874821795,-4.351183578587351,18303.766323008826,0.0,0.1939561738508999,2.059930667412065,2234285.585289076,599.4148528223552
313300.0,4522838.996760977,450876.8361497856,4522731.234159184,-929.3113583924729,1429.977247353619,-929.5719013794403,-4.315229033965017,-4.567237361602926,-4.314358144014815,18303.766323008826,0.0,0.1939561738508999,2.059930667412065,2234285.585289076,599.4148528223552
313400.0,4522746.044111026,451019.8109469336,4522638.255459305,-929.7410180268706,1429.51777847551,-930.0014734250974,-4.277872976364154,-4.622265184218202,-4.276992068782097,18303.766323008826,0.0,0.1939561738508999,2.059930667412065,2234285.585289076,599.4148528223552
313500.0,4522653.048682802,451162.739520801,4522545.233989962,-930.166914732766,1429.0527691670227,-930.4272815336448,-4.239969267396782,-4.67804750148298,-4.239078205018203,18303.766323008826,0.0,0.1939561738508999,2.059930667412065,2234285.585289076,599.4148528223552
313600.0,4522560.010855348,451305.62131355697,4522452.1701303,-930.5889933849725,1428.5821435178411,-930.8492705660955,-4.201510695147338,-4.734593541949951,-4.2006093391325825,18303.766323008826,0.0,0.1939561738508999,2.059930667412065,2234285.585289076,599.4148528223552
313700.0,4522466.931013254,451448.45575973333,4522359.064265013,-931.007198133845,1428.1058246913508,-931.2673846588366,-4.162489982447454,-4.791912602866741,-4.161578192269467,18303.766323008826,0.0,0.1939561738508999,2.059930667412065,2234285.585289076,599.4148528223552
313800.0,4522373.809546736,451591.24228613166,4522265.916784419,-931.4214723987802,1427.6237349178236,-931.6815672171268,-4.122899787380228,-4.850014049059716,-4.121977420812358,18303.766323008826,0.0,0.1939561738508999,2.059930667412065,2234285.585289076,599.4148528223552
313900.0,4522280.646851701,451733.98031172965,4522172.728084531,-931.8317588617681,1427.1357954877192,-932.0917609086482,-4.082732703829923,-4.908907311751665,-4.081799616933932,18303.766323008826,0.0,0.1939561738508999,2.059930667412065,2234285.585289076,599.4148528223552
314000.0,4522187.443329825,451876.6692475868,4522079.498567134,-932.2379994610023,1426.6419267451072,-932.4979076571144,-4.041981262090394,-4.968601887293191,-4.041037309204707,18303.766323008826,0.0,0.1939561738508999,2.059930667412065,2234285.585289076,599.4148528223552
314100.0,4522094.19938863,452019.3084967493,4521986.228639858,-932.6401353845534,1426.1420480812214,-932.8999486359432,-4.0006379295204955,-5.02910733582635,-3.9996829632486914,18303.766323008826,0.0,0.1939561738508999,2.059930667412065,2234285.585289076,599.4148528223552
314200.0,4522000.915441555,452161.89745415474,4521892.918716251,-933.0381070641108,1425.6360779281508,-933.2978242619971,-3.9586951112610516,-5.090433279858475,-3.9577289824606123,18303.766323008826,0.0,0.1939561738508999,2.059930667412065,2234285.585289076,599.4148528223552
314300.0,4521907.591908035,452304.4355065356,4521799.56921586,-933.4318541687988,1425.1239337526777,-933.6914741893985,-3.9161451510039895,-5.152589402761122,-3.915167708775329,18303.766323008826,0.0,0.1939561738508999,2.059930667412065,2234285.585289076,599.4148528223552
314400.0,4521814.229213576,452446.92203232244,4521706.180564306,-933.821315599073,1424.60553205027,-934.0808373034247,-3.872980331825963,-5.215585447175539,-3.8719914235017514,18303.766323008826,0.0,0.1939561738508999,2.059930667412065,2234285.585289076,599.4148528223552
314500.0,4521720.827789832,452589.35640154674,4521612.753193355,-934.2064294807026,1424.0807883392374,-934.4658517144893,-3.829192877076114,-5.279431213341145,-3.828192348210892,18303.766323008826,0.0,0.1939561738508999,2.059930667412065,2234285.585289076,599.4148528223552
314600.0,4521627.388074685,452731.7379757426,4521519.287541007,-934.587133158845,1423.5496171550592,-934.8464547522159,-3.7847749513344127,-5.344136557322107,-3.7837626456945435,18303.766323008826,0.0,0.1939561738508999,2.059930667412065,2234285.585289076,599.4148528223552
314700.0,4521533.910512321,452874.0661078483,4521425.7840515645,-934.9633631922192,1423.0119320448937,-935.2225829596102,-3.739718661428501,-5.40971138915112,-3.738694420982464,18303.766323008826,0.0,0.1939561738508999,2.059930667412065,2234285.585289076,599.4148528223552
314800.0,4521440.395553309,453016.3401421073,4521332.243175716,-935.3350553473845,1422.4676455622791,-935.5941720873383,-3.6940160575213006,-5.476165670872072,-3.6929797224303265,18303.766323008826,0.0,0.1939561738508999,2.059930667412065,2234285.585289076,599.4148528223552
314900.0,4521346.843654681,453158.5594139683,4521238.665370616,-935.702144593131,1421.9166692620338,-935.9611570881154,-3.647659134266554,-5.543509414486402,-3.6466105428756532,18303.766323008826,0.0,0.1939561738508999,2.059930667412065,2234285.585289076,599.4148528223552
315000.0,4521253.255280014,453300.72324998555,4521145.0510999635,-936.0645650949896,1421.358913695367,-936.3234721112159,-3.600639832032878,-5.611752679802873,-3.599578820862249,18303.766323008826,0.0,0.1939561738508999,2.059930667412065,2234285.585289076,599.4148528223552
315100.0,4521159.630899508,453442.830967718,4521051.400834081,-936.4222502098672,1420.7942884052104,-936.6810504971072,-3.5529500382034125,-5.680905572180322,-3.5518764419402684,18303.766323008826,0.0,0.1939561738508999,2.059930667412065,2234285.585289076,599.4148528223552
315200.0,4521065.970990066,453584.88187562826,4520957.71505,-936.7751324808173,1420.2227019217805,-937.0338247722193,-3.5045815885513805,-5.750978240163631,-3.503495240042205,18303.766323008826,0.0,0.1939561738508999,2.059930667412065,2234285.585289076,599.4148528223552
315300.0,4520972.2760353815,453726.8752729811,4520863.994231539,-937.1231436319499,1419.6440617583823,-937.3817266438547,-3.455526268688152,-5.821980873018581,-3.454426998931405,18303.766323008826,0.0,0.1939561738508999,2.059930667412065,2234285.585289076,599.4148528223552
315400.0,4520878.546526013,453868.8104497418,4520770.238869388,-937.4662145634916,1419.058274407465,-937.7246869952471,-3.4057758155944624,-5.893923698149922,-3.4046634537337646,18303.766323008826,0.0,0.1939561738508999,2.059930667412065,2234285.585289076,599.4148528223552
315500.0,4520784.782959472,454010.68668647343,4520676.449461188,-937.8042753470023,1418.4652453369424,-938.0626358807777,-3.355321919232463,-5.9668169784068725,-3.354196292550256,18303.766323008826,0.0,0.1939561738508999,2.059930667412065,2234285.585289076,599.4148528223552
315600.0,4520690.985840306,454152.5032542347,4520582.6265116185,-938.1372552207575,1417.8648789867875,-938.3955025213571,-3.304156224238393,-6.040671009276896,-3.3030171581501264,18303.766323008826,0.0,0.1939561738508999,2.059930667412065,2234285.585289076,599.4148528223552
315700.0,4520597.155680177,454294.2594144766,4520488.770532478,-938.4650825853039,1417.2570787659147,-938.7232152999799,-3.2522703317071553,-6.115496115951268,-3.2511176497559995,18303.766323008826,0.0,0.1939561738508999,2.059930667412065,2234285.585289076,599.4148528223552
315800.0,4520503.292997953,454435.9544189395,4520394.8820427675,-938.787684999198,1416.6417470493598,-939.0457017574629,-3.1996558010562484,-6.1913026502821635,-3.198489324908373,18303.766323008826,0.0,0.1939561738508999,2.059930667412065,2234285.585289076,599.4148528223552
315900.0,4520409.398319785,454577.5875095494,4520300.961568778,-939.1049891749353,1416.0187851757726,-939.3628885883745,-3.1463041519876187,-6.268100987603648,-3.1451237014280378,18303.766323008826,0.0,0.1939561738508999,2.059930667412065,2234285.585289076,599.4148528223552
316000.0,4520315.472179196,454719.1579183142,4520207.009644174,-939.4169209750811,1415.3880934452322,-939.674701637164,-3.0922068665371594,-6.345901523432961,-3.0910122594661913,18303.766323008826,0.0,0.1939561738508999,2.059930667412065,2234285.585289076,599.4148528223552
316100.0,4520221.5151171675,454860.66486722,4520113.026810076,-939.7234054086097,1414.7495711173997,-939.9810658945017,-3.0373553912213587,-6.4247146700382345,-3.0361464436516954,18303.766323008826,0.0,0.1939561738508999,2.059930667412065,2234285.585289076,599.4148528223552
316200.0,4520127.527682221,455002.1075681265,4520019.013615149,-940.0243666274644,1414.103116410019,-940.2819054938375,-2.9817411392800106,-6.5045508528751,-2.9805176653344567,18303.766323008826,0.0,0.1939561738508999,2.059930667412065,2234285.585289076,599.4148528223552
316300.0,4520033.510430505,455143.4852226633,4519924.970615689,-940.3197279233456,1413.4486264977836,-940.5771437081895,-2.9253554930187917,-6.585420506887134,-2.9241173049286613,18303.766323008826,0.0,0.1939561738508999,2.059930667412065,2234285.585289076,599.4148528223552
316400.0,4519939.463925884,455284.7970221251,4519830.898375706,-940.609411724739,1412.7859975115764,-940.8667029471719,-2.8681898062511118,-6.6673340726717285,-2.8669367143553304,18303.766323008826,0.0,0.1939561738508999,2.059930667412065,2234285.585289076,599.4148528223552
316500.0,4519845.388740023,455426.04214736755,4519736.797467013,-940.8933395941926,1412.1151245381036,-941.1505047542722,-2.8102354068469726,-6.750301992500473,-2.8089672195919064,18303.766323008826,0.0,0.1939561738508999,2.059930667412065,2234285.585289076,599.4148528223552
316600.0,4519751.285452472,455567.21976870275,4519642.668469313,-941.1714322258549,1411.4359016199319,-941.4284698043887,-2.751483599388439,-6.834334706195433,-2.7502001233284714,18303.766323008826,0.0,0.1939561738508999,2.059930667412065,2234285.585289076,599.4148528223552
316700.0,4519657.154650757,455708.32904579485,4519548.5119702825,-941.4436094432821,1410.7482217559448,-941.7005179016385,-2.6919256679268058,-6.919442646869542,-2.690626707725695,18303.766323008826,0.0,0.1939561738508999,2.059930667412065,2234285.585289076,599.4148528223552
316800.0,4519562.996930464,455849.36912755575,4519454.328565665,-941.7097901975287,1410.051976902234,-941.9665679774481,-2.631552878860945,-7.005636236502417,-2.630238237293984,18303.766323008826,0.0,0.1939561738508999,2.059930667412065,2234285.585289076,599.4148528223552
316900.0,4519468.812895329,455990.33915204095,4519360.118859351,-941.9698925655304,1409.3470579734392,-942.2265380889363,-2.5703564839207704,-7.092925881376824,-2.569025961877778,18303.766323008826,0.0,0.1939561738508999,2.059930667412065,2234285.585289076,599.4148528223552
317000.0,4519374.603157322,456131.23824634525,4519265.883463471,-942.2238337487908,1408.6333548445527,-942.4803454176018,-2.508327723268061,-7.1813219673579844,-2.506981119757233,18303.766323008826,0.0,0.1939561738508999,2.059930667412065,2234285.585289076,599.4148528223552
317100.0,4519280.368336739,456272.06552649924,4519171.622998482,-942.4715300723853,1407.910756353204,-942.7279062683268,-2.445457828716714,-7.270834855013555,-2.444094940869368,18303.766323008826,0.0,0.1939561738508999,2.059930667412065,2234285.585289076,599.4148528223552
317200.0,4519186.109062286,456412.8200973654,4519077.338093251,-942.7128969842919,1407.1791503024397,-942.9691360687087,-2.3817380270720054,-7.36147487457582,-2.3803586501482368,18303.766323008826,0.0,0.1939561738508999,2.059930667412065,2234285.585289076,599.4148528223552
317300.0,4519091.8259711685,456553.50105253496,4518983.0293851495,-942.9478490550621,1406.4384234640158,-943.203949368732,-2.3171595435909635,-7.453252320743734,-2.3157634709862505,18303.766323008826,0.0,0.1939561738508999,2.059930667412065,2234285.585289076,599.4148528223552
317400.0,4518997.519709178,456694.10747422493,4518888.697520137,-943.1762999778448,1405.6884615822185,-943.432259840792,-2.2517136055665103,-7.54617744732174,-2.2503006288192946,18303.766323008826,0.0,0.1939561738508999,2.059930667412065,2234285.585289076,599.4148528223552
317500.0,4518903.190930783,456834.6384331755,4518794.343152848,-943.3981625687741,1404.929149378227,-943.6539802800842,-2.1853914460431803,-7.640260461684634,-2.183961354843462,18303.766323008826,0.0,0.1939561738508999,2.059930667412065,2234285.585289076,599.4148528223552
317600.0,4518808.84029921,456975.0929885481,4518699.966946684,-943.6133487677355,1404.1603705550422,-943.869022605371,-2.118184307654075,-7.73551151908479,-2.1167368898530334,18303.766323008826,0.0,0.1939561738508999,2.059930667412065,2234285.585289076,599.4148528223552
317700.0,4518714.468486538,457115.4701878237,4518605.569573895,-943.8217696395222,1403.382007802989,-944.0772978601395,-2.0500834465941935,-7.831940716780106,-2.0486184882148804,18303.766323008826,0.0,0.1939561738508999,2.059930667412065,2234285.585289076,599.4148528223552
317800.0,4518620.076173784,457255.769066702,4518511.1517156735,-944.0233353753957,1402.5939428058175,-944.2787162141624,-1.9810801367247457,-7.929558087991641,-1.979597421973886,18303.766323008826,0.0,0.1939561738508999,2.059930667412065,2234285.585289076,599.4148528223552
317900.0,4518525.664050989,457395.98864900094,4518416.714062237,-944.2179552950628,1401.7960562474161,-944.4731869654767,-1.9111656738130307,-8.028373595685098,-1.9096649850939418,18303.766323008826,0.0,0.1939561738508999,2.059930667412065,2234285.585289076,599.4148528223552
318000.0,4518431.232817303,457536.12794655724,4518322.257312918,-944.4055378490839,1400.9882278191549,-944.6606185427938,-1.8403313799077932,-8.128397126177243,-1.8388124978344855,18303.766323008826,0.0,0.1939561738508999,2.059930667412065,2234285.585289076,599.4148528223552
318100.0,4518336.783181078,457676.18595912744,4518227.782176248,-944.5859906217262,1400.170336227878,-944.8409185083534,-1.7685686078529228,-8.22963848256396,-1.7670313112653817,18303.766323008826,0.0,0.1939561738508999,2.059930667412065,2234285.585289076,599.4148528223552
318200.0,4518242.315859946,457816.16167428985,4518133.289370046,-944.7592203342745,1399.3422592045615,-945.0139935612362,-1.6958687459470134,-8.332107377959797,-1.6943128119277162,18303.766323008826,0.0,0.1939561738508999,2.059930667412065,2234285.585289076,599.4148528223552
318300.0,4518147.831580916,457956.0540673475,4518038.779621504,-944.9251328488151,1398.5038735136575,-945.1797495411499,-1.6222232227379934,-8.435813428566075,-1.6206484266296801,18303.766323008826,0.0,0.1939561738508999,2.059930667412065,2234285.585289076,599.4148528223552
318400.0,4518053.331080449,458095.862101232,4517944.253667274,-945.0836331725073,1397.6550549631397,-945.3380914327016,-1.5476235119670694,-8.540766146547316,-1.5460296273918344,18303.766323008826,0.0,0.1939561738508999,2.059930667412065,2234285.585289076,599.4148528223552
318500.0,4517958.815104549,458235.5847264083,4517849.712253548,-945.2346254623554,1396.7956784152707,-945.4889233701726,-1.4720611376555244,-8.646974932726815,-1.4704479365352032,18303.766323008826,0.0,0.1939561738508999,2.059930667412065,2234285.585289076,599.4148528223552
318600.0,4517864.284408846,458375.2208807808,4517755.156136153,-945.3780130304974,1395.925617798109,-945.632148642809,-1.3955276793420062,-8.754449069090821,-1.3938949319199585,18303.766323008826,0.0,0.1939561738508999,2.059930667412065,2234285.585289076,599.4148528223552
318700.0,4517769.739758682,458514.7694896005,4517660.586080626,-945.5136983500247,1395.0447461177762,-945.7676697006438,-1.3180147774650761,-8.863197711110432,-1.3163622523293368,18303.766323008826,0.0,0.1939561738508999,2.059930667412065,2234285.585289076,599.4148528223552
318800.0,4517675.181929194,458654.2294653735,4517566.002862299,-945.6415830613477,1394.1529354714992,-945.8953881608641,-1.2395141388991915,-8.973229879869882,-1.237841603007075,18303.766323008826,0.0,0.1939561738508999,2.059930667412065,2234285.585289076,599.4148528223552
318900.0,4517580.611705395,458793.5997077707,4517471.407266386,-945.7615679791219,1393.2500570614507,-946.0152048147409,-1.1600175426372497,-9.084554454012713,-1.1583247613414107,18303.766323008826,0.0,0.1939561738508999,2.059930667412065,2234285.585289076,599.4148528223552
319000.0,4517486.029882258,458932.87910353905,4517376.800088062,-945.873553099751,1392.3359812094043,-946.127019635134,-1.0795168456321713,-9.197180161488287,-1.077803582708163,18303.766323008826,0.0,0.1939561738508999,2.059930667412065,2234285.585289076,599.4148528223552
319100.0,4517391.4372647945,459072.06652641436,4517282.182132546,-945.9774376094808,1391.410577372224,-946.2307317845892,-0.9980039887859489,-9.311115571116938,-0.9962700064613319,18303.766323008826,0.0,0.1939561738508999,2.059930667412065,2234285.585289076,599.4148528223552
319200.0,4517296.834668142,459211.1608370355,4517187.554215181,-946.0731198931004,1390.473714158207,-946.3262396240422,-0.915471003097414,-9.426369083958228,-0.9137160620824076,18303.766323008826,0.0,0.1939561738508999,2.059930667412065,2234285.585289076,599.4148528223552
319300.0,4517202.222917636,459350.16088286054,4517092.917161511,-946.1604975432651,1389.525259344299,-946.4134407221447,-0.8319100159594743,-9.542948924497043,-0.8301338754792313,18303.766323008826,0.0,0.1939561738508999,2.059930667412065,2234285.585289076,599.4148528223552
319400.0,4517107.602848893,459489.06549808435,4516998.271807367,-946.2394673704582,1388.565079894201,-946.4922318652298,-0.7473132576211814,-9.660863131625993,-0.7455156754497052,18303.766323008826,0.0,0.1939561738508999,2.059930667412065,2234285.585289076,599.4148528223552
319500.0,4517012.975307887,459627.87350355834,4516903.618998935,-946.309925413605,1387.5930419773867,-946.5625090679289,-0.6616730677951441,-9.780119549453977,-0.6598538002908638,18303.766323008826,0.0,0.1939561738508999,2.059930667412065,2234285.585289076,599.4148528223552
319600.0,4516918.341151026,459766.58370671194,4516808.959592842,-946.371766951357,1386.6090109890486,-946.6241675844602,-0.5749819024286973,-9.900725817914893,-0.5731407045717543,18303.766323008826,0.0,0.1939561738508999,2.059930667412065,2234285.585289076,599.4148528223552
319700.0,4516823.701245228,459905.19490147626,4516714.294456223,-946.4248865140598,1385.6128515709922,-946.6771019206002,-0.4872323406299781,-10.022689363190628,-0.485368966061257,18303.766323008826,0.0,0.1939561738508999,2.059930667412065,2234285.585289076,599.4148528223552
319800.0,4516729.056467994,460043.7058682099,4516619.624466803,-946.4691778964224,1384.604427633499,-946.7212058463565,-0.3984170917459515,-10.146017387953847,-0.396531292807885,18303.766323008826,0.0,0.1939561738508999,2.059930667412065,2234285.585289076,599.4148528223552
319900.0,4516634.4077074835,460182.11537362676,4516524.950512964,-946.5045341709013,1383.583602378172,-946.7563724093568,-0.30852900260456995,-10.270716861413712,-0.3066205303837508,18303.766323008826,0.0,0.1939561738508999,2.059930667412065,2234285.585289076,599.4148528223552
320000.0,4516539.755862583,460320.4221707265,4516430.273493821,-946.5308477018172,1382.550238321788,-946.7824939489695,-0.21756106490483607,-10.396794509189586,-0.21562966927647054,18303.766323008826,0.0,0.1939561738508999,2.059930667412065,2234285.585289076,599.4148528223552
320100.0,4516445.101842978,460458.6249987273,4516335.594319286,-946.5480101602182,1381.5041973211703,-946.7994621111717,-0.1255064227636531,-10.524256803000725,-0.12355185243788913,18303.766323008826,0.0,0.1939561738508999,2.059930667412065,2234285.585289076,599.4148528223552
320200.0,4516350.446569219,460596.722583001,4516240.913910144,-946.5559125395054,1380.4453405991019,-946.807167864179,-0.03235838042181527,-10.653109950169606,-0.030380382991980426,18303.766323008826,0.0,0.1939561738508999,2.059930667412065,2234285.585289076,599.4148528223552
320300.0,4516255.7909727935,460734.7136350112,4516146.233198116,-946.5544451718363,1379.3735287712964,-946.8055015148547,0.061889589906496845,-10.783359882963017,0.06389126791373201,18303.766323008826,0.0,0.1939561738508999,2.059930667412065,2234285.585289076,599.4148528223552
320400.0,4516161.135996185,460872.5968522539,4516051.553125922,-946.5434977453222,1378.2886218744452,-946.7943527259114,0.1572438400230558,-10.91501224774598,0.15926945309552032,18303.766323008826,0.0,0.1939561738508999,2.059930667412065,2234285.585289076,599.4148528223552
320500.0,4516066.482592943,461010.37091820093,4515956.874647349,-946.522959322032,1377.1904793953556,-946.7736105339209,0.2537105375936095,-11.048072393978758,0.2557603411794984,18303.766323008826,0.0,0.1939561738508999,2.059930667412065,2234285.585289076,599.4148528223552
320600.0,4515971.8317277385,461148.03450224665,4515862.1987273125,-946.4927183568204,1376.0789603011997,-946.7431633681473,0.3512956578401063,-11.182545363036834,0.35336990829180426,18303.766323008826,0.0,0.1939561738508999,2.059930667412065,2234285.585289076,599.4148528223552
320700.0,4515877.184376427,461285.58625965746,4515767.526341912,-946.4526627169936,1374.9539230708872,-946.7028990702188,0.45000497509652604,-11.318435876883163,0.45210392961236945,18303.766323008826,0.0,0.1939561738508999,2.059930667412065,2234285.585289076,599.4148528223552
320800.0,4515782.541526107,461423.0248315245,4515672.858478493,-946.4026797028263,1373.815225727581,-946.6527049146505,0.5498440542106593,-11.455748326568118,0.5519679707746237,18303.766323008826,0.0,0.1939561738508999,2.059930667412065,2234285.585289076,599.4148528223552
320900.0,4515687.9041751735,461560.34884472,4515578.1961357,-946.342656068946,1372.6627258723688,-946.5924676302348,0.6508182418130364,-11.594486760588966,0.6529673791322903,18303.766323008826,0.0,0.1939561738508999,2.059930667412065,2234285.585289076,599.4148528223552
321000.0,4515593.273333373,461697.5569118564,4515483.54032353,-946.2724780465968,1371.4962807191066,-946.5220734223116,0.752932657447464,-11.734654873101872,0.7551072748877958,18303.766323008826,0.0,0.1939561738508999,2.059930667412065,2234285.585289076,599.4148528223552
321100.0,4515498.650021852,461834.6476312499,4515388.892063389,-946.192031366798,1370.3157471304494,-946.4414079959334,0.856192184560503,-11.876255991983466,0.8583925420795762,18303.766323008826,0.0,0.1939561738508999,2.059930667412065,2234285.585289076,599.4148528223552
321200.0,4515404.035273212,461971.61958688684,4515294.25238813,-946.1012012844088,1369.1209816550797,-946.350356579937,0.9606014613688396,-12.01929306677062,0.9628278194472468,18303.766323008826,0.0,0.1939561738508999,2.059930667412065,2234285.585289076,599.4148528223552
321300.0,4515309.430131548,462108.47134839435,4515199.622342112,-945.999872603114,1367.9118405661516,-946.2488039519359,1.0661648715954541,-12.163768656466047,1.0684174911655706,18303.766323008826,0.0,0.1939561738508999,2.059930667412065,2234285.585289076,599.4148528223552
321400.0,4515214.8356524985,462245.2014710147,4515105.002981233,-945.8879297013411,1366.6881799009577,-946.1366344642448,1.17288653508174,-12.309684917221082,1.1751656774543404,18303.766323008826,0.0,0.1939561738508999,2.059930667412065,2234285.585289076,599.4148528223552
321500.0,4515120.252903283,462381.8084955838,4515010.395372981,-945.7652565591231,1365.4498555018356,-946.0137320707499,1.2807702982853906,-12.457043589910771,1.2830762250739962,18303.766323008826,0.0,0.1939561738508999,2.059930667412065,2234285.585289076,599.4148528223552
321600.0,4515025.682962741,462518.29094851395,4514915.800596463,-945.6317367859169,1364.196723058321,-945.8799803547348,1.3898197246645418,-12.605845987602825,1.3921526977075,18303.766323008826,0.0,0.1939561738508999,2.059930667412065,2234285.585289076,599.4148528223552
321700.0,4514931.126921371,462654.64734178036,4514821.219742445,-945.4872536493881,1362.928638150559,-945.7352625576734,1.5000380849488728,-12.756092982922258,1.5023983662291478,18303.766323008826,0.0,0.1939561738508999,2.059930667412065,2234285.585289076,599.4148528223552
321800.0,4514836.585881358,462790.8761729127,4514726.653913389,-945.3316901051749,1361.6454562939844,-945.5794616090018,1.6114283473156137,-12.907784995338531,1.613816198878256,18303.766323008826,0.0,0.1939561738508999,2.059930667412065,2234285.585289076,599.4148528223552
321900.0,4514742.060956608,462926.97592499095,4514632.104223473,-945.1649288276384,1360.3470329852746,-945.4124601568769,1.7239931674676656,-13.06092197837186,1.7264088513349813,18303.766323008826,0.0,0.1939561738508999,2.059930667412065,2234285.585289076,599.4148528223552
322000.0,4514647.553272769,463062.9450666457,4514537.571798627,-944.98685224161,1359.033223749589,-945.2341405999329,1.83773487861707,-13.21550340672405,1.8401786567014238,18303.766323008826,0.0,0.1939561738508999,2.059930667412065,2234285.585289076,599.4148528223552
322100.0,4514553.063967261,463198.78205206344,4514443.057776551,-944.7973425551445,1357.7038841890953,-945.0443851200422,1.9526554813973949,-13.37152826336863,1.9551276154116959,18303.766323008826,0.0,0.1939561738508999,2.059930667412065,2234285.585289076,599.4148528223552
322200.0,4514458.594189293,463334.48532099696,4514348.563306734,-944.5962817932864,1356.3588700327912,-944.8430757160921,2.068756633682021,-13.528995026567605,2.071257385047839,18303.766323008826,0.0,0.1939561738508999,2.059930667412065,2234285.585289076,599.4148528223552
322300.0,4514364.1450998755,463470.0532987803,4514254.0895504765,-944.3835518328565,1354.9980371876247,-944.6300942387797,2.1860396403534885,-13.687901656880594,2.18856927010682,18303.766323008826,0.0,0.1939561738508999,2.059930667412065,2234285.585289076,599.4148528223552
322400.0,4514269.71787184,463605.4843963493,4514159.6376808975,-944.1590344382662,1353.621241790916,-944.405322426436,2.304505443003655,-13.848245584137585,2.3070642116983118,18303.766323008826,0.0,0.1939561738508999,2.059930667412065,2234285.585289076,599.4148528223552
322500.0,4514175.313689846,463740.77701026725,4514065.2088829465,-943.9226112983632,1352.228340264082,-944.1686419418817,2.4241546095790794,-14.010023694396637,2.4267427771877337,18303.766323008826,0.0,0.1939561738508999,2.059930667412065,2234285.585289076,599.4148528223552
322600.0,4514080.933750384,463875.9295227562,4513970.80435341,-943.6741640643158,1350.8191893676649,-943.9199344103208,2.5449873239924026,-14.173232316916708,2.5476051498052517,18303.766323008826,0.0,0.1939561738508999,2.059930667412065,2234285.585289076,599.4148528223552
322700.0,4513986.579261781,464010.9403017334,4513876.425300912,-943.413574388537,1349.3936462576644,-943.6590814582759,2.6670033756940743,-14.337867211137883,2.6696511182151372,18303.766323008826,0.0,0.1939561738508999,2.059930667412065,2234285.585289076,599.4148528223552
322800.0,4513892.251444197,464145.80770085385,4513782.0729459105,-943.1407239646529,1347.9515685431675,-943.3859647535664,2.790202149223794,-14.503923553697096,2.792880066064873,18303.766323008826,0.0,0.1939561738508999,2.059930667412065,2234285.585289076,599.4148528223552
322900.0,4513797.95152962,464280.53005955875,4513687.748520695,-942.8554945685178,1346.492814345278,-943.1004660463346,2.9145826137414304,-14.671395925479185,2.9172909615137206,18303.766323008826,0.0,0.1939561738508999,2.059930667412065,2234285.585289076,599.4148528223552
323000.0,4513703.680761852,464415.1057031294,4513593.453269372,-942.5577681002745,1345.0172423573351,-942.8024672111169,3.040143312569761,-14.840278298749848,3.042882346773103,18303.766323008826,0.0,0.1939561738508999,2.059930667412065,2234285.585289076,599.4148528223552
323100.0,4513609.4403965,464549.5329427475,4513499.1884478545,-942.2474266274618,1343.5247119064168,-942.491850289962,3.1668823527218413,-15.010564024331572,3.169652327631682,18303.766323008826,0.0,0.1939561738508999,2.059930667412065,2234285.585289076,599.4148528223552
323200.0,4513515.231700951,464683.810075562,4513404.955323841,-941.9243524291671,1342.0150830161203,-942.1684975365962,3.29479739447644,-15.182245818913383,3.2975985630284725,18303.766323008826,0.0,0.1939561738508999,2.059930667412065,2234285.585289076,599.4148528223552
323300.0,4513421.055954354,464817.9353847614,4513310.755176792,-941.5884280412212,1340.4882164706073,-941.8322914616283,3.423885640957449,-15.355315752431228,3.4267182546299653,18303.766323008826,0.0,0.1939561738508999,2.059930667412065,2234285.585289076,599.4148528223552
323400.0,4513326.914447588,464951.9071396537,4513216.5892979,-941.2395363024317,1338.943973879903,-941.4831148787962,3.5541438277768655,-15.529765235604032,3.5570081364708575,18303.766323008826,0.0,0.1939561738508999,2.059930667412065,2234285.585289076,599.4148528223552
323500.0,4513232.808483232,465085.7235957517,4513122.458990062,-940.8775604018508,1337.3822177464365,-941.1208509522457,3.6855682127200424,-15.705585007594795,3.6884644646370672,18303.766323008826,0.0,0.1939561738508999,2.059930667412065,2234285.585289076,599.4148528223552
323600.0,4513138.739375527,465219.38299486594,4513028.365567836,-940.5023839270705,1335.8028115328057,-940.7453832448389,3.818154565509446,-15.882765123848051,3.8210830070272817,18303.766323008826,0.0,0.1939561738508999,2.059930667412065,2234285.585289076,599.4148528223552
323700.0,4513044.708450332,465352.88356520416,4512934.310357405,-940.113890913537,1334.2056197307504,-940.3565957674807,3.9518981576467302,-16.061294944103018,3.9548590331928635,18303.766323008826,0.0,0.1939561738508999,2.059930667412065,2234285.585289076,599.4148528223552
323800.0,4512950.717045079,465486.2235214776,4512840.294696525,-939.7119658948776,1332.5905079313143,-939.9543730294583,4.086793752347912,-16.24116312060304,4.089787304270885,18303.766323008826,0.0,0.1939561738508999,2.059930667412065,2234285.585289076,599.4148528223552
323900.0,4512856.766508718,465619.4010650146,4512746.319934473,-939.2964939542264,1330.957342896173,-939.5386000897807,4.222835594602263,-16.422357586544265,4.2258620630409425,18303.766323008826,0.0,0.1939561738508999,2.059930667412065,2234285.585289076,599.4148528223552
324000.0,4512762.858201663,465752.4143838811,4512652.387431992,-938.8673607765406,1329.3059926301087,-939.109162609507,4.3600174013425,-16.604865544745103,4.363077024093278,18303.766323008826,0.0,0.1939561738508999,2.059930667412065,2234285.585289076,599.4148528223552
324100.0,4512668.993495726,465885.2616530088,4512558.498561226,-938.4244527018911,1327.6363264546026,-938.6659469050512,4.498332351758512,-16.788673456581684,4.501425364140512,18303.766323008826,0.0,0.1939561738508999,2.059930667412065,2234285.585289076,599.4148528223552
324200.0,4512575.1737740515,466017.9410343305,4512464.654705652,-937.967656779714,1325.9482150825202,-938.208840002447,4.637773077776391,-16.973767031219168,4.640899712494734,18303.766323008826,0.0,0.1939561738508999,2.059930667412065,2234285.585289076,599.4148528223552
324300.0,4512481.400431039,466150.45067692304,4512370.8572600065,-937.4968608240068,1324.2415306938587,-937.737729692558,4.778331654704091,-17.160131215139756,4.781492141711251,18303.766323008826,0.0,0.1939561738508999,2.059930667412065,2234285.585289076,599.4148528223552
324400.0,4512387.674872267,466282.78871715773,4512277.107630207,-937.0119534694501,1322.5161470125263,-937.2525045872128,4.919999592057758,-17.3477501819863,4.9231941584130885,18303.766323008826,0.0,0.1939561738508999,2.059930667412065,2234285.585289076,599.4148528223552
324500.0,4512293.998514408,466414.95327885874,4512183.407233267,-936.5128242284364,1320.7719393841176,-936.7530541762488,5.062767824604126,-17.536607322770397,5.065996694331613,18303.766323008826,0.0,0.1939561738508999,2.059930667412065,2234285.585289076,599.4148528223552
324600.0,4512200.372785137,466546.9424734692,4512089.757497203,-935.9993635489845,1319.0087848546523,-936.2392688854401,5.206626703621984,-17.72668523644781,5.209890097566303,18303.766323008826,0.0,0.1939561738508999,2.059930667412065,2234285.585289076,599.4148528223552
324700.0,4512106.799123033,466678.7544002251,4511996.15986094,-935.4714628735151,1317.2265622502362,-935.7110401352878,5.3515659883927365,-17.91796572087404,5.354864124073679,18303.766323008826,0.0,0.1939561738508999,2.059930667412065,2234285.585289076,599.4148528223552
324800.0,4512013.27897748,466810.3871463375,4511902.61577421,-934.9290146984648,1315.4251522576044,-935.1682604006492,5.497574837960919,-18.110429764196095,5.500907929426233,18303.766323008826,0.0,0.1939561738508999,2.059930667412065,2234285.585289076,599.4148528223552
324900.0,4511919.813808558,466941.8387871824,4511809.126697441,-934.3719126347114,1313.6044375055058,-934.6108232711767,5.644641803161223,-18.304057536674033,5.6480100608380255,18303.766323008826,0.0,0.1939561738508999,2.059930667412065,2234285.585289076,599.4148528223552
325000.0,4511826.405086924,467073.10738649935,4511715.694101645,-933.8000514687814,1311.7643026468818,-934.0386235125417,5.792754818929307,-18.498828382954752,5.796158449474062,18303.766323008826,0.0,0.1939561738508999,2.059930667412065,2234285.585289076,599.4148528223552
325100.0,4511733.0542937005,467204.19099659775,4511622.319468294,-933.2133272248102,1309.9046344417916,-933.4515571284086,5.941901196940094,-18.69472081485773,5.945340403087319,18303.766323008826,0.0,0.1939561738508999,2.059930667412065,2234285.585289076,599.4148528223552
325200.0,4511639.762920339,467335.08765857195,4511529.004289198,-932.6116372272244,1308.0253218410369,-932.8495214231331,6.09206761855924,-18.89171250465049,6.0955425989689855,18303.766323008826,0.0,0.1939561738508999,2.059930667412065,2234285.585289076,599.4148528223552
325300.0,4511546.532468492,467465.7954025243,4511435.750066366,-931.9948801641099,1306.1262560704301,-932.2324150651451,6.243240128139091,-19.089780278855613,6.246751077243302,18303.766323008826,0.0,0.1939561738508999,2.059930667412065,2234285.585289076,599.4148528223552
325400.0,4511453.364449873,467596.3122477971,4511342.558311871,-931.3629561512332,1304.2073307156552,-931.6001381509859,6.395404126700487,-19.288900112645372,6.398951234548377,18303.766323008826,0.0,0.1939561738508999,2.059930667412065,2234285.585289076,599.4148528223552
325500.0,4511360.260386108,467726.6362032128,4511249.430547703,-930.7157667966758,1302.26844180766,-930.9525922699576,6.548544365959072,-19.48904712476309,6.552127818061568,18303.766323008826,0.0,0.1939561738508999,2.059930667412065,2234285.585289076,599.4148528223552
325600.0,4511267.221808588,467856.76526732265,4511156.368305613,-930.0532152660448,1300.3094879085263,-930.2896805693497,6.702644942799,-19.690195573113492,6.706264919972408,18303.766323008826,0.0,0.1939561738508999,2.059930667412065,2234285.585289076,599.4148528223552
325700.0,4511174.250258303,467986.69742866437,4511063.373126959,-929.3752063482167,1298.330370197749,-929.6113078201981,6.857689294126077,-19.89231885092373,6.861345972335046,18303.766323008826,0.0,0.1939561738508999,2.059930667412065,2234285.585289076,599.4148528223552
325800.0,4511081.347285684,468116.43066602806,4510970.446562538,-928.6816465215728,1296.3309925588687,-928.9173804835372,7.0136601921900965,-20.095389483598275,7.017353742390056,18303.766323008826,0.0,0.1939561738508999,2.059930667412065,2234285.585289076,599.4148528223552
325900.0,4510988.514450423,468245.96294873103,4510877.590172411,-927.9724440206813,1294.3112616663836,-928.2078067770964,7.170539740348215,-20.29937912622506,7.174270328327336,18303.766323008826,0.0,0.1939561738508999,2.059930667412065,2234285.585289076,599.4148528223552
326000.0,4510895.753321302,468375.29223690124,4510784.805525729,-927.2475089033778,1292.2710870728763,-927.4824967423974,7.328309369303107,-20.504258561777217,7.33207715552397,18303.766323008826,0.0,0.1939561738508999,2.059930667412065,2234285.585289076,599.4148528223552
326100.0,4510803.065476,468504.41648176935,4510692.094200545,-926.506753118198,1290.2103812962857,-926.7413623122028,7.486949833848662,-20.709997700052938,7.490754973289748,18303.766323008826,0.0,0.1939561738508999,2.059930667412065,2234285.585289076,599.4148528223552
326200.0,4510710.452500906,468633.3336259698,4510599.45778362,-925.750090572111,1288.1290599072465,-925.9843173782644,7.646441210111987,-20.91656557733429,7.6502838521091014,18303.766323008826,0.0,0.1939561738508999,2.059930667412065,2234285.585289076,599.4148528223552
326300.0,4510617.915990915,468762.0416038504,4510506.897870225,-924.9774371985005,1286.0270416164255,-925.2112778593212,7.806762893343588,-21.12393035683407,7.810643181431393,18303.766323008826,0.0,0.1939561738508999,2.059930667412065,2234285.585289076,599.4148528223552
326400.0,4510525.457549228,468890.5383417905,4510414.416063936,-924.1887110253415,1283.9042483617752,-924.4221617692913,7.9678935962359505,-21.33205932989945,7.97181166798973,18303.766323008826,0.0,0.1939561738508999,2.059930667412065,2234285.585289076,599.4148528223552
326500.0,4510433.078787133,469018.8217585284,4510322.01397642,-923.383832243516,1281.7606053956254,-923.6168892856039,8.129811347825674,-21.540918918045566,8.133767334703485,18303.766323008826,0.0,0.1939561738508999,2.059930667412065,2234285.585289076,599.4148528223552
326600.0,4510340.781323789,469146.889765497,4510229.693227215,-922.5627232752095,1279.5960413715306,-922.7953828176107,8.292493492964322,-21.750474675794393,8.296487520149654,18303.766323008826,0.0,0.1939561738508999,2.059930667412065,2234285.585289076,599.4148528223552
326700.0,4510248.566785997,469274.7402671681,4510137.455443502,-921.725308842331,1277.4104884307935,-921.9575670750231,8.455916692392124,-21.960691294362718,8.459948878637276,18303.766323008826,0.0,0.1939561738508999,2.059930667412065,2234285.585289076,599.4148528223552
326800.0,4510156.436807969,469402.3711614056,4510045.302259876,-920.8715160348942,1275.203882288573,-921.1033691363074,8.620056923442757,-22.171532606234063,8.62412738091302,18303.766323008826,0.0,0.1939561738508999,2.059930667412065,2234285.585289076,599.4148528223552
326900.0,4510064.393031087,469529.78033982724,4509953.235318101,-920.0012743792985,1272.9761623194947,-920.2327185169823,8.784889481348287,-22.38296159056747,8.78899831546717,18303.766323008826,0.0,0.1939561738508999,2.059930667412065,2234285.585289076,599.4148528223552
327000.0,4509972.437103656,469656.9656881748,4509861.256266865,-919.1145159064451,1270.7272716426744,-919.3455472377502,8.950388981210596,-22.594940379531028,8.954536290506185,18303.766323008826,0.0,0.1939561738508999,2.059930667412065,2234285.585289076,599.4148528223552
327100.0,4509880.570680649,469783.9250866926,4509769.366761525,-918.2111752196247,1268.4571572060618,-918.4417898923999,9.11652936064884,-22.80743026556867,9.120715236601495,18303.766323008826,0.0,0.1939561738508999,2.059930667412065,2234285.585289076,599.4148528223552
327200.0,4509788.795423447,469910.6564105148,4509677.56846385,-917.2911895621061,1266.1657698700135,-917.521383715411,9.2832838830774,-23.02039170953272,9.287508409968947,18303.766323008826,0.0,0.1939561738508999,2.059930667412065,2234285.585289076,599.4148528223552
327300.0,4509697.112999573,470037.1575300605,4509585.863041748,-916.3544988843628,1263.8530644900038,-916.584268649195,9.450625141712448,-23.233784349813483,9.454888396477056,18303.766323008826,0.0,0.1939561738508999,2.059930667412065,2234285.585289076,599.4148528223552
327400.0,4509605.525082417,470163.4263114376,4509494.252168996,-915.4010459108642,1261.518999998376,-915.6303874109013,9.61852506426285,-23.447567012399627,9.622827116339753,18303.766323008826,0.0,0.1939561738508999,2.059930667412065,2234285.585289076,599.4148528223552
327500.0,4509514.033350952,470289.46061685454,4509402.737524956,-914.4307762063621,1259.1635394850396,-914.6596855587188,9.78695491833627,-23.661697721907284,9.791295829524469,18303.766323008826,0.0,0.1939561738508999,2.059930667412065,2234285.585289076,599.4148528223552
327600.0,4509422.639489454,470415.25830503984,4509311.320794293,-913.4436382416003,1256.7866502770146,-913.6721115575992,9.9558853175569,-23.876133713568024,9.960265141872108,18303.766323008826,0.0,0.1939561738508999,2.059930667412065,2234285.585289076,599.4148528223552
327700.0,4509331.345187201,470540.81723166985,4509220.003666672,-912.4395834583761,1254.3883040167295,-912.6676168443332,10.125286228447013,-24.090831446242532,10.129705011980946,18303.766323008826,0.0,0.1939561738508999,2.059930667412065,2234285.585289076,599.4148528223552
327800.0,4509240.152138177,470666.1352498042,4509128.787836468,-911.4185663338767,1251.9684767389688,-911.646155891901,10.295126978004777,-24.3057466163619,10.299584758787013,18303.766323008826,0.0,0.1939561738508999,2.059930667412065,2234285.585289076,599.4148528223552
327900.0,4509149.062040764,470791.21021032863,4509037.675002452,-910.3805444442203,1249.5271489463744,-910.6076862730265,10.465376262078419,-24.520834172929078,10.469873069940988,18303.766323008826,0.0,0.1939561738508999,2.059930667412065,2234285.585289076,599.4148528223552
328000.0,4509058.076597427,470916.0399624058,4508946.666867481,-909.3254785271215,1247.0643056833983,-909.5521687228565,10.636002154468457,-24.736048333481214,10.640538010913346,18303.766323008826,0.0,0.1939561738508999,2.059930667412065,2234285.585289076,599.4148528223552
328100.0,4508967.197514398,471040.6223539329,4508855.765138176,-908.253332543609,1244.5799366086087,-908.4795672006915,10.806972116801068,-24.95134260106691,10.811547034870827,18303.766323008826,0.0,0.1939561738508999,2.059930667412065,2234285.585289076,599.4148528223552
328200.0,4508876.42650135,471164.9552320065,4508764.971524602,-907.1640737387169,1242.0740360652478,-907.3898489506894,10.978253009182161,-25.16666978224602,10.982866993333781,18303.766323008826,0.0,0.1939561738508999,2.059930667412065,2234285.585289076,599.4148528223552
328300.0,4508785.765271062,471289.0364433947,4508674.287739928,-906.0576727010734,1239.5466031499407,-906.2829845614672,11.149811101589613,-25.381982006048197,11.154464147571911,18303.766323008826,0.0,0.1939561738508999,2.059930667412065,2234285.585289076,599.4148528223552
328400.0,4508695.215539088,471412.86383501574,4508583.715500098,-904.9341034213093,1236.9976417794546,-905.158948024521,11.321612086089893,-25.59723074400295,11.326304180824472,18303.766323008826,0.0,0.1939561738508999,2.059930667412065,2234285.585289076,599.4148528223552
328500.0,4508604.779023408,471536.4352544232,4508493.256523483,-903.7933433492078,1234.4271607554103,-904.0177167913885,11.493621089783549,-25.812366831104832,11.498352211249667,18303.766323008826,0.0,0.1939561738508999,2.059930667412065,2234285.585289076,599.4148528223552
328600.0,4508514.457444083,471659.74855029763,4508402.912530535,-902.6353734495217,1231.8351738268434,-902.8592718294759,11.665802688557946,-26.02734048781542,11.67057280568132,18303.766323008826,0.0,0.1939561738508999,2.059930667412065,2234285.585289076,599.4148528223552
328700.0,4508424.252522899,471782.80157294456,4508312.685243428,-901.4601782563736,1229.221699750517,-901.6835976764706,11.83812092159511,-26.242101343025272,11.84292999414096,18303.766323008826,0.0,0.1939561738508999,2.059930667412065,2234285.585289076,599.4148528223552
328800.0,4508334.165983007,471905.5921747978,4508222.576385704,-900.2677459261696,1226.5867623488898,-900.4906824932644,12.010539306662329,-26.45659845800819,12.015387285132775,18303.766323008826,0.0,0.1939561738508999,2.059930667412065,2234285.585289076,599.4148528223552
328900.0,4508244.199548561,472028.1182109291,4508132.587681906,-899.0580682889434,1223.9303905656393,-899.2805181153083,12.183020856165854,-26.670780351334972,12.187907681701823,18303.766323008826,0.0,0.1939561738508999,2.059930667412065,2234285.585289076,599.4148528223552
329000.0,4508154.354944346,472150.3775395629,4508042.720857207,-897.8311408980592,1221.2526185186473,-898.0531001023238,12.35552809397732,-26.884595024754642,12.360453698265218,18303.766323008826,0.0,0.1939561738508999,2.059930667412065,2234285.585289076,599.4148528223552
329100.0,4508064.6338954,472272.3680225962,4507952.977637034,-896.5869630781912,1218.5534855503488,-896.8084277862935,12.528023072999357,-27.097989989991586,12.532987378182586,18303.766323008826,0.0,0.1939561738508999,2.059930667412065,2234285.585289076,599.4148528223552
329200.0,4507975.038126644,472394.08752612345,4507863.359746693,-895.3255379715121,1215.8330362753563,-895.5465043176561,12.700467393481143,-27.310912296467784,12.705470312076667,18303.766323008826,0.0,0.1939561738508999,2.059930667412065,2234285.585289076,599.4148528223552
329300.0,4507885.569362487,472515.5339209661,4507773.8689109795,-894.0468725820102,1213.0913206252646,-894.2673367096329,12.872822222098527,-27.523308559964633,12.877863656918699,18303.766323008826,0.0,0.1939561738508999,2.059930667412065,2234285.585289076,599.4148528223552
329400.0,4507796.229326445,472636.7050832063,4507684.506853796,-892.7509778178651,1210.3283938905483,-892.9709358806105,13.045048311713503,-27.735124992102765,13.050128155793207,18303.766323008826,0.0,0.1939561738508999,2.059930667412065,2234285.585289076,599.4148528223552
329500.0,4507707.019740745,472757.5988947249,4507595.275297753,-891.4378685318081,1207.544316759464,-891.6573166945085,13.21710602188821,-27.946307430736837,13.222224158417562,18303.766323008826,0.0,0.1939561738508999,2.059930667412065,2234285.585289076,599.4148528223552
329600.0,4507617.942325933,472878.213243743,4507506.175963778,-890.1075635593998,1204.7391553538748,-890.326497999063,13.388955340084731,-28.156801371166537,13.394111642347461,18303.766323008826,0.0,0.1939561738508999,2.059930667412065,2234285.585289076,599.4148528223552
329700.0,4507528.998800466,472998.54602536676,4507417.210570713,-888.7600857551503,1201.9129812619112,-888.9785026619538,13.560555903546145,-28.366551998152236,13.565750234863819,18303.766323008826,0.0,0.1939561738508999,2.059930667412065,2234285.585289076,599.4148528223552
329800.0,4507440.190880317,473118.59514213586,4507328.380834908,-887.3954620264201,1199.0658715673912,-887.6133576047093,13.731867021826096,-28.575504218685992,13.737099235508271,18303.766323008826,0.0,0.1939561738508999,2.059930667412065,2234285.585289076,599.4148528223552
329900.0,4507351.520278563,473238.3585045742,4507239.688469821,-886.0137233650335,1196.197908875926,-886.2310938343253,13.902847700030307,-28.783602695598496,13.908117639330838,18303.766323008826,0.0,0.1939561738508999,2.059930667412065,2234285.585289076,599.4148528223552
330000.0,4507262.988704976,473357.8340317434,4507151.135185599,-884.6149048765376,1193.3091813376284,-884.8317464725279,14.073456662602421,-28.990791881770082,14.07876416068196,18303.766323008826,0.0,0.1939561738508999,2.059930667412065,2234285.585289076,599.4148528223552
330100.0,4507174.597865611,473477.0196517979,4507062.722688675,-883.1990458070532,1190.3997826663672,-883.4153547826278,14.243652377765493,-29.197016055091698,14.24899725766037,18303.766323008826,0.0,0.1939561738508999,2.059930667412065,2234285.585289076,599.4148528223552
330200.0,4507086.349462391,473595.9133025426,4506974.452681344,-881.7661895676481,1187.4698121554898,-881.9819621938965,14.413393082552655,-29.402219354081137,14.418775157150233,18303.766323008826,0.0,0.1939561738508999,2.059930667412065,2234285.585289076,599.4148528223552
330300.0,4506998.245192688,473714.5129319911,4506886.32686135,-880.3163837561846,1184.5193746899556,-880.5316163234156,14.582636808364077,-29.606345814064834,14.588055880384672,18303.766323008826,0.0,0.1939561738508999,2.059930667412065,2234285.585289076,599.4148528223552
330400.0,4506910.286748904,473832.8164989255,4506798.346921465,-878.8496801765793,1181.5485807548196,-879.0643689953389,14.751341407091804,-29.80933940397727,14.756797269077353,18303.766323008826,0.0,0.1939561738508999,2.059930667412065,2234285.585289076,599.4148528223552
330500.0,4506822.475818049,473950.82197345665,4506710.514549069,-877.3661348554302,1178.5575464400124,-877.5802762575189,14.919464577716784,-30.01114406364417,14.924957012026205,18303.766323008826,0.0,0.1939561738508999,2.059930667412065,2234285.585289076,599.4148528223552
330600.0,4506734.814081321,474068.5273375847,4506622.831425723,-875.8658080559542,1175.5463934413629,-876.0793983954459,15.086963893412998,-30.21170374159286,15.092492672224505,18303.766323008826,0.0,0.1939561738508999,2.059930667412065,2234285.585289076,599.4148528223552
330700.0,4506647.3032136755,474185.93058575946,4506535.299226748,-874.3487642891962,1172.5152490578218,-874.5617999434556,15.253796829076585,-30.41096243327503,15.259361714396913,18303.766323008826,0.0,0.1939561738508999,2.059930667412065,2234285.585289076,599.4148528223552
330800.0,4506559.944883408,474303.02972544066,4506447.919620799,-872.8150723224617,1169.4642461848396,-873.0275496931608,15.419920789296334,-30.60886421972022,15.425521532977008,18303.766323008826,0.0,0.1939561738508999,2.059930667412065,2234285.585289076,599.4148528223552
330900.0,4506472.740751722,474419.82277765695,4506360.694269438,-871.2648051849337,1166.3935233038621,-871.4767206990663,15.585293136682505,-30.80535330650471,15.590929480443178,18303.766323008826,0.0,0.1939561738508999,2.059930667412065,2234285.585289076,599.4148528223552
331000.0,4506385.692472305,474536.30777756375,4506273.624826711,-869.6980401704393,1163.3032244679148,-869.9093902813323,15.749871220554214,-31.000374063033092,15.75554289601315,18303.766323008826,0.0,0.1939561738508999,2.059930667412065,2234285.585289076,599.4148528223552
331100.0,4506298.801690903,474652.48277499975,4506186.712938715,-868.1148588373302,1160.193499283244,-868.3256400256524,15.913612405965079,-31.19387106210186,15.91931913467685,18303.766323008826,0.0,0.1939561738508999,2.059930667412065,2234285.585289076,599.4148528223552
331200.0,4506212.070044892,474768.3458350409,4506099.960243177,-866.5153470054472,1157.0645028869922,-866.7255557802133,16.076474102968415,-31.38578911960968,16.08221559646878,18303.766323008826,0.0,0.1939561738508999,2.059930667412065,2234285.585289076,599.4148528223552
331300.0,4506125.499162854,474883.89503855247,4506013.368369026,-864.8995947501454,1153.9163959208943,-865.1092276497153,16.238413796178012,-31.576073334487,16.244189756036068,18303.766323008826,0.0,0.1939561738508999,2.059930667412065,2234285.585289076,599.4148528223552
331400.0,4506039.090664149,474999.1284827377,4505926.938935969,-863.267696393353,1150.7493445009757,-863.4767499864256,16.39938907448632,-31.76466912865724,16.405199192363916,18303.766323008826,0.0,0.1939561738508999,2.059930667412065,2234285.585289076,599.4148528223552
331500.0,4505952.846158497,475114.04428168386,4505840.673554065,-861.6197504916488,1147.5635201832504,-861.8282213782493,16.55935766098527,-31.951522287088125,16.565201618703682,18303.766323008826,0.0,0.1939561738508999,2.059930667412065,2234285.585289076,599.4148528223552
331600.0,4505866.767245548,475228.6405669042,4505754.573823302,-859.9558598213412,1144.3590999254163,-860.1637446338017,16.718277443006798,-32.136578997820244,16.724154912620715,18303.766323008826,0.0,0.1939561738508999,2.059930667412065,2234285.585289076,599.4148528223552
331700.0,4505780.855514464,475342.9154878761,4505668.64133318,-858.2761313605384,1141.1362660445477,-858.4834267644707,16.87610650224966,-32.31978589192636,16.882017146128394,18303.766323008826,0.0,0.1939561738508999,2.059930667412065,2234285.585289076,599.4148528223552
331800.0,4505695.112543501,475456.8672125747,4505582.877662284,-856.580676268203,1137.895206170799,-856.7873789634621,17.03280314496855,-32.501090083368354,17.03874661588447,18303.766323008826,0.0,0.1939561738508999,2.059930667412065,2234285.585289076,599.4148528223552
331900.0,4505609.539899591,475570.4939280017,4505497.284377877,-854.8696098601862,1134.6361131971305,-855.0757165818262,17.188325932155358,-32.680439208656914,17.194301873379587,18303.766323008826,0.0,0.1939561738508999,2.059930667412065,2234285.585289076,599.4148528223552
332000.0,4505524.139137928,475683.7938407091,4505411.863035475,-853.1430515822462,1131.359185225079,-853.3485591014648,17.34263370970068,-32.857781466297205,17.348641755105888,18303.766323008826,0.0,0.1939561738508999,2.059930667412065,2234285.585289076,599.4148528223552
332100.0,4505438.911801556,475796.76517731685,4505326.615178444,-851.4011249800528,1128.0646255065976,-851.6060301051258,17.495685638493313,-33.033065655963746,17.50172541266366,18303.766323008826,0.0,0.1939561738508999,2.059930667412065,2234285.585289076,599.4148528223552
332200.0,4505353.85942096,475909.4061850253,4505241.542337587,-849.6439576661878,1124.752642381995,-849.8482572433921,17.647441224390843,-33.206241217315196,17.653512342738967,18303.766323008826,0.0,0.1939561738508999,2.059930667412065,2234285.585289076,599.4148528223552
332300.0,4505268.983513663,476021.71513212036,4505156.646030739,-847.8716812841565,1121.4234492140129,-848.0753721986812,17.79786034801452,-33.37725826838687,17.803962416905502,18303.766323008826,0.0,0.1939561738508999,2.059930667412065,2234285.585289076,599.4148528223552
332400.0,4505184.285583822,476133.6903084725,4505071.927762368,-846.0844314694268,1118.0772643180844,-846.2875106462715,17.94690329440597,-33.546067643611,17.953035911288165,18303.766323008826,0.0,0.1939561738508999,2.059930667412065,2234285.585289076,599.4148528223552
332500.0,4505099.767121835,476245.3300260283,4504987.389023176,-844.2823478075181,1114.714310888818,-844.4848122123775,18.094530782376236,-33.712620931240494,18.100693535918925,18303.766323008826,0.0,0.1939561738508999,2.059930667412065,2234285.585289076,599.4148528223552
332600.0,4505015.429603943,476356.6326192946,4504903.031289708,-842.4655737891654,1111.3348169227652,-842.6674204293004,18.240703993630166,-33.87687051028717,18.24689646386791,18303.766323008826,0.0,0.1939561738508999,2.059930667412065,2234285.585289076,599.4148528223552
332700.0,4504931.2744918475,476467.5964458146,4504818.85602396,-840.6342567625888,1107.939015137524,-840.8354826876823,18.385384601515177,-34.038769586775366,18.39160635999874,18303.766323008826,0.0,0.1939561738508999,2.059930667412065,2234285.585289076,599.4148528223552
332800.0,4504847.303232322,476578.2198866358,4504734.864673,-838.7885478829054,1104.527142887251,-838.9891501859029,18.528534799455016,-34.19827222939316,18.534785409408745,18303.766323008826,0.0,0.1939561738508999,2.059930667412065,2234285.585289076,599.4148528223552
332900.0,4504763.517256839,476688.5013467693,4504651.058668586,-836.9286020587169,1101.099442074644,-837.1285778766511,18.670117328958007,-34.35533340439613,18.67639634544358,18303.766323008826,0.0,0.1939561738508999,2.059930667412065,2234285.585289076,599.4148528223552
333000.0,4504679.9179811925,476798.4392556401,4504567.439426799,-835.0545778959209,1097.6561590594717,-835.2539244107192,18.810095507168846,-34.50990900972537,18.81640247725519,18303.766323008826,0.0,0.1939561738508999,2.059930667412065,2234285.585289076,599.4148528223552
333100.0,4504596.506805133,476908.0320675281,4504484.00834767,-833.166637638787,1094.197544563732,-833.3653520780623,18.94843325396144,-34.66195590833852,18.954767716900648,18303.766323008826,0.0,0.1939561738508999,2.059930667412065,2234285.585289076,599.4148528223552
333200.0,4504513.28511201,477017.2782619994,4504400.7668148205,-831.2649471083528,1090.723853573521,-831.4630267461761,19.085095118484972,-34.81143196064071,19.09145660589417,18303.766323008826,0.0,0.1939561738508999,2.059930667412065,2234285.585289076,599.4148528223552
333300.0,4504430.2542684125,477126.1763443278,4504317.716195111,-829.3496756381911,1087.235345237704,-829.5471177958458,19.220046305171294,-34.95829605602902,19.226434341220198,18303.766323008826,0.0,0.1939561738508999,2.059930667412065,2234285.585289076,599.4148528223552
333400.0,4504347.415623824,477234.7248459057,4504234.857838291,-827.4209960076066,1083.7322827634791,-827.6177980543232,19.353252699127715,-35.102508143453576,19.359666800731702,18303.766323008826,0.0,0.1939561738508999,2.059930667412065,2234285.585289076,599.4148528223552
333500.0,4504264.7705102805,477342.92232464463,4504152.193076656,-825.4790843723249,1080.2149333089353,-825.6752437259969,19.48468089091183,-35.24402926099443,19.491120567930405,18303.766323008826,0.0,0.1939561738508999,2.059930667412065,2234285.585289076,599.4148528223552
333600.0,4504182.320242037,477450.76736536506,4504069.723224717,-823.5241201927369,1076.6835678727057,-823.7196343206163,19.61429820061079,-35.38282156435609,19.620762956051216,18303.766323008826,0.0,0.1939561738508999,2.059930667412065,2234285.585289076,599.4148528223552
333700.0,4504100.06611524,477558.2585801745,4503987.449578872,-821.5562861597697,1073.1384611808226,-821.7511525791416,19.74207270125291,-35.51884835432007,19.74856203147876,18303.766323008826,0.0,0.1939561738508999,2.059930667412065,2234285.585289076,599.4148528223552
333800.0,4504018.009407608,477665.3946088346,4503905.373417085,-819.5757681184543,1069.579891570887,-819.769984397291,19.867973241444403,-35.65207410301948,19.87448663638894,18303.766323008826,0.0,0.1939561738508999,2.059930667412065,2234285.585289076,599.4148528223552
333900.0,4503936.151378121,477772.17411911656,4503823.495998577,-817.5827549892655,1066.0081408736646,-817.776318746858,19.991969467288286,-35.782464479114545,19.99850641067234,18303.766323008826,0.0,0.1939561738508999,2.059930667412065,2234285.585289076,599.4148528223552
334000.0,4503854.4932667175,477878.5958071442,4503741.818563522,-815.5774386873118,1062.4234942922285,-815.7703475948807,20.11403184345677,-35.90998637170562,20.120591813010975,18303.766323008826,0.0,0.1939561738508999,2.059930667412065,2234285.585289076,599.4148528223552
334100.0,4503773.036293997,477984.6583977251,4503660.342332748,-813.5600140394579,1058.8262402787673,-813.7522658207408,20.23413167345979,-36.03460791304457,20.24071414115094,18303.766323008826,0.0,0.1939561738508999,2.059930667412065,2234285.585289076,599.4148528223552
334200.0,4503691.781660935,478090.3606446694,4503579.068507456,-811.5306786994623,1055.2166704091871,-811.7222711312788,20.352241119071486,-36.15629849999952,20.358845551332735,18303.766323008826,0.0,0.1939561738508999,2.059930667412065,2234285.585289076,599.4148528223552
334300.0,4503610.7305486025,478195.70133109565,4503497.998268939,-809.4896330612173,1051.5950792556316,-809.6805639740104,20.46833321886401,-36.27502881421273,20.474959076828725,18303.766323008826,0.0,0.1939561738508999,2.059930667412065,2234285.585289076,599.4148528223552
334400.0,4503529.884117899,478300.67926972406,4503417.132778308,-807.43708017018,1047.9617642570513,-807.6273474485347,20.582381905824313,-36.39077084092541,20.589028645563378,18303.766323008826,0.0,0.1939561738508999,2.059930667412065,2234285.585289076,599.4148528223552
334500.0,4503449.243509292,478405.2933031566,4503336.473176241,-805.3732256330867,1044.3170255879556,-805.5628272162239,20.694362024093017,-36.50349788652624,20.701029096855244,18303.766323008826,0.0,0.1939561738508999,2.059930667412065,2234285.585289076,599.4148528223552
334600.0,4503368.80984256,478509.54230414395,4503256.02058272,-803.2982775260418,1040.6611660254803,-803.4872114082887,20.804249344709323,-36.613184594678664,20.810936197164782,18303.766323008826,0.0,0.1939561738508999,2.059930667412065,2234285.585289076,599.4148528223552
334700.0,4503288.584216558,478613.425175839,4503175.776096797,-801.2124463010804,1036.9944908149093,-801.4007105323155,20.912020580419068,-36.71980696110764,20.91872665490514,18303.766323008826,0.0,0.1939561738508999,2.059930667412065,2234285.585289076,599.4148528223552
334800.0,4503208.56770898,478716.940852037,4503095.740796357,-799.1159446912974,1033.317307533788,-799.3035373773721,21.017653399489927,-36.823342346979395,21.02437813425967,18303.766323008826,0.0,0.1939561738508999,2.059930667412065,2234285.585289076,599.4148528223552
334900.0,4503128.761376137,478820.0882974018,4503015.915737899,-797.0089876146462,1029.6299259547668,-797.1959069177803,21.12112643853794,-36.92376949088628,21.12786926801073,18303.766323008826,0.0,0.1939561738508999,2.059930667412065,2234285.585289076,599.4148528223552
335000.0,4503049.166252741,478922.86650767847,4502936.301956316,-794.8917920765048,1025.93265790732,-795.0780362156572,21.22241931433988,-37.02106851941047,21.229179669353844,18303.766323008826,0.0,0.1939561738508999,2.059930667412065,2234285.585289076,599.4148528223552
335100.0,4502969.7833517045,479025.27450989216,4502856.900464697,-792.7645770711113,1022.2258171384768,-792.9501443223257,21.32151263463315,-37.11522095627556,21.328289942699303,18303.766323008826,0.0,0.1939561738508999,2.059930667412065,2234285.585289076,599.4148528223552
335200.0,4502890.613663946,479127.3113625327,4502777.7122541275,-790.6275634819712,1018.5097191727104,-790.8124521786959,21.418388007872142,-37.20620973005297,21.425181693429867,18303.766323008826,0.0,0.1939561738508999,2.059930667412065,2234285.585289076,599.4148528223552
335300.0,4502811.658158205,479228.9761557255,4502698.738293512,-788.4809739813412,1014.784681171127,-788.6651825147236,21.513028051943156,-37.29401918043299,21.519837536616855,18303.766323008826,0.0,0.1939561738508999,2.059930667412065,2234285.585289076,599.4148528223552
335400.0,4502732.917780869,479330.2680113878,4502619.979529395,-786.3250329288925,1011.0510217900978,-786.5085597480472,21.605416401866606,-37.3786350631048,21.612241104723147,18303.766323008826,0.0,0.1939561738508999,2.059930667412065,2234285.585289076,599.4148528223552
335500.0,4502654.393455807,479431.1860833715,4502541.436885799,-784.159966269658,1007.309061039479,-784.3428098819103,21.69553771640513,-37.46004455314792,21.702377054211926,18303.766323008826,0.0,0.1939561738508999,2.059930667412065,2234285.585289076,599.4148528223552
335600.0,4502576.0860842215,479531.72955759126,4502463.111264072,-781.9860014313693,1003.5591201405589,-782.168160402472,21.783377683663094,-37.53823624705258,21.790231071146536,18303.766323008826,0.0,0.1939561738508999,2.059930667412065,2234285.585289076,599.4148528223552
335700.0,4502497.9965445,479631.8976521384,4502385.003542744,-779.803367221288,999.8015213838763,-779.9848401756124,21.868923025605532,-37.613200163284084,21.8757898757095,18303.766323008826,0.0,0.1939561738508999,2.059930667412065,2234285.585289076,599.4148528223552
335800.0,4502420.125692086,479731.68961738085,4502307.114577391,-777.6122937226359,996.0365879870532,-777.7930793433372,21.95216150154903,-37.684927741465856,21.95904122569319,18303.766323008826,0.0,0.1939561738508999,2.059930667412065,2234285.585289076,599.4148528223552
335900.0,4502342.474359356,479831.1047360489,4502229.445200519,-775.4130121907307,992.2646439527789,-775.5931092198879,22.033081910593033,-37.75341184014893,22.039973918930773,18303.766323008826,0.0,0.1939561738508999,2.059930667412065,2234285.585289076,599.4148528223552
336000.0,4502265.043355505,479930.14232330624,4502151.996221445,-773.2057549489281,988.4860139270857,-773.3851621876573,22.11167409300986,-37.81864673319824,22.11857779468551,18303.766323008826,0.0,0.1939561738508999,2.059930667412065,2234285.585289076,599.4148528223552
336100.0,4502187.833466447,480028.80172680755,4502074.768426199,-770.9907552844782,984.7010230580543,-771.1694715930207,22.18792893062915,-37.88062810484987,22.19484373403425,18303.766323008826,0.0,0.1939561738508999,2.059930667412065,2234285.585289076,599.4148528223552
336200.0,4502110.845454724,480127.0823267416,4501997.762577437,-768.7682473443937,980.9099968550813,-768.9462716421789,22.26183834615878,-37.93935304337206,22.268763659187286,18303.766323008826,0.0,0.1939561738508999,2.059930667412065,2234285.585289076,599.4148528223552
336300.0,4502034.080059423,480224.9835358602,4501920.97941435,-766.538466031438,977.1132610488477,-766.71579729712,22.33339530151663,-37.994820033433314,22.34033053181858,18303.766323008826,0.0,0.1939561738508999,2.059930667412065,2234285.585289076,599.4148528223552
336400.0,4501957.5379961105,480322.5047994936,4501844.419652603,-764.30164690033,973.3111414521146,-764.4782841717997,22.40259379515962,-38.047028947167476,22.409538350393223,18303.766323008826,0.0,0.1939561738508999,2.059930667412065,2234285.585289076,599.4148528223552
336500.0,4501881.219956766,480419.6455955515,4501768.083984269,-762.0580260542639,969.5039638214771,-762.2339684286355,22.469428858420248,-38.09598103395683,22.4763821465021,18303.766323008826,0.0,0.1939561738508999,2.059930667412065,2234285.585289076,599.4148528223552
336600.0,4501805.126609737,480516.405434511,4501691.973077783,-759.8078400418466,965.6920537202022,-759.9830866754194,22.533896550863282,-38.14167890895657,22.54085798021646,18303.766323008826,0.0,0.1939561738508999,2.059930667412065,2234285.585289076,599.4148528223552
336700.0,4501729.258599699,480612.78385939,4501616.087577902,-757.5513257545454,961.875736382276,-757.7258758627406,22.595993954707506,-38.18412654042558,22.60296293450734,18303.766323008826,0.0,0.1939561738508999,2.059930667412065,2234285.585289076,599.4148528223552
336800.0,4501653.616547623,480708.7804457077,4501540.428105672,-755.2887203247412,958.0553365777771,-755.4625731820151,22.655719168295644,-38.22332923584937,22.662695108712946,18303.766323008826,0.0,0.1939561738508999,2.059930667412065,2234285.585289076,599.4148528223552
336900.0,4501578.201050761,480804.39480143174,4501464.995258415,-753.0202610244811,954.2311784796952,-753.1934159642129,22.713071298637836,-38.25929362689486,22.720053611079386,18303.766323008826,0.0,0.1939561738508999,2.059930667412065,2234285.585289076,599.4148528223552
337000.0,4501503.012682635,480899.62656691147,4501389.789609716,-750.746185165021,950.4035855323126,-750.9186415793775,22.768050453098482,-38.29202765329296,22.77503855044457,18303.766323008826,0.0,0.1939561738508999,2.059930667412065,2234285.585289076,599.4148528223552
337100.0,4501428.051993038,480994.475414799,4501314.811709426,-748.4667299972444,946.5728803212508,-748.638487337021,22.820657730140624,-38.32154054554717,22.827651026979375,18303.766323008826,0.0,0.1939561738508999,2.059930667412065,2234285.585289076,599.4148528223552
337200.0,4501353.319508042,481088.94104995666,4501240.062083671,-746.1821326130475,942.7393844452971,-746.3531903874857,22.87089520930735,-38.34784280670282,22.877893122165823,18303.766323008826,0.0,0.1939561738508999,2.059930667412065,2234285.585289076,599.4148528223552
337300.0,4501278.815730026,481183.023209352,4501165.541234874,-743.892629847771,938.9034183901108,-744.062987624353,22.918765940288594,-38.37094619299178,22.925767887860236,18303.766323008826,0.0,0.1939561738508999,2.059930667412065,2234285.585289076,599.4148528223552
337400.0,4501204.541137701,481276.72166194033,4501091.249641786,-741.5984581837612,935.0653014039071,-741.7681155879825,22.964273931250986,-38.39086369358442,22.971279334619478,18303.766323008826,0.0,0.1939561738508999,2.059930667412065,2234285.585289076,599.4148528223552
337500.0,4501130.49618615,481370.03620853485,4501017.187759527,-739.2998536551411,931.2253513752183,-739.4688103702599,23.007424136369558,-38.40760950937788,23.01443241922872,18303.766323008826,0.0,0.1939561738508999,2.059930667412065,2234285.585289076,599.4148528223552
337600.0,4501056.681306881,481462.9666816645,4500943.356019631,-736.9970517538629,927.3838847128173,-737.1653075206286,23.048222442610353,-38.42119903088921,23.05523303148005,18303.766323008826,0.0,0.1939561738508999,2.059930667412065,2234285.585289076,599.4148528223552
337700.0,4500983.096907881,481555.51294542034,4500869.754830111,-734.6902873371206,923.5412162278977,-734.8578419534804,23.086675655801763,-38.43164881530759,23.093687980239633,18303.766323008826,0.0,0.1939561738508999,2.059930667412065,2234285.585289076,599.4148528223552
337800.0,4500909.74337369,481647.67489528976,4500796.3845755225,-732.3797945361881,919.6976590185868,-732.546647856973,23.122791486013057,-38.43897656273473,23.129804978821866,18303.766323008826,0.0,0.1939561738508999,2.059930667412065,2234285.585289076,599.4148528223552
337900.0,4500836.621065473,481739.4524579796,4500723.245617042,-730.0658066667548,915.8535243568751,-730.2319586033448,23.15657853227226,-38.44320109166037,23.16359262970284,18303.766323008826,0.0,0.1939561738508999,2.059930667412065,2234285.585289076,599.4148528223552
338000.0,4500763.730321109,481830.845591228,4500650.338292555,-727.7485561408191,912.0091215780329,-727.9140066607882,23.18804626666956,-38.44434231373645,23.19506040861911,18303.766323008826,0.0,0.1939561738508999,2.059930667412065,2234285.585289076,599.4148528223552
338100.0,4500691.071455284,481921.8542836052,4500577.662916748,-725.428274380204,908.1647579725861,-725.5930235069463,23.21720501781693,-38.442421207818946,23.22421864802258,18303.766323008826,0.0,0.1939561738508999,2.059930667412065,2234285.585289076,599.4148528223552
338200.0,4500618.6447595935,482012.4785543039,4500505.219781212,-723.1051917317521,904.3207386809156,-723.2692395440881,23.244065953829455,-38.43745979349048,23.25107852005705,18303.766323008826,0.0,0.1939561738508999,2.059930667412065,2234285.585289076,599.4148528223552
338300.0,4500546.450502658,482102.71845291904,4500433.009154555,-720.7795373842541,900.4773665905396,-720.9428840160184,23.268641064641535,-38.42948110383458,23.27565201886937,18303.766323008826,0.0,0.1939561738508999,2.059930667412065,2234285.585289076,599.4148528223552
338400.0,4500474.488930239,482192.5740592176,4500361.031282525,-718.4515392871657,896.6349422361402,-718.6141849267772,23.290943143962686,-38.418509157848725,23.297951942560346,18303.766323008826,0.0,0.1939561738508999,2.059930667412065,2234285.585289076,599.4148528223552
338500.0,4500402.760265369,482282.04548289813,4500289.28638813,-716.1214240711583,892.7937637023794,-716.2833689611721,23.31098577063718,-38.40456893220529,23.31799187453913,18303.766323008826,0.0,0.1939561738508999,2.059930667412065,2234285.585289076,599.4148528223552
338600.0,4500331.264708485,482371.13286334137,4500217.774671783,-713.7894169705515,888.9541265295564,-713.9506614071939,23.328783289646324,-38.38768633266434,23.335786164520307,18303.766323008826,0.0,0.1939561738508999,2.059930667412065,2234285.585289076,599.4148528223552
338700.0,4500260.002437577,482459.8363693509,4500146.496311438,-711.4557417476694,885.1163236221504,-711.6162860803564,23.344350792659657,-38.36788816502499,23.351349909069835,18303.766323008826,0.0,0.1939561738508999,2.059930667412065,2234285.585289076,599.4148528223552
338800.0,4500188.97360833,482548.15619888535,4500075.4514627475,-709.1206206191575,881.2806451602803,-709.2804652499973,23.35770409822547,-38.3452021057327,23.364698931790215,18303.766323008826,0.0,0.1939561738508999,2.059930667412065,2234285.585289076,599.4148528223552
338900.0,4500118.178354293,482636.0925787816,4500004.640259214,-706.7842741843009,877.4473785141249,-706.9434195675808,23.36885973163243,-38.31965667218578,23.37584976317669,18303.766323008826,0.0,0.1939561738508999,2.059930667412065,2234285.585289076,599.4148528223552
339000.0,4500047.616787037,482723.6457644695,4499934.06281236,-704.4469213553707,873.6168081613248,-704.6053679970291,23.37783490442984,-38.291281192729485,23.38481962013205,18303.766323008826,0.0,0.1939561738508999,2.059930667412065,2234285.585289076,599.4148528223552
339100.0,4499977.288996327,482810.81603967876,4499863.719211901,-702.1087792900341,869.7892156073975,-702.266527747118,23.38464749368084,-38.26010577643358,23.391626385214284,18303.766323008826,0.0,0.1939561738508999,2.059930667412065,2234285.585289076,599.4148528223552
339200.0,4499907.195050305,482897.6037161378,4499793.609525917,-699.7700633258486,865.9648793091822,-699.927114205957,23.38931602098539,-38.226161282702535,23.396288585654133,18303.766323008826,0.0,0.1939561738508999,2.059930667412065,2234285.585289076,599.4148528223552
339300.0,4499837.334995673,482984.0091332653,4499723.733801048,-697.430986916868,862.1440746013338,-697.5873408775827,23.391859631263948,-38.189479290709784,23.39882537213315,18303.766323008826,0.0,0.1939561738508999,2.059930667412065,2234285.585289076,599.4148528223552
339400.0,4499767.708857883,483070.03265785426,4499654.092062679,-695.0917615723804,858.3270736258806,-695.2474193206833,23.39229807134818,-38.15009206871671,23.399256497368775,18303.766323008826,0.0,0.1939561738508999,2.059930667412065,2234285.585289076,599.4148528223552
339500.0,4499698.316641336,483155.67468374944,4499584.684315137,-692.7525967977894,854.5141452648471,-692.9075590894681,23.390651668474,-38.1080325433968,23.397602294601924,18303.766323008826,0.0,0.1939561738508999,2.059930667412065,2234285.585289076,599.4148528223552
339600.0,4499629.1583295865,483240.93563151814,4499515.510541897,-690.4137000376606,850.705555075955,-690.5679676767023,23.38694130855741,-38.06333426901928,23.393883655867093,18303.766323008826,0.0,0.1939561738508999,2.059930667412065,2234285.585289076,599.4148528223552
339700.0,4499560.233885547,483325.8159481146,4499446.570705792,-688.0752766209391,846.9015652313977,-688.2288504589127,23.38118841445006,-38.016031396738114,23.38812201024238,18303.766323008826,0.0,0.1939561738508999,2.059930667412065,2234285.585289076,599.4148528223552
339800.0,4499491.543251708,483410.3161065387,4499377.864749222,-685.7375297083473,843.1024344596888,-685.8904106437762,23.373414924109866,-37.96615864390818,23.380339302014576,18303.766323008826,0.0,0.1939561738508999,2.059930667412065,2234285.585289076,599.4148528223552
339900.0,4499423.086350353,483494.43660548853,4499309.392594379,-683.4006602419698,839.3084179905735,-683.552849219694,23.36364326869385,-37.9137512634392,23.37055796876634,18303.766323008826,0.0,0.1939561738508999,2.059930667412065,2234285.585289076,599.4148528223552
340000.0,4499354.863083785,483578.1779690081,4499241.15414347,-681.064866897026,835.5197675029976,-681.2163649075547,23.351896350695924,-37.85884501334012,23.358800919508525,18303.766323008826,0.0,0.1939561738508999,2.059930667412065,2234285.585289076,599.4148528223552
340100.0,4499286.873334554,483661.54074612976,4499173.149278943,-678.730346035831,831.7367310761164,-678.8811541146869,23.338197522065954,-37.801476126376876,23.34509151279367,18303.766323008826,0.0,0.1939561738508999,2.059930667412065,2234285.585289076,599.4148528223552
340200.0,4499219.116965692,483744.52551051177,4499105.377863725,-676.3972916639416,827.9595531433268,-676.5474108909963,23.32257056238164,-37.74168127993235,23.329453534882415,18303.766323008826,0.0,0.1939561738508999,2.059930667412065,2234285.585289076,599.4148528223552
340300.0,4499151.593820948,483827.13286007167,4499037.839741454,-674.0658953884837,824.1884744493059,-674.2153268872856,23.30503965708114,-37.67949756607933,23.31191117797069,18303.766323008826,0.0,0.1939561738508999,2.059930667412065,2234285.585289076,599.4148528223552
340400.0,4499084.303725035,483909.3634166154,4498970.534736729,-671.736346378649,820.4237320100252,-671.8850913157444,23.285629375786275,-37.614962461903495,23.292489018507535,18303.766323008826,0.0,0.1939561738508999,2.059930667412065,2234285.585289076,599.4148528223552
340500.0,4499017.24648387,483991.21782546246,4498903.462655349,-669.4088313283568,816.6655590757233,-669.5568909126033,23.264364650756313,-37.54811380012608,23.271211995643558,18303.766323008826,0.0,0.1939561738508999,2.059930667412065,2234285.585289076,599.4148528223552
340600.0,4498950.421884827,484072.6967550677,4498836.623284563,-667.0835344210607,812.9141850967969,-667.2309099029358,23.24127075547348,-37.47898974002742,23.248105389811087,18303.766323008826,0.0,0.1939561738508999,2.059930667412065,2234285.585289076,599.4148528223552
340700.0,4498883.82969699,484153.8008966396,4498770.016393329,-664.7606372966933,809.169835692588,-664.9073299675961,23.216373283362515,-37.40762873867463,23.223194801438574,18303.766323008826,0.0,0.1939561738508999,2.059930667412065,2234285.585289076,599.4148528223552
340800.0,4498817.469671403,484234.5309637559,4498703.6417325605,-662.4403190207248,805.4327326230245,-662.5863302122734,23.189698126736396,-37.33406952256581,23.196506129891144,18303.766323008826,0.0,0.1939561738508999,2.059930667412065,2234285.585289076,599.4148528223552
340900.0,4498751.341541338,484314.8876919764,4498637.499035394,-660.1227560553209,801.703093763082,-660.268087138645,23.161271455925146,-37.258351059637384,23.168065552594314,18303.766323008826,0.0,0.1939561738508999,2.059930667412065,2234285.585289076,599.4148528223552
341000.0,4498685.4450225495,484394.871838453,4498571.588017444,-657.8081222325758,797.9811330800227,-657.952774617605,23.131119698596375,-37.18051253164499,23.137899504349505,18303.766323008826,0.0,0.1939561738508999,2.059930667412065,2234285.585289076,599.4148528223552
341100.0,4498619.779813543,484474.48418153817,4498505.908377074,-655.4965887298002,794.2670606133738,-655.6405638645491,23.0992695193708,-37.100593307042985,23.106034656944658,18303.766323008826,0.0,0.1939561738508999,2.059930667412065,2234285.585289076,599.4148528223552
341200.0,4498554.3455958385,484553.7255203912,4498440.459795657,-653.1883240468367,790.5610824575975,-653.3316234166866,23.065747799663715,-37.018632914277156,23.072497898990836,18303.766323008826,0.0,0.1939561738508999,2.059930667412065,2234285.585289076,599.4148528223552
341300.0,4498489.142034242,484632.596674583,4498375.241937848,-650.8834939853768,786.863400747408,-651.0261191123552,23.030581617777948,-36.93467101552134,23.037316316010422,18303.766323008826,0.0,0.1939561738508999,2.059930667412065,2234285.585289076,599.4148528223552
341400.0,4498424.168777114,484711.0984836994,4498310.254451855,-648.5822616302536,783.1742136456882,-648.7242140723107,22.99379822934916,-36.848747380978736,23.00051717087775,18303.766323008826,0.0,0.1939561738508999,2.059930667412065,2234285.585289076,599.4148528223552
341500.0,4498359.425456643,484789.23180694354,4498245.496969708,-646.2847873326751,779.4937153339536,-646.4260686829597,22.95542504804831,-36.76090186363105,22.96212788451695,18303.766323008826,0.0,0.1939561738508999,2.059930667412065,2234285.585289076,599.4148528223552
341600.0,4498294.911689121,484866.9975227373,4498180.969107538,-643.9912286953728,775.8220960053152,-644.131840581506,22.9154896266008,-36.67117437450649,22.92217601691666,18303.766323008826,0.0,0.1939561738508999,2.059930667412065,2234285.585289076,599.4148528223552
341700.0,4498230.627075217,484944.39652832237,4498116.670465849,-641.7017405596299,772.1595418598879,-641.8416846429789,22.874019638177245,-36.579604858531034,22.8806892485164,18303.766323008826,0.0,0.1939561738508999,2.059930667412065,2234285.585289076,599.4148528223552
341800.0,4498166.571200253,485021.4297393605,4498052.600629797,-639.4164749941549,768.5062351025871,-639.5557529691055,22.831042858078014,-36.48623327086732,22.83769536188675,18303.766323008826,0.0,0.1939561738508999,2.059930667412065,2234285.585289076,599.4148528223552
341900.0,4498102.743634486,485098.0980895344,4497988.759169466,-637.1355812857676,764.8623539432623,-637.2741948789976,22.786587145820974,-36.39109955387125,22.793222223812997,18303.766323008826,0.0,0.1939561738508999,2.059930667412065,2234285.585289076,599.4148528223552
342000.0,4498039.143933381,485174.40253014787,4497925.145640148,-634.8592059318589,761.2280725991085,-634.9971569016119,22.740680427552913,-36.29424361456861,22.74729776770245,18303.766323008826,0.0,0.1939561738508999,2.059930667412065,2234285.585289076,599.4148528223552
342100.0,4497975.771637894,485250.34402972716,4497861.759582621,-632.5874926345914,757.6035612992995,-632.7247827699507,22.693350678882137,-36.19570530276648,22.699949976413,18303.766323008826,0.0,0.1939561738508999,2.059930667412065,2234285.585289076,599.4148528223552
342200.0,4497912.6262747515,485325.92357362225,4497798.600523431,-630.3205822967969,753.9889862917825,-630.4572134169617,22.644625908038606,-36.095524389685295,22.651206865409474,18303.766323008826,0.0,0.1939561738508999,2.059930667412065,2234285.585289076,599.4148528223552
342300.0,4497849.70735673,485401.14216360915,4497735.667975171,-628.0586130195378,750.3845098521767,-628.1945869731004,22.594534139469797,-35.993740547238545,22.601096466355678,18303.766323008826,0.0,0.1939561738508999,2.059930667412065,2234285.585289076,599.4148528223552
342400.0,4497787.014382932,485476.00081749336,4497672.961436759,-625.8017201012899,746.7902902947174,-625.9370387655152,22.543103397832787,-35.89039332791059,22.549646811102832,18303.766323008826,0.0,0.1939561738508999,2.059930667412065,2234285.585289076,599.4148528223552
342500.0,4497724.546839077,485550.5005687142,4497610.480393723,-623.5500360387058,743.2064819851792,-623.6847013188132,22.490361692355588,-35.78552214519767,22.4968859160474,18303.766323008826,0.0,0.1939561738508999,2.059930667412065,2234285.585289076,599.4148528223552
342600.0,4497662.30419777,485624.64246595086,4497548.224318476,-621.3036905289214,739.633235355727,-621.4377043573691,22.436337001656902,-35.67916625471619,22.442841766947335,18303.766323008826,0.0,0.1939561738508999,2.059930667412065,2234285.585289076,599.4148528223552
342700.0,4497600.285918786,485698.42757272965,4497486.192670601,-619.0628104733596,736.0706969216244,-619.1961748091327,22.38105725894342,-35.57136473587901,22.387542304116167,18303.766323008826,0.0,0.1939561738508999,2.059930667412065,2234285.585289076,599.4148528223552
342800.0,4497538.491449353,485771.8569670333,4497424.384897127,-616.827519982994,732.5190092997433,-616.9602368108953,22.324550337633923,-35.462156474195645,22.331015408043793,18303.766323008826,0.0,0.1939561738508999,2.059930667412065,2234285.585289076,599.4148528223552
342900.0,4497476.9202244235,485844.93174091226,4497362.800432806,-614.5979403850278,728.9783112288134,-614.7300117149726,22.266844037428072,-35.351580144215,22.273288885462236,18303.766323008826,0.0,0.1939561738508999,2.059930667412065,2234285.585289076,599.4148528223552
343000.0,4497415.571666958,485917.6530000978,4497301.4387003975,-612.3741902309463,725.4487375913468,-612.5056180972615,22.20796607076067,-35.23967419303722,22.214390455796885,18303.766323008826,0.0,0.1939561738508999,2.059930667412065,2234285.585289076,599.4148528223552
343100.0,4497354.4451882,485990.0218636175,4497240.299110941,-610.1563853059018,721.9304194371806,-610.2871717666287,22.147944049707256,-35.12647682446999,22.154347738069234,18303.766323008826,0.0,0.1939561738508999,2.059930667412065,2234285.585289076,599.4148528223552
343200.0,4497293.540187952,486062.03946341353,4497179.38106403,-607.9446386393862,718.4234840085722,-608.0747857755882,22.086805473343727,-35.01202598382944,22.09318823825375,18303.766323008826,0.0,0.1939561738508999,2.059930667412065,2234285.585289076,599.4148528223552
343300.0,4497232.856054851,486133.70694396284,4497118.683948094,-605.739060517148,714.9280547667873,-605.8685704322238,22.024577715439,-34.89635934323927,22.03093933696786,18303.766323008826,0.0,0.1939561738508999,2.059930667412065,2234285.585289076,599.4148528223552
343400.0,4497172.3921666425,486205.0254619007,4497058.207140666,-603.5397584943154,711.4442514201213,-603.668633313316,21.961288012693984,-34.779514287677664,21.96762827770842,18303.766323008826,0.0,0.1939561738508999,2.059930667412065,2234285.585289076,599.4148528223552
343500.0,4497112.147890451,486275.99618564674,4496997.950008659,-601.3468374096785,707.9721899532938,-601.4750792786311,21.89696345332096,-34.66152790152503,21.9032821554286,18303.766323008826,0.0,0.1939561738508999,2.059930667412065,2234285.585289076,599.4148528223552
343600.0,4497052.122583055,486346.6202950342,4496937.911908633,-599.1603994010882,704.511982658151,-599.2880104863243,21.831630966082866,-34.54243695575093,21.837927905574922,18303.766323008826,0.0,0.1939561738508999,2.059930667412065,2234285.585289076,599.4148528223552
343700.0,4496992.315591151,486416.89898094215,4496878.092187068,-596.9805439219331,701.0637381656258,-597.1075264094235,21.765317309751946,-34.422277895689156,21.771592293543655,18303.766323008826,0.0,0.1939561738508999,2.059930667412065,2234285.585289076,599.4148528223552
343800.0,4496932.7262516245,486486.83344493114,4496818.490180631,-594.8073677586476,697.6275614788863,-594.9337238533428,21.698049062984857,-34.30108682939405,21.70430190455381,18303.766323008826,0.0,0.1939561738508999,2.059930667412065,2234285.585289076,599.4148528223552
343900.0,4496873.353891815,486556.424898882,4496759.105216439,-592.6409650492125,694.203554007623,-592.7666969743899,21.629852614617047,-34.17889951657865,21.636083133939536,18303.766323008826,0.0,0.1939561738508999,2.059930667412065,2234285.585289076,599.4148528223552
344000.0,4496814.19782978,486625.67456463835,4496699.936612327,-590.4814273026041,690.7918136034104,-590.6065372992211,21.560754154379026,-34.055751358134216,21.566962177864482,18303.766323008826,0.0,0.1939561738508999,2.059930667412065,2234285.585289076,599.4148528223552
